1,-1,285,423,80,44,1,-1,-1,-1
1,-1,614,14,89,53,1,-1,-1,-1
1,-1,956,428,78,46,1,-1,-1,-1
2,-1,288,425,80,44,1,-1,-1,-1
2,-1,616,14,89,53,1,-1,-1,-1
2,-1,959,429,78,46,1,-1,-1,-1
3,-1,290,426,80,44,1,-1,-1,-1
3,-1,617,14,89,53,1,-1,-1,-1
3,-1,961,431,78,46,1,-1,-1,-1
4,-1,290,428,81,44,1,-1,-1,-1
4,-1,617,15,89,53,1,-1,-1,-1
4,-1,961,433,78,46,1,-1,-1,-1
5,-1,293,431,80,44,1,-1,-1,-1
5,-1,618,15,89,53,1,-1,-1,-1
5,-1,962,436,79,46,1,-1,-1,-1
6,-1,293,432,79,44,1,-1,-1,-1
6,-1,618,16,89,53,1,-1,-1,-1
6,-1,962,436,79,46,1,-1,-1,-1
7,-1,294,434,80,44,1,-1,-1,-1
7,-1,617,16,89,53,1,-1,-1,-1
7,-1,963,439,78,46,1,-1,-1,-1
8,-1,295,435,80,44,1,-1,-1,-1
8,-1,617,17,89,53,1,-1,-1,-1
8,-1,963,440,78,46,1,-1,-1,-1
9,-1,295,436,79,43,1,-1,-1,-1
9,-1,617,16,89,53,1,-1,-1,-1
9,-1,963,440,78,46,1,-1,-1,-1
10,-1,295,435,80,44,1,-1,-1,-1
10,-1,616,15,89,53,1,-1,-1,-1
10,-1,964,441,78,46,1,-1,-1,-1
11,-1,296,436,80,44,1,-1,-1,-1
11,-1,616,14,89,53,1,-1,-1,-1
11,-1,964,441,78,46,1,-1,-1,-1
12,-1,296,436,80,44,1,-1,-1,-1
12,-1,616,14,89,53,1,-1,-1,-1
12,-1,964,441,78,46,1,-1,-1,-1
13,-1,297,437,79,44,1,-1,-1,-1
13,-1,616,13,89,53,1,-1,-1,-1
13,-1,965,442,78,46,1,-1,-1,-1
14,-1,298,439,80,44,1,-1,-1,-1
14,-1,616,14,89,53,1,-1,-1,-1
14,-1,967,445,78,46,1,-1,-1,-1
15,-1,299,441,79,44,1,-1,-1,-1
15,-1,616,15,89,53,1,-1,-1,-1
15,-1,967,447,77,46,1,-1,-1,-1
16,-1,300,443,80,44,1,-1,-1,-1
16,-1,616,15,90,53,1,-1,-1,-1
16,-1,968,449,77,46,1,-1,-1,-1
17,-1,300,445,80,44,1,-1,-1,-1
17,-1,616,17,89,53,1,-1,-1,-1
17,-1,967,451,79,46,1,-1,-1,-1
18,-1,300,446,80,44,1,-1,-1,-1
18,-1,616,18,88,53,1,-1,-1,-1
18,-1,968,452,78,46,1,-1,-1,-1
19,-1,301,448,80,44,1,-1,-1,-1
19,-1,615,18,89,53,1,-1,-1,-1
19,-1,968,454,79,47,1,-1,-1,-1
20,-1,302,447,80,44,1,-1,-1,-1
20,-1,616,17,89,53,1,-1,-1,-1
20,-1,969,454,79,46,1,-1,-1,-1
21,-1,302,447,81,44,1,-1,-1,-1
21,-1,616,16,89,53,1,-1,-1,-1
21,-1,970,454,78,46,1,-1,-1,-1
22,-1,303,446,81,45,1,-1,-1,-1
22,-1,616,13,91,54,1,-1,-1,-1
22,-1,971,453,78,46,1,-1,-1,-1
23,-1,304,448,80,44,1,-1,-1,-1
23,-1,617,15,89,53,1,-1,-1,-1
23,-1,972,455,79,46,1,-1,-1,-1
24,-1,304,448,80,44,1,-1,-1,-1
24,-1,617,15,89,53,1,-1,-1,-1
24,-1,972,455,79,47,1,-1,-1,-1
25,-1,305,451,81,44,1,-1,-1,-1
25,-1,617,16,89,53,1,-1,-1,-1
25,-1,974,459,78,46,1,-1,-1,-1
26,-1,305,453,80,44,1,-1,-1,-1
26,-1,617,17,90,53,1,-1,-1,-1
26,-1,974,460,78,46,1,-1,-1,-1
27,-1,307,454,80,44,1,-1,-1,-1
27,-1,619,18,88,53,1,-1,-1,-1
27,-1,976,462,79,47,1,-1,-1,-1
28,-1,309,455,80,44,1,-1,-1,-1
28,-1,620,17,89,53,1,-1,-1,-1
28,-1,979,463,78,46,1,-1,-1,-1
29,-1,310,456,80,44,1,-1,-1,-1
29,-1,621,17,89,53,1,-1,-1,-1
29,-1,980,464,79,46,1,-1,-1,-1
30,-1,310,455,80,44,1,-1,-1,-1
30,-1,621,16,89,53,1,-1,-1,-1
30,-1,981,464,79,46,1,-1,-1,-1
31,-1,310,455,81,44,1,-1,-1,-1
31,-1,620,15,89,53,1,-1,-1,-1
31,-1,981,464,79,46,1,-1,-1,-1
32,-1,310,455,81,44,1,-1,-1,-1
32,-1,621,15,89,53,1,-1,-1,-1
32,-1,982,464,78,46,1,-1,-1,-1
33,-1,310,455,81,44,1,-1,-1,-1
33,-1,619,14,90,53,1,-1,-1,-1
33,-1,982,464,79,47,1,-1,-1,-1
34,-1,309,455,81,44,1,-1,-1,-1
34,-1,619,12,90,53,1,-1,-1,-1
34,-1,982,464,79,47,1,-1,-1,-1
35,-1,310,454,80,44,1,-1,-1,-1
35,-1,619,11,89,53,1,-1,-1,-1
35,-1,983,464,78,46,1,-1,-1,-1
36,-1,309,453,80,44,1,-1,-1,-1
36,-1,619,8,89,53,1,-1,-1,-1
36,-1,983,463,78,46,1,-1,-1,-1
37,-1,309,453,80,44,1,-1,-1,-1
37,-1,618,7,89,53,1,-1,-1,-1
37,-1,983,463,78,46,1,-1,-1,-1
38,-1,308,452,80,44,1,-1,-1,-1
38,-1,618,5,89,53,1,-1,-1,-1
38,-1,983,462,78,46,1,-1,-1,-1
39,-1,308,452,80,44,1,-1,-1,-1
39,-1,618,5,89,53,1,-1,-1,-1
39,-1,984,463,78,46,1,-1,-1,-1
40,-1,308,454,81,44,1,-1,-1,-1
40,-1,618,5,89,53,1,-1,-1,-1
40,-1,985,464,78,46,1,-1,-1,-1
41,-1,308,454,80,44,1,-1,-1,-1
41,-1,618,5,90,53,1,-1,-1,-1
41,-1,984,465,79,46,1,-1,-1,-1
42,-1,307,454,81,45,1,-1,-1,-1
42,-1,618,4,89,53,1,-1,-1,-1
42,-1,985,465,78,46,1,-1,-1,-1
43,-1,307,454,81,44,1,-1,-1,-1
43,-1,618,3,89,53,1,-1,-1,-1
43,-1,985,465,79,47,1,-1,-1,-1
44,-1,307,454,81,44,1,-1,-1,-1
44,-1,617,3,89,53,1,-1,-1,-1
44,-1,985,465,79,47,1,-1,-1,-1
45,-1,307,453,81,44,1,-1,-1,-1
45,-1,617,0,90,54,1,-1,-1,-1
45,-1,959,0,53,17,1,-1,-1,-1
45,-1,986,465,78,46,1,-1,-1,-1
46,-1,306,453,81,44,1,-1,-1,-1
46,-1,617,-1,89,53,1,-1,-1,-1
46,-1,959,3,53,17,1,-1,-1,-1
46,-1,987,464,78,46,1,-1,-1,-1
47,-1,306,452,81,44,1,-1,-1,-1
47,-1,617,-2,89,53,1,-1,-1,-1
47,-1,951,0,61,28,1,-1,-1,-1
47,-1,986,464,78,46,1,-1,-1,-1
48,-1,305,452,81,44,1,-1,-1,-1
48,-1,617,-3,90,53,1,-1,-1,-1
48,-1,951,8,60,28,1,-1,-1,-1
48,-1,987,464,79,46,1,-1,-1,-1
49,-1,305,452,81,45,1,-1,-1,-1
49,-1,617,-4,90,53,1,-1,-1,-1
49,-1,947,4,65,36,1,-1,-1,-1
49,-1,987,464,79,46,1,-1,-1,-1
50,-1,304,450,81,44,1,-1,-1,-1
50,-1,616,-6,90,53,1,-1,-1,-1
50,-1,946,11,64,36,1,-1,-1,-1
50,-1,986,463,78,46,1,-1,-1,-1
51,-1,304,450,80,44,1,-1,-1,-1
51,-1,617,-8,89,53,1,-1,-1,-1
51,-1,946,18,65,36,1,-1,-1,-1
51,-1,987,462,78,46,1,-1,-1,-1
52,-1,304,450,80,44,1,-1,-1,-1
52,-1,617,-8,89,53,1,-1,-1,-1
52,-1,946,22,66,36,1,-1,-1,-1
52,-1,987,462,78,46,1,-1,-1,-1
53,-1,303,448,80,44,1,-1,-1,-1
53,-1,617,-11,89,53,1,-1,-1,-1
53,-1,946,28,65,36,1,-1,-1,-1
53,-1,987,460,78,46,1,-1,-1,-1
54,-1,302,446,81,44,1,-1,-1,-1
54,-1,617,-13,89,53,1,-1,-1,-1
54,-1,946,35,65,36,1,-1,-1,-1
54,-1,987,459,79,46,1,-1,-1,-1
55,-1,302,446,81,44,1,-1,-1,-1
55,-1,617,-14,89,53,1,-1,-1,-1
55,-1,946,42,65,36,1,-1,-1,-1
55,-1,987,459,79,46,1,-1,-1,-1
56,-1,301,444,81,45,1,-1,-1,-1
56,-1,617,-17,89,53,1,-1,-1,-1
56,-1,947,49,65,36,1,-1,-1,-1
56,-1,987,457,79,47,1,-1,-1,-1
57,-1,301,442,81,45,1,-1,-1,-1
57,-1,618,-20,89,53,1,-1,-1,-1
57,-1,947,54,66,36,1,-1,-1,-1
57,-1,988,455,77,46,1,-1,-1,-1
58,-1,301,441,81,44,1,-1,-1,-1
58,-1,618,-21,89,53,1,-1,-1,-1
58,-1,947,57,65,36,1,-1,-1,-1
58,-1,987,454,79,47,1,-1,-1,-1
59,-1,300,439,81,45,1,-1,-1,-1
59,-1,618,-24,89,53,1,-1,-1,-1
59,-1,948,62,65,36,1,-1,-1,-1
59,-1,988,452,78,46,1,-1,-1,-1
60,-1,301,436,81,44,1,-1,-1,-1
60,-1,619,-29,90,53,1,-1,-1,-1
60,-1,950,66,66,37,1,-1,-1,-1
60,-1,989,448,78,46,1,-1,-1,-1
61,-1,301,435,81,45,1,-1,-1,-1
61,-1,620,-31,89,53,1,-1,-1,-1
61,-1,951,69,66,36,1,-1,-1,-1
61,-1,989,447,79,46,1,-1,-1,-1
62,-1,303,434,81,45,1,-1,-1,-1
62,-1,622,-2,90,22,1,-1,-1,-1
62,-1,954,76,66,36,1,-1,-1,-1
62,-1,991,446,79,46,1,-1,-1,-1
63,-1,110,0,56,17,1,-1,-1,-1
63,-1,304,434,80,45,1,-1,-1,-1
63,-1,624,-3,88,22,1,-1,-1,-1
63,-1,956,83,66,36,1,-1,-1,-1
63,-1,993,445,79,46,1,-1,-1,-1
64,-1,100,0,66,21,1,-1,-1,-1
64,-1,305,434,80,44,1,-1,-1,-1
64,-1,624,-4,89,22,1,-1,-1,-1
64,-1,957,87,66,36,1,-1,-1,-1
64,-1,993,445,79,46,1,-1,-1,-1
65,-1,98,1,69,32,1,-1,-1,-1
65,-1,306,435,81,45,1,-1,-1,-1
65,-1,628,-4,88,22,1,-1,-1,-1
65,-1,961,100,66,36,1,-1,-1,-1
65,-1,995,446,79,46,1,-1,-1,-1
66,-1,98,5,69,32,1,-1,-1,-1
66,-1,306,436,80,45,1,-1,-1,-1
66,-1,628,-4,89,22,1,-1,-1,-1
66,-1,962,105,66,36,1,-1,-1,-1
66,-1,995,447,79,46,1,-1,-1,-1
67,-1,97,13,69,32,1,-1,-1,-1
67,-1,305,436,80,44,1,-1,-1,-1
67,-1,628,-4,88,22,1,-1,-1,-1
67,-1,963,112,66,36,1,-1,-1,-1
67,-1,996,448,78,46,1,-1,-1,-1
68,-1,97,19,69,32,1,-1,-1,-1
68,-1,305,435,80,45,1,-1,-1,-1
68,-1,628,-4,88,22,1,-1,-1,-1
68,-1,964,119,66,36,1,-1,-1,-1
68,-1,995,446,79,46,1,-1,-1,-1
69,-1,96,22,69,32,1,-1,-1,-1
69,-1,304,435,80,44,1,-1,-1,-1
69,-1,628,-4,88,22,1,-1,-1,-1
69,-1,965,123,66,36,1,-1,-1,-1
69,-1,996,446,79,46,1,-1,-1,-1
70,-1,95,29,69,32,1,-1,-1,-1
70,-1,304,435,80,44,1,-1,-1,-1
70,-1,628,-4,88,22,1,-1,-1,-1
70,-1,966,130,66,36,1,-1,-1,-1
70,-1,995,446,79,46,1,-1,-1,-1
71,-1,94,34,69,32,1,-1,-1,-1
71,-1,303,433,80,45,1,-1,-1,-1
71,-1,628,-4,88,22,1,-1,-1,-1
71,-1,966,136,66,36,1,-1,-1,-1
71,-1,995,444,79,46,1,-1,-1,-1
72,-1,93,38,69,32,1,-1,-1,-1
72,-1,303,434,79,44,1,-1,-1,-1
72,-1,628,-4,88,22,1,-1,-1,-1
72,-1,967,141,65,35,1,-1,-1,-1
72,-1,995,445,79,46,1,-1,-1,-1
73,-1,93,46,69,32,1,-1,-1,-1
73,-1,301,435,80,45,1,-1,-1,-1
73,-1,628,-4,88,22,1,-1,-1,-1
73,-1,968,149,66,36,1,-1,-1,-1
73,-1,995,445,79,46,1,-1,-1,-1
74,-1,92,53,69,32,1,-1,-1,-1
74,-1,302,435,78,43,1,-1,-1,-1
74,-1,628,-4,88,22,1,-1,-1,-1
74,-1,969,156,65,35,1,-1,-1,-1
74,-1,994,444,79,46,1,-1,-1,-1
75,-1,92,59,69,32,1,-1,-1,-1
75,-1,300,434,80,45,1,-1,-1,-1
75,-1,628,-4,88,22,1,-1,-1,-1
75,-1,970,162,66,36,1,-1,-1,-1
75,-1,994,444,79,46,1,-1,-1,-1
76,-1,91,67,69,32,1,-1,-1,-1
76,-1,300,435,80,44,1,-1,-1,-1
76,-1,628,-4,88,22,1,-1,-1,-1
76,-1,971,170,65,36,1,-1,-1,-1
76,-1,994,444,79,46,1,-1,-1,-1
77,-1,90,74,69,32,1,-1,-1,-1
77,-1,299,435,80,44,1,-1,-1,-1
77,-1,628,-4,88,22,1,-1,-1,-1
77,-1,971,178,66,36,1,-1,-1,-1
77,-1,994,445,80,46,1,-1,-1,-1
78,-1,90,78,69,32,1,-1,-1,-1
78,-1,299,435,80,44,1,-1,-1,-1
78,-1,628,-4,88,22,1,-1,-1,-1
78,-1,972,182,65,36,1,-1,-1,-1
78,-1,994,445,79,46,1,-1,-1,-1
79,-1,89,85,69,32,1,-1,-1,-1
79,-1,298,436,80,44,1,-1,-1,-1
79,-1,628,-4,88,22,1,-1,-1,-1
79,-1,971,189,66,36,1,-1,-1,-1
79,-1,993,445,79,46,1,-1,-1,-1
80,-1,88,92,69,32,1,-1,-1,-1
80,-1,297,436,80,44,1,-1,-1,-1
80,-1,628,-4,88,22,1,-1,-1,-1
80,-1,971,196,66,36,1,-1,-1,-1
80,-1,992,445,79,46,1,-1,-1,-1
81,-1,87,96,69,32,1,-1,-1,-1
81,-1,297,436,81,45,1,-1,-1,-1
81,-1,970,200,66,36,1,-1,-1,-1
81,-1,992,445,79,46,1,-1,-1,-1
82,-1,87,103,69,32,1,-1,-1,-1
82,-1,297,436,80,44,1,-1,-1,-1
82,-1,971,207,66,36,1,-1,-1,-1
82,-1,992,445,79,46,1,-1,-1,-1
83,-1,86,111,69,32,1,-1,-1,-1
83,-1,296,436,81,45,1,-1,-1,-1
83,-1,971,215,66,36,1,-1,-1,-1
83,-1,991,444,79,46,1,-1,-1,-1
84,-1,85,114,69,32,1,-1,-1,-1
84,-1,296,436,80,44,1,-1,-1,-1
84,-1,970,218,66,36,1,-1,-1,-1
84,-1,991,444,80,46,1,-1,-1,-1
85,-1,82,125,70,32,1,-1,-1,-1
85,-1,295,437,80,45,1,-1,-1,-1
85,-1,969,229,66,36,1,-1,-1,-1
85,-1,989,444,79,46,1,-1,-1,-1
86,-1,82,130,70,32,1,-1,-1,-1
86,-1,294,438,81,45,1,-1,-1,-1
86,-1,969,234,66,36,1,-1,-1,-1
86,-1,989,445,79,46,1,-1,-1,-1
87,-1,82,140,69,32,1,-1,-1,-1
87,-1,294,440,81,45,1,-1,-1,-1
87,-1,968,244,66,36,1,-1,-1,-1
87,-1,989,448,78,45,1,-1,-1,-1
88,-1,80,150,69,32,1,-1,-1,-1
88,-1,294,444,80,45,1,-1,-1,-1
88,-1,967,254,66,36,1,-1,-1,-1
88,-1,988,450,79,46,1,-1,-1,-1
89,-1,80,155,69,32,1,-1,-1,-1
89,-1,293,445,80,45,1,-1,-1,-1
89,-1,967,259,66,36,1,-1,-1,-1
89,-1,987,452,79,46,1,-1,-1,-1
90,-1,78,165,70,32,1,-1,-1,-1
90,-1,293,448,81,45,1,-1,-1,-1
90,-1,966,269,66,36,1,-1,-1,-1
90,-1,986,454,79,46,1,-1,-1,-1
91,-1,77,175,69,32,1,-1,-1,-1
91,-1,292,450,80,44,1,-1,-1,-1
91,-1,965,279,66,36,1,-1,-1,-1
91,-1,985,456,79,46,1,-1,-1,-1
92,-1,77,179,69,32,1,-1,-1,-1
92,-1,292,451,80,44,1,-1,-1,-1
92,-1,965,284,66,36,1,-1,-1,-1
92,-1,984,457,79,46,1,-1,-1,-1
93,-1,76,189,69,32,1,-1,-1,-1
93,-1,291,454,80,45,1,-1,-1,-1
93,-1,964,294,66,36,1,-1,-1,-1
93,-1,984,459,79,46,1,-1,-1,-1
94,-1,75,200,70,32,1,-1,-1,-1
94,-1,291,457,81,45,1,-1,-1,-1
94,-1,963,304,66,36,1,-1,-1,-1
94,-1,983,463,79,46,1,-1,-1,-1
95,-1,75,209,69,32,1,-1,-1,-1
95,-1,290,459,80,44,1,-1,-1,-1
95,-1,962,314,66,36,1,-1,-1,-1
95,-1,982,464,80,46,1,-1,-1,-1
96,-1,75,218,69,32,1,-1,-1,-1
96,-1,290,460,80,44,1,-1,-1,-1
96,-1,962,322,66,36,1,-1,-1,-1
96,-1,982,465,79,46,1,-1,-1,-1
97,-1,74,227,70,32,1,-1,-1,-1
97,-1,290,462,79,44,1,-1,-1,-1
97,-1,962,330,66,36,1,-1,-1,-1
97,-1,981,466,79,46,1,-1,-1,-1
98,-1,73,230,70,32,1,-1,-1,-1
98,-1,289,462,80,44,1,-1,-1,-1
98,-1,961,334,67,36,1,-1,-1,-1
98,-1,980,467,79,46,1,-1,-1,-1
99,-1,73,236,70,32,1,-1,-1,-1
99,-1,289,461,80,45,1,-1,-1,-1
99,-1,961,340,66,36,1,-1,-1,-1
99,-1,980,466,78,45,1,-1,-1,-1
100,-1,73,245,69,32,1,-1,-1,-1
100,-1,289,462,80,44,1,-1,-1,-1
100,-1,962,349,65,36,1,-1,-1,-1
100,-1,979,467,78,46,1,-1,-1,-1
101,-1,73,249,69,32,1,-1,-1,-1
101,-1,289,462,80,44,1,-1,-1,-1
101,-1,962,353,65,36,1,-1,-1,-1
101,-1,978,467,79,46,1,-1,-1,-1
102,-1,72,256,70,32,1,-1,-1,-1
102,-1,289,462,80,44,1,-1,-1,-1
102,-1,962,360,65,35,1,-1,-1,-1
102,-1,978,467,78,46,1,-1,-1,-1
103,-1,73,266,70,32,1,-1,-1,-1
103,-1,288,464,80,45,1,-1,-1,-1
103,-1,962,370,65,36,1,-1,-1,-1
103,-1,977,469,79,46,1,-1,-1,-1
104,-1,74,271,68,32,1,-1,-1,-1
104,-1,289,466,80,45,1,-1,-1,-1
104,-1,963,375,66,36,1,-1,-1,-1
104,-1,978,471,79,46,1,-1,-1,-1
105,-1,73,287,69,32,1,-1,-1,-1
105,-1,288,471,80,44,1,-1,-1,-1
105,-1,964,391,65,36,1,-1,-1,-1
105,-1,976,475,79,46,1,-1,-1,-1
106,-1,73,291,70,32,1,-1,-1,-1
106,-1,289,472,79,44,1,-1,-1,-1
106,-1,964,395,66,36,1,-1,-1,-1
106,-1,976,477,79,46,1,-1,-1,-1
107,-1,74,301,69,32,1,-1,-1,-1
107,-1,288,474,80,44,1,-1,-1,-1
107,-1,965,405,66,36,1,-1,-1,-1
107,-1,975,479,79,46,1,-1,-1,-1
108,-1,73,308,70,32,1,-1,-1,-1
108,-1,288,474,80,44,1,-1,-1,-1
108,-1,966,412,65,36,1,-1,-1,-1
108,-1,974,479,79,46,1,-1,-1,-1
109,-1,73,310,70,32,1,-1,-1,-1
109,-1,288,472,80,44,1,-1,-1,-1
109,-1,966,413,66,36,1,-1,-1,-1
109,-1,974,477,78,45,1,-1,-1,-1
110,-1,75,315,69,32,1,-1,-1,-1
110,-1,289,470,79,44,1,-1,-1,-1
110,-1,967,419,65,36,1,-1,-1,-1
110,-1,974,475,79,46,1,-1,-1,-1
111,-1,74,324,69,32,1,-1,-1,-1
111,-1,289,472,79,44,1,-1,-1,-1
111,-1,968,428,65,36,1,-1,-1,-1
111,-1,973,477,80,46,1,-1,-1,-1
112,-1,74,328,69,32,1,-1,-1,-1
112,-1,289,472,79,44,1,-1,-1,-1
112,-1,968,432,66,36,1,-1,-1,-1
112,-1,972,477,79,46,1,-1,-1,-1
113,-1,75,334,70,32,1,-1,-1,-1
113,-1,290,472,79,44,1,-1,-1,-1
113,-1,970,439,65,36,1,-1,-1,-1
113,-1,973,477,79,46,1,-1,-1,-1
114,-1,75,345,70,32,1,-1,-1,-1
114,-1,290,476,79,44,1,-1,-1,-1
114,-1,932,0,54,15,1,-1,-1,-1
114,-1,971,450,65,36,1,-1,-1,-1
114,-1,973,481,79,46,1,-1,-1,-1
115,-1,76,356,70,32,1,-1,-1,-1
115,-1,290,480,79,44,1,-1,-1,-1
115,-1,921,-1,64,28,1,-1,-1,-1
115,-1,972,461,65,36,1,-1,-1,-1
115,-1,972,484,80,46,1,-1,-1,-1
116,-1,77,364,69,32,1,-1,-1,-1
116,-1,291,480,78,44,1,-1,-1,-1
116,-1,921,3,65,32,1,-1,-1,-1
116,-1,973,469,62,34,1,-1,-1,-1
116,-1,973,485,79,46,1,-1,-1,-1
117,-1,78,373,70,32,1,-1,-1,-1
117,-1,292,482,79,44,1,-1,-1,-1
117,-1,922,12,65,32,1,-1,-1,-1
117,-1,973,487,79,46,1,-1,-1,-1
117,-1,975,479,61,34,1,-1,-1,-1
118,-1,79,377,69,32,1,-1,-1,-1
118,-1,293,482,79,44,1,-1,-1,-1
118,-1,922,17,65,32,1,-1,-1,-1
118,-1,973,488,79,46,1,-1,-1,-1
118,-1,976,483,61,34,1,-1,-1,-1
119,-1,81,384,69,32,1,-1,-1,-1
119,-1,295,482,79,44,1,-1,-1,-1
119,-1,924,24,65,32,1,-1,-1,-1
119,-1,974,488,79,46,1,-1,-1,-1
119,-1,977,489,63,35,1,-1,-1,-1
120,-1,82,390,70,32,1,-1,-1,-1
120,-1,296,481,79,44,1,-1,-1,-1
120,-1,926,30,65,32,1,-1,-1,-1
120,-1,976,487,78,46,1,-1,-1,-1
120,-1,979,495,65,36,1,-1,-1,-1
121,-1,83,393,70,32,1,-1,-1,-1
121,-1,297,481,79,44,1,-1,-1,-1
121,-1,927,33,65,32,1,-1,-1,-1
121,-1,976,488,82,48,1,-1,-1,-1
121,-1,979,494,64,35,1,-1,-1,-1
122,-1,84,401,70,32,1,-1,-1,-1
122,-1,298,481,80,44,1,-1,-1,-1
122,-1,927,41,65,32,1,-1,-1,-1
122,-1,976,487,79,46,1,-1,-1,-1
122,-1,978,507,64,35,1,-1,-1,-1
123,-1,85,408,70,32,1,-1,-1,-1
123,-1,299,482,79,44,1,-1,-1,-1
123,-1,928,48,65,32,1,-1,-1,-1
123,-1,976,510,70,38,1,-1,-1,-1
123,-1,977,487,79,46,1,-1,-1,-1
124,-1,86,411,70,32,1,-1,-1,-1
124,-1,300,481,80,44,1,-1,-1,-1
124,-1,929,51,65,32,1,-1,-1,-1
124,-1,978,486,79,46,1,-1,-1,-1
124,-1,986,518,59,33,1,-1,-1,-1
125,-1,89,423,70,32,1,-1,-1,-1
125,-1,303,482,79,44,1,-1,-1,-1
125,-1,931,64,65,32,1,-1,-1,-1
125,-1,980,488,78,46,1,-1,-1,-1
125,-1,989,530,59,33,1,-1,-1,-1
126,-1,89,427,70,32,1,-1,-1,-1
126,-1,303,483,79,44,1,-1,-1,-1
126,-1,931,68,64,32,1,-1,-1,-1
126,-1,980,489,78,46,1,-1,-1,-1
126,-1,989,534,59,33,1,-1,-1,-1
127,-1,89,434,70,32,1,-1,-1,-1
127,-1,303,483,79,44,1,-1,-1,-1
127,-1,931,75,64,32,1,-1,-1,-1
127,-1,980,488,78,46,1,-1,-1,-1
127,-1,990,541,59,33,1,-1,-1,-1
128,-1,90,441,69,32,1,-1,-1,-1
128,-1,303,483,79,44,1,-1,-1,-1
128,-1,931,82,65,32,1,-1,-1,-1
128,-1,980,488,78,45,1,-1,-1,-1
128,-1,991,548,59,33,1,-1,-1,-1
129,-1,90,445,69,32,1,-1,-1,-1
129,-1,304,483,79,44,1,-1,-1,-1
129,-1,931,85,65,32,1,-1,-1,-1
129,-1,980,488,79,46,1,-1,-1,-1
129,-1,992,552,58,33,1,-1,-1,-1
130,-1,90,452,69,32,1,-1,-1,-1
130,-1,304,483,79,44,1,-1,-1,-1
130,-1,931,92,64,32,1,-1,-1,-1
130,-1,980,488,79,46,1,-1,-1,-1
130,-1,992,559,59,33,1,-1,-1,-1
131,-1,89,458,69,32,1,-1,-1,-1
131,-1,304,483,79,44,1,-1,-1,-1
131,-1,931,97,65,32,1,-1,-1,-1
131,-1,979,488,79,46,1,-1,-1,-1
131,-1,992,566,58,33,1,-1,-1,-1
132,-1,89,463,69,32,1,-1,-1,-1
132,-1,304,483,80,44,1,-1,-1,-1
132,-1,931,102,65,32,1,-1,-1,-1
132,-1,979,489,79,46,1,-1,-1,-1
132,-1,992,570,59,33,1,-1,-1,-1
133,-1,89,471,70,32,1,-1,-1,-1
133,-1,305,485,78,44,1,-1,-1,-1
133,-1,932,110,64,32,1,-1,-1,-1
133,-1,980,490,79,46,1,-1,-1,-1
133,-1,992,579,59,33,1,-1,-1,-1
134,-1,89,474,70,32,1,-1,-1,-1
134,-1,305,485,78,44,1,-1,-1,-1
134,-1,931,113,65,32,1,-1,-1,-1
134,-1,980,490,79,46,1,-1,-1,-1
134,-1,991,582,59,33,1,-1,-1,-1
135,-1,88,486,70,32,1,-1,-1,-1
135,-1,305,487,79,44,1,-1,-1,-1
135,-1,931,124,65,32,1,-1,-1,-1
135,-1,980,492,78,45,1,-1,-1,-1
135,-1,990,595,59,33,1,-1,-1,-1
136,-1,86,494,71,32,1,-1,-1,-1
136,-1,305,489,79,44,1,-1,-1,-1
136,-1,930,132,65,32,1,-1,-1,-1
136,-1,980,494,78,46,1,-1,-1,-1
136,-1,988,604,59,33,1,-1,-1,-1
137,-1,86,498,71,32,1,-1,-1,-1
137,-1,306,489,79,44,1,-1,-1,-1
137,-1,931,136,65,32,1,-1,-1,-1
137,-1,979,494,78,46,1,-1,-1,-1
137,-1,987,608,59,33,1,-1,-1,-1
138,-1,86,506,70,32,1,-1,-1,-1
138,-1,306,491,79,44,1,-1,-1,-1
138,-1,931,143,65,32,1,-1,-1,-1
138,-1,980,495,78,45,1,-1,-1,-1
138,-1,987,608,59,33,1,-1,-1,-1
139,-1,84,514,70,32,1,-1,-1,-1
139,-1,306,491,78,44,1,-1,-1,-1
139,-1,931,151,65,32,1,-1,-1,-1
139,-1,979,496,79,46,1,-1,-1,-1
140,-1,84,517,71,32,1,-1,-1,-1
140,-1,306,491,79,44,1,-1,-1,-1
140,-1,931,154,65,32,1,-1,-1,-1
140,-1,979,495,78,45,1,-1,-1,-1
141,-1,83,525,71,33,1,-1,-1,-1
141,-1,306,492,79,44,1,-1,-1,-1
141,-1,930,161,65,32,1,-1,-1,-1
141,-1,979,496,78,46,1,-1,-1,-1
142,-1,83,534,70,32,1,-1,-1,-1
142,-1,307,494,79,44,1,-1,-1,-1
142,-1,931,171,65,32,1,-1,-1,-1
142,-1,980,498,78,45,1,-1,-1,-1
143,-1,83,538,70,32,1,-1,-1,-1
143,-1,307,494,79,44,1,-1,-1,-1
143,-1,931,174,65,32,1,-1,-1,-1
143,-1,979,498,79,46,1,-1,-1,-1
144,-1,82,546,70,32,1,-1,-1,-1
144,-1,306,495,80,44,1,-1,-1,-1
144,-1,931,182,64,32,1,-1,-1,-1
144,-1,979,499,78,46,1,-1,-1,-1
145,-1,81,553,70,32,1,-1,-1,-1
145,-1,307,496,79,44,1,-1,-1,-1
145,-1,931,189,64,32,1,-1,-1,-1
145,-1,979,499,78,45,1,-1,-1,-1
146,-1,81,562,70,32,1,-1,-1,-1
146,-1,307,497,79,44,1,-1,-1,-1
146,-1,932,197,65,32,1,-1,-1,-1
146,-1,980,500,77,45,1,-1,-1,-1
147,-1,81,569,70,32,1,-1,-1,-1
147,-1,308,498,78,44,1,-1,-1,-1
147,-1,931,205,65,32,1,-1,-1,-1
147,-1,980,501,78,45,1,-1,-1,-1
148,-1,81,573,70,32,1,-1,-1,-1
148,-1,307,499,79,44,1,-1,-1,-1
148,-1,931,208,65,32,1,-1,-1,-1
148,-1,980,501,78,45,1,-1,-1,-1
149,-1,80,581,70,32,1,-1,-1,-1
149,-1,308,499,78,44,1,-1,-1,-1
149,-1,932,216,65,32,1,-1,-1,-1
149,-1,980,502,78,45,1,-1,-1,-1
150,-1,80,587,70,32,1,-1,-1,-1
150,-1,308,499,78,43,1,-1,-1,-1
150,-1,932,222,64,32,1,-1,-1,-1
150,-1,980,501,78,46,1,-1,-1,-1
151,-1,80,590,70,32,1,-1,-1,-1
151,-1,308,499,78,44,1,-1,-1,-1
151,-1,932,226,65,32,1,-1,-1,-1
151,-1,980,501,78,45,1,-1,-1,-1
152,-1,79,598,70,32,1,-1,-1,-1
152,-1,309,499,78,43,1,-1,-1,-1
152,-1,932,233,64,32,1,-1,-1,-1
152,-1,980,501,78,45,1,-1,-1,-1
153,-1,79,606,70,32,1,-1,-1,-1
153,-1,308,500,78,44,1,-1,-1,-1
153,-1,932,241,65,32,1,-1,-1,-1
153,-1,981,503,78,45,1,-1,-1,-1
154,-1,79,610,71,32,1,-1,-1,-1
154,-1,309,501,79,44,1,-1,-1,-1
154,-1,932,245,65,32,1,-1,-1,-1
154,-1,982,503,78,45,1,-1,-1,-1
155,-1,79,610,71,32,1,-1,-1,-1
155,-1,309,501,78,44,1,-1,-1,-1
155,-1,932,256,64,32,1,-1,-1,-1
155,-1,982,503,78,45,1,-1,-1,-1
156,-1,309,502,78,44,1,-1,-1,-1
156,-1,932,263,65,32,1,-1,-1,-1
156,-1,982,504,77,45,1,-1,-1,-1
157,-1,309,502,78,43,1,-1,-1,-1
157,-1,932,267,65,32,1,-1,-1,-1
157,-1,982,504,78,45,1,-1,-1,-1
158,-1,309,502,78,44,1,-1,-1,-1
158,-1,931,273,65,32,1,-1,-1,-1
158,-1,982,504,78,45,1,-1,-1,-1
159,-1,309,503,78,44,1,-1,-1,-1
159,-1,932,282,65,32,1,-1,-1,-1
159,-1,982,505,78,45,1,-1,-1,-1
160,-1,309,503,79,44,1,-1,-1,-1
160,-1,932,286,65,32,1,-1,-1,-1
160,-1,982,505,78,45,1,-1,-1,-1
161,-1,309,503,78,44,1,-1,-1,-1
161,-1,932,293,65,32,1,-1,-1,-1
161,-1,983,505,78,45,1,-1,-1,-1
162,-1,309,503,79,44,1,-1,-1,-1
162,-1,932,300,65,32,1,-1,-1,-1
162,-1,983,505,78,45,1,-1,-1,-1
163,-1,309,503,78,44,1,-1,-1,-1
163,-1,932,304,65,32,1,-1,-1,-1
163,-1,983,505,78,45,1,-1,-1,-1
164,-1,308,504,78,44,1,-1,-1,-1
164,-1,931,311,65,32,1,-1,-1,-1
164,-1,982,506,78,45,1,-1,-1,-1
165,-1,307,505,78,44,1,-1,-1,-1
165,-1,930,319,65,32,1,-1,-1,-1
165,-1,982,507,78,45,1,-1,-1,-1
166,-1,307,506,77,43,1,-1,-1,-1
166,-1,930,327,66,33,1,-1,-1,-1
166,-1,982,508,78,45,1,-1,-1,-1
167,-1,307,507,78,43,1,-1,-1,-1
167,-1,930,336,65,32,1,-1,-1,-1
167,-1,982,509,78,45,1,-1,-1,-1
168,-1,307,508,77,43,1,-1,-1,-1
168,-1,930,340,65,32,1,-1,-1,-1
168,-1,982,510,78,45,1,-1,-1,-1
169,-1,306,509,78,43,1,-1,-1,-1
169,-1,929,348,66,33,1,-1,-1,-1
169,-1,982,511,78,45,1,-1,-1,-1
170,-1,306,510,78,44,1,-1,-1,-1
170,-1,929,357,65,32,1,-1,-1,-1
170,-1,982,512,77,45,1,-1,-1,-1
171,-1,305,510,78,44,1,-1,-1,-1
171,-1,929,361,65,32,1,-1,-1,-1
171,-1,982,512,77,45,1,-1,-1,-1
172,-1,304,512,79,44,1,-1,-1,-1
172,-1,928,370,65,32,1,-1,-1,-1
172,-1,981,514,78,46,1,-1,-1,-1
173,-1,304,513,79,44,1,-1,-1,-1
173,-1,928,379,65,32,1,-1,-1,-1
173,-1,981,515,78,45,1,-1,-1,-1
174,-1,303,514,79,44,1,-1,-1,-1
174,-1,928,384,65,32,1,-1,-1,-1
174,-1,980,517,78,45,1,-1,-1,-1
175,-1,302,516,79,44,1,-1,-1,-1
175,-1,927,397,65,32,1,-1,-1,-1
175,-1,981,518,77,45,1,-1,-1,-1
176,-1,302,517,79,44,1,-1,-1,-1
176,-1,927,406,65,32,1,-1,-1,-1
176,-1,981,520,78,45,1,-1,-1,-1
177,-1,302,517,79,44,1,-1,-1,-1
177,-1,927,410,64,32,1,-1,-1,-1
177,-1,980,520,78,46,1,-1,-1,-1
178,-1,301,517,78,44,1,-1,-1,-1
178,-1,926,418,65,32,1,-1,-1,-1
178,-1,981,520,78,45,1,-1,-1,-1
179,-1,301,518,78,43,1,-1,-1,-1
179,-1,926,425,65,32,1,-1,-1,-1
179,-1,981,521,78,45,1,-1,-1,-1
180,-1,301,518,78,43,1,-1,-1,-1
180,-1,926,429,65,32,1,-1,-1,-1
180,-1,981,521,78,45,1,-1,-1,-1
181,-1,301,517,78,43,1,-1,-1,-1
181,-1,926,436,65,32,1,-1,-1,-1
181,-1,981,521,78,45,1,-1,-1,-1
182,-1,301,518,77,43,1,-1,-1,-1
182,-1,926,443,65,32,1,-1,-1,-1
182,-1,981,521,78,45,1,-1,-1,-1
183,-1,301,517,77,43,1,-1,-1,-1
183,-1,926,447,65,32,1,-1,-1,-1
183,-1,981,521,78,45,1,-1,-1,-1
184,-1,300,516,78,43,1,-1,-1,-1
184,-1,926,453,65,32,1,-1,-1,-1
184,-1,982,520,77,45,1,-1,-1,-1
185,-1,300,515,78,44,1,-1,-1,-1
185,-1,927,459,65,32,1,-1,-1,-1
185,-1,982,520,78,45,1,-1,-1,-1
186,-1,299,515,78,44,1,-1,-1,-1
186,-1,926,467,65,32,1,-1,-1,-1
186,-1,982,520,77,45,1,-1,-1,-1
187,-1,299,515,78,43,1,-1,-1,-1
187,-1,927,474,65,32,1,-1,-1,-1
187,-1,982,520,77,45,1,-1,-1,-1
188,-1,299,515,78,44,1,-1,-1,-1
188,-1,927,478,65,32,1,-1,-1,-1
188,-1,982,520,78,45,1,-1,-1,-1
189,-1,299,515,78,43,1,-1,-1,-1
189,-1,927,486,65,32,1,-1,-1,-1
189,-1,983,521,78,45,1,-1,-1,-1
190,-1,299,514,78,43,1,-1,-1,-1
190,-1,927,491,65,32,1,-1,-1,-1
190,-1,983,519,78,45,1,-1,-1,-1
191,-1,299,513,77,43,1,-1,-1,-1
191,-1,927,494,65,32,1,-1,-1,-1
191,-1,983,518,78,45,1,-1,-1,-1
192,-1,299,513,77,43,1,-1,-1,-1
192,-1,927,501,65,32,1,-1,-1,-1
192,-1,983,518,78,46,1,-1,-1,-1
193,-1,299,512,78,43,1,-1,-1,-1
193,-1,927,507,65,32,1,-1,-1,-1
193,-1,983,519,77,45,1,-1,-1,-1
