1,-1,111,278,14,10,1,-1,-1,-1
1,-1,131,210,15,13,1,-1,-1,-1
1,-1,150,40,21,20,1,-1,-1,-1
1,-1,361,140,26,23,1,-1,-1,-1
1,-1,449,244,14,15,1,-1,-1,-1
1,-1,509,87,13,12,1,-1,-1,-1
1,-1,563,30,25,21,1,-1,-1,-1
1,-1,563,220,17,14,1,-1,-1,-1
2,-1,111,278,14,10,1,-1,-1,-1
2,-1,127,210,15,13,1,-1,-1,-1
2,-1,149,40,21,20,1,-1,-1,-1
2,-1,361,140,26,23,1,-1,-1,-1
2,-1,445,244,14,15,1,-1,-1,-1
2,-1,505,87,13,12,1,-1,-1,-1
2,-1,559,220,17,14,1,-1,-1,-1
2,-1,563,30,25,21,1,-1,-1,-1
3,-1,111,278,14,10,1,-1,-1,-1
3,-1,124,210,15,13,1,-1,-1,-1
3,-1,149,40,21,20,1,-1,-1,-1
3,-1,361,140,26,23,1,-1,-1,-1
3,-1,442,244,14,15,1,-1,-1,-1
3,-1,502,87,13,12,1,-1,-1,-1
3,-1,556,220,17,14,1,-1,-1,-1
3,-1,563,30,25,21,1,-1,-1,-1
4,-1,111,278,14,10,1,-1,-1,-1
4,-1,121,210,15,13,1,-1,-1,-1
4,-1,148,40,21,20,1,-1,-1,-1
4,-1,361,140,26,23,1,-1,-1,-1
4,-1,438,244,14,15,1,-1,-1,-1
4,-1,498,87,13,12,1,-1,-1,-1
4,-1,552,220,17,14,1,-1,-1,-1
4,-1,563,30,25,21,1,-1,-1,-1
5,-1,111,278,14,10,1,-1,-1,-1
5,-1,113,210,15,13,1,-1,-1,-1
5,-1,147,40,21,20,1,-1,-1,-1
5,-1,362,141,26,23,1,-1,-1,-1
5,-1,431,244,14,15,1,-1,-1,-1
5,-1,491,87,13,12,1,-1,-1,-1
5,-1,545,220,16,13,1,-1,-1,-1
5,-1,562,30,25,21,1,-1,-1,-1
6,-1,111,278,14,10,1,-1,-1,-1
6,-1,113,210,15,13,1,-1,-1,-1
6,-1,147,40,21,20,1,-1,-1,-1
6,-1,362,141,26,23,1,-1,-1,-1
6,-1,431,244,14,15,1,-1,-1,-1
6,-1,491,87,13,12,1,-1,-1,-1
6,-1,545,220,16,13,1,-1,-1,-1
6,-1,562,30,25,21,1,-1,-1,-1
7,-1,110,210,14,13,1,-1,-1,-1
7,-1,111,278,14,10,1,-1,-1,-1
7,-1,146,40,21,20,1,-1,-1,-1
7,-1,362,141,26,23,1,-1,-1,-1
7,-1,428,244,14,15,1,-1,-1,-1
7,-1,488,87,13,12,1,-1,-1,-1
7,-1,542,220,16,13,1,-1,-1,-1
7,-1,562,30,25,21,1,-1,-1,-1
8,-1,107,210,14,12,1,-1,-1,-1
8,-1,111,278,14,10,1,-1,-1,-1
8,-1,146,41,21,20,1,-1,-1,-1
8,-1,362,141,26,23,1,-1,-1,-1
8,-1,424,244,14,15,1,-1,-1,-1
8,-1,484,88,13,12,1,-1,-1,-1
8,-1,538,220,17,14,1,-1,-1,-1
8,-1,562,30,25,21,1,-1,-1,-1
9,-1,103,210,15,13,1,-1,-1,-1
9,-1,111,278,14,10,1,-1,-1,-1
9,-1,145,40,21,20,1,-1,-1,-1
9,-1,362,141,26,23,1,-1,-1,-1
9,-1,421,244,14,15,1,-1,-1,-1
9,-1,481,88,13,12,1,-1,-1,-1
9,-1,534,220,16,13,1,-1,-1,-1
9,-1,562,30,25,21,1,-1,-1,-1
10,-1,100,210,15,13,1,-1,-1,-1
10,-1,111,278,14,10,1,-1,-1,-1
10,-1,144,41,21,20,1,-1,-1,-1
10,-1,362,141,26,23,1,-1,-1,-1
10,-1,417,244,14,15,1,-1,-1,-1
10,-1,477,88,13,12,1,-1,-1,-1
10,-1,530,220,16,13,1,-1,-1,-1
10,-1,561,30,25,21,1,-1,-1,-1
11,-1,93,210,15,13,1,-1,-1,-1
11,-1,111,278,14,10,1,-1,-1,-1
11,-1,143,41,21,20,1,-1,-1,-1
11,-1,362,141,26,23,1,-1,-1,-1
11,-1,410,245,14,15,1,-1,-1,-1
11,-1,470,87,13,12,1,-1,-1,-1
11,-1,523,220,16,13,1,-1,-1,-1
11,-1,561,30,25,21,1,-1,-1,-1
12,-1,93,210,15,13,1,-1,-1,-1
12,-1,111,278,14,10,1,-1,-1,-1
12,-1,143,41,21,20,1,-1,-1,-1
12,-1,362,141,26,23,1,-1,-1,-1
12,-1,410,245,14,15,1,-1,-1,-1
12,-1,470,87,13,12,1,-1,-1,-1
12,-1,523,220,16,13,1,-1,-1,-1
12,-1,561,30,25,21,1,-1,-1,-1
13,-1,89,210,15,13,1,-1,-1,-1
13,-1,111,278,14,10,1,-1,-1,-1
13,-1,142,41,21,20,1,-1,-1,-1
13,-1,362,141,26,23,1,-1,-1,-1
13,-1,406,244,14,15,1,-1,-1,-1
13,-1,466,87,13,12,1,-1,-1,-1
13,-1,520,221,16,13,1,-1,-1,-1
13,-1,561,30,25,21,1,-1,-1,-1
14,-1,86,210,15,13,1,-1,-1,-1
14,-1,111,278,14,10,1,-1,-1,-1
14,-1,142,41,21,20,1,-1,-1,-1
14,-1,362,141,26,23,1,-1,-1,-1
14,-1,402,244,14,15,1,-1,-1,-1
14,-1,463,88,13,12,1,-1,-1,-1
14,-1,516,221,15,13,1,-1,-1,-1
14,-1,561,30,25,21,1,-1,-1,-1
15,-1,82,210,15,13,1,-1,-1,-1
15,-1,111,278,14,10,1,-1,-1,-1
15,-1,141,41,21,20,1,-1,-1,-1
15,-1,362,141,26,23,1,-1,-1,-1
15,-1,399,244,14,15,1,-1,-1,-1
15,-1,459,87,13,12,1,-1,-1,-1
15,-1,513,221,15,13,1,-1,-1,-1
15,-1,560,30,25,21,1,-1,-1,-1
16,-1,79,210,15,13,1,-1,-1,-1
16,-1,111,278,14,10,1,-1,-1,-1
16,-1,140,41,21,20,1,-1,-1,-1
16,-1,362,141,26,23,1,-1,-1,-1
16,-1,396,245,14,15,1,-1,-1,-1
16,-1,456,87,14,13,1,-1,-1,-1
16,-1,509,221,16,13,1,-1,-1,-1
16,-1,560,30,25,21,1,-1,-1,-1
17,-1,72,210,15,13,1,-1,-1,-1
17,-1,111,278,14,10,1,-1,-1,-1
17,-1,139,41,21,20,1,-1,-1,-1
17,-1,362,142,26,23,1,-1,-1,-1
17,-1,388,245,14,15,1,-1,-1,-1
17,-1,448,88,13,12,1,-1,-1,-1
17,-1,502,220,16,13,1,-1,-1,-1
17,-1,560,30,25,21,1,-1,-1,-1
18,-1,72,210,15,13,1,-1,-1,-1
18,-1,111,278,14,10,1,-1,-1,-1
18,-1,139,41,21,20,1,-1,-1,-1
18,-1,362,142,26,23,1,-1,-1,-1
18,-1,388,245,14,15,1,-1,-1,-1
18,-1,448,88,13,12,1,-1,-1,-1
18,-1,502,220,16,13,1,-1,-1,-1
18,-1,560,30,25,21,1,-1,-1,-1
19,-1,68,210,14,13,1,-1,-1,-1
19,-1,111,278,14,10,1,-1,-1,-1
19,-1,139,41,21,20,1,-1,-1,-1
19,-1,362,142,26,23,1,-1,-1,-1
19,-1,385,245,14,15,1,-1,-1,-1
19,-1,445,88,13,12,1,-1,-1,-1
19,-1,498,221,16,13,1,-1,-1,-1
19,-1,560,30,25,21,1,-1,-1,-1
20,-1,65,211,14,12,1,-1,-1,-1
20,-1,111,278,14,10,1,-1,-1,-1
20,-1,138,41,21,20,1,-1,-1,-1
20,-1,362,142,26,23,1,-1,-1,-1
20,-1,381,245,14,15,1,-1,-1,-1
20,-1,441,88,13,12,1,-1,-1,-1
20,-1,494,220,16,13,1,-1,-1,-1
20,-1,559,30,25,21,1,-1,-1,-1
21,-1,61,211,15,13,1,-1,-1,-1
21,-1,111,278,14,10,1,-1,-1,-1
21,-1,137,41,21,20,1,-1,-1,-1
21,-1,362,142,26,23,1,-1,-1,-1
21,-1,377,245,14,15,1,-1,-1,-1
21,-1,437,88,13,12,1,-1,-1,-1
21,-1,491,221,16,13,1,-1,-1,-1
21,-1,559,30,25,21,1,-1,-1,-1
22,-1,58,210,15,13,1,-1,-1,-1
22,-1,111,278,14,10,1,-1,-1,-1
22,-1,137,41,21,20,1,-1,-1,-1
22,-1,362,142,26,23,1,-1,-1,-1
22,-1,374,245,14,15,1,-1,-1,-1
22,-1,434,88,13,12,1,-1,-1,-1
22,-1,487,220,16,13,1,-1,-1,-1
22,-1,559,30,25,21,1,-1,-1,-1
23,-1,51,211,14,12,1,-1,-1,-1
23,-1,111,278,14,10,1,-1,-1,-1
23,-1,135,41,21,20,1,-1,-1,-1
23,-1,363,142,26,23,1,-1,-1,-1
23,-1,367,245,14,15,1,-1,-1,-1
23,-1,427,88,13,12,1,-1,-1,-1
23,-1,480,221,16,13,1,-1,-1,-1
23,-1,559,30,25,21,1,-1,-1,-1
24,-1,51,211,14,12,1,-1,-1,-1
24,-1,111,278,14,10,1,-1,-1,-1
24,-1,135,41,21,20,1,-1,-1,-1
24,-1,363,142,26,23,1,-1,-1,-1
24,-1,367,245,14,15,1,-1,-1,-1
24,-1,427,88,13,12,1,-1,-1,-1
24,-1,480,221,16,13,1,-1,-1,-1
24,-1,559,30,25,21,1,-1,-1,-1
25,-1,47,211,14,12,1,-1,-1,-1
25,-1,111,278,14,10,1,-1,-1,-1
25,-1,135,41,21,20,1,-1,-1,-1
25,-1,363,142,26,23,1,-1,-1,-1
25,-1,363,245,14,15,1,-1,-1,-1
25,-1,423,88,13,12,1,-1,-1,-1
25,-1,476,221,16,13,1,-1,-1,-1
25,-1,558,30,25,21,1,-1,-1,-1
26,-1,44,211,14,12,1,-1,-1,-1
26,-1,111,278,14,10,1,-1,-1,-1
26,-1,134,41,21,20,1,-1,-1,-1
26,-1,359,245,14,15,1,-1,-1,-1
26,-1,363,142,26,23,1,-1,-1,-1
26,-1,419,88,13,12,1,-1,-1,-1
26,-1,473,221,16,13,1,-1,-1,-1
26,-1,558,30,25,21,1,-1,-1,-1
27,-1,40,211,14,12,1,-1,-1,-1
27,-1,111,278,14,10,1,-1,-1,-1
27,-1,134,41,22,21,1,-1,-1,-1
27,-1,355,245,14,15,1,-1,-1,-1
27,-1,363,142,26,23,1,-1,-1,-1
27,-1,416,88,13,12,1,-1,-1,-1
27,-1,469,221,16,13,1,-1,-1,-1
27,-1,558,30,25,21,1,-1,-1,-1
28,-1,36,210,14,12,1,-1,-1,-1
28,-1,111,278,14,10,1,-1,-1,-1
28,-1,133,41,21,20,1,-1,-1,-1
28,-1,352,245,14,15,1,-1,-1,-1
28,-1,363,142,26,23,1,-1,-1,-1
28,-1,412,88,13,12,1,-1,-1,-1
28,-1,465,221,16,13,1,-1,-1,-1
28,-1,558,30,25,21,1,-1,-1,-1
29,-1,29,211,14,12,1,-1,-1,-1
29,-1,111,278,14,10,1,-1,-1,-1
29,-1,132,41,21,20,1,-1,-1,-1
29,-1,345,245,15,16,1,-1,-1,-1
29,-1,363,142,26,23,1,-1,-1,-1
29,-1,405,87,13,12,1,-1,-1,-1
29,-1,458,221,16,13,1,-1,-1,-1
29,-1,558,29,25,21,1,-1,-1,-1
30,-1,29,211,14,12,1,-1,-1,-1
30,-1,111,278,14,10,1,-1,-1,-1
30,-1,132,41,21,20,1,-1,-1,-1
30,-1,345,245,15,16,1,-1,-1,-1
30,-1,363,142,26,23,1,-1,-1,-1
30,-1,405,87,13,12,1,-1,-1,-1
30,-1,458,221,16,13,1,-1,-1,-1
30,-1,558,29,25,21,1,-1,-1,-1
31,-1,26,210,15,13,1,-1,-1,-1
31,-1,111,278,14,10,1,-1,-1,-1
31,-1,131,41,21,20,1,-1,-1,-1
31,-1,341,245,15,16,1,-1,-1,-1
31,-1,363,142,26,23,1,-1,-1,-1
31,-1,401,87,13,12,1,-1,-1,-1
31,-1,455,221,16,13,1,-1,-1,-1
31,-1,557,29,25,21,1,-1,-1,-1
32,-1,22,210,15,13,1,-1,-1,-1
32,-1,111,278,14,10,1,-1,-1,-1
32,-1,131,41,21,20,1,-1,-1,-1
32,-1,337,245,15,16,1,-1,-1,-1
32,-1,363,143,26,23,1,-1,-1,-1
32,-1,398,88,13,12,1,-1,-1,-1
32,-1,451,221,16,13,1,-1,-1,-1
32,-1,557,29,25,21,1,-1,-1,-1
33,-1,18,210,15,13,1,-1,-1,-1
33,-1,111,278,14,10,1,-1,-1,-1
33,-1,130,41,21,20,1,-1,-1,-1
33,-1,334,245,14,16,1,-1,-1,-1
33,-1,363,143,26,23,1,-1,-1,-1
33,-1,394,88,13,12,1,-1,-1,-1
33,-1,447,221,16,13,1,-1,-1,-1
33,-1,557,29,25,21,1,-1,-1,-1
34,-1,14,210,15,13,1,-1,-1,-1
34,-1,111,278,14,10,1,-1,-1,-1
34,-1,129,41,21,20,1,-1,-1,-1
34,-1,330,245,14,15,1,-1,-1,-1
34,-1,363,143,26,23,1,-1,-1,-1
34,-1,390,87,13,12,1,-1,-1,-1
34,-1,444,221,16,13,1,-1,-1,-1
34,-1,557,29,25,21,1,-1,-1,-1
35,-1,7,210,15,13,1,-1,-1,-1
35,-1,111,278,14,10,1,-1,-1,-1
35,-1,128,41,21,20,1,-1,-1,-1
35,-1,323,245,14,15,1,-1,-1,-1
35,-1,363,143,26,23,1,-1,-1,-1
35,-1,384,87,13,12,1,-1,-1,-1
35,-1,436,221,16,13,1,-1,-1,-1
35,-1,556,29,25,21,1,-1,-1,-1
36,-1,7,210,15,13,1,-1,-1,-1
36,-1,111,278,14,10,1,-1,-1,-1
36,-1,128,41,21,20,1,-1,-1,-1
36,-1,323,245,14,15,1,-1,-1,-1
36,-1,363,143,26,23,1,-1,-1,-1
36,-1,384,87,13,12,1,-1,-1,-1
36,-1,436,221,16,13,1,-1,-1,-1
36,-1,556,29,25,21,1,-1,-1,-1
37,-1,4,210,15,13,1,-1,-1,-1
37,-1,111,278,14,10,1,-1,-1,-1
37,-1,127,41,22,20,1,-1,-1,-1
37,-1,319,245,14,15,1,-1,-1,-1
37,-1,363,143,26,23,1,-1,-1,-1
37,-1,380,87,13,12,1,-1,-1,-1
37,-1,433,220,16,13,1,-1,-1,-1
37,-1,556,29,25,21,1,-1,-1,-1
38,-1,0,210,15,13,1,-1,-1,-1
38,-1,111,278,14,10,1,-1,-1,-1
38,-1,127,41,22,20,1,-1,-1,-1
38,-1,316,245,14,15,1,-1,-1,-1
38,-1,363,143,26,23,1,-1,-1,-1
38,-1,376,87,13,12,1,-1,-1,-1
38,-1,429,220,16,13,1,-1,-1,-1
38,-1,556,29,25,21,1,-1,-1,-1
39,-1,-3,210,15,13,1,-1,-1,-1
39,-1,111,278,14,10,1,-1,-1,-1
39,-1,126,41,21,20,1,-1,-1,-1
39,-1,312,245,14,15,1,-1,-1,-1
39,-1,364,143,26,23,1,-1,-1,-1
39,-1,372,87,13,12,1,-1,-1,-1
39,-1,426,220,16,13,1,-1,-1,-1
39,-1,556,29,25,21,1,-1,-1,-1
40,-1,-7,210,15,13,1,-1,-1,-1
40,-1,111,278,14,10,1,-1,-1,-1
40,-1,125,41,21,20,1,-1,-1,-1
40,-1,308,245,14,15,1,-1,-1,-1
40,-1,364,143,26,23,1,-1,-1,-1
40,-1,369,87,14,13,1,-1,-1,-1
40,-1,421,220,16,13,1,-1,-1,-1
40,-1,555,29,25,21,1,-1,-1,-1
41,-1,111,278,14,10,1,-1,-1,-1
41,-1,124,41,21,20,1,-1,-1,-1
41,-1,301,244,15,16,1,-1,-1,-1
41,-1,361,87,13,12,1,-1,-1,-1
41,-1,364,143,26,23,1,-1,-1,-1
41,-1,414,220,16,13,1,-1,-1,-1
41,-1,555,28,25,21,1,-1,-1,-1
42,-1,111,278,14,10,1,-1,-1,-1
42,-1,124,41,21,20,1,-1,-1,-1
42,-1,301,244,15,16,1,-1,-1,-1
42,-1,361,87,13,12,1,-1,-1,-1
42,-1,364,143,26,23,1,-1,-1,-1
42,-1,414,220,16,13,1,-1,-1,-1
42,-1,555,28,25,21,1,-1,-1,-1
43,-1,111,278,14,10,1,-1,-1,-1
43,-1,124,41,22,21,1,-1,-1,-1
43,-1,297,245,14,15,1,-1,-1,-1
43,-1,358,87,13,12,1,-1,-1,-1
43,-1,364,143,26,23,1,-1,-1,-1
43,-1,411,220,16,13,1,-1,-1,-1
43,-1,555,28,25,21,1,-1,-1,-1
44,-1,111,278,14,10,1,-1,-1,-1
44,-1,123,41,21,20,1,-1,-1,-1
44,-1,294,244,14,15,1,-1,-1,-1
44,-1,354,87,13,12,1,-1,-1,-1
44,-1,364,143,26,23,1,-1,-1,-1
44,-1,407,220,16,13,1,-1,-1,-1
44,-1,555,28,25,21,1,-1,-1,-1
45,-1,111,278,14,10,1,-1,-1,-1
45,-1,122,41,22,21,1,-1,-1,-1
45,-1,290,244,14,15,1,-1,-1,-1
45,-1,350,87,13,12,1,-1,-1,-1
45,-1,364,143,26,23,1,-1,-1,-1
45,-1,403,220,16,13,1,-1,-1,-1
45,-1,554,28,25,21,1,-1,-1,-1
46,-1,111,278,14,10,1,-1,-1,-1
46,-1,122,41,22,21,1,-1,-1,-1
46,-1,287,244,14,15,1,-1,-1,-1
46,-1,347,87,13,12,1,-1,-1,-1
46,-1,364,143,26,23,1,-1,-1,-1
46,-1,399,220,16,13,1,-1,-1,-1
46,-1,554,28,25,21,1,-1,-1,-1
47,-1,111,278,14,10,1,-1,-1,-1
47,-1,121,41,22,21,1,-1,-1,-1
47,-1,279,244,14,15,1,-1,-1,-1
47,-1,339,86,13,12,1,-1,-1,-1
47,-1,364,143,26,23,1,-1,-1,-1
47,-1,392,220,16,13,1,-1,-1,-1
47,-1,554,28,25,21,1,-1,-1,-1
48,-1,111,278,14,10,1,-1,-1,-1
48,-1,121,41,22,21,1,-1,-1,-1
48,-1,279,244,14,15,1,-1,-1,-1
48,-1,339,86,13,12,1,-1,-1,-1
48,-1,364,143,26,23,1,-1,-1,-1
48,-1,392,220,16,13,1,-1,-1,-1
48,-1,554,28,25,21,1,-1,-1,-1
49,-1,111,278,14,10,1,-1,-1,-1
49,-1,120,41,22,21,1,-1,-1,-1
49,-1,276,244,14,15,1,-1,-1,-1
49,-1,336,86,13,12,1,-1,-1,-1
49,-1,364,143,26,23,1,-1,-1,-1
49,-1,388,220,16,13,1,-1,-1,-1
49,-1,554,28,25,21,1,-1,-1,-1
50,-1,111,278,14,10,1,-1,-1,-1
50,-1,120,41,22,21,1,-1,-1,-1
50,-1,272,244,14,15,1,-1,-1,-1
50,-1,332,86,13,12,1,-1,-1,-1
50,-1,364,143,26,23,1,-1,-1,-1
50,-1,385,220,16,13,1,-1,-1,-1
50,-1,553,27,25,21,1,-1,-1,-1
51,-1,111,278,14,10,1,-1,-1,-1
51,-1,119,41,22,21,1,-1,-1,-1
51,-1,268,244,14,15,1,-1,-1,-1
51,-1,328,86,13,12,1,-1,-1,-1
51,-1,364,143,26,23,1,-1,-1,-1
51,-1,381,220,16,13,1,-1,-1,-1
51,-1,553,27,25,21,1,-1,-1,-1
51,-1,614,256,11,13,1,-1,-1,-1
52,-1,111,278,14,10,1,-1,-1,-1
52,-1,118,41,22,21,1,-1,-1,-1
52,-1,265,244,14,15,1,-1,-1,-1
52,-1,325,86,13,12,1,-1,-1,-1
52,-1,364,143,26,23,1,-1,-1,-1
52,-1,377,219,16,13,1,-1,-1,-1
52,-1,553,27,25,21,1,-1,-1,-1
52,-1,610,256,11,13,1,-1,-1,-1
53,-1,111,278,14,10,1,-1,-1,-1
53,-1,117,41,21,20,1,-1,-1,-1
53,-1,257,244,14,15,1,-1,-1,-1
53,-1,317,86,14,13,1,-1,-1,-1
53,-1,364,143,26,23,1,-1,-1,-1
53,-1,370,219,16,13,1,-1,-1,-1
53,-1,553,27,25,21,1,-1,-1,-1
53,-1,603,256,16,12,1,-1,-1,-1
54,-1,111,278,14,10,1,-1,-1,-1
54,-1,117,41,21,20,1,-1,-1,-1
54,-1,257,244,14,15,1,-1,-1,-1
54,-1,317,86,14,13,1,-1,-1,-1
54,-1,365,143,26,23,1,-1,-1,-1
54,-1,370,219,16,13,1,-1,-1,-1
54,-1,553,27,25,21,1,-1,-1,-1
54,-1,603,256,16,12,1,-1,-1,-1
55,-1,111,278,14,10,1,-1,-1,-1
55,-1,116,40,22,21,1,-1,-1,-1
55,-1,254,244,14,15,1,-1,-1,-1
55,-1,313,86,14,13,1,-1,-1,-1
55,-1,365,143,26,23,1,-1,-1,-1
55,-1,366,219,16,13,1,-1,-1,-1
55,-1,552,27,25,21,1,-1,-1,-1
55,-1,599,256,16,12,1,-1,-1,-1
56,-1,111,278,14,10,1,-1,-1,-1
56,-1,116,40,22,21,1,-1,-1,-1
56,-1,250,244,14,15,1,-1,-1,-1
56,-1,310,85,13,12,1,-1,-1,-1
56,-1,362,219,16,13,1,-1,-1,-1
56,-1,365,143,26,23,1,-1,-1,-1
56,-1,552,27,25,21,1,-1,-1,-1
56,-1,595,256,16,12,1,-1,-1,-1
57,-1,111,278,14,10,1,-1,-1,-1
57,-1,115,40,22,21,1,-1,-1,-1
57,-1,246,244,14,15,1,-1,-1,-1
57,-1,306,85,13,12,1,-1,-1,-1
57,-1,359,219,16,13,1,-1,-1,-1
57,-1,365,143,26,23,1,-1,-1,-1
57,-1,552,27,25,21,1,-1,-1,-1
57,-1,591,256,16,12,1,-1,-1,-1
58,-1,111,278,14,10,1,-1,-1,-1
58,-1,115,40,22,21,1,-1,-1,-1
58,-1,242,243,14,15,1,-1,-1,-1
58,-1,303,85,13,12,1,-1,-1,-1
58,-1,355,219,16,13,1,-1,-1,-1
58,-1,365,143,26,23,1,-1,-1,-1
58,-1,552,27,25,21,1,-1,-1,-1
58,-1,588,256,16,12,1,-1,-1,-1
59,-1,111,278,14,10,1,-1,-1,-1
59,-1,114,40,22,21,1,-1,-1,-1
59,-1,235,244,14,15,1,-1,-1,-1
59,-1,295,85,13,12,1,-1,-1,-1
59,-1,348,219,16,13,1,-1,-1,-1
59,-1,365,143,26,23,1,-1,-1,-1
59,-1,552,26,25,21,1,-1,-1,-1
59,-1,580,255,16,12,1,-1,-1,-1
60,-1,111,278,14,10,1,-1,-1,-1
60,-1,114,40,22,21,1,-1,-1,-1
60,-1,235,244,14,15,1,-1,-1,-1
60,-1,295,85,13,12,1,-1,-1,-1
60,-1,348,219,16,13,1,-1,-1,-1
60,-1,365,143,26,23,1,-1,-1,-1
60,-1,552,26,25,21,1,-1,-1,-1
60,-1,580,255,16,12,1,-1,-1,-1
60,-1,607,125,16,14,1,-1,-1,-1
61,-1,111,278,14,10,1,-1,-1,-1
61,-1,113,40,22,20,1,-1,-1,-1
61,-1,232,244,13,14,1,-1,-1,-1
61,-1,292,85,13,12,1,-1,-1,-1
61,-1,344,219,16,13,1,-1,-1,-1
61,-1,365,143,26,23,1,-1,-1,-1
61,-1,551,26,25,21,1,-1,-1,-1
61,-1,576,255,16,12,1,-1,-1,-1
61,-1,603,125,16,14,1,-1,-1,-1
62,-1,111,278,14,10,1,-1,-1,-1
62,-1,113,40,22,21,1,-1,-1,-1
62,-1,228,243,14,15,1,-1,-1,-1
62,-1,288,85,13,12,1,-1,-1,-1
62,-1,341,219,16,13,1,-1,-1,-1
62,-1,365,143,26,23,1,-1,-1,-1
62,-1,551,26,25,21,1,-1,-1,-1
62,-1,573,255,16,12,1,-1,-1,-1
62,-1,599,125,16,14,1,-1,-1,-1
63,-1,111,278,14,10,1,-1,-1,-1
63,-1,112,40,22,21,1,-1,-1,-1
63,-1,224,243,14,15,1,-1,-1,-1
63,-1,284,85,13,12,1,-1,-1,-1
63,-1,337,219,16,13,1,-1,-1,-1
63,-1,365,143,26,23,1,-1,-1,-1
63,-1,551,26,25,21,1,-1,-1,-1
63,-1,569,255,16,12,1,-1,-1,-1
63,-1,596,125,16,14,1,-1,-1,-1
64,-1,111,40,22,21,1,-1,-1,-1
64,-1,111,278,14,10,1,-1,-1,-1
64,-1,220,243,14,15,1,-1,-1,-1
64,-1,280,85,13,12,1,-1,-1,-1
64,-1,332,219,17,14,1,-1,-1,-1
64,-1,365,143,26,23,1,-1,-1,-1
64,-1,551,26,25,21,1,-1,-1,-1
64,-1,565,255,16,12,1,-1,-1,-1
64,-1,592,125,16,14,1,-1,-1,-1
65,-1,110,40,22,21,1,-1,-1,-1
65,-1,111,278,14,10,1,-1,-1,-1
65,-1,213,243,14,15,1,-1,-1,-1
65,-1,273,85,13,12,1,-1,-1,-1
65,-1,325,218,16,13,1,-1,-1,-1
65,-1,366,143,26,23,1,-1,-1,-1
65,-1,550,26,25,21,1,-1,-1,-1
65,-1,558,255,16,12,1,-1,-1,-1
65,-1,585,125,15,13,1,-1,-1,-1
66,-1,110,40,22,21,1,-1,-1,-1
66,-1,111,278,14,10,1,-1,-1,-1
66,-1,213,243,14,15,1,-1,-1,-1
66,-1,273,85,13,12,1,-1,-1,-1
66,-1,325,218,16,13,1,-1,-1,-1
66,-1,366,143,26,23,1,-1,-1,-1
66,-1,550,26,25,21,1,-1,-1,-1
66,-1,558,255,16,12,1,-1,-1,-1
66,-1,585,125,15,13,1,-1,-1,-1
67,-1,110,40,22,21,1,-1,-1,-1
67,-1,111,278,14,10,1,-1,-1,-1
67,-1,209,243,14,15,1,-1,-1,-1
67,-1,269,85,13,12,1,-1,-1,-1
67,-1,321,218,16,13,1,-1,-1,-1
67,-1,366,143,26,23,1,-1,-1,-1
67,-1,550,26,25,21,1,-1,-1,-1
67,-1,554,255,16,12,1,-1,-1,-1
67,-1,581,125,15,13,1,-1,-1,-1
68,-1,109,40,22,21,1,-1,-1,-1
68,-1,111,278,14,10,1,-1,-1,-1
68,-1,205,243,15,16,1,-1,-1,-1
68,-1,266,84,13,12,1,-1,-1,-1
68,-1,318,218,16,14,1,-1,-1,-1
68,-1,366,143,26,23,1,-1,-1,-1
68,-1,550,26,25,21,1,-1,-1,-1
68,-1,550,255,16,12,1,-1,-1,-1
68,-1,577,125,15,13,1,-1,-1,-1
69,-1,109,40,22,21,1,-1,-1,-1
69,-1,111,278,14,10,1,-1,-1,-1
69,-1,202,243,14,15,1,-1,-1,-1
69,-1,262,84,13,12,1,-1,-1,-1
69,-1,314,219,16,13,1,-1,-1,-1
69,-1,366,143,26,23,1,-1,-1,-1
69,-1,546,255,16,12,1,-1,-1,-1
69,-1,550,26,25,21,1,-1,-1,-1
69,-1,573,125,15,14,1,-1,-1,-1
70,-1,108,40,21,20,1,-1,-1,-1
70,-1,111,278,14,10,1,-1,-1,-1
70,-1,198,243,14,15,1,-1,-1,-1
70,-1,258,84,13,12,1,-1,-1,-1
70,-1,310,219,16,13,1,-1,-1,-1
70,-1,366,143,26,23,1,-1,-1,-1
70,-1,542,255,16,12,1,-1,-1,-1
70,-1,550,26,25,21,1,-1,-1,-1
70,-1,569,125,16,14,1,-1,-1,-1
71,-1,107,40,21,20,1,-1,-1,-1
71,-1,111,278,14,10,1,-1,-1,-1
71,-1,191,243,14,15,1,-1,-1,-1
71,-1,252,85,13,12,1,-1,-1,-1
71,-1,303,218,15,13,1,-1,-1,-1
71,-1,366,144,26,23,1,-1,-1,-1
71,-1,535,255,16,12,1,-1,-1,-1
71,-1,549,25,25,21,1,-1,-1,-1
71,-1,562,124,16,14,1,-1,-1,-1
72,-1,107,40,21,20,1,-1,-1,-1
72,-1,111,278,14,10,1,-1,-1,-1
72,-1,191,243,14,15,1,-1,-1,-1
72,-1,252,85,13,12,1,-1,-1,-1
72,-1,303,218,15,13,1,-1,-1,-1
72,-1,366,144,26,23,1,-1,-1,-1
72,-1,535,255,16,12,1,-1,-1,-1
72,-1,549,25,25,21,1,-1,-1,-1
72,-1,562,124,16,14,1,-1,-1,-1
73,-1,107,40,22,21,1,-1,-1,-1
73,-1,111,278,14,10,1,-1,-1,-1
73,-1,188,243,14,15,1,-1,-1,-1
73,-1,247,84,14,13,1,-1,-1,-1
73,-1,300,219,15,13,1,-1,-1,-1
73,-1,366,144,26,23,1,-1,-1,-1
73,-1,531,255,16,12,1,-1,-1,-1
73,-1,549,25,25,21,1,-1,-1,-1
73,-1,558,124,16,14,1,-1,-1,-1
74,-1,106,40,22,21,1,-1,-1,-1
74,-1,111,278,14,10,1,-1,-1,-1
74,-1,183,243,14,15,1,-1,-1,-1
74,-1,244,84,14,13,1,-1,-1,-1
74,-1,296,218,15,13,1,-1,-1,-1
74,-1,366,144,26,23,1,-1,-1,-1
74,-1,527,255,16,12,1,-1,-1,-1
74,-1,549,25,25,21,1,-1,-1,-1
74,-1,554,124,16,14,1,-1,-1,-1
75,-1,106,40,22,21,1,-1,-1,-1
75,-1,111,278,14,10,1,-1,-1,-1
75,-1,180,243,14,15,1,-1,-1,-1
75,-1,240,84,13,12,1,-1,-1,-1
75,-1,293,219,16,13,1,-1,-1,-1
75,-1,367,144,26,23,1,-1,-1,-1
75,-1,523,254,16,12,1,-1,-1,-1
75,-1,549,25,25,21,1,-1,-1,-1
75,-1,550,124,16,14,1,-1,-1,-1
76,-1,105,40,22,21,1,-1,-1,-1
76,-1,111,278,14,10,1,-1,-1,-1
76,-1,176,243,14,15,1,-1,-1,-1
76,-1,236,84,13,12,1,-1,-1,-1
76,-1,288,218,16,13,1,-1,-1,-1
76,-1,367,144,26,23,1,-1,-1,-1
76,-1,519,254,16,12,1,-1,-1,-1
76,-1,547,125,15,13,1,-1,-1,-1
76,-1,549,25,25,21,1,-1,-1,-1
77,-1,104,40,22,21,1,-1,-1,-1
77,-1,111,278,14,10,1,-1,-1,-1
77,-1,168,243,14,16,1,-1,-1,-1
77,-1,229,84,13,12,1,-1,-1,-1
77,-1,281,218,15,12,1,-1,-1,-1
77,-1,367,144,26,23,1,-1,-1,-1
77,-1,512,254,16,12,1,-1,-1,-1
77,-1,539,124,16,14,1,-1,-1,-1
77,-1,548,25,25,21,1,-1,-1,-1
78,-1,104,40,22,21,1,-1,-1,-1
78,-1,111,278,14,10,1,-1,-1,-1
78,-1,168,243,14,16,1,-1,-1,-1
78,-1,229,84,13,12,1,-1,-1,-1
78,-1,281,218,15,12,1,-1,-1,-1
78,-1,367,144,26,23,1,-1,-1,-1
78,-1,512,254,16,12,1,-1,-1,-1
78,-1,539,124,16,14,1,-1,-1,-1
78,-1,548,25,25,21,1,-1,-1,-1
79,-1,104,40,22,21,1,-1,-1,-1
79,-1,111,278,14,10,1,-1,-1,-1
79,-1,165,243,14,15,1,-1,-1,-1
79,-1,225,84,13,12,1,-1,-1,-1
79,-1,277,218,16,13,1,-1,-1,-1
79,-1,367,144,26,23,1,-1,-1,-1
79,-1,509,254,16,12,1,-1,-1,-1
79,-1,535,124,16,14,1,-1,-1,-1
79,-1,548,25,25,21,1,-1,-1,-1
80,-1,103,40,22,21,1,-1,-1,-1
80,-1,111,278,14,10,1,-1,-1,-1
80,-1,161,243,14,15,1,-1,-1,-1
80,-1,221,84,14,13,1,-1,-1,-1
80,-1,274,218,16,13,1,-1,-1,-1
80,-1,367,144,26,23,1,-1,-1,-1
80,-1,505,254,16,12,1,-1,-1,-1
80,-1,532,124,16,14,1,-1,-1,-1
80,-1,548,25,25,21,1,-1,-1,-1
81,-1,103,40,22,21,1,-1,-1,-1
81,-1,111,278,14,10,1,-1,-1,-1
81,-1,157,243,14,15,1,-1,-1,-1
81,-1,218,84,13,12,1,-1,-1,-1
81,-1,270,218,16,13,1,-1,-1,-1
81,-1,367,144,26,23,1,-1,-1,-1
81,-1,501,254,16,12,1,-1,-1,-1
81,-1,528,124,16,14,1,-1,-1,-1
81,-1,548,25,25,21,1,-1,-1,-1
82,-1,102,40,22,21,1,-1,-1,-1
82,-1,111,278,14,10,1,-1,-1,-1
82,-1,154,243,14,15,1,-1,-1,-1
82,-1,214,84,13,12,1,-1,-1,-1
82,-1,267,218,15,13,1,-1,-1,-1
82,-1,368,144,26,23,1,-1,-1,-1
82,-1,497,254,16,12,1,-1,-1,-1
82,-1,524,124,16,14,1,-1,-1,-1
82,-1,548,25,25,21,1,-1,-1,-1
83,-1,101,40,22,21,1,-1,-1,-1
83,-1,111,278,14,10,1,-1,-1,-1
83,-1,146,243,14,15,1,-1,-1,-1
83,-1,207,84,13,12,1,-1,-1,-1
83,-1,259,218,15,12,1,-1,-1,-1
83,-1,368,144,26,23,1,-1,-1,-1
83,-1,490,254,16,12,1,-1,-1,-1
83,-1,516,124,16,14,1,-1,-1,-1
83,-1,547,24,25,21,1,-1,-1,-1
84,-1,101,40,22,21,1,-1,-1,-1
84,-1,111,278,14,10,1,-1,-1,-1
84,-1,146,243,14,15,1,-1,-1,-1
84,-1,207,84,13,12,1,-1,-1,-1
84,-1,259,218,15,12,1,-1,-1,-1
84,-1,368,144,26,23,1,-1,-1,-1
84,-1,490,254,16,12,1,-1,-1,-1
84,-1,516,124,16,14,1,-1,-1,-1
84,-1,547,24,25,21,1,-1,-1,-1
85,-1,101,40,22,21,1,-1,-1,-1
85,-1,111,278,14,10,1,-1,-1,-1
85,-1,143,243,14,15,1,-1,-1,-1
85,-1,203,83,13,12,1,-1,-1,-1
85,-1,255,218,16,13,1,-1,-1,-1
85,-1,368,144,26,23,1,-1,-1,-1
85,-1,486,254,16,12,1,-1,-1,-1
85,-1,512,124,16,14,1,-1,-1,-1
85,-1,547,24,25,21,1,-1,-1,-1
86,-1,100,40,22,21,1,-1,-1,-1
86,-1,111,278,14,10,1,-1,-1,-1
86,-1,139,243,14,15,1,-1,-1,-1
86,-1,199,83,13,12,1,-1,-1,-1
86,-1,252,218,15,12,1,-1,-1,-1
86,-1,368,145,26,23,1,-1,-1,-1
86,-1,482,254,16,12,1,-1,-1,-1
86,-1,509,124,16,14,1,-1,-1,-1
86,-1,547,24,25,21,1,-1,-1,-1
87,-1,100,40,22,21,1,-1,-1,-1
87,-1,111,278,14,10,1,-1,-1,-1
87,-1,135,243,14,15,1,-1,-1,-1
87,-1,195,83,13,12,1,-1,-1,-1
87,-1,248,218,15,12,1,-1,-1,-1
87,-1,368,144,26,23,1,-1,-1,-1
87,-1,478,254,16,12,1,-1,-1,-1
87,-1,505,123,16,14,1,-1,-1,-1
87,-1,547,24,25,21,1,-1,-1,-1
88,-1,99,40,22,21,1,-1,-1,-1
88,-1,111,278,14,10,1,-1,-1,-1
88,-1,132,243,14,15,1,-1,-1,-1
88,-1,192,83,13,12,1,-1,-1,-1
88,-1,244,218,15,12,1,-1,-1,-1
88,-1,368,144,26,23,1,-1,-1,-1
88,-1,475,254,16,12,1,-1,-1,-1
88,-1,502,124,16,14,1,-1,-1,-1
88,-1,547,24,25,21,1,-1,-1,-1
89,-1,98,40,22,21,1,-1,-1,-1
89,-1,111,278,14,10,1,-1,-1,-1
89,-1,124,243,14,15,1,-1,-1,-1
89,-1,185,83,13,12,1,-1,-1,-1
89,-1,237,218,16,13,1,-1,-1,-1
89,-1,369,145,26,23,1,-1,-1,-1
89,-1,467,253,15,12,1,-1,-1,-1
89,-1,494,123,15,13,1,-1,-1,-1
89,-1,547,24,25,21,1,-1,-1,-1
90,-1,98,40,22,21,1,-1,-1,-1
90,-1,111,278,14,10,1,-1,-1,-1
90,-1,124,243,14,15,1,-1,-1,-1
90,-1,185,83,13,12,1,-1,-1,-1
90,-1,237,218,16,13,1,-1,-1,-1
90,-1,369,145,26,23,1,-1,-1,-1
90,-1,467,253,15,12,1,-1,-1,-1
90,-1,494,123,15,13,1,-1,-1,-1
90,-1,547,24,25,21,1,-1,-1,-1
91,-1,98,40,22,21,1,-1,-1,-1
91,-1,111,278,14,10,1,-1,-1,-1
91,-1,121,243,14,15,1,-1,-1,-1
91,-1,181,83,13,12,1,-1,-1,-1
91,-1,233,218,15,13,1,-1,-1,-1
91,-1,369,145,26,23,1,-1,-1,-1
91,-1,463,253,15,12,1,-1,-1,-1
91,-1,490,124,15,13,1,-1,-1,-1
91,-1,546,24,25,21,1,-1,-1,-1
92,-1,97,40,22,21,1,-1,-1,-1
92,-1,111,278,14,10,1,-1,-1,-1
92,-1,116,243,14,15,1,-1,-1,-1
92,-1,177,83,14,13,1,-1,-1,-1
92,-1,229,218,15,12,1,-1,-1,-1
92,-1,369,145,26,23,1,-1,-1,-1
92,-1,460,253,16,12,1,-1,-1,-1
92,-1,486,123,16,14,1,-1,-1,-1
92,-1,546,24,26,21,1,-1,-1,-1
93,-1,97,40,22,21,1,-1,-1,-1
93,-1,111,278,14,10,1,-1,-1,-1
93,-1,113,242,14,15,1,-1,-1,-1
93,-1,173,83,14,13,1,-1,-1,-1
93,-1,225,218,15,12,1,-1,-1,-1
93,-1,369,145,26,23,1,-1,-1,-1
93,-1,456,253,15,12,1,-1,-1,-1
93,-1,482,123,16,14,1,-1,-1,-1
93,-1,546,24,25,21,1,-1,-1,-1
94,-1,96,40,22,21,1,-1,-1,-1
94,-1,109,242,14,15,1,-1,-1,-1
94,-1,111,278,14,10,1,-1,-1,-1
94,-1,169,83,14,13,1,-1,-1,-1
94,-1,222,218,15,12,1,-1,-1,-1
94,-1,369,145,26,23,1,-1,-1,-1
94,-1,452,253,16,12,1,-1,-1,-1
94,-1,478,123,16,14,1,-1,-1,-1
94,-1,546,24,25,21,1,-1,-1,-1
95,-1,96,40,22,21,1,-1,-1,-1
95,-1,105,242,14,15,1,-1,-1,-1
95,-1,111,278,14,10,1,-1,-1,-1
95,-1,166,83,14,13,1,-1,-1,-1
95,-1,218,218,15,12,1,-1,-1,-1
95,-1,370,145,26,23,1,-1,-1,-1
95,-1,448,253,16,12,1,-1,-1,-1
95,-1,475,123,16,14,1,-1,-1,-1
95,-1,546,24,25,21,1,-1,-1,-1
96,-1,96,40,22,21,1,-1,-1,-1
96,-1,105,242,14,15,1,-1,-1,-1
96,-1,111,278,14,10,1,-1,-1,-1
96,-1,166,83,14,13,1,-1,-1,-1
96,-1,218,218,15,12,1,-1,-1,-1
96,-1,370,145,26,23,1,-1,-1,-1
96,-1,448,253,16,12,1,-1,-1,-1
96,-1,475,123,16,14,1,-1,-1,-1
96,-1,546,24,25,21,1,-1,-1,-1
97,-1,95,40,22,21,1,-1,-1,-1
97,-1,98,243,14,15,1,-1,-1,-1
97,-1,111,278,14,10,1,-1,-1,-1
97,-1,158,82,14,13,1,-1,-1,-1
97,-1,210,217,15,12,1,-1,-1,-1
97,-1,370,145,26,23,1,-1,-1,-1
97,-1,441,253,16,12,1,-1,-1,-1
97,-1,468,123,16,14,1,-1,-1,-1
97,-1,546,23,25,21,1,-1,-1,-1
98,-1,94,243,14,15,1,-1,-1,-1
98,-1,95,40,22,21,1,-1,-1,-1
98,-1,111,278,14,10,1,-1,-1,-1
98,-1,155,83,13,12,1,-1,-1,-1
98,-1,207,217,15,12,1,-1,-1,-1
98,-1,370,145,26,23,1,-1,-1,-1
98,-1,437,253,16,12,1,-1,-1,-1
98,-1,464,123,15,13,1,-1,-1,-1
98,-1,545,23,25,21,1,-1,-1,-1
99,-1,91,242,14,15,1,-1,-1,-1
99,-1,94,40,22,21,1,-1,-1,-1
99,-1,111,278,14,10,1,-1,-1,-1
99,-1,151,83,13,12,1,-1,-1,-1
99,-1,204,217,15,12,1,-1,-1,-1
99,-1,370,145,26,23,1,-1,-1,-1
99,-1,433,253,16,12,1,-1,-1,-1
99,-1,460,123,15,13,1,-1,-1,-1
99,-1,545,23,25,21,1,-1,-1,-1
100,-1,87,242,14,15,1,-1,-1,-1
100,-1,94,40,22,21,1,-1,-1,-1
100,-1,111,278,14,10,1,-1,-1,-1
100,-1,148,82,14,13,1,-1,-1,-1
100,-1,200,217,15,12,1,-1,-1,-1
100,-1,371,145,26,23,1,-1,-1,-1
100,-1,430,253,16,12,1,-1,-1,-1
100,-1,457,123,16,14,1,-1,-1,-1
100,-1,545,23,26,21,1,-1,-1,-1
101,-1,83,242,14,15,1,-1,-1,-1
101,-1,93,40,22,21,1,-1,-1,-1
101,-1,111,278,14,10,1,-1,-1,-1
101,-1,144,82,14,13,1,-1,-1,-1
101,-1,196,217,15,12,1,-1,-1,-1
101,-1,371,145,26,23,1,-1,-1,-1
101,-1,426,253,16,12,1,-1,-1,-1
101,-1,452,122,16,14,1,-1,-1,-1
101,-1,545,23,25,21,1,-1,-1,-1
102,-1,83,242,14,15,1,-1,-1,-1
102,-1,93,40,22,21,1,-1,-1,-1
102,-1,111,278,14,10,1,-1,-1,-1
102,-1,144,82,14,13,1,-1,-1,-1
102,-1,196,217,15,12,1,-1,-1,-1
102,-1,371,145,26,23,1,-1,-1,-1
102,-1,426,253,16,12,1,-1,-1,-1
102,-1,452,122,16,14,1,-1,-1,-1
102,-1,545,23,25,21,1,-1,-1,-1
103,-1,75,242,14,15,1,-1,-1,-1
103,-1,92,40,22,21,1,-1,-1,-1
103,-1,111,278,14,10,1,-1,-1,-1
103,-1,136,82,13,12,1,-1,-1,-1
103,-1,188,217,15,12,1,-1,-1,-1
103,-1,371,145,26,23,1,-1,-1,-1
103,-1,418,252,16,12,1,-1,-1,-1
103,-1,445,122,16,14,1,-1,-1,-1
103,-1,545,23,26,21,1,-1,-1,-1
104,-1,71,242,14,15,1,-1,-1,-1
104,-1,92,40,22,21,1,-1,-1,-1
104,-1,111,278,14,10,1,-1,-1,-1
104,-1,133,82,13,12,1,-1,-1,-1
104,-1,185,217,15,12,1,-1,-1,-1
104,-1,371,145,26,23,1,-1,-1,-1
104,-1,415,252,16,12,1,-1,-1,-1
104,-1,441,122,16,14,1,-1,-1,-1
104,-1,544,23,26,22,1,-1,-1,-1
105,-1,68,242,14,15,1,-1,-1,-1
105,-1,91,40,22,21,1,-1,-1,-1
105,-1,111,278,14,10,1,-1,-1,-1
105,-1,129,82,13,12,1,-1,-1,-1
105,-1,181,217,15,12,1,-1,-1,-1
105,-1,371,145,26,23,1,-1,-1,-1
105,-1,411,252,16,12,1,-1,-1,-1
105,-1,437,122,16,14,1,-1,-1,-1
105,-1,545,23,25,21,1,-1,-1,-1
106,-1,65,242,14,15,1,-1,-1,-1
106,-1,91,40,22,21,1,-1,-1,-1
106,-1,111,278,14,10,1,-1,-1,-1
106,-1,126,82,13,12,1,-1,-1,-1
106,-1,177,217,15,12,1,-1,-1,-1
106,-1,371,145,26,23,1,-1,-1,-1
106,-1,407,252,16,12,1,-1,-1,-1
106,-1,434,122,16,14,1,-1,-1,-1
106,-1,544,22,25,21,1,-1,-1,-1
107,-1,61,242,14,15,1,-1,-1,-1
107,-1,91,40,22,21,1,-1,-1,-1
107,-1,111,278,14,10,1,-1,-1,-1
107,-1,121,82,13,12,1,-1,-1,-1
107,-1,173,216,15,12,1,-1,-1,-1
107,-1,372,145,26,23,1,-1,-1,-1
107,-1,403,252,16,12,1,-1,-1,-1
107,-1,430,122,16,14,1,-1,-1,-1
107,-1,544,22,26,21,1,-1,-1,-1
108,-1,61,242,14,15,1,-1,-1,-1
108,-1,91,40,22,21,1,-1,-1,-1
108,-1,111,278,14,10,1,-1,-1,-1
108,-1,121,82,13,12,1,-1,-1,-1
108,-1,173,216,15,12,1,-1,-1,-1
108,-1,372,145,26,23,1,-1,-1,-1
108,-1,403,252,16,12,1,-1,-1,-1
108,-1,430,122,16,14,1,-1,-1,-1
108,-1,544,22,26,21,1,-1,-1,-1
109,-1,53,242,14,15,1,-1,-1,-1
109,-1,90,40,22,21,1,-1,-1,-1
109,-1,111,278,14,10,1,-1,-1,-1
109,-1,113,81,14,13,1,-1,-1,-1
109,-1,166,216,14,12,1,-1,-1,-1
109,-1,372,145,26,23,1,-1,-1,-1
109,-1,395,252,16,12,1,-1,-1,-1
109,-1,423,122,16,14,1,-1,-1,-1
109,-1,544,22,26,22,1,-1,-1,-1
110,-1,49,241,14,15,1,-1,-1,-1
110,-1,89,39,22,21,1,-1,-1,-1
110,-1,110,81,14,13,1,-1,-1,-1
110,-1,111,278,14,10,1,-1,-1,-1
110,-1,162,217,14,12,1,-1,-1,-1
110,-1,372,145,26,23,1,-1,-1,-1
110,-1,392,252,16,12,1,-1,-1,-1
110,-1,419,122,16,14,1,-1,-1,-1
110,-1,544,22,26,22,1,-1,-1,-1
111,-1,45,242,14,15,1,-1,-1,-1
111,-1,89,39,22,21,1,-1,-1,-1
111,-1,106,81,14,12,1,-1,-1,-1
111,-1,111,278,14,10,1,-1,-1,-1
111,-1,159,217,14,12,1,-1,-1,-1
111,-1,372,145,26,23,1,-1,-1,-1
111,-1,388,252,16,12,1,-1,-1,-1
111,-1,415,121,16,14,1,-1,-1,-1
111,-1,544,22,26,21,1,-1,-1,-1
112,-1,41,241,14,15,1,-1,-1,-1
112,-1,88,39,22,21,1,-1,-1,-1
112,-1,102,81,14,13,1,-1,-1,-1
112,-1,111,278,14,10,1,-1,-1,-1
112,-1,155,216,14,12,1,-1,-1,-1
112,-1,372,145,26,23,1,-1,-1,-1
112,-1,384,252,16,12,1,-1,-1,-1
112,-1,411,121,16,14,1,-1,-1,-1
112,-1,544,22,25,21,1,-1,-1,-1
112,-1,612,219,13,12,1,-1,-1,-1
113,-1,38,241,14,15,1,-1,-1,-1
113,-1,88,39,22,21,1,-1,-1,-1
113,-1,98,81,14,13,1,-1,-1,-1
113,-1,111,278,14,10,1,-1,-1,-1
113,-1,152,217,13,11,1,-1,-1,-1
113,-1,373,145,26,23,1,-1,-1,-1
113,-1,381,251,16,12,1,-1,-1,-1
113,-1,407,121,16,14,1,-1,-1,-1
113,-1,543,22,25,21,1,-1,-1,-1
113,-1,609,219,13,12,1,-1,-1,-1
114,-1,38,241,14,15,1,-1,-1,-1
114,-1,88,39,22,21,1,-1,-1,-1
114,-1,98,81,14,13,1,-1,-1,-1
114,-1,111,278,14,10,1,-1,-1,-1
114,-1,152,217,13,11,1,-1,-1,-1
114,-1,373,145,26,23,1,-1,-1,-1
114,-1,381,251,16,12,1,-1,-1,-1
114,-1,407,121,16,14,1,-1,-1,-1
114,-1,543,22,26,21,1,-1,-1,-1
114,-1,609,219,13,12,1,-1,-1,-1
115,-1,30,241,15,16,1,-1,-1,-1
115,-1,87,39,22,21,1,-1,-1,-1
115,-1,91,81,13,12,1,-1,-1,-1
115,-1,111,278,14,10,1,-1,-1,-1
115,-1,144,217,14,11,1,-1,-1,-1
115,-1,372,251,16,12,1,-1,-1,-1
115,-1,373,145,26,23,1,-1,-1,-1
115,-1,400,121,16,14,1,-1,-1,-1
115,-1,543,22,25,21,1,-1,-1,-1
115,-1,601,219,13,12,1,-1,-1,-1
116,-1,26,241,15,16,1,-1,-1,-1
116,-1,87,39,22,21,1,-1,-1,-1
116,-1,88,80,14,13,1,-1,-1,-1
116,-1,111,278,14,10,1,-1,-1,-1
116,-1,140,217,14,11,1,-1,-1,-1
116,-1,369,251,16,12,1,-1,-1,-1
116,-1,373,145,26,23,1,-1,-1,-1
116,-1,396,121,16,14,1,-1,-1,-1
116,-1,543,21,25,21,1,-1,-1,-1
116,-1,597,219,13,12,1,-1,-1,-1
117,-1,22,241,15,16,1,-1,-1,-1
117,-1,83,80,14,13,1,-1,-1,-1
117,-1,86,39,22,21,1,-1,-1,-1
117,-1,111,278,14,10,1,-1,-1,-1
117,-1,136,217,14,11,1,-1,-1,-1
117,-1,365,251,16,12,1,-1,-1,-1
117,-1,373,146,26,23,1,-1,-1,-1
117,-1,392,121,16,14,1,-1,-1,-1
117,-1,543,21,25,21,1,-1,-1,-1
117,-1,593,219,13,12,1,-1,-1,-1
118,-1,18,241,15,16,1,-1,-1,-1
118,-1,80,80,13,12,1,-1,-1,-1
118,-1,86,39,22,21,1,-1,-1,-1
118,-1,111,278,14,10,1,-1,-1,-1
118,-1,132,216,14,11,1,-1,-1,-1
118,-1,361,251,16,12,1,-1,-1,-1
118,-1,373,146,26,23,1,-1,-1,-1
118,-1,388,121,16,14,1,-1,-1,-1
118,-1,543,21,25,21,1,-1,-1,-1
118,-1,589,219,13,12,1,-1,-1,-1
119,-1,14,240,15,16,1,-1,-1,-1
119,-1,76,80,13,12,1,-1,-1,-1
119,-1,85,39,22,21,1,-1,-1,-1
119,-1,111,278,14,10,1,-1,-1,-1
119,-1,129,216,14,12,1,-1,-1,-1
119,-1,357,251,16,12,1,-1,-1,-1
119,-1,374,146,26,23,1,-1,-1,-1
119,-1,384,121,16,14,1,-1,-1,-1
119,-1,543,21,25,21,1,-1,-1,-1
119,-1,585,218,13,12,1,-1,-1,-1
119,-1,612,195,13,12,1,-1,-1,-1
120,-1,14,240,15,17,1,-1,-1,-1
120,-1,76,80,13,12,1,-1,-1,-1
120,-1,85,39,22,21,1,-1,-1,-1
120,-1,111,278,14,10,1,-1,-1,-1
120,-1,129,216,14,12,1,-1,-1,-1
120,-1,357,251,16,12,1,-1,-1,-1
120,-1,374,146,26,23,1,-1,-1,-1
120,-1,384,121,16,14,1,-1,-1,-1
120,-1,543,21,25,21,1,-1,-1,-1
120,-1,585,218,13,12,1,-1,-1,-1
120,-1,612,195,13,12,1,-1,-1,-1
121,-1,7,240,15,16,1,-1,-1,-1
121,-1,68,80,14,13,1,-1,-1,-1
121,-1,85,39,22,21,1,-1,-1,-1
121,-1,111,278,14,10,1,-1,-1,-1
121,-1,121,216,14,11,1,-1,-1,-1
121,-1,350,251,15,11,1,-1,-1,-1
121,-1,374,146,26,23,1,-1,-1,-1
121,-1,377,121,16,14,1,-1,-1,-1
121,-1,542,21,25,21,1,-1,-1,-1
121,-1,577,218,13,12,1,-1,-1,-1
121,-1,604,195,12,12,1,-1,-1,-1
122,-1,3,241,15,16,1,-1,-1,-1
122,-1,65,80,14,12,1,-1,-1,-1
122,-1,84,39,22,21,1,-1,-1,-1
122,-1,111,278,14,10,1,-1,-1,-1
122,-1,117,216,14,11,1,-1,-1,-1
122,-1,346,251,15,12,1,-1,-1,-1
122,-1,373,121,15,14,1,-1,-1,-1
122,-1,374,146,26,23,1,-1,-1,-1
122,-1,542,21,26,21,1,-1,-1,-1
122,-1,574,218,13,12,1,-1,-1,-1
122,-1,600,195,12,11,1,-1,-1,-1
123,-1,-1,241,14,15,1,-1,-1,-1
123,-1,61,80,14,12,1,-1,-1,-1
123,-1,83,39,22,21,1,-1,-1,-1
123,-1,111,278,14,10,1,-1,-1,-1
123,-1,113,216,13,11,1,-1,-1,-1
123,-1,342,250,16,12,1,-1,-1,-1
123,-1,370,121,15,13,1,-1,-1,-1
123,-1,374,146,26,23,1,-1,-1,-1
123,-1,542,21,26,22,1,-1,-1,-1
123,-1,570,218,13,12,1,-1,-1,-1
123,-1,597,195,12,11,1,-1,-1,-1
124,-1,-5,241,14,15,1,-1,-1,-1
124,-1,57,80,14,12,1,-1,-1,-1
124,-1,83,39,22,21,1,-1,-1,-1
124,-1,109,216,14,11,1,-1,-1,-1
124,-1,111,278,14,10,1,-1,-1,-1
124,-1,338,250,16,12,1,-1,-1,-1
124,-1,366,121,15,13,1,-1,-1,-1
124,-1,374,146,26,23,1,-1,-1,-1
124,-1,542,21,25,21,1,-1,-1,-1
124,-1,565,218,13,12,1,-1,-1,-1
124,-1,592,195,12,11,1,-1,-1,-1
125,-1,-7,242,12,13,1,-1,-1,-1
125,-1,53,80,13,12,1,-1,-1,-1
125,-1,83,39,22,21,1,-1,-1,-1
125,-1,105,216,14,11,1,-1,-1,-1
125,-1,111,278,14,10,1,-1,-1,-1
125,-1,334,250,16,12,1,-1,-1,-1
125,-1,361,120,16,14,1,-1,-1,-1
125,-1,374,146,26,23,1,-1,-1,-1
125,-1,541,21,25,21,1,-1,-1,-1
125,-1,562,218,13,12,1,-1,-1,-1
125,-1,589,195,12,11,1,-1,-1,-1
126,-1,-7,242,12,13,1,-1,-1,-1
126,-1,53,80,13,12,1,-1,-1,-1
126,-1,83,39,22,21,1,-1,-1,-1
126,-1,105,216,14,11,1,-1,-1,-1
126,-1,111,278,14,10,1,-1,-1,-1
126,-1,334,250,16,12,1,-1,-1,-1
126,-1,361,120,16,14,1,-1,-1,-1
126,-1,374,146,26,23,1,-1,-1,-1
126,-1,541,21,26,22,1,-1,-1,-1
126,-1,562,218,13,12,1,-1,-1,-1
126,-1,589,195,12,11,1,-1,-1,-1
127,-1,46,80,13,12,1,-1,-1,-1
127,-1,82,39,22,21,1,-1,-1,-1
127,-1,98,216,13,11,1,-1,-1,-1
127,-1,111,278,14,10,1,-1,-1,-1
127,-1,327,250,16,12,1,-1,-1,-1
127,-1,354,120,16,14,1,-1,-1,-1
127,-1,375,146,26,23,1,-1,-1,-1
127,-1,541,21,26,22,1,-1,-1,-1
127,-1,554,218,13,12,1,-1,-1,-1
127,-1,581,195,13,12,1,-1,-1,-1
128,-1,42,80,13,12,1,-1,-1,-1
128,-1,81,40,22,21,1,-1,-1,-1
128,-1,94,216,14,11,1,-1,-1,-1
128,-1,111,278,14,10,1,-1,-1,-1
128,-1,323,250,16,12,1,-1,-1,-1
128,-1,350,120,16,14,1,-1,-1,-1
128,-1,375,147,26,23,1,-1,-1,-1
128,-1,541,21,25,21,1,-1,-1,-1
128,-1,550,218,12,11,1,-1,-1,-1
128,-1,577,195,13,12,1,-1,-1,-1
129,-1,38,80,13,12,1,-1,-1,-1
129,-1,81,40,22,21,1,-1,-1,-1
129,-1,90,216,14,11,1,-1,-1,-1
129,-1,111,278,14,10,1,-1,-1,-1
129,-1,319,250,16,12,1,-1,-1,-1
129,-1,346,120,16,14,1,-1,-1,-1
129,-1,375,147,26,23,1,-1,-1,-1
129,-1,541,21,26,22,1,-1,-1,-1
129,-1,547,218,13,12,1,-1,-1,-1
129,-1,573,195,13,12,1,-1,-1,-1
130,-1,34,80,14,12,1,-1,-1,-1
130,-1,80,40,22,21,1,-1,-1,-1
130,-1,86,216,14,11,1,-1,-1,-1
130,-1,111,278,14,10,1,-1,-1,-1
130,-1,315,250,16,12,1,-1,-1,-1
130,-1,342,120,16,14,1,-1,-1,-1
130,-1,375,147,26,23,1,-1,-1,-1
130,-1,541,21,25,21,1,-1,-1,-1
130,-1,543,218,13,12,1,-1,-1,-1
130,-1,570,195,12,11,1,-1,-1,-1
131,-1,30,79,13,12,1,-1,-1,-1
131,-1,80,39,22,21,1,-1,-1,-1
131,-1,82,216,14,11,1,-1,-1,-1
131,-1,111,278,14,10,1,-1,-1,-1
131,-1,311,250,16,12,1,-1,-1,-1
131,-1,338,120,16,14,1,-1,-1,-1
131,-1,375,147,26,23,1,-1,-1,-1
131,-1,539,218,13,12,1,-1,-1,-1
131,-1,540,21,25,21,1,-1,-1,-1
131,-1,566,195,12,11,1,-1,-1,-1
132,-1,30,79,13,12,1,-1,-1,-1
132,-1,80,39,22,21,1,-1,-1,-1
132,-1,82,216,14,11,1,-1,-1,-1
132,-1,111,278,14,10,1,-1,-1,-1
132,-1,311,250,16,12,1,-1,-1,-1
132,-1,338,120,16,14,1,-1,-1,-1
132,-1,375,147,26,23,1,-1,-1,-1
132,-1,539,218,13,12,1,-1,-1,-1
132,-1,540,21,25,21,1,-1,-1,-1
132,-1,566,195,12,11,1,-1,-1,-1
133,-1,22,80,13,12,1,-1,-1,-1
133,-1,75,216,14,11,1,-1,-1,-1
133,-1,79,40,22,21,1,-1,-1,-1
133,-1,111,278,14,10,1,-1,-1,-1
133,-1,304,250,16,12,1,-1,-1,-1
133,-1,331,120,16,14,1,-1,-1,-1
133,-1,375,147,26,23,1,-1,-1,-1
133,-1,531,218,13,12,1,-1,-1,-1
133,-1,540,21,25,21,1,-1,-1,-1
133,-1,558,195,13,12,1,-1,-1,-1
134,-1,19,79,13,12,1,-1,-1,-1
134,-1,71,216,14,11,1,-1,-1,-1
134,-1,79,40,22,21,1,-1,-1,-1
134,-1,111,278,14,10,1,-1,-1,-1
134,-1,300,250,16,12,1,-1,-1,-1
134,-1,327,120,16,14,1,-1,-1,-1
134,-1,375,147,26,23,1,-1,-1,-1
134,-1,527,218,13,12,1,-1,-1,-1
134,-1,540,21,25,21,1,-1,-1,-1
134,-1,554,195,13,12,1,-1,-1,-1
135,-1,15,79,13,12,1,-1,-1,-1
135,-1,67,216,14,11,1,-1,-1,-1
135,-1,78,40,22,21,1,-1,-1,-1
135,-1,111,278,14,10,1,-1,-1,-1
135,-1,296,250,16,12,1,-1,-1,-1
135,-1,323,120,16,14,1,-1,-1,-1
135,-1,376,147,26,23,1,-1,-1,-1
135,-1,523,218,13,12,1,-1,-1,-1
135,-1,540,21,25,21,1,-1,-1,-1
135,-1,550,195,13,12,1,-1,-1,-1
136,-1,11,79,13,12,1,-1,-1,-1
136,-1,63,216,14,11,1,-1,-1,-1
136,-1,78,40,22,21,1,-1,-1,-1
136,-1,111,278,14,10,1,-1,-1,-1
136,-1,292,250,16,12,1,-1,-1,-1
136,-1,319,120,16,14,1,-1,-1,-1
136,-1,376,147,26,23,1,-1,-1,-1
136,-1,519,218,13,12,1,-1,-1,-1
136,-1,539,21,25,21,1,-1,-1,-1
136,-1,546,195,13,12,1,-1,-1,-1
137,-1,8,79,13,12,1,-1,-1,-1
137,-1,59,216,14,11,1,-1,-1,-1
137,-1,77,40,22,21,1,-1,-1,-1
137,-1,111,278,14,10,1,-1,-1,-1
137,-1,288,250,16,12,1,-1,-1,-1
137,-1,315,120,16,14,1,-1,-1,-1
137,-1,376,147,26,23,1,-1,-1,-1
137,-1,516,218,13,12,1,-1,-1,-1
137,-1,539,20,25,21,1,-1,-1,-1
137,-1,542,195,13,12,1,-1,-1,-1
138,-1,8,79,13,12,1,-1,-1,-1
138,-1,59,216,14,11,1,-1,-1,-1
138,-1,77,40,22,21,1,-1,-1,-1
138,-1,111,278,14,10,1,-1,-1,-1
138,-1,288,250,16,12,1,-1,-1,-1
138,-1,315,120,16,14,1,-1,-1,-1
138,-1,376,147,26,23,1,-1,-1,-1
138,-1,516,218,13,12,1,-1,-1,-1
138,-1,539,20,25,21,1,-1,-1,-1
138,-1,542,195,13,12,1,-1,-1,-1
139,-1,-1,79,13,12,1,-1,-1,-1
139,-1,51,216,13,11,1,-1,-1,-1
139,-1,76,40,22,21,1,-1,-1,-1
139,-1,111,278,14,10,1,-1,-1,-1
139,-1,280,250,16,12,1,-1,-1,-1
139,-1,307,120,16,14,1,-1,-1,-1
139,-1,376,148,26,23,1,-1,-1,-1
139,-1,507,218,13,12,1,-1,-1,-1
139,-1,534,195,13,12,1,-1,-1,-1
139,-1,539,20,25,21,1,-1,-1,-1
140,-1,-5,79,13,12,1,-1,-1,-1
140,-1,47,216,14,11,1,-1,-1,-1
140,-1,76,40,22,21,1,-1,-1,-1
140,-1,111,278,14,10,1,-1,-1,-1
140,-1,277,250,16,12,1,-1,-1,-1
140,-1,303,120,16,14,1,-1,-1,-1
140,-1,376,148,26,23,1,-1,-1,-1
140,-1,503,218,13,12,1,-1,-1,-1
140,-1,530,195,13,12,1,-1,-1,-1
140,-1,538,20,25,21,1,-1,-1,-1
141,-1,44,216,14,11,1,-1,-1,-1
141,-1,75,40,22,21,1,-1,-1,-1
141,-1,111,278,14,10,1,-1,-1,-1
141,-1,273,250,16,12,1,-1,-1,-1
141,-1,300,120,16,14,1,-1,-1,-1
141,-1,376,148,26,23,1,-1,-1,-1
141,-1,500,217,13,12,1,-1,-1,-1
141,-1,526,195,13,12,1,-1,-1,-1
141,-1,538,20,25,21,1,-1,-1,-1
142,-1,40,216,14,11,1,-1,-1,-1
142,-1,75,40,22,21,1,-1,-1,-1
142,-1,111,278,14,10,1,-1,-1,-1
142,-1,269,250,16,12,1,-1,-1,-1
142,-1,295,120,16,14,1,-1,-1,-1
142,-1,377,148,26,23,1,-1,-1,-1
142,-1,496,217,13,12,1,-1,-1,-1
142,-1,522,195,13,12,1,-1,-1,-1
142,-1,538,20,25,21,1,-1,-1,-1
143,-1,35,216,14,12,1,-1,-1,-1
143,-1,74,40,22,21,1,-1,-1,-1
143,-1,111,278,14,10,1,-1,-1,-1
143,-1,265,250,16,12,1,-1,-1,-1
143,-1,292,119,16,14,1,-1,-1,-1
143,-1,377,148,26,23,1,-1,-1,-1
143,-1,492,218,13,12,1,-1,-1,-1
143,-1,519,195,12,11,1,-1,-1,-1
143,-1,538,20,26,22,1,-1,-1,-1
144,-1,35,216,14,12,1,-1,-1,-1
144,-1,74,40,22,21,1,-1,-1,-1
144,-1,111,278,14,10,1,-1,-1,-1
144,-1,265,250,16,12,1,-1,-1,-1
144,-1,292,119,16,14,1,-1,-1,-1
144,-1,377,148,26,23,1,-1,-1,-1
144,-1,492,218,13,12,1,-1,-1,-1
144,-1,519,195,12,11,1,-1,-1,-1
144,-1,538,20,26,21,1,-1,-1,-1
145,-1,28,216,14,12,1,-1,-1,-1
145,-1,73,40,22,21,1,-1,-1,-1
145,-1,111,278,14,10,1,-1,-1,-1
145,-1,257,250,16,12,1,-1,-1,-1
145,-1,284,119,16,14,1,-1,-1,-1
145,-1,377,148,26,23,1,-1,-1,-1
145,-1,484,217,13,12,1,-1,-1,-1
145,-1,511,195,13,12,1,-1,-1,-1
145,-1,538,20,25,21,1,-1,-1,-1
146,-1,24,216,14,11,1,-1,-1,-1
146,-1,73,40,22,21,1,-1,-1,-1
146,-1,111,278,14,10,1,-1,-1,-1
146,-1,253,250,16,12,1,-1,-1,-1
146,-1,280,119,16,14,1,-1,-1,-1
146,-1,377,148,26,23,1,-1,-1,-1
146,-1,480,217,13,12,1,-1,-1,-1
146,-1,507,195,12,11,1,-1,-1,-1
146,-1,537,20,26,21,1,-1,-1,-1
147,-1,20,216,14,11,1,-1,-1,-1
147,-1,73,40,22,21,1,-1,-1,-1
147,-1,111,278,14,10,1,-1,-1,-1
147,-1,249,250,16,12,1,-1,-1,-1
147,-1,276,119,16,14,1,-1,-1,-1
147,-1,377,148,26,23,1,-1,-1,-1
147,-1,476,217,13,12,1,-1,-1,-1
147,-1,503,195,13,12,1,-1,-1,-1
147,-1,537,20,26,21,1,-1,-1,-1
148,-1,17,216,14,11,1,-1,-1,-1
148,-1,72,40,22,21,1,-1,-1,-1
148,-1,111,278,14,10,1,-1,-1,-1
148,-1,245,250,16,12,1,-1,-1,-1
148,-1,272,119,16,14,1,-1,-1,-1
148,-1,377,148,26,23,1,-1,-1,-1
148,-1,472,217,13,12,1,-1,-1,-1
148,-1,499,195,13,12,1,-1,-1,-1
148,-1,537,20,25,21,1,-1,-1,-1
149,-1,13,215,14,11,1,-1,-1,-1
149,-1,72,40,22,21,1,-1,-1,-1
149,-1,111,278,14,10,1,-1,-1,-1
149,-1,241,250,16,12,1,-1,-1,-1
149,-1,269,119,16,14,1,-1,-1,-1
149,-1,378,149,26,23,1,-1,-1,-1
149,-1,469,217,13,12,1,-1,-1,-1
149,-1,496,195,13,12,1,-1,-1,-1
149,-1,537,20,25,21,1,-1,-1,-1
150,-1,13,215,14,11,1,-1,-1,-1
150,-1,72,40,22,21,1,-1,-1,-1
150,-1,111,278,14,10,1,-1,-1,-1
150,-1,241,250,16,12,1,-1,-1,-1
150,-1,269,119,16,14,1,-1,-1,-1
150,-1,378,149,26,23,1,-1,-1,-1
150,-1,469,217,13,12,1,-1,-1,-1
150,-1,496,195,13,12,1,-1,-1,-1
150,-1,537,20,25,21,1,-1,-1,-1
151,-1,5,215,14,12,1,-1,-1,-1
151,-1,71,40,22,21,1,-1,-1,-1
151,-1,111,278,14,10,1,-1,-1,-1
151,-1,234,250,16,12,1,-1,-1,-1
151,-1,261,119,16,14,1,-1,-1,-1
151,-1,378,149,26,23,1,-1,-1,-1
151,-1,461,217,13,12,1,-1,-1,-1
151,-1,487,195,13,12,1,-1,-1,-1
151,-1,536,20,26,22,1,-1,-1,-1
152,-1,1,215,14,12,1,-1,-1,-1
152,-1,71,40,22,21,1,-1,-1,-1
152,-1,111,278,14,10,1,-1,-1,-1
152,-1,230,250,16,12,1,-1,-1,-1
152,-1,257,119,16,14,1,-1,-1,-1
152,-1,378,149,26,23,1,-1,-1,-1
152,-1,457,217,13,12,1,-1,-1,-1
152,-1,483,195,13,12,1,-1,-1,-1
152,-1,536,20,26,22,1,-1,-1,-1
