1,1,117,145,31,25,1,1,1
2,1,117,146,31,25,1,1,1
3,1,117,147,31,25,1,1,1
4,1,117,148,31,25,1,1,1
5,1,116,149,31,25,1,1,1
6,1,116,149,31,25,1,1,1
7,1,116,150,31,25,1,1,1
8,1,116,151,32,26,1,1,1
9,1,116,151,32,25,1,1,1
10,1,116,151,32,26,1,1,1
11,1,116,152,32,26,1,1,1
12,1,116,152,32,26,1,1,1
13,1,115,152,32,26,1,1,1
14,1,115,153,32,26,1,1,1
15,1,115,153,32,26,1,1,1
16,1,115,153,32,26,1,1,1
17,1,115,153,32,26,1,1,1
18,1,115,153,32,26,1,1,1
19,1,114,154,32,26,1,1,1
20,1,114,154,32,26,1,1,1
21,1,114,154,32,26,1,1,1
22,1,114,155,33,26,1,1,1
23,1,113,155,33,26,1,1,1
24,1,113,155,33,26,1,1,1
25,1,113,156,32,26,1,1,1
26,1,113,156,33,26,1,1,1
27,1,113,156,33,26,1,1,1
28,1,112,157,33,26,1,1,1
29,1,112,157,33,26,1,1,1
30,1,112,157,33,26,1,1,1
31,1,112,157,33,26,1,1,1
32,1,112,157,33,26,1,1,1
33,1,112,157,33,26,1,1,1
34,1,111,157,33,27,1,1,1
35,1,111,156,33,26,1,1,1
36,1,111,156,33,27,1,1,1
37,1,111,156,33,27,1,1,1
38,1,111,155,33,27,1,1,1
39,1,111,155,33,27,1,1,1
40,1,110,154,33,27,1,1,1
41,1,110,154,33,27,1,1,1
42,1,110,153,33,27,1,1,1
43,1,110,153,33,27,1,1,1
44,1,110,152,33,27,1,1,1
45,1,110,151,33,27,1,1,1
46,1,109,150,33,27,1,1,1
47,1,109,150,33,26,1,1,1
48,1,109,149,33,27,1,1,1
49,1,109,149,33,26,1,1,1
50,1,109,148,33,26,1,1,1
51,1,109,148,33,26,1,1,1
52,1,109,147,33,26,1,1,1
53,1,109,147,33,26,1,1,1
54,1,108,147,32,26,1,1,1
55,1,108,146,32,26,1,1,1
56,1,108,146,32,26,1,1,1
57,1,108,145,32,26,1,1,1
58,1,106,144,33,26,1,1,1
59,1,106,144,32,26,1,1,1
60,1,105,143,33,26,1,1,1
61,1,104,143,32,26,1,1,1
62,1,103,142,32,26,1,1,1
63,1,103,141,32,26,1,1,1
64,1,101,141,33,26,1,1,1
65,1,100,140,32,26,1,1,1
66,1,99,139,33,26,1,1,1
67,1,98,139,32,26,1,1,1
68,1,96,138,33,26,1,1,1
1,2,218,67,38,35,1,1,1
2,2,218,68,38,35,1,1,1
3,2,218,69,38,35,1,1,1
4,2,218,70,38,35,1,1,1
5,2,218,71,38,35,1,1,1
6,2,218,72,38,35,1,1,1
7,2,218,73,38,35,1,1,1
8,2,218,74,38,35,1,1,1
9,2,218,74,38,35,1,1,1
10,2,218,74,39,35,1,1,1
11,2,218,75,39,35,1,1,1
12,2,218,75,39,36,1,1,1
13,2,218,76,38,35,1,1,1
14,2,218,76,39,36,1,1,1
15,2,218,76,39,36,1,1,1
16,2,218,77,39,36,1,1,1
17,2,218,77,39,36,1,1,1
18,2,218,77,39,36,1,1,1
19,2,218,78,39,36,1,1,1
20,2,218,78,39,36,1,1,1
21,2,218,79,39,36,1,1,1
22,2,217,79,39,36,1,1,1
23,2,217,80,39,36,1,1,1
24,2,217,80,39,36,1,1,1
25,2,217,80,39,36,1,1,1
26,2,217,81,39,36,1,1,1
27,2,217,81,39,36,1,1,1
28,2,217,82,39,36,1,1,1
29,2,217,82,39,36,1,1,1
30,2,217,82,39,36,1,1,1
31,2,217,82,39,36,1,1,1
32,2,217,82,40,36,1,1,1
33,2,217,83,40,36,1,1,1
34,2,217,83,40,36,1,1,1
35,2,217,83,40,36,1,1,1
36,2,217,83,40,36,1,1,1
37,2,217,82,40,37,1,1,1
38,2,217,81,40,37,1,1,1
39,2,217,81,40,37,1,1,1
40,2,217,81,40,37,1,1,1
41,2,216,80,40,37,1,1,1
42,2,216,80,40,37,1,1,1
43,2,216,79,40,37,1,1,1
44,2,216,78,40,37,1,1,1
45,2,216,78,40,37,1,1,1
46,2,216,77,40,37,1,1,1
47,2,215,76,40,37,1,1,1
48,2,215,76,40,37,1,1,1
49,2,215,75,40,37,1,1,1
50,2,215,74,40,37,1,1,1
51,2,215,74,40,37,1,1,1
52,2,215,73,40,37,1,1,1
53,2,214,73,40,37,1,1,1
54,2,214,72,39,36,1,1,1
55,2,214,72,40,36,1,1,1
56,2,214,71,39,36,1,1,1
57,2,214,71,40,36,1,1,1
58,2,213,70,40,36,1,1,1
59,2,213,70,39,36,1,1,1
60,2,213,69,40,36,1,1,1
61,2,213,69,40,36,1,1,1
62,2,213,68,40,36,1,1,1
63,2,213,68,39,36,1,1,1
64,2,212,68,39,36,1,1,1
65,2,212,67,39,36,1,1,1
66,2,212,67,39,36,1,1,1
67,2,212,66,39,36,1,1,1
68,2,212,66,39,36,1,1,1
1,3,224,187,30,20,1,1,1
2,3,224,188,30,20,1,1,1
3,3,224,189,30,20,1,1,1
4,3,224,189,30,20,1,1,1
5,3,224,190,30,20,1,1,1
6,3,224,191,30,20,1,1,1
7,3,224,191,30,20,1,1,1
8,3,224,192,30,20,1,1,1
9,3,223,192,30,20,1,1,1
10,3,223,192,30,20,1,1,1
11,3,223,192,30,20,1,1,1
12,3,223,193,30,20,1,1,1
13,3,223,193,30,20,1,1,1
14,3,223,192,30,20,1,1,1
15,3,223,193,30,20,1,1,1
16,3,223,193,30,20,1,1,1
17,3,222,193,30,20,1,1,1
18,3,222,193,30,20,1,1,1
19,3,222,193,30,20,1,1,1
20,3,222,193,30,20,1,1,1
21,3,222,193,31,20,1,1,1
22,3,222,193,31,20,1,1,1
23,3,221,194,31,20,1,1,1
24,3,221,194,31,20,1,1,1
25,3,221,194,31,21,1,1,1
26,3,221,194,31,21,1,1,1
27,3,221,194,31,21,1,1,1
28,3,220,194,31,21,1,1,1
29,3,220,194,31,21,1,1,1
30,3,220,194,31,21,1,1,1
31,3,220,194,31,21,1,1,1
32,3,220,194,31,21,1,1,1
33,3,220,194,31,21,1,1,1
34,3,220,193,31,21,1,1,1
35,3,220,193,31,21,1,1,1
36,3,220,193,31,21,1,1,1
37,3,219,192,31,21,1,1,1
38,3,219,192,31,21,1,1,1
39,3,219,191,31,21,1,1,1
40,3,219,191,31,21,1,1,1
41,3,219,191,31,21,1,1,1
42,3,219,190,31,21,1,1,1
43,3,219,190,31,21,1,1,1
44,3,219,189,31,21,1,1,1
45,3,219,188,31,21,1,1,1
46,3,218,187,31,21,1,1,1
47,3,218,187,31,21,1,1,1
48,3,218,187,31,21,1,1,1
49,3,218,186,31,21,1,1,1
50,3,218,186,31,21,1,1,1
51,3,218,186,31,21,1,1,1
52,3,218,185,31,20,1,1,1
53,3,218,185,31,21,1,1,1
54,3,218,185,31,21,1,1,1
55,3,217,184,31,21,1,1,1
56,3,217,184,31,21,1,1,1
57,3,217,184,31,21,1,1,1
58,3,218,184,31,21,1,1,1
59,3,218,184,31,21,1,1,1
60,3,218,184,31,21,1,1,1
61,3,219,184,31,21,1,1,1
62,3,219,184,31,20,1,1,1
63,3,220,184,30,20,1,1,1
64,3,220,184,30,20,1,1,1
65,3,221,184,30,20,1,1,1
66,3,221,184,30,20,1,1,1
67,3,222,185,30,20,1,1,1
68,3,223,185,30,20,1,1,1
1,4,323,143,32,23,1,1,1
2,4,323,144,32,23,1,1,1
3,4,323,145,32,23,1,1,1
4,4,323,146,32,23,1,1,1
5,4,323,147,32,23,1,1,1
6,4,323,147,32,23,1,1,1
7,4,324,148,32,23,1,1,1
8,4,324,149,32,23,1,1,1
9,4,324,149,32,23,1,1,1
10,4,324,150,32,23,1,1,1
11,4,324,150,32,23,1,1,1
12,4,324,151,32,23,1,1,1
13,4,324,151,32,23,1,1,1
14,4,324,151,32,23,1,1,1
15,4,324,151,32,23,1,1,1
16,4,324,152,32,23,1,1,1
17,4,324,152,32,23,1,1,1
18,4,324,152,32,23,1,1,1
19,4,324,153,32,23,1,1,1
20,4,325,153,33,24,1,1,1
21,4,325,153,33,23,1,1,1
22,4,325,154,33,23,1,1,1
23,4,324,154,33,24,1,1,1
24,4,324,154,33,24,1,1,1
25,4,325,155,33,24,1,1,1
26,4,325,155,33,24,1,1,1
27,4,325,155,33,24,1,1,1
28,4,325,156,33,24,1,1,1
29,4,325,156,33,24,1,1,1
30,4,325,156,33,24,1,1,1
31,4,325,156,33,24,1,1,1
32,4,325,156,33,24,1,1,1
33,4,325,156,33,24,1,1,1
34,4,325,156,33,24,1,1,1
35,4,325,155,33,24,1,1,1
36,4,325,155,33,24,1,1,1
37,4,325,155,33,24,1,1,1
38,4,325,154,33,24,1,1,1
39,4,325,154,33,24,1,1,1
40,4,325,153,33,24,1,1,1
41,4,325,153,33,24,1,1,1
42,4,325,153,33,24,1,1,1
43,4,325,152,33,24,1,1,1
44,4,325,151,33,24,1,1,1
45,4,324,150,33,24,1,1,1
46,4,324,150,33,24,1,1,1
47,4,324,149,33,23,1,1,1
48,4,324,149,33,24,1,1,1
49,4,324,148,33,24,1,1,1
50,4,324,148,33,23,1,1,1
51,4,324,147,33,24,1,1,1
52,4,323,147,33,23,1,1,1
53,4,323,146,33,23,1,1,1
54,4,323,146,33,23,1,1,1
55,4,323,145,33,23,1,1,1
56,4,323,145,33,23,1,1,1
57,4,322,144,33,23,1,1,1
58,4,322,144,33,23,1,1,1
59,4,322,143,33,23,1,1,1
60,4,322,143,33,23,1,1,1
61,4,322,142,33,23,1,1,1
62,4,322,142,32,23,1,1,1
63,4,322,142,32,23,1,1,1
64,4,321,141,32,23,1,1,1
65,4,321,141,32,23,1,1,1
66,4,321,141,32,23,1,1,1
67,4,321,141,32,23,1,1,1
68,4,321,140,32,23,1,1,1
