1,1,155,310,90,44,1,1,1
2,1,155,310,90,44,1,1,1
3,1,156,310,90,44,1,1,1
4,1,156,310,90,44,1,1,1
5,1,157,310,90,44,1,1,1
6,1,157,309,90,44,1,1,1
7,1,158,309,90,44,1,1,1
8,1,157,309,89,43,1,1,1
9,1,158,309,89,43,1,1,1
10,1,158,309,89,43,1,1,1
11,1,158,309,89,43,1,1,1
12,1,159,309,89,43,1,1,1
13,1,159,309,89,43,1,1,1
14,1,160,309,89,43,1,1,1
15,1,160,309,89,43,1,1,1
16,1,157,310,89,43,1,1,1
17,1,157,310,89,43,1,1,1
18,1,157,310,89,43,1,1,1
19,1,158,310,89,43,1,1,1
20,1,158,311,89,43,1,1,1
21,1,159,311,89,43,1,1,1
22,1,159,311,89,43,1,1,1
23,1,159,311,89,43,1,1,1
24,1,158,310,90,44,1,1,1
25,1,157,309,91,44,1,1,1
26,1,156,309,92,45,1,1,1
27,1,156,307,90,43,1,1,1
28,1,156,308,89,43,1,1,1
29,1,156,308,89,43,1,1,1
30,1,156,308,89,43,1,1,1
31,1,155,302,89,43,1,1,1
32,1,155,301,89,43,1,1,1
33,1,154,298,89,43,1,1,1
34,1,155,299,86,41,1,1,1
35,1,153,296,89,43,1,1,1
36,1,153,296,87,42,1,1,1
37,1,153,296,86,42,1,1,1
38,1,153,296,86,42,1,1,1
39,1,153,293,86,41,1,1,1
40,1,153,292,84,40,1,1,1
41,1,152,289,86,41,1,1,1
42,1,151,290,86,41,1,1,1
43,1,149,285,86,41,1,1,1
44,1,147,284,90,40,1,1,1
45,1,147,285,90,40,1,1,1
46,1,147,285,90,40,1,1,1
47,1,148,283,90,40,1,1,1
48,1,147,287,90,40,1,1,1
49,1,148,275,90,40,1,1,1
50,1,148,276,90,40,1,1,1
51,1,149,275,89,39,1,1,1
52,1,148,271,89,39,1,1,1
53,1,148,272,89,39,1,1,1
54,1,150,270,85,37,1,1,1
55,1,146,260,93,49,1,1,1
56,1,149,262,87,46,1,1,1
57,1,149,264,87,46,1,1,1
58,1,148,257,87,46,1,1,1
59,1,148,257,86,46,1,1,1
60,1,147,253,86,46,1,1,1
61,1,147,253,86,46,1,1,1
62,1,147,248,91,47,1,1,1
63,1,147,248,91,47,1,1,1
64,1,144,243,96,50,1,1,1
65,1,143,242,98,50,1,1,1
66,1,137,233,100,52,1,1,1
67,1,136,232,101,53,1,1,1
68,1,136,226,100,52,1,1,1
69,1,137,224,100,52,1,1,1
70,1,137,222,100,52,1,1,1
71,1,137,219,100,52,1,1,1
72,1,137,214,101,52,1,1,1
73,1,136,213,104,40,1,1,1
74,1,136,212,104,40,1,1,1
75,1,135,208,105,40,1,1,1
76,1,134,207,106,37,1,1,1
77,1,134,204,106,37,1,1,1
78,1,133,202,106,37,1,1,1
79,1,133,200,106,37,1,1,1
80,1,133,195,105,37,1,1,1
81,1,133,192,105,37,1,1,1
82,1,133,189,105,37,1,1,1
83,1,132,186,105,37,1,1,1
84,1,131,180,105,37,1,1,1
85,1,131,177,105,37,1,1,1
86,1,131,173,105,37,1,1,1
87,1,131,170,105,37,1,1,1
88,1,130,163,105,37,1,1,1
89,1,130,159,105,37,1,1,1
90,1,130,156,105,37,1,1,1
91,1,130,152,105,37,1,1,1
92,1,130,146,105,37,1,1,1
93,1,131,142,105,37,1,1,1
94,1,131,139,105,37,1,1,1
95,1,131,136,105,37,1,1,1
96,1,133,130,104,37,1,1,1
97,1,133,127,104,37,1,1,1
98,1,133,123,104,37,1,1,1
99,1,135,121,104,37,1,1,1
100,1,137,115,104,36,1,1,1
101,1,138,111,103,36,1,1,1
102,1,139,108,104,37,1,1,1
103,1,140,106,103,36,1,1,1
104,1,142,100,103,36,1,1,1
105,1,143,97,103,36,1,1,1
106,1,145,95,102,36,1,1,1
107,1,146,92,102,36,1,1,1
108,1,148,86,102,36,1,1,1
109,1,150,84,102,36,1,1,1
110,1,151,81,101,36,1,1,1
111,1,151,78,102,36,1,1,1
112,1,152,74,102,36,1,1,1
113,1,154,71,101,36,1,1,1
114,1,155,69,101,36,1,1,1
115,1,155,67,101,36,1,1,1
116,1,155,62,102,36,1,1,1
117,1,156,60,102,36,1,1,1
118,1,156,58,101,36,1,1,1
119,1,156,56,101,38,1,1,1
120,1,156,52,101,38,1,1,1
121,1,157,50,100,38,1,1,1
122,1,157,49,101,38,1,1,1
123,1,156,47,101,38,1,1,1
124,1,156,43,100,38,1,1,1
125,1,156,41,100,38,1,1,1
126,1,156,40,100,38,1,1,1
127,1,155,38,100,38,1,1,1
128,1,155,35,101,38,1,1,1
129,1,154,33,100,38,1,1,1
130,1,154,31,100,37,1,1,1
131,1,154,29,100,38,1,1,1
132,1,153,26,100,38,1,1,1
133,1,152,24,100,38,1,1,1
134,1,153,22,99,37,1,1,1
135,1,153,21,99,37,1,1,1
136,1,153,17,102,42,1,1,1
137,1,153,15,102,42,1,1,1
138,1,153,13,102,42,1,1,1
139,1,154,12,102,42,1,1,1
140,1,155,7,102,42,1,1,1
141,1,156,6,102,42,1,1,1
142,1,157,4,101,42,1,1,1
143,1,158,2,101,42,1,1,1
144,1,160,-2,101,41,1,1,1
145,1,161,-4,100,41,1,1,1
146,1,162,-6,101,41,1,1,1
147,1,162,-8,100,41,1,1,1
148,1,165,-12,100,41,1,1,1
149,1,165,-14,100,41,1,1,1
150,1,166,-16,100,41,1,1,1
151,1,167,-18,100,41,1,1,1
152,1,169,-21,99,41,1,1,1
153,1,170,-23,99,41,1,1,1
154,1,170,-25,99,41,1,1,1
155,1,171,-26,98,41,1,1,1
156,1,172,-29,97,40,1,1,1
157,1,173,-30,94,39,1,1,1
158,1,174,-31,93,38,1,1,1
1,2,193,247,45,21,1,1,1
2,2,193,247,45,21,1,1,1
3,2,194,246,45,21,1,1,1
4,2,196,246,45,21,1,1,1
5,2,196,246,45,21,1,1,1
6,2,197,246,45,21,1,1,1
7,2,198,246,45,21,1,1,1
8,2,202,242,45,21,1,1,1
9,2,203,242,45,21,1,1,1
10,2,203,241,45,21,1,1,1
11,2,204,241,45,21,1,1,1
12,2,203,234,45,21,1,1,1
13,2,204,234,44,21,1,1,1
14,2,205,233,44,20,1,1,1
15,2,205,231,44,21,1,1,1
16,2,206,231,44,21,1,1,1
17,2,206,230,44,21,1,1,1
18,2,207,230,44,21,1,1,1
19,2,207,230,45,21,1,1,1
20,2,208,227,44,25,1,1,1
21,2,208,227,44,25,1,1,1
22,2,213,224,45,25,1,1,1
23,2,213,224,45,25,1,1,1
24,2,212,220,45,25,1,1,1
25,2,212,220,45,25,1,1,1
26,2,212,219,45,25,1,1,1
27,2,213,218,44,25,1,1,1
28,2,213,218,44,25,1,1,1
29,2,213,218,44,25,1,1,1
30,2,212,219,44,25,1,1,1
31,2,212,213,45,25,1,1,1
32,2,211,213,45,25,1,1,1
33,2,210,210,47,26,1,1,1
34,2,210,210,45,25,1,1,1
35,2,210,210,45,25,1,1,1
36,2,210,205,45,25,1,1,1
37,2,210,205,44,25,1,1,1
38,2,209,207,45,25,1,1,1
39,2,207,202,45,25,1,1,1
40,2,206,201,45,25,1,1,1
41,2,206,200,45,25,1,1,1
42,2,206,201,44,24,1,1,1
43,2,205,199,44,25,1,1,1
44,2,204,198,46,25,1,1,1
45,2,204,200,46,25,1,1,1
46,2,203,201,46,25,1,1,1
47,2,202,196,46,25,1,1,1
48,2,201,195,46,25,1,1,1
49,2,201,195,46,25,1,1,1
50,2,200,194,47,25,1,1,1
51,2,199,194,47,26,1,1,1
52,2,198,191,47,25,1,1,1
53,2,197,190,48,25,1,1,1
54,2,197,190,47,25,1,1,1
55,2,196,190,48,26,1,1,1
56,2,195,189,48,25,1,1,1
57,2,194,188,48,26,1,1,1
58,2,193,188,48,26,1,1,1
59,2,193,187,48,26,1,1,1
60,2,192,186,48,26,1,1,1
61,2,191,186,48,26,1,1,1
62,2,190,185,48,26,1,1,1
63,2,190,185,48,26,1,1,1
64,2,188,183,49,26,1,1,1
65,2,187,183,49,26,1,1,1
66,2,187,183,49,26,1,1,1
67,2,186,182,49,26,1,1,1
68,2,185,181,50,26,1,1,1
69,2,184,181,49,26,1,1,1
70,2,183,180,50,26,1,1,1
71,2,183,180,49,26,1,1,1
72,2,182,179,49,26,1,1,1
73,2,181,179,49,26,1,1,1
74,2,181,179,49,26,1,1,1
75,2,180,179,49,26,1,1,1
76,2,179,178,49,26,1,1,1
77,2,178,178,49,26,1,1,1
78,2,177,178,49,26,1,1,1
79,2,176,178,49,26,1,1,1
80,2,175,178,49,26,1,1,1
81,2,174,178,49,26,1,1,1
82,2,173,178,49,26,1,1,1
83,2,172,181,47,23,1,1,1
84,2,171,179,45,22,1,1,1
85,2,176,181,44,22,1,1,1
86,2,176,178,44,22,1,1,1
89,2,172,187,39,17,1,1,1
90,2,171,187,39,17,1,1,1
91,2,171,187,39,17,1,1,1
92,2,170,182,41,22,1,1,1
93,2,170,182,41,22,1,1,1
94,2,170,182,41,22,1,1,1
95,2,169,182,41,22,1,1,1
96,2,168,180,42,24,1,1,1
97,2,168,180,42,24,1,1,1
98,2,168,180,42,24,1,1,1
99,2,168,180,42,24,1,1,1
100,2,169,179,42,24,1,1,1
101,2,170,179,42,24,1,1,1
102,2,170,179,42,24,1,1,1
103,2,171,179,42,24,1,1,1
104,2,172,179,42,24,1,1,1
105,2,173,179,42,24,1,1,1
106,2,174,179,42,24,1,1,1
107,2,174,179,42,24,1,1,1
108,2,176,179,42,24,1,1,1
109,2,177,179,42,24,1,1,1
110,2,177,179,42,24,1,1,1
111,2,178,179,42,24,1,1,1
112,2,179,179,42,24,1,1,1
113,2,179,179,42,24,1,1,1
114,2,180,179,42,24,1,1,1
115,2,180,179,42,24,1,1,1
116,2,181,180,42,24,1,1,1
117,2,181,181,42,24,1,1,1
118,2,181,181,42,24,1,1,1
119,2,181,182,42,24,1,1,1
120,2,182,183,42,24,1,1,1
121,2,182,183,42,24,1,1,1
122,2,182,184,42,24,1,1,1
123,2,182,184,42,24,1,1,1
124,2,181,185,42,24,1,1,1
125,2,181,186,42,24,1,1,1
126,2,181,187,42,24,1,1,1
127,2,181,187,42,24,1,1,1
128,2,180,188,42,24,1,1,1
129,2,181,189,42,24,1,1,1
130,2,180,189,42,24,1,1,1
131,2,181,190,42,24,1,1,1
132,2,180,191,42,24,1,1,1
133,2,180,192,42,24,1,1,1
134,2,180,193,42,24,1,1,1
135,2,181,193,42,24,1,1,1
136,2,181,195,42,24,1,1,1
137,2,181,195,41,24,1,1,1
138,2,181,196,41,24,1,1,1
139,2,182,196,42,24,1,1,1
140,2,183,198,42,24,1,1,1
141,2,183,198,42,24,1,1,1
142,2,184,199,42,24,1,1,1
143,2,184,199,42,24,1,1,1
144,2,186,201,42,24,1,1,1
145,2,186,201,42,24,1,1,1
146,2,187,202,42,24,1,1,1
147,2,187,202,42,24,1,1,1
148,2,189,203,42,24,1,1,1
149,2,190,204,41,23,1,1,1
150,2,190,205,41,23,1,1,1
151,2,191,205,41,24,1,1,1
152,2,192,206,41,23,1,1,1
153,2,192,207,41,24,1,1,1
154,2,192,207,41,24,1,1,1
155,2,193,208,41,24,1,1,1
156,2,194,209,41,23,1,1,1
157,2,194,210,41,24,1,1,1
158,2,194,211,41,23,1,1,1
159,2,194,211,41,23,1,1,1
160,2,194,212,41,23,1,1,1
161,2,194,214,41,23,1,1,1
162,2,194,214,41,23,1,1,1
163,2,194,215,41,23,1,1,1
164,2,194,216,41,23,1,1,1
165,2,195,217,41,23,1,1,1
166,2,195,217,41,23,1,1,1
167,2,195,218,41,23,1,1,1
168,2,195,219,41,23,1,1,1
169,2,196,219,41,23,1,1,1
170,2,196,220,41,23,1,1,1
171,2,197,220,41,23,1,1,1
172,2,197,221,41,24,1,1,1
173,2,198,221,41,24,1,1,1
174,2,198,221,41,24,1,1,1
175,2,199,222,41,23,1,1,1
176,2,200,222,40,23,1,1,1
177,2,201,223,40,23,1,1,1
178,2,202,223,40,23,1,1,1
179,2,203,224,40,23,1,1,1
180,2,204,224,40,23,1,1,1
181,2,205,225,40,23,1,1,1
182,2,206,225,40,23,1,1,1
183,2,207,227,39,23,1,1,1
184,2,207,227,40,23,1,1,1
185,2,208,228,39,23,1,1,1
186,2,209,228,40,23,1,1,1
187,2,210,230,39,22,1,1,1
188,2,211,231,40,23,1,1,1
189,2,211,232,39,22,1,1,1
190,2,212,233,40,23,1,1,1
191,2,212,235,40,23,1,1,1
192,2,212,235,40,23,1,1,1
193,2,213,236,39,22,1,1,1
194,2,213,237,40,23,1,1,1
195,2,213,238,39,23,1,1,1
196,2,214,239,39,22,1,1,1
197,2,214,239,39,22,1,1,1
198,2,214,239,40,23,1,1,1
199,2,213,239,40,23,1,1,1
200,2,213,239,40,23,1,1,1
201,2,213,239,39,27,1,1,1
202,2,213,239,39,27,1,1,1
203,2,212,239,39,27,1,1,1
204,2,212,238,39,27,1,1,1
205,2,211,238,39,27,1,1,1
206,2,211,238,39,27,1,1,1
207,2,209,237,39,27,1,1,1
208,2,208,236,39,27,1,1,1
209,2,207,235,39,27,1,1,1
210,2,207,234,39,27,1,1,1
211,2,205,233,38,27,1,1,1
212,2,204,232,39,27,1,1,1
213,2,204,231,38,27,1,1,1
214,2,203,231,39,27,1,1,1
215,2,200,230,38,26,1,1,1
216,2,199,229,38,27,1,1,1
217,2,197,228,38,27,1,1,1
218,2,196,227,38,26,1,1,1
219,2,193,226,38,27,1,1,1
220,2,190,225,38,26,1,1,1
221,2,188,223,38,26,1,1,1
222,2,186,222,38,26,1,1,1
223,2,182,219,39,27,1,1,1
224,2,181,218,38,27,1,1,1
225,2,179,216,38,27,1,1,1
226,2,176,214,38,27,1,1,1
227,2,173,211,38,26,1,1,1
228,2,171,209,38,26,1,1,1
229,2,170,208,38,26,1,1,1
230,2,167,206,38,27,1,1,1
231,2,166,202,38,26,1,1,1
232,2,165,201,38,26,1,1,1
233,2,165,199,38,26,1,1,1
234,2,165,198,38,26,1,1,1
235,2,164,196,38,27,1,1,1
236,2,165,195,38,26,1,1,1
237,2,166,194,38,26,1,1,1
238,2,167,195,38,26,1,1,1
239,2,169,195,38,26,1,1,1
240,2,170,195,38,26,1,1,1
241,2,171,196,38,26,1,1,1
242,2,173,197,38,26,1,1,1
243,2,176,199,38,26,1,1,1
244,2,178,200,38,26,1,1,1
245,2,179,202,38,26,1,1,1
246,2,181,203,38,26,1,1,1
247,2,184,207,38,26,1,1,1
248,2,186,209,38,26,1,1,1
249,2,187,211,37,26,1,1,1
250,2,189,213,37,26,1,1,1
251,2,192,217,37,26,1,1,1
252,2,194,218,38,26,1,1,1
253,2,195,220,38,26,1,1,1
254,2,196,222,38,26,1,1,1
255,2,199,226,38,26,1,1,1
256,2,201,228,38,26,1,1,1
257,2,202,229,38,26,1,1,1
258,2,203,231,38,26,1,1,1
259,2,205,235,38,26,1,1,1
260,2,205,237,38,26,1,1,1
261,2,206,239,38,27,1,1,1
262,2,207,241,38,26,1,1,1
263,2,208,244,38,27,1,1,1
264,2,209,246,38,26,1,1,1
265,2,210,249,38,26,1,1,1
266,2,211,251,38,26,1,1,1
267,2,212,255,38,26,1,1,1
268,2,213,258,38,26,1,1,1
269,2,213,260,38,26,1,1,1
270,2,213,262,38,26,1,1,1
271,2,215,268,37,26,1,1,1
272,2,216,271,37,26,1,1,1
273,2,217,273,37,26,1,1,1
274,2,218,276,37,25,1,1,1
275,2,219,282,38,26,1,1,1
276,2,220,285,37,26,1,1,1
277,2,221,288,37,26,1,1,1
278,2,222,290,37,26,1,1,1
279,2,225,296,37,26,1,1,1
280,2,226,299,37,26,1,1,1
281,2,227,302,37,26,1,1,1
282,2,229,305,37,25,1,1,1
283,2,231,310,37,26,1,1,1
284,2,233,313,37,25,1,1,1
285,2,234,316,37,25,1,1,1
286,2,236,319,38,26,1,1,1
287,2,238,324,37,25,1,1,1
288,2,240,326,38,26,1,1,1
289,2,241,328,36,25,1,1,1
290,2,243,331,36,25,1,1,1
291,2,245,335,36,25,1,1,1
292,2,246,338,36,25,1,1,1
293,2,247,339,36,25,1,1,1
294,2,249,341,37,25,1,1,1
295,2,251,345,36,25,1,1,1
296,2,252,347,36,25,1,1,1
297,2,253,349,36,25,1,1,1
298,2,251,351,36,25,1,1,1
299,2,252,355,36,25,1,1,1
300,2,252,356,36,25,1,1,1
301,2,253,356,37,26,1,1,1
302,2,253,359,36,25,1,1,1
303,2,254,360,36,25,1,1,1
304,2,254,361,37,25,1,1,1
305,2,254,362,37,25,1,1,1
306,2,254,362,39,27,1,1,1
307,2,254,364,37,26,1,1,1
308,2,254,364,37,26,1,1,1
309,2,255,365,36,25,1,1,1
310,2,254,364,36,25,1,1,1
311,2,255,365,36,25,1,1,1
312,2,255,364,36,25,1,1,1
313,2,254,364,37,26,1,1,1
314,2,255,364,36,25,1,1,1
315,2,255,363,36,25,1,1,1
316,2,254,362,37,25,1,1,1
317,2,255,361,37,25,1,1,1
318,2,255,360,37,26,1,1,1
319,2,255,360,37,25,1,1,1
320,2,255,359,36,25,1,1,1
321,2,255,359,36,25,1,1,1
322,2,255,358,36,25,1,1,1
323,2,256,357,36,25,1,1,1
324,2,256,357,36,25,1,1,1
325,2,256,356,36,25,1,1,1
326,2,256,356,35,25,1,1,1
327,2,256,356,36,25,1,1,1
328,2,256,355,36,25,1,1,1
329,2,255,355,36,25,1,1,1
330,2,255,355,36,25,1,1,1
1,3,1082,393,68,34,1,1,1
2,3,1083,393,68,34,1,1,1
3,3,1083,393,68,34,1,1,1
4,3,1084,392,68,34,1,1,1
5,3,1085,392,68,34,1,1,1
6,3,1086,392,68,34,1,1,1
7,3,1087,392,68,34,1,1,1
8,3,1088,392,68,34,1,1,1
9,3,1089,391,68,34,1,1,1
10,3,1089,391,68,34,1,1,1
11,3,1090,391,68,34,1,1,1
12,3,1092,391,68,34,1,1,1
13,3,1092,391,68,34,1,1,1
14,3,1093,391,68,34,1,1,1
15,3,1094,391,68,34,1,1,1
16,3,1095,391,68,34,1,1,1
17,3,1095,390,68,34,1,1,1
18,3,1096,391,68,34,1,1,1
19,3,1096,391,68,34,1,1,1
20,3,1097,391,68,34,1,1,1
21,3,1098,391,68,34,1,1,1
22,3,1098,391,69,34,1,1,1
23,3,1098,391,68,34,1,1,1
24,3,1099,392,68,34,1,1,1
25,3,1099,392,68,34,1,1,1
26,3,1099,392,68,34,1,1,1
27,3,1099,392,68,34,1,1,1
28,3,1099,393,68,34,1,1,1
29,3,1099,393,69,34,1,1,1
30,3,1099,393,69,34,1,1,1
31,3,1098,394,68,34,1,1,1
32,3,1098,394,69,34,1,1,1
33,3,1098,395,69,34,1,1,1
34,3,1097,395,69,34,1,1,1
35,3,1097,396,69,34,1,1,1
36,3,1097,398,69,34,1,1,1
37,3,1096,398,69,34,1,1,1
38,3,1096,399,69,34,1,1,1
39,3,1096,400,69,34,1,1,1
40,3,1095,402,69,34,1,1,1
41,3,1095,404,69,34,1,1,1
42,3,1094,405,69,34,1,1,1
43,3,1094,406,68,34,1,1,1
44,3,1094,409,69,34,1,1,1
45,3,1094,411,69,34,1,1,1
46,3,1094,412,69,34,1,1,1
47,3,1093,414,69,34,1,1,1
48,3,1093,418,69,34,1,1,1
49,3,1093,419,69,34,1,1,1
50,3,1093,421,69,34,1,1,1
51,3,1093,423,69,34,1,1,1
52,3,1092,427,69,35,1,1,1
53,3,1092,429,69,34,1,1,1
54,3,1092,431,69,34,1,1,1
55,3,1092,433,69,35,1,1,1
56,3,1091,437,69,35,1,1,1
57,3,1091,439,69,34,1,1,1
58,3,1091,441,69,34,1,1,1
59,3,1091,443,69,34,1,1,1
60,3,1090,447,69,34,1,1,1
61,3,1090,449,69,34,1,1,1
62,3,1090,451,69,34,1,1,1
63,3,1090,453,69,34,1,1,1
64,3,1089,457,69,34,1,1,1
65,3,1089,460,69,34,1,1,1
66,3,1089,462,69,34,1,1,1
67,3,1088,464,69,34,1,1,1
68,3,1088,469,69,34,1,1,1
69,3,1088,471,69,34,1,1,1
70,3,1088,474,69,34,1,1,1
71,3,1087,476,69,34,1,1,1
72,3,1087,481,69,34,1,1,1
73,3,1087,484,69,34,1,1,1
74,3,1086,486,69,34,1,1,1
75,3,1086,489,69,34,1,1,1
76,3,1085,494,69,34,1,1,1
77,3,1085,497,69,34,1,1,1
78,3,1085,500,69,34,1,1,1
79,3,1085,503,69,34,1,1,1
80,3,1084,508,69,34,1,1,1
81,3,1083,511,69,34,1,1,1
82,3,1083,514,69,34,1,1,1
83,3,1082,517,69,34,1,1,1
84,3,1080,523,69,34,1,1,1
85,3,1080,526,69,34,1,1,1
86,3,1080,528,69,34,1,1,1
87,3,1079,531,69,34,1,1,1
88,3,1078,536,69,34,1,1,1
89,3,1077,539,69,34,1,1,1
90,3,1077,542,69,34,1,1,1
91,3,1077,545,69,34,1,1,1
92,3,1076,551,69,34,1,1,1
93,3,1076,553,70,34,1,1,1
94,3,1076,556,69,34,1,1,1
95,3,1076,559,69,34,1,1,1
96,3,1076,565,69,34,1,1,1
97,3,1077,568,69,34,1,1,1
98,3,1077,571,69,34,1,1,1
99,3,1077,573,70,34,1,1,1
100,3,1078,579,70,34,1,1,1
101,3,1079,582,70,34,1,1,1
102,3,1080,585,69,34,1,1,1
103,3,1080,588,69,34,1,1,1
104,3,1081,594,71,35,1,1,1
105,3,1082,597,70,35,1,1,1
1,4,1042,240,37,19,1,1,1
2,4,1042,240,37,19,1,1,1
3,4,1043,239,37,19,1,1,1
4,4,1044,239,37,19,1,1,1
5,4,1045,239,37,19,1,1,1
6,4,1046,239,37,19,1,1,1
7,4,1046,239,37,19,1,1,1
8,4,1047,233,38,20,1,1,1
9,4,1048,233,38,20,1,1,1
10,4,1046,231,38,20,1,1,1
11,4,1047,231,38,20,1,1,1
12,4,1048,230,38,20,1,1,1
13,4,1051,227,38,20,1,1,1
14,4,1051,227,38,20,1,1,1
15,4,1052,226,38,20,1,1,1
16,4,1053,224,37,20,1,1,1
17,4,1054,224,37,20,1,1,1
18,4,1054,223,37,20,1,1,1
19,4,1054,222,37,20,1,1,1
20,4,1055,220,37,20,1,1,1
21,4,1055,220,37,20,1,1,1
22,4,1056,217,37,20,1,1,1
23,4,1056,217,37,20,1,1,1
24,4,1056,215,37,20,1,1,1
25,4,1056,215,37,20,1,1,1
26,4,1056,215,37,20,1,1,1
27,4,1056,212,36,20,1,1,1
28,4,1055,211,37,20,1,1,1
29,4,1056,209,36,20,1,1,1
30,4,1056,209,36,20,1,1,1
31,4,1055,208,37,20,1,1,1
32,4,1054,204,36,20,1,1,1
33,4,1054,204,36,20,1,1,1
34,4,1053,203,36,20,1,1,1
35,4,1053,202,35,19,1,1,1
36,4,1053,201,35,19,1,1,1
37,4,1053,201,35,19,1,1,1
38,4,1053,200,34,19,1,1,1
39,4,1049,199,42,20,1,1,1
40,4,1048,201,42,20,1,1,1
41,4,1049,199,42,20,1,1,1
42,4,1049,199,42,20,1,1,1
43,4,1048,199,43,20,1,1,1
44,4,1046,197,42,20,1,1,1
45,4,1046,198,42,20,1,1,1
46,4,1046,200,42,20,1,1,1
47,4,1043,195,42,20,1,1,1
48,4,1043,196,41,20,1,1,1
49,4,1043,194,43,20,1,1,1
50,4,1043,194,43,20,1,1,1
51,4,1042,194,43,20,1,1,1
52,4,1042,193,43,20,1,1,1
53,4,1042,194,43,20,1,1,1
54,4,1041,193,43,20,1,1,1
55,4,1039,191,45,23,1,1,1
56,4,1038,192,45,23,1,1,1
57,4,1038,194,45,23,1,1,1
58,4,1036,191,45,23,1,1,1
59,4,1036,191,45,23,1,1,1
60,4,1035,190,45,23,1,1,1
61,4,1035,190,45,23,1,1,1
62,4,1034,191,45,23,1,1,1
63,4,1034,191,45,23,1,1,1
64,4,1032,190,48,24,1,1,1
65,4,1031,192,48,24,1,1,1
66,4,1031,187,46,23,1,1,1
67,4,1031,187,46,23,1,1,1
68,4,1031,186,45,22,1,1,1
69,4,1030,186,45,23,1,1,1
70,4,1029,186,46,23,1,1,1
71,4,1029,186,44,23,1,1,1
72,4,1028,185,44,23,1,1,1
73,4,1027,186,44,23,1,1,1
74,4,1027,185,44,23,1,1,1
75,4,1026,185,44,23,1,1,1
76,4,1025,185,44,23,1,1,1
77,4,1024,185,44,23,1,1,1
78,4,1024,186,44,23,1,1,1
79,4,1024,186,44,23,1,1,1
80,4,1023,187,43,23,1,1,1
81,4,1022,188,43,23,1,1,1
82,4,1021,189,44,23,1,1,1
83,4,1020,186,44,23,1,1,1
84,4,1018,187,44,23,1,1,1
85,4,1017,186,45,23,1,1,1
86,4,1016,187,45,23,1,1,1
87,4,1015,188,44,23,1,1,1
88,4,1013,187,47,24,1,1,1
89,4,1013,188,45,24,1,1,1
90,4,1012,189,45,24,1,1,1
91,4,1011,190,45,24,1,1,1
92,4,1010,189,46,24,1,1,1
93,4,1010,190,45,24,1,1,1
94,4,1015,190,39,25,1,1,1
95,4,1015,191,38,24,1,1,1
96,4,1014,191,39,25,1,1,1
97,4,1014,191,39,25,1,1,1
98,4,1014,192,38,25,1,1,1
99,4,1014,192,38,25,1,1,1
100,4,1014,192,39,25,1,1,1
101,4,1015,193,37,24,1,1,1
102,4,1014,193,38,24,1,1,1
103,4,1015,193,38,25,1,1,1
104,4,1015,194,38,25,1,1,1
105,4,1015,194,38,25,1,1,1
106,4,1015,194,39,25,1,1,1
107,4,1015,194,39,25,1,1,1
108,4,1016,195,38,25,1,1,1
109,4,1016,195,39,25,1,1,1
110,4,1016,195,39,25,1,1,1
111,4,1017,196,38,24,1,1,1
112,4,1017,197,39,25,1,1,1
113,4,1016,197,39,25,1,1,1
114,4,1017,198,38,25,1,1,1
115,4,1016,198,39,25,1,1,1
116,4,1016,199,39,25,1,1,1
117,4,1016,201,39,25,1,1,1
118,4,1015,201,39,25,1,1,1
119,4,1015,202,39,25,1,1,1
120,4,1015,204,38,24,1,1,1
121,4,1013,204,39,25,1,1,1
122,4,1013,205,39,25,1,1,1
123,4,1012,206,39,25,1,1,1
124,4,1010,208,39,25,1,1,1
125,4,1010,210,38,25,1,1,1
126,4,1009,211,39,25,1,1,1
127,4,1008,212,39,25,1,1,1
128,4,1006,215,38,24,1,1,1
129,4,1006,216,37,24,1,1,1
130,4,1005,219,37,24,1,1,1
131,4,1004,221,36,23,1,1,1
132,4,1004,226,34,21,1,1,1
133,4,1003,223,34,22,1,1,1
134,4,1003,226,33,21,1,1,1
135,4,1002,225,34,22,1,1,1
136,4,1001,229,34,22,1,1,1
137,4,1001,231,33,22,1,1,1
138,4,1000,235,33,22,1,1,1
139,4,996,232,37,22,1,1,1
140,4,996,234,36,22,1,1,1
141,4,995,235,39,23,1,1,1
142,4,995,236,39,23,1,1,1
143,4,995,236,41,24,1,1,1
144,4,995,237,37,22,1,1,1
145,4,995,238,37,22,1,1,1
146,4,995,239,37,22,1,1,1
147,4,995,239,37,22,1,1,1
148,4,995,241,37,22,1,1,1
149,4,995,242,37,22,1,1,1
150,4,995,242,37,22,1,1,1
151,4,995,243,37,22,1,1,1
152,4,995,244,37,22,1,1,1
153,4,994,245,37,22,1,1,1
154,4,994,246,37,22,1,1,1
155,4,994,247,37,22,1,1,1
156,4,994,248,37,22,1,1,1
157,4,993,249,37,22,1,1,1
158,4,993,250,36,22,1,1,1
159,4,992,251,36,22,1,1,1
160,4,991,252,36,22,1,1,1
161,4,990,254,36,22,1,1,1
162,4,990,254,36,22,1,1,1
163,4,989,255,36,22,1,1,1
164,4,988,257,36,21,1,1,1
165,4,987,257,36,21,1,1,1
166,4,986,258,36,22,1,1,1
167,4,986,259,36,22,1,1,1
168,4,984,261,36,22,1,1,1
169,4,984,261,37,22,1,1,1
170,4,983,262,36,22,1,1,1
171,4,983,262,36,22,1,1,1
172,4,983,264,36,22,1,1,1
173,4,983,265,36,22,1,1,1
174,4,983,265,37,22,1,1,1
175,4,983,266,36,22,1,1,1
176,4,983,267,36,21,1,1,1
177,4,983,268,36,21,1,1,1
178,4,982,268,36,21,1,1,1
179,4,983,270,36,21,1,1,1
180,4,983,271,36,21,1,1,1
181,4,984,271,36,21,1,1,1
182,4,984,272,36,21,1,1,1
183,4,985,275,36,21,1,1,1
184,4,985,276,36,21,1,1,1
185,4,985,276,36,21,1,1,1
186,4,985,277,36,21,1,1,1
187,4,985,279,36,21,1,1,1
188,4,985,281,36,21,1,1,1
189,4,985,282,36,21,1,1,1
190,4,985,283,36,21,1,1,1
191,4,985,285,36,21,1,1,1
192,4,984,286,36,21,1,1,1
193,4,984,287,36,21,1,1,1
194,4,984,288,36,22,1,1,1
195,4,983,289,36,21,1,1,1
196,4,983,290,36,21,1,1,1
197,4,982,290,36,22,1,1,1
198,4,981,291,36,22,1,1,1
199,4,980,291,36,22,1,1,1
200,4,979,291,36,21,1,1,1
201,4,978,291,36,21,1,1,1
202,4,978,291,36,21,1,1,1
203,4,976,291,36,21,1,1,1
204,4,975,290,36,21,1,1,1
205,4,973,290,36,22,1,1,1
206,4,973,290,36,22,1,1,1
207,4,970,289,36,22,1,1,1
208,4,969,289,36,21,1,1,1
209,4,968,288,36,21,1,1,1
210,4,967,288,36,21,1,1,1
211,4,964,288,35,21,1,1,1
212,4,963,287,35,21,1,1,1
213,4,961,286,35,21,1,1,1
214,4,960,286,35,21,1,1,1
215,4,957,286,35,21,1,1,1
216,4,955,286,35,21,1,1,1
217,4,953,285,35,21,1,1,1
218,4,951,285,35,21,1,1,1
219,4,947,285,34,20,1,1,1
220,4,945,284,35,21,1,1,1
221,4,942,283,35,21,1,1,1
222,4,939,283,34,20,1,1,1
223,4,935,281,34,20,1,1,1
224,4,933,280,34,20,1,1,1
225,4,931,280,34,20,1,1,1
226,4,928,278,34,20,1,1,1
227,4,924,276,34,20,1,1,1
228,4,922,276,34,20,1,1,1
229,4,920,274,34,20,1,1,1
230,4,919,273,34,20,1,1,1
231,4,917,271,34,20,1,1,1
232,4,916,270,34,20,1,1,1
233,4,916,269,34,20,1,1,1
234,4,915,268,34,20,1,1,1
235,4,914,266,34,20,1,1,1
236,4,914,265,34,20,1,1,1
237,4,914,265,34,20,1,1,1
238,4,915,264,34,20,1,1,1
239,4,916,264,34,20,1,1,1
240,4,917,265,34,20,1,1,1
241,4,918,265,33,20,1,1,1
242,4,919,265,33,20,1,1,1
243,4,921,267,33,20,1,1,1
244,4,922,267,33,20,1,1,1
245,4,923,268,33,20,1,1,1
246,4,924,269,33,20,1,1,1
247,4,926,272,33,20,1,1,1
248,4,927,273,33,20,1,1,1
249,4,928,274,33,20,1,1,1
250,4,929,276,33,20,1,1,1
251,4,931,279,33,20,1,1,1
252,4,932,280,33,20,1,1,1
253,4,933,282,34,20,1,1,1
254,4,933,283,34,20,1,1,1
255,4,934,286,34,20,1,1,1
256,4,935,288,34,20,1,1,1
257,4,936,290,34,20,1,1,1
258,4,936,292,34,20,1,1,1
259,4,937,295,34,20,1,1,1
260,4,937,297,34,20,1,1,1
261,4,938,299,34,20,1,1,1
262,4,938,301,34,20,1,1,1
263,4,938,305,34,20,1,1,1
264,4,938,308,34,20,1,1,1
265,4,939,310,34,20,1,1,1
266,4,939,312,34,20,1,1,1
267,4,939,318,34,20,1,1,1
268,4,939,320,34,20,1,1,1
269,4,939,322,34,20,1,1,1
270,4,940,325,34,20,1,1,1
271,4,940,331,34,20,1,1,1
272,4,940,334,34,20,1,1,1
273,4,941,336,34,20,1,1,1
274,4,941,339,34,20,1,1,1
275,4,942,344,34,20,1,1,1
276,4,942,347,34,20,1,1,1
277,4,943,350,34,20,1,1,1
278,4,944,353,34,20,1,1,1
279,4,946,358,34,20,1,1,1
280,4,947,361,34,20,1,1,1
281,4,948,363,34,20,1,1,1
282,4,949,366,34,20,1,1,1
283,4,951,371,34,20,1,1,1
284,4,952,374,34,20,1,1,1
285,4,953,377,34,20,1,1,1
286,4,954,380,34,20,1,1,1
287,4,957,384,33,20,1,1,1
288,4,958,386,33,20,1,1,1
289,4,959,388,34,20,1,1,1
290,4,960,391,34,20,1,1,1
291,4,962,395,34,20,1,1,1
292,4,963,397,34,20,1,1,1
293,4,964,399,34,20,1,1,1
294,4,965,401,33,20,1,1,1
295,4,967,405,34,20,1,1,1
296,4,967,407,34,20,1,1,1
297,4,967,409,34,20,1,1,1
298,4,969,412,34,20,1,1,1
299,4,970,416,34,20,1,1,1
300,4,971,418,34,20,1,1,1
301,4,971,419,34,20,1,1,1
302,4,972,421,33,20,1,1,1
303,4,972,424,34,20,1,1,1
304,4,972,426,34,20,1,1,1
305,4,972,427,34,20,1,1,1
306,4,972,429,34,20,1,1,1
307,4,972,432,34,20,1,1,1
308,4,972,433,34,20,1,1,1
309,4,972,434,34,20,1,1,1
310,4,972,434,34,20,1,1,1
311,4,972,436,34,20,1,1,1
312,4,971,436,34,20,1,1,1
313,4,971,437,34,20,1,1,1
314,4,971,437,34,20,1,1,1
315,4,970,437,33,20,1,1,1
316,4,970,437,33,23,1,1,1
317,4,970,436,33,23,1,1,1
318,4,970,437,33,23,1,1,1
319,4,969,436,33,23,1,1,1
320,4,969,436,33,23,1,1,1
321,4,968,436,33,23,1,1,1
322,4,968,435,33,23,1,1,1
323,4,967,434,33,23,1,1,1
324,4,968,434,33,23,1,1,1
325,4,967,434,33,23,1,1,1
326,4,967,433,33,23,1,1,1
327,4,966,433,33,23,1,1,1
328,4,967,433,33,23,1,1,1
329,4,966,432,33,23,1,1,1
330,4,965,432,33,23,1,1,1
1,5,634,264,35,17,1,1,1
2,5,635,264,35,17,1,1,1
3,5,635,263,35,17,1,1,1
4,5,636,263,35,17,1,1,1
5,5,637,263,35,17,1,1,1
6,5,638,260,47,20,1,1,1
7,5,639,260,47,20,1,1,1
8,5,644,259,41,19,1,1,1
9,5,645,259,41,19,1,1,1
10,5,644,256,41,19,1,1,1
11,5,645,256,41,19,1,1,1
12,5,646,255,41,19,1,1,1
13,5,644,249,42,21,1,1,1
14,5,645,249,42,21,1,1,1
15,5,645,249,42,21,1,1,1
16,5,648,247,41,20,1,1,1
17,5,648,247,41,20,1,1,1
18,5,649,247,41,20,1,1,1
19,5,649,247,41,20,1,1,1
20,5,650,244,41,18,1,1,1
21,5,650,244,41,18,1,1,1
22,5,651,241,41,21,1,1,1
23,5,651,241,41,21,1,1,1
24,5,651,240,41,21,1,1,1
25,5,651,240,41,21,1,1,1
26,5,651,240,41,21,1,1,1
27,5,652,238,41,21,1,1,1
28,5,652,239,41,21,1,1,1
29,5,651,233,41,21,1,1,1
30,5,651,233,41,21,1,1,1
31,5,649,232,41,21,1,1,1
32,5,648,228,41,21,1,1,1
33,5,648,228,41,21,1,1,1
34,5,648,229,41,21,1,1,1
35,5,647,230,41,21,1,1,1
36,5,646,226,41,21,1,1,1
37,5,646,227,41,21,1,1,1
38,5,645,228,41,21,1,1,1
39,5,645,223,41,21,1,1,1
40,5,644,225,41,21,1,1,1
41,5,645,222,41,21,1,1,1
42,5,645,223,41,21,1,1,1
43,5,645,221,41,21,1,1,1
44,5,646,220,41,21,1,1,1
45,5,646,221,41,21,1,1,1
46,5,646,223,41,21,1,1,1
47,5,643,220,41,21,1,1,1
48,5,643,223,41,21,1,1,1
49,5,641,217,41,21,1,1,1
50,5,641,218,41,21,1,1,1
51,5,641,221,41,21,1,1,1
52,5,640,218,41,21,1,1,1
53,5,640,219,41,21,1,1,1
54,5,639,222,41,21,1,1,1
55,5,639,218,40,21,1,1,1
56,5,639,215,41,21,1,1,1
57,5,639,216,41,21,1,1,1
58,5,639,216,40,21,1,1,1
59,5,639,215,39,20,1,1,1
60,5,638,216,38,20,1,1,1
61,5,638,215,39,20,1,1,1
62,5,637,215,38,20,1,1,1
63,5,637,215,39,20,1,1,1
64,5,636,215,39,20,1,1,1
65,5,635,214,39,20,1,1,1
66,5,635,214,39,20,1,1,1
67,5,635,214,39,20,1,1,1
68,5,634,214,39,20,1,1,1
69,5,633,214,39,20,1,1,1
70,5,632,214,39,20,1,1,1
71,5,632,214,39,20,1,1,1
72,5,632,214,39,20,1,1,1
73,5,632,214,39,20,1,1,1
74,5,631,215,39,20,1,1,1
75,5,631,215,39,20,1,1,1
76,5,630,215,39,20,1,1,1
77,5,629,215,39,20,1,1,1
78,5,629,216,39,20,1,1,1
79,5,628,216,39,20,1,1,1
80,5,627,217,39,20,1,1,1
81,5,626,217,39,20,1,1,1
82,5,626,217,39,20,1,1,1
83,5,625,218,39,20,1,1,1
84,5,623,219,39,20,1,1,1
85,5,623,219,39,20,1,1,1
86,5,622,219,39,20,1,1,1
87,5,621,219,40,20,1,1,1
88,5,619,220,40,20,1,1,1
89,5,619,220,39,20,1,1,1
90,5,618,220,40,20,1,1,1
91,5,618,221,39,20,1,1,1
92,5,617,222,40,20,1,1,1
93,5,616,222,40,20,1,1,1
94,5,616,222,39,20,1,1,1
95,5,616,223,39,20,1,1,1
96,5,615,224,39,20,1,1,1
97,5,615,224,39,20,1,1,1
98,5,615,224,39,20,1,1,1
99,5,615,225,39,20,1,1,1
100,5,615,225,39,20,1,1,1
101,5,615,226,39,20,1,1,1
102,5,615,226,39,20,1,1,1
103,5,616,227,39,20,1,1,1
104,5,617,228,38,20,1,1,1
105,5,617,228,39,20,1,1,1
106,5,617,229,39,20,1,1,1
107,5,617,229,39,20,1,1,1
108,5,618,230,39,20,1,1,1
109,5,619,230,38,20,1,1,1
110,5,619,231,38,20,1,1,1
111,5,619,232,39,20,1,1,1
112,5,619,233,39,20,1,1,1
113,5,619,234,39,20,1,1,1
114,5,620,234,39,20,1,1,1
115,5,620,235,39,20,1,1,1
116,5,620,236,39,20,1,1,1
117,5,620,238,38,20,1,1,1
118,5,620,238,39,20,1,1,1
119,5,620,239,39,20,1,1,1
120,5,619,241,38,20,1,1,1
121,5,619,243,38,20,1,1,1
122,5,619,243,39,20,1,1,1
123,5,618,244,39,20,1,1,1
124,5,617,247,39,20,1,1,1
125,5,617,248,39,20,1,1,1
126,5,616,249,40,20,1,1,1
127,5,616,250,39,20,1,1,1
128,5,615,253,39,20,1,1,1
129,5,615,254,39,20,1,1,1
130,5,614,255,39,20,1,1,1
131,5,614,257,39,20,1,1,1
132,5,613,259,39,20,1,1,1
133,5,612,260,39,20,1,1,1
134,5,612,262,39,20,1,1,1
135,5,612,263,39,20,1,1,1
136,5,611,265,39,20,1,1,1
137,5,611,266,39,20,1,1,1
138,5,611,267,39,20,1,1,1
139,5,611,268,39,20,1,1,1
140,5,611,270,39,20,1,1,1
141,5,611,271,39,20,1,1,1
142,5,611,272,39,20,1,1,1
143,5,612,273,39,20,1,1,1
144,5,612,275,39,20,1,1,1
145,5,612,276,39,20,1,1,1
146,5,613,277,40,20,1,1,1
147,5,613,278,39,20,1,1,1
148,5,614,280,39,20,1,1,1
149,5,614,280,40,20,1,1,1
150,5,614,281,40,20,1,1,1
151,5,614,282,40,20,1,1,1
152,5,615,284,39,20,1,1,1
153,5,615,285,40,20,1,1,1
154,5,615,286,39,20,1,1,1
155,5,615,287,40,20,1,1,1
156,5,616,289,40,20,1,1,1
157,5,615,290,40,20,1,1,1
158,5,615,292,40,20,1,1,1
159,5,615,293,39,20,1,1,1
160,5,615,295,39,20,1,1,1
161,5,614,297,39,20,1,1,1
162,5,614,298,40,20,1,1,1
163,5,614,299,39,20,1,1,1
164,5,613,302,40,20,1,1,1
165,5,613,303,40,20,1,1,1
166,5,613,304,39,20,1,1,1
167,5,613,305,40,20,1,1,1
168,5,612,307,40,20,1,1,1
169,5,612,308,40,20,1,1,1
170,5,612,309,40,20,1,1,1
171,5,612,310,40,21,1,1,1
172,5,613,312,40,20,1,1,1
173,5,613,313,36,23,1,1,1
174,5,613,314,36,23,1,1,1
175,5,614,315,36,23,1,1,1
176,5,615,317,35,22,1,1,1
177,5,615,318,35,22,1,1,1
178,5,615,319,34,22,1,1,1
179,5,616,321,34,22,1,1,1
180,5,616,322,34,22,1,1,1
181,5,617,323,34,22,1,1,1
182,5,618,324,34,22,1,1,1
183,5,618,327,34,22,1,1,1
184,5,619,328,34,22,1,1,1
185,5,619,329,34,22,1,1,1
186,5,619,330,34,22,1,1,1
187,5,620,333,34,22,1,1,1
188,5,620,334,34,22,1,1,1
189,5,620,335,34,22,1,1,1
190,5,620,337,34,22,1,1,1
191,5,620,339,34,22,1,1,1
192,5,620,340,34,22,1,1,1
193,5,620,341,34,22,1,1,1
194,5,620,342,34,22,1,1,1
195,5,620,344,34,22,1,1,1
196,5,619,344,34,22,1,1,1
197,5,619,345,34,22,1,1,1
198,5,619,345,34,22,1,1,1
199,5,617,346,34,22,1,1,1
200,5,617,346,34,22,1,1,1
201,5,616,346,34,22,1,1,1
202,5,616,346,34,22,1,1,1
203,5,614,347,34,22,1,1,1
204,5,614,346,35,22,1,1,1
205,5,613,346,34,22,1,1,1
206,5,612,347,34,22,1,1,1
207,5,610,347,34,22,1,1,1
208,5,609,346,34,22,1,1,1
209,5,608,346,34,21,1,1,1
210,5,607,346,34,22,1,1,1
211,5,605,346,33,21,1,1,1
212,5,604,345,33,21,1,1,1
213,5,603,345,33,21,1,1,1
214,5,601,345,33,21,1,1,1
215,5,598,345,33,21,1,1,1
216,5,597,345,33,21,1,1,1
217,5,595,345,33,21,1,1,1
218,5,593,344,33,21,1,1,1
219,5,590,345,33,21,1,1,1
220,5,587,344,33,21,1,1,1
221,5,585,344,33,21,1,1,1
222,5,583,343,33,21,1,1,1
223,5,579,342,32,21,1,1,1
224,5,577,342,32,21,1,1,1
225,5,575,341,32,21,1,1,1
226,5,573,340,32,21,1,1,1
227,5,569,339,32,21,1,1,1
228,5,568,338,32,21,1,1,1
229,5,566,337,32,21,1,1,1
230,5,565,336,33,21,1,1,1
231,5,563,334,33,21,1,1,1
232,5,563,333,33,21,1,1,1
233,5,562,332,33,21,1,1,1
234,5,562,332,32,21,1,1,1
235,5,562,330,33,21,1,1,1
236,5,562,330,33,21,1,1,1
237,5,562,329,33,21,1,1,1
238,5,563,329,33,21,1,1,1
239,5,564,329,33,21,1,1,1
240,5,566,330,33,21,1,1,1
241,5,567,331,33,21,1,1,1
242,5,568,331,33,21,1,1,1
243,5,570,333,33,21,1,1,1
244,5,572,334,33,21,1,1,1
245,5,573,335,33,21,1,1,1
246,5,575,337,33,21,1,1,1
247,5,577,340,33,21,1,1,1
248,5,578,342,33,21,1,1,1
249,5,580,344,33,21,1,1,1
250,5,581,345,33,21,1,1,1
251,5,583,349,34,22,1,1,1
252,5,585,351,34,21,1,1,1
253,5,585,352,34,22,1,1,1
254,5,586,354,35,22,1,1,1
255,5,588,358,35,22,1,1,1
256,5,589,360,35,22,1,1,1
257,5,590,361,35,22,1,1,1
258,5,590,364,35,23,1,1,1
259,5,591,368,36,23,1,1,1
260,5,592,370,36,23,1,1,1
261,5,592,372,36,23,1,1,1
262,5,593,374,36,23,1,1,1
263,5,594,379,37,23,1,1,1
264,5,594,381,36,23,1,1,1
265,5,595,384,36,23,1,1,1
266,5,595,387,36,23,1,1,1
267,5,595,392,36,23,1,1,1
268,5,596,395,36,23,1,1,1
269,5,596,397,36,23,1,1,1
270,5,596,400,36,23,1,1,1
271,5,597,406,36,23,1,1,1
272,5,598,409,36,23,1,1,1
273,5,598,412,36,23,1,1,1
274,5,599,415,36,23,1,1,1
275,5,600,421,36,23,1,1,1
276,5,600,425,36,23,1,1,1
277,5,601,428,36,23,1,1,1
278,5,602,431,36,23,1,1,1
279,5,604,437,37,23,1,1,1
280,5,605,440,36,23,1,1,1
281,5,607,443,36,23,1,1,1
282,5,608,446,36,23,1,1,1
283,5,610,452,37,23,1,1,1
284,5,611,456,36,23,1,1,1
285,5,613,458,36,23,1,1,1
286,5,614,461,37,23,1,1,1
287,5,617,467,36,23,1,1,1
288,5,618,470,36,23,1,1,1
289,5,619,472,36,23,1,1,1
290,5,620,475,37,23,1,1,1
291,5,623,481,37,23,1,1,1
292,5,624,483,37,23,1,1,1
293,5,625,486,37,23,1,1,1
294,5,626,488,37,23,1,1,1
295,5,628,493,37,24,1,1,1
296,5,629,495,37,23,1,1,1
297,5,630,497,37,24,1,1,1
298,5,630,501,37,23,1,1,1
299,5,631,505,37,24,1,1,1
300,5,632,507,37,24,1,1,1
301,5,632,509,37,24,1,1,1
302,5,633,511,38,24,1,1,1
303,5,633,514,37,24,1,1,1
304,5,633,516,37,24,1,1,1
305,5,633,517,38,24,1,1,1
306,5,633,519,37,24,1,1,1
307,5,633,521,38,24,1,1,1
308,5,633,522,37,24,1,1,1
309,5,633,522,37,24,1,1,1
310,5,633,523,37,24,1,1,1
311,5,633,524,37,24,1,1,1
312,5,633,525,37,24,1,1,1
313,5,633,525,37,24,1,1,1
314,5,633,524,38,24,1,1,1
315,5,633,525,37,24,1,1,1
316,5,633,525,37,24,1,1,1
317,5,633,524,38,24,1,1,1
318,5,632,524,38,24,1,1,1
319,5,633,524,37,24,1,1,1
320,5,632,523,38,24,1,1,1
321,5,632,523,38,24,1,1,1
322,5,632,523,38,24,1,1,1
323,5,632,522,37,24,1,1,1
324,5,632,522,38,24,1,1,1
325,5,632,522,38,24,1,1,1
326,5,632,522,38,24,1,1,1
327,5,632,521,38,24,1,1,1
328,5,632,522,37,24,1,1,1
329,5,632,522,38,24,1,1,1
330,5,632,522,38,24,1,1,1
