1,-1,49,256,21,13,1,-1,-1,-1
1,-1,144,202,20,13,1,-1,-1,-1
1,-1,277,239,19,13,1,-1,-1,-1
1,-1,284,135,26,17,1,-1,-1,-1
1,-1,396,215,20,13,1,-1,-1,-1
1,-1,505,129,28,20,1,-1,-1,-1
1,-1,556,197,23,16,1,-1,-1,-1
1,-1,715,69,32,21,1,-1,-1,-1
1,-1,754,138,27,16,1,-1,-1,-1
2,-1,49,258,21,13,1,-1,-1,-1
2,-1,143,204,20,13,1,-1,-1,-1
2,-1,277,242,19,13,1,-1,-1,-1
2,-1,283,137,26,17,1,-1,-1,-1
2,-1,395,217,20,13,1,-1,-1,-1
2,-1,504,130,28,20,1,-1,-1,-1
2,-1,555,199,23,16,1,-1,-1,-1
2,-1,714,69,32,21,1,-1,-1,-1
2,-1,753,140,27,16,1,-1,-1,-1
3,-1,48,260,21,13,1,-1,-1,-1
3,-1,143,206,20,13,1,-1,-1,-1
3,-1,274,244,21,14,1,-1,-1,-1
3,-1,281,136,26,17,1,-1,-1,-1
3,-1,395,219,20,13,1,-1,-1,-1
3,-1,504,130,28,20,1,-1,-1,-1
3,-1,555,201,23,16,1,-1,-1,-1
3,-1,713,69,32,21,1,-1,-1,-1
3,-1,753,141,27,16,1,-1,-1,-1
4,-1,48,262,21,13,1,-1,-1,-1
4,-1,142,209,20,13,1,-1,-1,-1
4,-1,273,248,21,14,1,-1,-1,-1
4,-1,281,138,26,17,1,-1,-1,-1
4,-1,395,222,20,13,1,-1,-1,-1
4,-1,504,130,28,20,1,-1,-1,-1
4,-1,554,204,23,16,1,-1,-1,-1
4,-1,712,69,32,21,1,-1,-1,-1
4,-1,752,143,27,16,1,-1,-1,-1
5,-1,48,262,21,13,1,-1,-1,-1
5,-1,142,209,20,13,1,-1,-1,-1
5,-1,273,248,21,14,1,-1,-1,-1
5,-1,281,138,26,17,1,-1,-1,-1
5,-1,393,222,22,16,1,-1,-1,-1
5,-1,504,130,28,20,1,-1,-1,-1
5,-1,554,204,23,16,1,-1,-1,-1
5,-1,712,69,32,21,1,-1,-1,-1
5,-1,752,143,27,16,1,-1,-1,-1
6,-1,48,263,21,13,1,-1,-1,-1
6,-1,142,210,20,13,1,-1,-1,-1
6,-1,273,250,21,14,1,-1,-1,-1
6,-1,280,140,26,17,1,-1,-1,-1
6,-1,393,224,22,16,1,-1,-1,-1
6,-1,503,131,28,20,1,-1,-1,-1
6,-1,551,205,26,16,1,-1,-1,-1
6,-1,712,69,32,21,1,-1,-1,-1
6,-1,751,144,27,16,1,-1,-1,-1
7,-1,47,265,21,13,1,-1,-1,-1
7,-1,141,212,21,13,1,-1,-1,-1
7,-1,272,253,21,14,1,-1,-1,-1
7,-1,280,141,26,17,1,-1,-1,-1
7,-1,393,225,22,16,1,-1,-1,-1
7,-1,503,130,28,20,1,-1,-1,-1
7,-1,550,207,26,16,1,-1,-1,-1
7,-1,711,67,32,21,1,-1,-1,-1
7,-1,750,145,27,16,1,-1,-1,-1
8,-1,47,266,21,13,1,-1,-1,-1
8,-1,141,213,21,13,1,-1,-1,-1
8,-1,272,254,21,14,1,-1,-1,-1
8,-1,279,141,26,17,1,-1,-1,-1
8,-1,393,226,22,16,1,-1,-1,-1
8,-1,503,130,28,20,1,-1,-1,-1
8,-1,550,208,26,16,1,-1,-1,-1
8,-1,711,66,32,21,1,-1,-1,-1
8,-1,750,145,27,16,1,-1,-1,-1
9,-1,47,267,21,13,1,-1,-1,-1
9,-1,140,214,21,13,1,-1,-1,-1
9,-1,271,256,21,14,1,-1,-1,-1
9,-1,279,142,26,17,1,-1,-1,-1
9,-1,392,226,22,16,1,-1,-1,-1
9,-1,503,129,28,20,1,-1,-1,-1
9,-1,549,209,26,16,1,-1,-1,-1
9,-1,711,64,32,21,1,-1,-1,-1
9,-1,749,146,26,15,1,-1,-1,-1
10,-1,47,267,21,13,1,-1,-1,-1
10,-1,140,214,21,13,1,-1,-1,-1
10,-1,271,256,21,14,1,-1,-1,-1
10,-1,279,142,26,17,1,-1,-1,-1
10,-1,392,226,22,16,1,-1,-1,-1
10,-1,503,129,28,20,1,-1,-1,-1
10,-1,549,209,26,16,1,-1,-1,-1
10,-1,711,64,32,21,1,-1,-1,-1
10,-1,749,146,26,15,1,-1,-1,-1
11,-1,48,268,21,13,1,-1,-1,-1
11,-1,140,215,21,13,1,-1,-1,-1
11,-1,271,258,21,14,1,-1,-1,-1
11,-1,279,143,26,17,1,-1,-1,-1
11,-1,392,227,22,16,1,-1,-1,-1
11,-1,503,129,28,20,1,-1,-1,-1
11,-1,549,210,26,16,1,-1,-1,-1
11,-1,711,63,32,21,1,-1,-1,-1
11,-1,750,147,25,15,1,-1,-1,-1
12,-1,47,270,21,13,1,-1,-1,-1
12,-1,140,216,20,13,1,-1,-1,-1
12,-1,271,260,21,14,1,-1,-1,-1
12,-1,279,143,26,17,1,-1,-1,-1
12,-1,392,229,22,16,1,-1,-1,-1
12,-1,502,129,28,20,1,-1,-1,-1
12,-1,548,212,26,16,1,-1,-1,-1
12,-1,710,61,32,21,1,-1,-1,-1
12,-1,749,147,26,15,1,-1,-1,-1
13,-1,48,271,21,13,1,-1,-1,-1
13,-1,140,217,21,13,1,-1,-1,-1
13,-1,270,262,21,14,1,-1,-1,-1
13,-1,279,144,26,17,1,-1,-1,-1
13,-1,392,230,22,16,1,-1,-1,-1
13,-1,502,129,28,20,1,-1,-1,-1
13,-1,548,213,27,17,1,-1,-1,-1
13,-1,710,60,32,21,1,-1,-1,-1
13,-1,748,148,26,15,1,-1,-1,-1
14,-1,47,273,21,13,1,-1,-1,-1
14,-1,139,219,20,13,1,-1,-1,-1
14,-1,270,265,21,14,1,-1,-1,-1
14,-1,279,146,26,17,1,-1,-1,-1
14,-1,392,232,22,16,1,-1,-1,-1
14,-1,502,129,28,20,1,-1,-1,-1
14,-1,547,215,27,16,1,-1,-1,-1
14,-1,710,59,32,21,1,-1,-1,-1
14,-1,747,149,26,16,1,-1,-1,-1
15,-1,47,273,21,13,1,-1,-1,-1
15,-1,139,219,20,13,1,-1,-1,-1
15,-1,270,265,21,14,1,-1,-1,-1
15,-1,279,146,26,17,1,-1,-1,-1
15,-1,392,232,22,16,1,-1,-1,-1
15,-1,502,129,28,20,1,-1,-1,-1
15,-1,547,215,27,16,1,-1,-1,-1
15,-1,710,59,32,21,1,-1,-1,-1
15,-1,747,149,26,16,1,-1,-1,-1
16,-1,47,275,21,13,1,-1,-1,-1
16,-1,139,221,21,13,1,-1,-1,-1
16,-1,269,268,21,14,1,-1,-1,-1
16,-1,278,147,26,17,1,-1,-1,-1
16,-1,392,233,22,16,1,-1,-1,-1
16,-1,502,130,28,20,1,-1,-1,-1
16,-1,547,217,27,17,1,-1,-1,-1
16,-1,709,59,32,21,1,-1,-1,-1
16,-1,747,150,27,16,1,-1,-1,-1
17,-1,47,278,21,13,1,-1,-1,-1
17,-1,139,223,21,13,1,-1,-1,-1
17,-1,269,271,21,14,1,-1,-1,-1
17,-1,278,149,26,17,1,-1,-1,-1
17,-1,392,236,22,16,1,-1,-1,-1
17,-1,502,131,28,20,1,-1,-1,-1
17,-1,546,219,27,17,1,-1,-1,-1
17,-1,709,58,32,21,1,-1,-1,-1
17,-1,746,152,27,16,1,-1,-1,-1
18,-1,47,280,21,13,1,-1,-1,-1
18,-1,138,225,21,13,1,-1,-1,-1
18,-1,269,273,21,14,1,-1,-1,-1
18,-1,278,150,26,17,1,-1,-1,-1
18,-1,392,237,22,16,1,-1,-1,-1
18,-1,502,131,28,20,1,-1,-1,-1
18,-1,546,221,27,17,1,-1,-1,-1
18,-1,709,58,32,21,1,-1,-1,-1
18,-1,746,153,27,16,1,-1,-1,-1
19,-1,47,282,22,13,1,-1,-1,-1
19,-1,138,227,20,13,1,-1,-1,-1
19,-1,268,276,21,14,1,-1,-1,-1
19,-1,278,151,26,17,1,-1,-1,-1
19,-1,393,239,22,16,1,-1,-1,-1
19,-1,501,132,28,20,1,-1,-1,-1
19,-1,546,223,27,17,1,-1,-1,-1
19,-1,709,57,32,21,1,-1,-1,-1
19,-1,746,154,27,16,1,-1,-1,-1
20,-1,47,282,21,13,1,-1,-1,-1
20,-1,138,227,20,13,1,-1,-1,-1
20,-1,268,276,21,14,1,-1,-1,-1
20,-1,278,151,26,17,1,-1,-1,-1
20,-1,393,239,22,16,1,-1,-1,-1
20,-1,501,132,29,20,1,-1,-1,-1
20,-1,546,223,27,17,1,-1,-1,-1
20,-1,709,57,32,21,1,-1,-1,-1
20,-1,746,154,27,16,1,-1,-1,-1
21,-1,47,284,21,13,1,-1,-1,-1
21,-1,138,228,21,13,1,-1,-1,-1
21,-1,268,278,21,14,1,-1,-1,-1
21,-1,278,152,26,17,1,-1,-1,-1
21,-1,393,241,22,16,1,-1,-1,-1
21,-1,501,133,29,20,1,-1,-1,-1
21,-1,546,224,27,17,1,-1,-1,-1
21,-1,709,56,32,21,1,-1,-1,-1
21,-1,745,155,27,16,1,-1,-1,-1
22,-1,47,286,22,13,1,-1,-1,-1
22,-1,138,229,21,13,1,-1,-1,-1
22,-1,268,280,21,14,1,-1,-1,-1
22,-1,278,153,26,17,1,-1,-1,-1
22,-1,393,242,22,16,1,-1,-1,-1
22,-1,501,133,29,20,1,-1,-1,-1
22,-1,546,225,27,17,1,-1,-1,-1
22,-1,709,55,32,21,1,-1,-1,-1
22,-1,745,155,27,16,1,-1,-1,-1
23,-1,47,288,21,13,1,-1,-1,-1
23,-1,137,230,21,13,1,-1,-1,-1
23,-1,268,282,22,14,1,-1,-1,-1
23,-1,278,154,26,17,1,-1,-1,-1
23,-1,393,243,22,16,1,-1,-1,-1
23,-1,501,134,28,20,1,-1,-1,-1
23,-1,546,227,27,17,1,-1,-1,-1
23,-1,709,54,32,21,1,-1,-1,-1
23,-1,745,156,27,16,1,-1,-1,-1
24,-1,47,289,21,13,1,-1,-1,-1
24,-1,137,231,21,13,1,-1,-1,-1
24,-1,268,284,22,14,1,-1,-1,-1
24,-1,278,154,26,17,1,-1,-1,-1
24,-1,394,244,22,16,1,-1,-1,-1
24,-1,501,134,28,20,1,-1,-1,-1
24,-1,545,227,28,17,1,-1,-1,-1
24,-1,708,53,31,21,1,-1,-1,-1
24,-1,744,157,27,16,1,-1,-1,-1
25,-1,47,289,21,13,1,-1,-1,-1
25,-1,137,231,21,13,1,-1,-1,-1
25,-1,268,284,22,14,1,-1,-1,-1
25,-1,278,154,26,17,1,-1,-1,-1
25,-1,394,244,22,16,1,-1,-1,-1
25,-1,501,134,28,20,1,-1,-1,-1
25,-1,545,227,28,17,1,-1,-1,-1
25,-1,708,53,31,21,1,-1,-1,-1
25,-1,744,157,27,16,1,-1,-1,-1
26,-1,46,291,21,13,1,-1,-1,-1
26,-1,137,232,21,13,1,-1,-1,-1
26,-1,267,286,22,14,1,-1,-1,-1
26,-1,278,155,27,17,1,-1,-1,-1
26,-1,394,245,22,16,1,-1,-1,-1
26,-1,500,135,28,20,1,-1,-1,-1
26,-1,545,229,28,17,1,-1,-1,-1
26,-1,708,52,31,20,1,-1,-1,-1
26,-1,744,157,28,16,1,-1,-1,-1
27,-1,46,292,21,13,1,-1,-1,-1
27,-1,137,233,21,14,1,-1,-1,-1
27,-1,267,287,22,15,1,-1,-1,-1
27,-1,278,155,27,17,1,-1,-1,-1
27,-1,394,245,22,16,1,-1,-1,-1
27,-1,500,135,29,20,1,-1,-1,-1
27,-1,545,229,28,17,1,-1,-1,-1
27,-1,707,51,31,20,1,-1,-1,-1
27,-1,744,158,27,16,1,-1,-1,-1
28,-1,46,294,21,13,1,-1,-1,-1
28,-1,136,235,21,14,1,-1,-1,-1
28,-1,267,289,22,15,1,-1,-1,-1
28,-1,278,156,27,17,1,-1,-1,-1
28,-1,394,247,22,16,1,-1,-1,-1
28,-1,500,136,28,20,1,-1,-1,-1
28,-1,545,231,28,17,1,-1,-1,-1
28,-1,707,50,31,20,1,-1,-1,-1
28,-1,744,159,27,16,1,-1,-1,-1
29,-1,46,295,22,13,1,-1,-1,-1
29,-1,136,236,21,14,1,-1,-1,-1
29,-1,266,290,22,15,1,-1,-1,-1
29,-1,278,157,27,17,1,-1,-1,-1
29,-1,395,248,22,16,1,-1,-1,-1
29,-1,499,136,28,20,1,-1,-1,-1
29,-1,545,231,28,17,1,-1,-1,-1
29,-1,707,50,31,20,1,-1,-1,-1
29,-1,743,159,28,16,1,-1,-1,-1
30,-1,46,295,22,13,1,-1,-1,-1
30,-1,136,236,21,14,1,-1,-1,-1
30,-1,266,290,22,15,1,-1,-1,-1
30,-1,278,157,27,17,1,-1,-1,-1
30,-1,395,248,22,16,1,-1,-1,-1
30,-1,499,136,28,20,1,-1,-1,-1
30,-1,545,231,28,17,1,-1,-1,-1
30,-1,707,50,31,20,1,-1,-1,-1
30,-1,743,159,28,16,1,-1,-1,-1
31,-1,47,297,22,13,1,-1,-1,-1
31,-1,136,236,21,13,1,-1,-1,-1
31,-1,266,291,22,15,1,-1,-1,-1
31,-1,278,157,27,18,1,-1,-1,-1
31,-1,395,248,22,16,1,-1,-1,-1
31,-1,499,136,28,20,1,-1,-1,-1
31,-1,545,232,28,17,1,-1,-1,-1
31,-1,706,48,31,21,1,-1,-1,-1
31,-1,743,159,28,16,1,-1,-1,-1
32,-1,46,297,22,13,1,-1,-1,-1
32,-1,136,237,21,14,1,-1,-1,-1
32,-1,266,291,22,15,1,-1,-1,-1
32,-1,279,157,27,17,1,-1,-1,-1
32,-1,395,248,22,16,1,-1,-1,-1
32,-1,499,135,28,20,1,-1,-1,-1
32,-1,545,232,28,17,1,-1,-1,-1
32,-1,706,46,31,21,1,-1,-1,-1
32,-1,743,159,28,16,1,-1,-1,-1
33,-1,47,298,22,13,1,-1,-1,-1
33,-1,136,237,21,13,1,-1,-1,-1
33,-1,266,292,22,15,1,-1,-1,-1
33,-1,279,156,27,17,1,-1,-1,-1
33,-1,395,248,22,16,1,-1,-1,-1
33,-1,499,135,28,20,1,-1,-1,-1
33,-1,545,232,28,17,1,-1,-1,-1
33,-1,706,44,32,21,1,-1,-1,-1
33,-1,743,159,28,16,1,-1,-1,-1
34,-1,47,298,22,13,1,-1,-1,-1
34,-1,136,237,20,13,1,-1,-1,-1
34,-1,266,292,22,15,1,-1,-1,-1
34,-1,279,156,27,17,1,-1,-1,-1
34,-1,395,247,23,16,1,-1,-1,-1
34,-1,499,134,28,20,1,-1,-1,-1
34,-1,545,231,28,17,1,-1,-1,-1
34,-1,706,43,32,21,1,-1,-1,-1
34,-1,743,158,28,17,1,-1,-1,-1
35,-1,47,298,22,13,1,-1,-1,-1
35,-1,136,237,20,13,1,-1,-1,-1
35,-1,266,292,22,15,1,-1,-1,-1
35,-1,279,156,27,17,1,-1,-1,-1
35,-1,395,247,23,16,1,-1,-1,-1
35,-1,499,134,28,20,1,-1,-1,-1
35,-1,545,231,28,17,1,-1,-1,-1
35,-1,706,43,32,21,1,-1,-1,-1
35,-1,743,158,28,17,1,-1,-1,-1
36,-1,47,298,22,13,1,-1,-1,-1
36,-1,136,237,21,13,1,-1,-1,-1
36,-1,266,292,22,15,1,-1,-1,-1
36,-1,279,155,26,17,1,-1,-1,-1
36,-1,395,246,23,16,1,-1,-1,-1
36,-1,498,133,28,20,1,-1,-1,-1
36,-1,545,231,29,18,1,-1,-1,-1
36,-1,706,41,32,21,1,-1,-1,-1
36,-1,743,157,28,17,1,-1,-1,-1
37,-1,47,298,22,13,1,-1,-1,-1
37,-1,136,237,21,13,1,-1,-1,-1
37,-1,266,292,22,15,1,-1,-1,-1
37,-1,280,154,27,17,1,-1,-1,-1
37,-1,395,246,23,16,1,-1,-1,-1
37,-1,498,132,28,20,1,-1,-1,-1
37,-1,545,230,28,17,1,-1,-1,-1
37,-1,706,39,32,21,1,-1,-1,-1
37,-1,743,157,28,17,1,-1,-1,-1
38,-1,47,298,22,14,1,-1,-1,-1
38,-1,135,237,21,13,1,-1,-1,-1
38,-1,266,292,22,15,1,-1,-1,-1
38,-1,280,154,27,17,1,-1,-1,-1
38,-1,395,246,23,16,1,-1,-1,-1
38,-1,498,131,28,20,1,-1,-1,-1
38,-1,545,230,28,17,1,-1,-1,-1
38,-1,706,37,32,21,1,-1,-1,-1
38,-1,742,156,28,16,1,-1,-1,-1
39,-1,47,298,22,14,1,-1,-1,-1
39,-1,135,237,21,14,1,-1,-1,-1
39,-1,266,293,22,15,1,-1,-1,-1
39,-1,280,154,26,17,1,-1,-1,-1
39,-1,395,246,23,16,1,-1,-1,-1
39,-1,498,131,28,20,1,-1,-1,-1
39,-1,545,230,28,17,1,-1,-1,-1
39,-1,706,36,32,21,1,-1,-1,-1
39,-1,742,156,28,16,1,-1,-1,-1
40,-1,47,298,22,14,1,-1,-1,-1
40,-1,135,237,21,14,1,-1,-1,-1
40,-1,266,293,22,15,1,-1,-1,-1
40,-1,280,154,26,17,1,-1,-1,-1
40,-1,395,246,23,16,1,-1,-1,-1
40,-1,498,131,28,20,1,-1,-1,-1
40,-1,545,230,28,17,1,-1,-1,-1
40,-1,706,36,32,21,1,-1,-1,-1
40,-1,742,156,28,16,1,-1,-1,-1
41,-1,47,299,22,13,1,-1,-1,-1
41,-1,135,238,21,13,1,-1,-1,-1
41,-1,265,294,22,15,1,-1,-1,-1
41,-1,280,155,27,17,1,-1,-1,-1
41,-1,394,247,23,16,1,-1,-1,-1
41,-1,498,131,28,20,1,-1,-1,-1
41,-1,545,231,28,17,1,-1,-1,-1
41,-1,706,35,32,21,1,-1,-1,-1
41,-1,742,156,28,16,1,-1,-1,-1
42,-1,47,301,22,13,1,-1,-1,-1
42,-1,135,240,21,13,1,-1,-1,-1
42,-1,265,296,22,15,1,-1,-1,-1
42,-1,280,156,27,17,1,-1,-1,-1
42,-1,394,248,23,16,1,-1,-1,-1
42,-1,498,132,28,20,1,-1,-1,-1
42,-1,545,232,28,17,1,-1,-1,-1
42,-1,705,35,32,21,1,-1,-1,-1
42,-1,742,157,28,17,1,-1,-1,-1
43,-1,47,303,22,13,1,-1,-1,-1
43,-1,135,242,21,13,1,-1,-1,-1
43,-1,265,297,23,15,1,-1,-1,-1
43,-1,280,157,27,17,1,-1,-1,-1
43,-1,394,250,23,16,1,-1,-1,-1
43,-1,498,133,28,20,1,-1,-1,-1
43,-1,545,234,28,17,1,-1,-1,-1
43,-1,705,36,32,21,1,-1,-1,-1
43,-1,742,158,28,17,1,-1,-1,-1
44,-1,47,305,22,14,1,-1,-1,-1
44,-1,135,245,21,14,1,-1,-1,-1
44,-1,265,301,22,15,1,-1,-1,-1
44,-1,281,160,26,17,1,-1,-1,-1
44,-1,394,253,23,16,1,-1,-1,-1
44,-1,497,134,28,20,1,-1,-1,-1
44,-1,545,236,28,17,1,-1,-1,-1
44,-1,705,37,32,21,1,-1,-1,-1
44,-1,742,160,28,16,1,-1,-1,-1
45,-1,47,305,22,14,1,-1,-1,-1
45,-1,135,245,21,14,1,-1,-1,-1
45,-1,265,301,22,15,1,-1,-1,-1
45,-1,281,160,26,17,1,-1,-1,-1
45,-1,394,253,23,16,1,-1,-1,-1
45,-1,497,134,28,20,1,-1,-1,-1
45,-1,545,236,28,17,1,-1,-1,-1
45,-1,705,37,32,21,1,-1,-1,-1
45,-1,742,160,28,16,1,-1,-1,-1
46,-1,48,309,22,13,1,-1,-1,-1
46,-1,135,249,21,13,1,-1,-1,-1
46,-1,265,304,23,15,1,-1,-1,-1
46,-1,281,163,26,17,1,-1,-1,-1
46,-1,394,256,23,16,1,-1,-1,-1
46,-1,497,137,28,20,1,-1,-1,-1
46,-1,545,240,27,17,1,-1,-1,-1
46,-1,704,39,32,21,1,-1,-1,-1
46,-1,742,164,27,16,1,-1,-1,-1
47,-1,48,319,22,13,1,-1,-1,-1
47,-1,135,259,21,14,1,-1,-1,-1
47,-1,264,315,22,15,1,-1,-1,-1
47,-1,280,172,27,17,1,-1,-1,-1
47,-1,394,267,23,16,1,-1,-1,-1
47,-1,497,146,28,20,1,-1,-1,-1
47,-1,545,250,28,17,1,-1,-1,-1
47,-1,704,48,32,21,1,-1,-1,-1
47,-1,741,173,27,16,1,-1,-1,-1
48,-1,48,324,22,13,1,-1,-1,-1
48,-1,135,264,21,13,1,-1,-1,-1
48,-1,264,320,23,15,1,-1,-1,-1
48,-1,281,176,26,17,1,-1,-1,-1
48,-1,394,271,23,16,1,-1,-1,-1
48,-1,497,150,28,20,1,-1,-1,-1
48,-1,545,254,28,17,1,-1,-1,-1
48,-1,703,52,32,21,1,-1,-1,-1
48,-1,741,178,26,15,1,-1,-1,-1
49,-1,48,329,22,14,1,-1,-1,-1
49,-1,135,269,21,13,1,-1,-1,-1
49,-1,264,325,23,15,1,-1,-1,-1
49,-1,281,181,27,17,1,-1,-1,-1
49,-1,394,277,23,16,1,-1,-1,-1
49,-1,497,154,28,20,1,-1,-1,-1
49,-1,545,259,28,17,1,-1,-1,-1
49,-1,703,56,31,21,1,-1,-1,-1
49,-1,741,182,26,15,1,-1,-1,-1
50,-1,48,329,22,14,1,-1,-1,-1
50,-1,135,269,21,14,1,-1,-1,-1
50,-1,264,325,23,15,1,-1,-1,-1
50,-1,281,181,27,17,1,-1,-1,-1
50,-1,394,277,23,16,1,-1,-1,-1
50,-1,497,154,28,20,1,-1,-1,-1
50,-1,545,259,28,17,1,-1,-1,-1
50,-1,703,56,31,21,1,-1,-1,-1
50,-1,741,182,26,15,1,-1,-1,-1
51,-1,48,333,22,14,1,-1,-1,-1
51,-1,135,272,21,14,1,-1,-1,-1
51,-1,264,328,23,15,1,-1,-1,-1
51,-1,281,184,27,17,1,-1,-1,-1
51,-1,393,280,23,16,1,-1,-1,-1
51,-1,497,157,28,20,1,-1,-1,-1
51,-1,546,262,28,17,1,-1,-1,-1
51,-1,702,58,32,21,1,-1,-1,-1
51,-1,741,185,26,15,1,-1,-1,-1
52,-1,48,337,22,13,1,-1,-1,-1
52,-1,135,276,21,14,1,-1,-1,-1
52,-1,264,333,22,15,1,-1,-1,-1
52,-1,280,187,27,17,1,-1,-1,-1
52,-1,393,285,23,16,1,-1,-1,-1
52,-1,497,160,28,20,1,-1,-1,-1
52,-1,546,266,28,17,1,-1,-1,-1
52,-1,701,61,32,21,1,-1,-1,-1
52,-1,741,189,25,15,1,-1,-1,-1
53,-1,48,340,21,13,1,-1,-1,-1
53,-1,135,278,21,14,1,-1,-1,-1
53,-1,263,335,23,15,1,-1,-1,-1
53,-1,280,190,27,18,1,-1,-1,-1
53,-1,393,288,23,16,1,-1,-1,-1
53,-1,497,162,28,20,1,-1,-1,-1
53,-1,546,269,28,17,1,-1,-1,-1
53,-1,701,63,32,21,1,-1,-1,-1
53,-1,741,191,25,15,1,-1,-1,-1
54,-1,49,343,21,13,1,-1,-1,-1
54,-1,135,282,21,14,1,-1,-1,-1
54,-1,263,339,23,15,1,-1,-1,-1
54,-1,280,192,27,17,1,-1,-1,-1
54,-1,393,292,23,16,1,-1,-1,-1
54,-1,497,164,28,20,1,-1,-1,-1
54,-1,546,272,28,17,1,-1,-1,-1
54,-1,701,65,32,21,1,-1,-1,-1
54,-1,740,193,25,15,1,-1,-1,-1
55,-1,49,343,21,13,1,-1,-1,-1
55,-1,135,282,21,14,1,-1,-1,-1
55,-1,263,339,23,15,1,-1,-1,-1
55,-1,280,192,27,17,1,-1,-1,-1
55,-1,393,292,23,16,1,-1,-1,-1
55,-1,497,164,28,20,1,-1,-1,-1
55,-1,546,272,28,17,1,-1,-1,-1
55,-1,701,65,32,21,1,-1,-1,-1
55,-1,740,193,25,15,1,-1,-1,-1
56,-1,49,345,21,13,1,-1,-1,-1
56,-1,136,284,21,14,1,-1,-1,-1
56,-1,263,341,23,15,1,-1,-1,-1
56,-1,281,194,27,17,1,-1,-1,-1
56,-1,393,295,23,16,1,-1,-1,-1
56,-1,497,165,28,20,1,-1,-1,-1
56,-1,546,274,27,17,1,-1,-1,-1
56,-1,701,66,31,21,1,-1,-1,-1
56,-1,740,195,26,15,1,-1,-1,-1
57,-1,49,347,21,13,1,-1,-1,-1
57,-1,136,286,21,14,1,-1,-1,-1
57,-1,263,344,23,15,1,-1,-1,-1
57,-1,281,196,27,18,1,-1,-1,-1
57,-1,393,297,23,16,1,-1,-1,-1
57,-1,497,167,28,20,1,-1,-1,-1
57,-1,546,276,28,17,1,-1,-1,-1
57,-1,701,68,31,20,1,-1,-1,-1
57,-1,740,197,26,15,1,-1,-1,-1
58,-1,50,350,22,13,1,-1,-1,-1
58,-1,136,289,21,14,1,-1,-1,-1
58,-1,263,348,23,15,1,-1,-1,-1
58,-1,281,198,26,17,1,-1,-1,-1
58,-1,392,301,23,16,1,-1,-1,-1
58,-1,496,168,28,20,1,-1,-1,-1
58,-1,547,278,28,17,1,-1,-1,-1
58,-1,700,69,30,20,1,-1,-1,-1
58,-1,740,199,25,15,1,-1,-1,-1
59,-1,50,351,22,13,1,-1,-1,-1
59,-1,136,290,21,14,1,-1,-1,-1
59,-1,262,349,24,16,1,-1,-1,-1
59,-1,281,198,27,17,1,-1,-1,-1
59,-1,392,302,23,16,1,-1,-1,-1
59,-1,496,168,28,20,1,-1,-1,-1
59,-1,547,279,28,18,1,-1,-1,-1
59,-1,700,70,30,20,1,-1,-1,-1
59,-1,740,200,26,15,1,-1,-1,-1
60,-1,50,351,22,13,1,-1,-1,-1
60,-1,136,290,21,14,1,-1,-1,-1
60,-1,262,349,24,16,1,-1,-1,-1
60,-1,281,198,27,17,1,-1,-1,-1
60,-1,392,302,23,16,1,-1,-1,-1
60,-1,496,168,28,20,1,-1,-1,-1
60,-1,547,279,28,18,1,-1,-1,-1
60,-1,700,70,30,20,1,-1,-1,-1
60,-1,740,200,26,15,1,-1,-1,-1
61,-1,50,352,22,14,1,-1,-1,-1
61,-1,137,291,21,14,1,-1,-1,-1
61,-1,262,351,24,16,1,-1,-1,-1
61,-1,281,199,27,17,1,-1,-1,-1
61,-1,392,305,23,16,1,-1,-1,-1
61,-1,496,169,28,20,1,-1,-1,-1
61,-1,547,280,28,17,1,-1,-1,-1
61,-1,699,70,30,20,1,-1,-1,-1
61,-1,740,201,25,15,1,-1,-1,-1
62,-1,50,353,22,14,1,-1,-1,-1
62,-1,137,291,21,14,1,-1,-1,-1
62,-1,263,353,23,15,1,-1,-1,-1
62,-1,281,199,27,17,1,-1,-1,-1
62,-1,392,306,23,16,1,-1,-1,-1
62,-1,496,168,28,20,1,-1,-1,-1
62,-1,547,281,28,17,1,-1,-1,-1
62,-1,699,69,30,20,1,-1,-1,-1
62,-1,739,201,25,15,1,-1,-1,-1
63,-1,51,353,22,14,1,-1,-1,-1
63,-1,137,292,21,14,1,-1,-1,-1
63,-1,262,354,23,15,1,-1,-1,-1
63,-1,281,199,27,17,1,-1,-1,-1
63,-1,392,309,24,14,1,-1,-1,-1
63,-1,497,168,28,20,1,-1,-1,-1
63,-1,547,281,28,17,1,-1,-1,-1
63,-1,699,68,30,20,1,-1,-1,-1
63,-1,739,201,25,15,1,-1,-1,-1
64,-1,51,353,22,14,1,-1,-1,-1
64,-1,137,291,21,14,1,-1,-1,-1
64,-1,262,354,23,15,1,-1,-1,-1
64,-1,281,198,27,17,1,-1,-1,-1
64,-1,392,309,24,14,1,-1,-1,-1
64,-1,497,167,28,20,1,-1,-1,-1
64,-1,547,281,28,17,1,-1,-1,-1
64,-1,699,67,30,20,1,-1,-1,-1
64,-1,739,201,25,15,1,-1,-1,-1
65,-1,51,353,22,14,1,-1,-1,-1
65,-1,137,291,21,14,1,-1,-1,-1
65,-1,262,354,23,15,1,-1,-1,-1
65,-1,281,198,27,17,1,-1,-1,-1
65,-1,392,309,24,14,1,-1,-1,-1
65,-1,497,167,28,20,1,-1,-1,-1
65,-1,547,281,28,17,1,-1,-1,-1
65,-1,699,67,30,20,1,-1,-1,-1
65,-1,739,201,25,15,1,-1,-1,-1
66,-1,52,352,22,14,1,-1,-1,-1
66,-1,138,291,21,14,1,-1,-1,-1
66,-1,262,354,23,16,1,-1,-1,-1
66,-1,281,197,27,17,1,-1,-1,-1
66,-1,392,310,24,14,1,-1,-1,-1
66,-1,497,165,28,20,1,-1,-1,-1
66,-1,547,280,28,17,1,-1,-1,-1
66,-1,698,65,30,20,1,-1,-1,-1
66,-1,739,200,26,15,1,-1,-1,-1
67,-1,52,351,22,14,1,-1,-1,-1
67,-1,138,290,21,13,1,-1,-1,-1
67,-1,262,354,24,16,1,-1,-1,-1
67,-1,282,196,26,17,1,-1,-1,-1
67,-1,392,310,24,14,1,-1,-1,-1
67,-1,497,164,28,20,1,-1,-1,-1
67,-1,548,279,28,17,1,-1,-1,-1
67,-1,698,63,30,20,1,-1,-1,-1
67,-1,739,199,26,15,1,-1,-1,-1
68,-1,53,350,22,14,1,-1,-1,-1
68,-1,138,288,21,14,1,-1,-1,-1
68,-1,261,354,24,16,1,-1,-1,-1
68,-1,282,194,26,17,1,-1,-1,-1
68,-1,392,309,24,14,1,-1,-1,-1
68,-1,498,163,27,19,1,-1,-1,-1
68,-1,548,278,28,17,1,-1,-1,-1
68,-1,697,60,30,20,1,-1,-1,-1
68,-1,738,194,25,18,1,-1,-1,-1
69,-1,53,348,22,14,1,-1,-1,-1
69,-1,139,287,21,14,1,-1,-1,-1
69,-1,261,353,25,16,1,-1,-1,-1
69,-1,282,192,26,17,1,-1,-1,-1
69,-1,392,309,24,14,1,-1,-1,-1
69,-1,498,162,26,18,1,-1,-1,-1
69,-1,548,277,28,17,1,-1,-1,-1
69,-1,697,58,30,20,1,-1,-1,-1
69,-1,738,193,25,18,1,-1,-1,-1
70,-1,53,348,22,14,1,-1,-1,-1
70,-1,139,287,21,14,1,-1,-1,-1
70,-1,261,353,25,16,1,-1,-1,-1
70,-1,282,192,26,17,1,-1,-1,-1
70,-1,392,309,24,14,1,-1,-1,-1
70,-1,498,162,26,18,1,-1,-1,-1
70,-1,548,277,28,17,1,-1,-1,-1
70,-1,697,58,30,20,1,-1,-1,-1
70,-1,738,193,25,18,1,-1,-1,-1
71,-1,54,347,22,14,1,-1,-1,-1
71,-1,139,286,21,14,1,-1,-1,-1
71,-1,261,353,24,16,1,-1,-1,-1
71,-1,282,190,25,17,1,-1,-1,-1
71,-1,392,308,24,14,1,-1,-1,-1
71,-1,498,160,25,18,1,-1,-1,-1
71,-1,548,275,28,17,1,-1,-1,-1
71,-1,696,54,30,20,1,-1,-1,-1
71,-1,738,190,25,18,1,-1,-1,-1
72,-1,54,346,22,14,1,-1,-1,-1
72,-1,139,285,21,14,1,-1,-1,-1
72,-1,260,352,25,17,1,-1,-1,-1
72,-1,282,188,25,17,1,-1,-1,-1
72,-1,393,307,24,14,1,-1,-1,-1
72,-1,499,158,25,18,1,-1,-1,-1
72,-1,548,274,28,17,1,-1,-1,-1
72,-1,696,52,30,19,1,-1,-1,-1
72,-1,738,189,25,18,1,-1,-1,-1
73,-1,55,344,22,14,1,-1,-1,-1
73,-1,140,283,21,14,1,-1,-1,-1
73,-1,260,352,25,17,1,-1,-1,-1
73,-1,282,186,25,16,1,-1,-1,-1
73,-1,393,307,24,14,1,-1,-1,-1
73,-1,499,156,24,17,1,-1,-1,-1
73,-1,548,273,28,17,1,-1,-1,-1
73,-1,696,49,30,20,1,-1,-1,-1
73,-1,738,187,25,18,1,-1,-1,-1
74,-1,55,344,22,14,1,-1,-1,-1
74,-1,140,283,21,14,1,-1,-1,-1
74,-1,260,352,25,17,1,-1,-1,-1
74,-1,282,185,25,16,1,-1,-1,-1
74,-1,393,306,24,14,1,-1,-1,-1
74,-1,499,155,24,17,1,-1,-1,-1
74,-1,548,272,28,17,1,-1,-1,-1
74,-1,695,47,30,20,1,-1,-1,-1
74,-1,737,186,25,18,1,-1,-1,-1
75,-1,55,344,22,14,1,-1,-1,-1
75,-1,140,283,21,14,1,-1,-1,-1
75,-1,260,352,25,17,1,-1,-1,-1
75,-1,282,185,25,16,1,-1,-1,-1
75,-1,393,306,24,14,1,-1,-1,-1
75,-1,499,155,24,17,1,-1,-1,-1
75,-1,548,272,28,17,1,-1,-1,-1
75,-1,695,47,30,20,1,-1,-1,-1
75,-1,737,186,25,18,1,-1,-1,-1
76,-1,55,343,22,14,1,-1,-1,-1
76,-1,140,282,21,14,1,-1,-1,-1
76,-1,260,351,25,17,1,-1,-1,-1
76,-1,282,184,25,16,1,-1,-1,-1
76,-1,393,306,24,14,1,-1,-1,-1
76,-1,499,154,24,17,1,-1,-1,-1
76,-1,548,271,28,17,1,-1,-1,-1
76,-1,695,45,30,20,1,-1,-1,-1
76,-1,737,185,25,18,1,-1,-1,-1
77,-1,55,341,22,14,1,-1,-1,-1
77,-1,140,280,22,14,1,-1,-1,-1
77,-1,259,351,25,17,1,-1,-1,-1
77,-1,282,181,25,16,1,-1,-1,-1
77,-1,393,305,24,14,1,-1,-1,-1
77,-1,499,152,24,17,1,-1,-1,-1
77,-1,549,270,28,17,1,-1,-1,-1
77,-1,695,42,30,20,1,-1,-1,-1
77,-1,737,183,25,18,1,-1,-1,-1
78,-1,56,341,22,14,1,-1,-1,-1
78,-1,140,280,21,14,1,-1,-1,-1
78,-1,260,351,25,17,1,-1,-1,-1
78,-1,282,180,25,16,1,-1,-1,-1
78,-1,393,305,24,14,1,-1,-1,-1
78,-1,499,151,24,17,1,-1,-1,-1
78,-1,549,270,28,17,1,-1,-1,-1
78,-1,695,40,30,20,1,-1,-1,-1
78,-1,737,182,25,18,1,-1,-1,-1
79,-1,56,341,22,14,1,-1,-1,-1
79,-1,141,280,21,14,1,-1,-1,-1
79,-1,262,351,25,16,1,-1,-1,-1
79,-1,282,180,25,16,1,-1,-1,-1
79,-1,391,305,27,16,1,-1,-1,-1
79,-1,499,150,24,17,1,-1,-1,-1
79,-1,549,270,28,17,1,-1,-1,-1
79,-1,695,38,30,20,1,-1,-1,-1
79,-1,737,182,25,18,1,-1,-1,-1
80,-1,56,341,22,14,1,-1,-1,-1
80,-1,141,280,21,14,1,-1,-1,-1
80,-1,262,351,25,16,1,-1,-1,-1
80,-1,282,180,25,16,1,-1,-1,-1
80,-1,391,305,27,16,1,-1,-1,-1
80,-1,499,150,24,17,1,-1,-1,-1
80,-1,549,270,28,17,1,-1,-1,-1
80,-1,695,38,30,20,1,-1,-1,-1
80,-1,737,182,25,18,1,-1,-1,-1
81,-1,56,341,22,14,1,-1,-1,-1
81,-1,141,280,21,14,1,-1,-1,-1
81,-1,262,352,25,16,1,-1,-1,-1
81,-1,282,179,25,16,1,-1,-1,-1
81,-1,391,305,27,16,1,-1,-1,-1
81,-1,499,150,24,17,1,-1,-1,-1
81,-1,549,271,28,17,1,-1,-1,-1
81,-1,695,37,30,20,1,-1,-1,-1
81,-1,737,182,25,18,1,-1,-1,-1
82,-1,57,342,22,14,1,-1,-1,-1
82,-1,141,280,21,14,1,-1,-1,-1
82,-1,262,353,25,16,1,-1,-1,-1
82,-1,283,179,24,16,1,-1,-1,-1
82,-1,392,306,27,16,1,-1,-1,-1
82,-1,498,150,24,17,1,-1,-1,-1
82,-1,550,271,28,17,1,-1,-1,-1
82,-1,694,36,30,20,1,-1,-1,-1
82,-1,737,182,25,18,1,-1,-1,-1
83,-1,57,342,22,14,1,-1,-1,-1
83,-1,141,281,21,14,1,-1,-1,-1
83,-1,262,354,25,16,1,-1,-1,-1
83,-1,283,179,24,16,1,-1,-1,-1
83,-1,391,306,27,16,1,-1,-1,-1
83,-1,498,149,24,17,1,-1,-1,-1
83,-1,550,271,28,17,1,-1,-1,-1
83,-1,694,35,30,19,1,-1,-1,-1
83,-1,736,181,25,18,1,-1,-1,-1
84,-1,57,342,22,14,1,-1,-1,-1
84,-1,141,281,21,14,1,-1,-1,-1
84,-1,262,355,25,16,1,-1,-1,-1
84,-1,283,178,24,16,1,-1,-1,-1
84,-1,392,306,27,16,1,-1,-1,-1
84,-1,497,149,24,17,1,-1,-1,-1
84,-1,550,272,28,17,1,-1,-1,-1
84,-1,694,33,30,20,1,-1,-1,-1
84,-1,736,181,25,18,1,-1,-1,-1
85,-1,57,342,22,14,1,-1,-1,-1
85,-1,141,281,21,14,1,-1,-1,-1
85,-1,262,355,25,16,1,-1,-1,-1
85,-1,283,178,24,16,1,-1,-1,-1
85,-1,392,306,27,16,1,-1,-1,-1
85,-1,497,149,24,17,1,-1,-1,-1
85,-1,550,272,28,17,1,-1,-1,-1
85,-1,694,33,30,20,1,-1,-1,-1
85,-1,736,181,25,18,1,-1,-1,-1
86,-1,58,343,22,14,1,-1,-1,-1
86,-1,141,281,21,14,1,-1,-1,-1
86,-1,262,355,25,16,1,-1,-1,-1
86,-1,284,178,23,15,1,-1,-1,-1
86,-1,392,307,27,16,1,-1,-1,-1
86,-1,497,149,24,17,1,-1,-1,-1
86,-1,550,272,28,17,1,-1,-1,-1
86,-1,693,33,30,19,1,-1,-1,-1
86,-1,736,181,25,18,1,-1,-1,-1
87,-1,58,343,22,14,1,-1,-1,-1
87,-1,141,281,21,14,1,-1,-1,-1
87,-1,262,357,25,16,1,-1,-1,-1
87,-1,284,177,23,15,1,-1,-1,-1
87,-1,392,307,27,16,1,-1,-1,-1
87,-1,497,148,24,17,1,-1,-1,-1
87,-1,550,273,28,17,1,-1,-1,-1
87,-1,693,32,29,19,1,-1,-1,-1
87,-1,735,181,24,18,1,-1,-1,-1
88,-1,58,343,22,14,1,-1,-1,-1
88,-1,141,281,21,13,1,-1,-1,-1
88,-1,262,357,25,16,1,-1,-1,-1
88,-1,284,177,23,15,1,-1,-1,-1
88,-1,392,307,27,16,1,-1,-1,-1
88,-1,496,148,24,17,1,-1,-1,-1
88,-1,550,273,28,17,1,-1,-1,-1
88,-1,693,31,29,19,1,-1,-1,-1
88,-1,735,182,24,17,1,-1,-1,-1
89,-1,59,343,22,14,1,-1,-1,-1
89,-1,141,281,21,14,1,-1,-1,-1
89,-1,262,358,25,16,1,-1,-1,-1
89,-1,284,175,23,15,1,-1,-1,-1
89,-1,392,306,27,16,1,-1,-1,-1
89,-1,496,147,24,17,1,-1,-1,-1
89,-1,550,273,28,17,1,-1,-1,-1
89,-1,692,29,29,19,1,-1,-1,-1
89,-1,735,181,23,17,1,-1,-1,-1
90,-1,59,343,22,14,1,-1,-1,-1
90,-1,141,281,21,14,1,-1,-1,-1
90,-1,262,358,25,16,1,-1,-1,-1
90,-1,284,175,23,15,1,-1,-1,-1
90,-1,392,306,27,16,1,-1,-1,-1
90,-1,496,147,24,17,1,-1,-1,-1
90,-1,550,273,28,17,1,-1,-1,-1
90,-1,692,29,29,19,1,-1,-1,-1
90,-1,735,181,23,17,1,-1,-1,-1
91,-1,59,343,22,14,1,-1,-1,-1
91,-1,141,280,21,14,1,-1,-1,-1
91,-1,262,358,25,16,1,-1,-1,-1
91,-1,284,174,23,15,1,-1,-1,-1
91,-1,393,306,27,16,1,-1,-1,-1
91,-1,496,146,24,17,1,-1,-1,-1
91,-1,550,273,28,17,1,-1,-1,-1
91,-1,692,28,29,19,1,-1,-1,-1
91,-1,735,181,23,16,1,-1,-1,-1
92,-1,59,343,22,14,1,-1,-1,-1
92,-1,141,280,21,14,1,-1,-1,-1
92,-1,262,359,25,16,1,-1,-1,-1
92,-1,284,173,22,15,1,-1,-1,-1
92,-1,393,306,27,16,1,-1,-1,-1
92,-1,496,145,24,17,1,-1,-1,-1
92,-1,550,273,28,17,1,-1,-1,-1
92,-1,692,26,30,19,1,-1,-1,-1
92,-1,735,180,22,16,1,-1,-1,-1
93,-1,60,343,22,14,1,-1,-1,-1
93,-1,139,278,24,16,1,-1,-1,-1
93,-1,262,359,26,16,1,-1,-1,-1
93,-1,284,172,22,15,1,-1,-1,-1
93,-1,393,305,27,16,1,-1,-1,-1
93,-1,496,144,24,17,1,-1,-1,-1
93,-1,549,272,29,18,1,-1,-1,-1
93,-1,692,25,29,19,1,-1,-1,-1
93,-1,735,180,22,16,1,-1,-1,-1
94,-1,60,342,22,14,1,-1,-1,-1
94,-1,139,277,24,16,1,-1,-1,-1
94,-1,262,359,25,16,1,-1,-1,-1
94,-1,284,171,22,14,1,-1,-1,-1
94,-1,393,305,27,16,1,-1,-1,-1
94,-1,496,143,24,17,1,-1,-1,-1
94,-1,549,271,29,18,1,-1,-1,-1
94,-1,692,24,29,19,1,-1,-1,-1
94,-1,735,179,22,16,1,-1,-1,-1
95,-1,60,342,22,14,1,-1,-1,-1
95,-1,139,277,24,16,1,-1,-1,-1
95,-1,262,359,26,16,1,-1,-1,-1
95,-1,284,171,22,14,1,-1,-1,-1
95,-1,393,305,27,16,1,-1,-1,-1
95,-1,496,143,24,17,1,-1,-1,-1
95,-1,549,271,29,18,1,-1,-1,-1
95,-1,692,24,29,19,1,-1,-1,-1
95,-1,735,179,22,16,1,-1,-1,-1
96,-1,60,341,22,14,1,-1,-1,-1
96,-1,139,276,24,16,1,-1,-1,-1
96,-1,262,359,26,16,1,-1,-1,-1
96,-1,284,169,22,15,1,-1,-1,-1
96,-1,393,304,27,16,1,-1,-1,-1
96,-1,496,141,24,17,1,-1,-1,-1
96,-1,549,271,29,18,1,-1,-1,-1
96,-1,692,21,29,19,1,-1,-1,-1
96,-1,734,178,22,16,1,-1,-1,-1
97,-1,61,340,23,14,1,-1,-1,-1
97,-1,139,275,24,16,1,-1,-1,-1
97,-1,262,359,25,16,1,-1,-1,-1
97,-1,284,168,22,15,1,-1,-1,-1
97,-1,393,303,27,16,1,-1,-1,-1
97,-1,496,139,24,17,1,-1,-1,-1
97,-1,549,270,29,18,1,-1,-1,-1
97,-1,692,19,29,19,1,-1,-1,-1
97,-1,734,177,22,16,1,-1,-1,-1
98,-1,61,340,22,14,1,-1,-1,-1
98,-1,139,273,24,16,1,-1,-1,-1
98,-1,262,358,26,16,1,-1,-1,-1
98,-1,285,165,22,14,1,-1,-1,-1
98,-1,393,301,27,16,1,-1,-1,-1
98,-1,496,137,24,17,1,-1,-1,-1
98,-1,549,270,27,17,1,-1,-1,-1
98,-1,691,16,29,19,1,-1,-1,-1
98,-1,734,175,22,16,1,-1,-1,-1
99,-1,61,339,22,14,1,-1,-1,-1
99,-1,139,272,24,16,1,-1,-1,-1
99,-1,262,358,26,16,1,-1,-1,-1
99,-1,284,164,22,14,1,-1,-1,-1
99,-1,393,301,27,16,1,-1,-1,-1
99,-1,496,135,24,17,1,-1,-1,-1
99,-1,549,269,27,16,1,-1,-1,-1
99,-1,691,14,30,19,1,-1,-1,-1
99,-1,734,174,22,16,1,-1,-1,-1
100,-1,61,339,22,14,1,-1,-1,-1
100,-1,139,272,24,16,1,-1,-1,-1
100,-1,262,358,25,16,1,-1,-1,-1
100,-1,284,164,22,14,1,-1,-1,-1
100,-1,393,301,27,16,1,-1,-1,-1
100,-1,496,135,24,17,1,-1,-1,-1
100,-1,549,269,27,16,1,-1,-1,-1
100,-1,691,14,30,19,1,-1,-1,-1
100,-1,734,174,22,16,1,-1,-1,-1
101,-1,61,338,22,14,1,-1,-1,-1
101,-1,139,271,23,16,1,-1,-1,-1
101,-1,261,357,25,16,1,-1,-1,-1
101,-1,284,161,22,14,1,-1,-1,-1
101,-1,393,299,27,16,1,-1,-1,-1
101,-1,495,133,24,17,1,-1,-1,-1
101,-1,549,267,26,16,1,-1,-1,-1
101,-1,691,11,29,19,1,-1,-1,-1
101,-1,733,172,22,16,1,-1,-1,-1
102,-1,61,337,21,13,1,-1,-1,-1
102,-1,140,270,23,15,1,-1,-1,-1
102,-1,261,357,26,16,1,-1,-1,-1
102,-1,284,160,22,14,1,-1,-1,-1
102,-1,393,298,27,16,1,-1,-1,-1
102,-1,496,131,23,17,1,-1,-1,-1
102,-1,550,266,25,16,1,-1,-1,-1
102,-1,691,8,29,19,1,-1,-1,-1
102,-1,733,171,22,16,1,-1,-1,-1
103,-1,61,336,21,13,1,-1,-1,-1
103,-1,140,269,22,15,1,-1,-1,-1
103,-1,261,356,26,16,1,-1,-1,-1
103,-1,284,157,22,14,1,-1,-1,-1
103,-1,393,297,27,16,1,-1,-1,-1
103,-1,495,129,23,17,1,-1,-1,-1
103,-1,550,265,25,15,1,-1,-1,-1
103,-1,691,5,29,19,1,-1,-1,-1
103,-1,734,169,22,16,1,-1,-1,-1
104,-1,61,336,21,13,1,-1,-1,-1
104,-1,139,268,22,15,1,-1,-1,-1
104,-1,261,357,25,16,1,-1,-1,-1
104,-1,284,156,22,14,1,-1,-1,-1
104,-1,393,297,27,16,1,-1,-1,-1
104,-1,495,127,23,17,1,-1,-1,-1
104,-1,550,264,25,15,1,-1,-1,-1
104,-1,690,3,29,19,1,-1,-1,-1
104,-1,734,168,22,16,1,-1,-1,-1
105,-1,61,336,21,13,1,-1,-1,-1
105,-1,139,268,22,15,1,-1,-1,-1
105,-1,261,357,25,16,1,-1,-1,-1
105,-1,284,156,22,14,1,-1,-1,-1
105,-1,393,297,27,16,1,-1,-1,-1
105,-1,495,127,23,17,1,-1,-1,-1
105,-1,550,264,25,15,1,-1,-1,-1
105,-1,690,3,29,19,1,-1,-1,-1
105,-1,734,168,22,15,1,-1,-1,-1
106,-1,61,336,21,13,1,-1,-1,-1
106,-1,139,267,21,14,1,-1,-1,-1
106,-1,261,357,25,16,1,-1,-1,-1
106,-1,284,154,22,14,1,-1,-1,-1
106,-1,393,296,27,16,1,-1,-1,-1
106,-1,494,125,23,17,1,-1,-1,-1
106,-1,551,264,23,14,1,-1,-1,-1
106,-1,690,0,29,19,1,-1,-1,-1
106,-1,733,166,22,16,1,-1,-1,-1
107,-1,60,336,21,13,1,-1,-1,-1
107,-1,139,267,21,14,1,-1,-1,-1
107,-1,261,357,25,16,1,-1,-1,-1
107,-1,285,154,22,14,1,-1,-1,-1
107,-1,392,296,27,16,1,-1,-1,-1
107,-1,494,125,23,17,1,-1,-1,-1
107,-1,551,264,23,14,1,-1,-1,-1
107,-1,690,-2,29,19,1,-1,-1,-1
107,-1,733,166,22,16,1,-1,-1,-1
108,-1,60,337,21,13,1,-1,-1,-1
108,-1,139,267,21,14,1,-1,-1,-1
108,-1,261,359,25,16,1,-1,-1,-1
108,-1,285,154,22,14,1,-1,-1,-1
108,-1,393,297,27,16,1,-1,-1,-1
108,-1,494,125,23,17,1,-1,-1,-1
108,-1,551,265,22,13,1,-1,-1,-1
108,-1,689,-4,29,19,1,-1,-1,-1
108,-1,733,166,22,16,1,-1,-1,-1
109,-1,60,339,21,13,1,-1,-1,-1
109,-1,139,268,21,14,1,-1,-1,-1
109,-1,261,361,25,16,1,-1,-1,-1
109,-1,285,155,22,14,1,-1,-1,-1
109,-1,393,299,26,16,1,-1,-1,-1
109,-1,493,125,23,17,1,-1,-1,-1
109,-1,551,266,21,13,1,-1,-1,-1
109,-1,689,-4,29,19,1,-1,-1,-1
109,-1,733,167,22,16,1,-1,-1,-1
110,-1,60,339,21,13,1,-1,-1,-1
110,-1,139,268,21,14,1,-1,-1,-1
110,-1,261,361,25,16,1,-1,-1,-1
110,-1,285,155,22,14,1,-1,-1,-1
110,-1,393,299,26,16,1,-1,-1,-1
110,-1,493,125,23,17,1,-1,-1,-1
110,-1,551,266,21,13,1,-1,-1,-1
110,-1,689,-4,29,19,1,-1,-1,-1
110,-1,733,167,22,16,1,-1,-1,-1
111,-1,60,340,20,12,1,-1,-1,-1
111,-1,139,269,21,14,1,-1,-1,-1
111,-1,261,363,25,16,1,-1,-1,-1
111,-1,286,156,22,14,1,-1,-1,-1
111,-1,393,300,26,16,1,-1,-1,-1
111,-1,493,126,23,17,1,-1,-1,-1
111,-1,551,267,21,13,1,-1,-1,-1
111,-1,690,-5,29,19,1,-1,-1,-1
111,-1,733,168,22,16,1,-1,-1,-1
112,-1,60,345,20,12,1,-1,-1,-1
112,-1,139,273,21,14,1,-1,-1,-1
112,-1,261,369,25,16,1,-1,-1,-1
112,-1,286,159,21,14,1,-1,-1,-1
112,-1,393,305,26,15,1,-1,-1,-1
112,-1,493,128,23,16,1,-1,-1,-1
112,-1,552,271,20,12,1,-1,-1,-1
112,-1,689,-4,29,19,1,-1,-1,-1
112,-1,733,171,22,16,1,-1,-1,-1
113,-1,60,350,20,12,1,-1,-1,-1
113,-1,139,278,21,14,1,-1,-1,-1
113,-1,261,375,25,16,1,-1,-1,-1
113,-1,286,164,21,14,1,-1,-1,-1
113,-1,393,310,26,15,1,-1,-1,-1
113,-1,493,133,23,16,1,-1,-1,-1
113,-1,552,276,20,12,1,-1,-1,-1
113,-1,684,1,37,19,1,-1,-1,-1
113,-1,733,176,22,16,1,-1,-1,-1
114,-1,60,358,20,12,1,-1,-1,-1
114,-1,138,285,21,14,1,-1,-1,-1
114,-1,260,383,25,16,1,-1,-1,-1
114,-1,286,171,21,14,1,-1,-1,-1
114,-1,393,318,26,15,1,-1,-1,-1
114,-1,493,139,23,16,1,-1,-1,-1
114,-1,552,283,20,12,1,-1,-1,-1
114,-1,684,6,37,19,1,-1,-1,-1
114,-1,733,183,22,16,1,-1,-1,-1
115,-1,60,358,20,12,1,-1,-1,-1
115,-1,138,285,21,14,1,-1,-1,-1
115,-1,260,383,25,16,1,-1,-1,-1
115,-1,286,171,21,14,1,-1,-1,-1
115,-1,393,318,26,15,1,-1,-1,-1
115,-1,493,139,23,16,1,-1,-1,-1
115,-1,552,283,20,12,1,-1,-1,-1
115,-1,684,6,37,19,1,-1,-1,-1
115,-1,733,183,22,16,1,-1,-1,-1
116,-1,60,363,20,12,1,-1,-1,-1
116,-1,138,289,21,14,1,-1,-1,-1
116,-1,260,388,25,16,1,-1,-1,-1
116,-1,286,174,21,14,1,-1,-1,-1
116,-1,393,323,26,15,1,-1,-1,-1
116,-1,493,142,23,16,1,-1,-1,-1
116,-1,552,287,20,12,1,-1,-1,-1
116,-1,684,8,37,19,1,-1,-1,-1
116,-1,733,186,22,16,1,-1,-1,-1
117,-1,60,370,20,12,1,-1,-1,-1
117,-1,138,296,21,14,1,-1,-1,-1
117,-1,260,396,25,16,1,-1,-1,-1
117,-1,286,181,21,14,1,-1,-1,-1
117,-1,393,330,26,15,1,-1,-1,-1
117,-1,493,148,23,16,1,-1,-1,-1
117,-1,552,294,20,12,1,-1,-1,-1
117,-1,683,13,37,19,1,-1,-1,-1
117,-1,733,193,22,16,1,-1,-1,-1
118,-1,60,374,19,12,1,-1,-1,-1
118,-1,138,300,21,14,1,-1,-1,-1
118,-1,260,400,25,16,1,-1,-1,-1
118,-1,286,185,21,14,1,-1,-1,-1
118,-1,393,334,26,15,1,-1,-1,-1
118,-1,493,151,23,16,1,-1,-1,-1
118,-1,552,297,20,12,1,-1,-1,-1
118,-1,683,15,37,19,1,-1,-1,-1
118,-1,733,196,22,16,1,-1,-1,-1
119,-1,60,378,19,12,1,-1,-1,-1
119,-1,138,304,22,14,1,-1,-1,-1
119,-1,260,405,25,16,1,-1,-1,-1
119,-1,286,188,21,14,1,-1,-1,-1
119,-1,393,339,25,14,1,-1,-1,-1
119,-1,494,154,23,16,1,-1,-1,-1
119,-1,552,301,20,12,1,-1,-1,-1
119,-1,683,18,37,19,1,-1,-1,-1
119,-1,732,200,22,16,1,-1,-1,-1
120,-1,60,378,19,12,1,-1,-1,-1
120,-1,138,304,22,14,1,-1,-1,-1
120,-1,260,405,25,16,1,-1,-1,-1
120,-1,286,188,21,14,1,-1,-1,-1
120,-1,394,340,25,14,1,-1,-1,-1
120,-1,494,154,23,16,1,-1,-1,-1
120,-1,552,301,20,12,1,-1,-1,-1
120,-1,683,18,37,19,1,-1,-1,-1
120,-1,732,200,22,16,1,-1,-1,-1
