1,-1,155,310,90,44,1,-1,-1,-1
1,-1,193,247,45,21,1,-1,-1,-1
1,-1,634,264,35,17,1,-1,-1,-1
1,-1,1042,240,37,19,1,-1,-1,-1
1,-1,1082,393,68,34,1,-1,-1,-1
2,-1,155,310,90,44,1,-1,-1,-1
2,-1,193,247,45,21,1,-1,-1,-1
2,-1,635,264,35,17,1,-1,-1,-1
2,-1,1042,240,37,19,1,-1,-1,-1
2,-1,1083,393,68,34,1,-1,-1,-1
3,-1,156,310,90,44,1,-1,-1,-1
3,-1,194,246,45,21,1,-1,-1,-1
3,-1,635,263,35,17,1,-1,-1,-1
3,-1,1043,239,37,19,1,-1,-1,-1
3,-1,1083,393,68,34,1,-1,-1,-1
4,-1,156,310,90,44,1,-1,-1,-1
4,-1,196,246,45,21,1,-1,-1,-1
4,-1,636,263,35,17,1,-1,-1,-1
4,-1,1044,239,37,19,1,-1,-1,-1
4,-1,1084,392,68,34,1,-1,-1,-1
5,-1,157,310,90,44,1,-1,-1,-1
5,-1,196,246,45,21,1,-1,-1,-1
5,-1,637,263,35,17,1,-1,-1,-1
5,-1,1045,239,37,19,1,-1,-1,-1
5,-1,1085,392,68,34,1,-1,-1,-1
6,-1,157,309,90,44,1,-1,-1,-1
6,-1,197,246,45,21,1,-1,-1,-1
6,-1,638,260,47,20,1,-1,-1,-1
6,-1,1046,239,37,19,1,-1,-1,-1
6,-1,1086,392,68,34,1,-1,-1,-1
7,-1,158,309,90,44,1,-1,-1,-1
7,-1,198,246,45,21,1,-1,-1,-1
7,-1,639,260,47,20,1,-1,-1,-1
7,-1,1046,239,37,19,1,-1,-1,-1
7,-1,1087,392,68,34,1,-1,-1,-1
8,-1,157,309,89,43,1,-1,-1,-1
8,-1,202,242,45,21,1,-1,-1,-1
8,-1,644,259,41,19,1,-1,-1,-1
8,-1,1047,233,38,20,1,-1,-1,-1
8,-1,1088,392,68,34,1,-1,-1,-1
9,-1,158,309,89,43,1,-1,-1,-1
9,-1,203,242,45,21,1,-1,-1,-1
9,-1,645,259,41,19,1,-1,-1,-1
9,-1,1048,233,38,20,1,-1,-1,-1
9,-1,1089,391,68,34,1,-1,-1,-1
10,-1,158,309,89,43,1,-1,-1,-1
10,-1,203,241,45,21,1,-1,-1,-1
10,-1,644,256,41,19,1,-1,-1,-1
10,-1,1046,231,38,20,1,-1,-1,-1
10,-1,1089,391,68,34,1,-1,-1,-1
11,-1,158,309,89,43,1,-1,-1,-1
11,-1,204,241,45,21,1,-1,-1,-1
11,-1,645,256,41,19,1,-1,-1,-1
11,-1,1047,231,38,20,1,-1,-1,-1
11,-1,1090,391,68,34,1,-1,-1,-1
12,-1,159,309,89,43,1,-1,-1,-1
12,-1,203,234,45,21,1,-1,-1,-1
12,-1,646,255,41,19,1,-1,-1,-1
12,-1,1048,230,38,20,1,-1,-1,-1
12,-1,1092,391,68,34,1,-1,-1,-1
13,-1,159,309,89,43,1,-1,-1,-1
13,-1,204,234,44,21,1,-1,-1,-1
13,-1,644,249,42,21,1,-1,-1,-1
13,-1,1051,227,38,20,1,-1,-1,-1
13,-1,1092,391,68,34,1,-1,-1,-1
14,-1,160,309,89,43,1,-1,-1,-1
14,-1,205,233,44,20,1,-1,-1,-1
14,-1,645,249,42,21,1,-1,-1,-1
14,-1,1051,227,38,20,1,-1,-1,-1
14,-1,1093,391,68,34,1,-1,-1,-1
15,-1,160,309,89,43,1,-1,-1,-1
15,-1,205,231,44,21,1,-1,-1,-1
15,-1,645,249,42,21,1,-1,-1,-1
15,-1,1052,226,38,20,1,-1,-1,-1
15,-1,1094,391,68,34,1,-1,-1,-1
16,-1,157,310,89,43,1,-1,-1,-1
16,-1,206,231,44,21,1,-1,-1,-1
16,-1,648,247,41,20,1,-1,-1,-1
16,-1,1053,224,37,20,1,-1,-1,-1
16,-1,1095,391,68,34,1,-1,-1,-1
17,-1,157,310,89,43,1,-1,-1,-1
17,-1,206,230,44,21,1,-1,-1,-1
17,-1,648,247,41,20,1,-1,-1,-1
17,-1,1054,224,37,20,1,-1,-1,-1
17,-1,1095,390,68,34,1,-1,-1,-1
18,-1,157,310,89,43,1,-1,-1,-1
18,-1,207,230,44,21,1,-1,-1,-1
18,-1,649,247,41,20,1,-1,-1,-1
18,-1,1054,223,37,20,1,-1,-1,-1
18,-1,1096,391,68,34,1,-1,-1,-1
19,-1,158,310,89,43,1,-1,-1,-1
19,-1,207,230,45,21,1,-1,-1,-1
19,-1,649,247,41,20,1,-1,-1,-1
19,-1,1054,222,37,20,1,-1,-1,-1
19,-1,1096,391,68,34,1,-1,-1,-1
20,-1,158,311,89,43,1,-1,-1,-1
20,-1,208,227,44,25,1,-1,-1,-1
20,-1,650,244,41,18,1,-1,-1,-1
20,-1,1055,220,37,20,1,-1,-1,-1
20,-1,1097,391,68,34,1,-1,-1,-1
21,-1,159,311,89,43,1,-1,-1,-1
21,-1,208,227,44,25,1,-1,-1,-1
21,-1,650,244,41,18,1,-1,-1,-1
21,-1,1055,220,37,20,1,-1,-1,-1
21,-1,1098,391,68,34,1,-1,-1,-1
22,-1,159,311,89,43,1,-1,-1,-1
22,-1,213,224,45,25,1,-1,-1,-1
22,-1,651,241,41,21,1,-1,-1,-1
22,-1,1056,217,37,20,1,-1,-1,-1
22,-1,1098,391,69,34,1,-1,-1,-1
23,-1,159,311,89,43,1,-1,-1,-1
23,-1,213,224,45,25,1,-1,-1,-1
23,-1,651,241,41,21,1,-1,-1,-1
23,-1,1056,217,37,20,1,-1,-1,-1
23,-1,1098,391,68,34,1,-1,-1,-1
24,-1,158,310,90,44,1,-1,-1,-1
24,-1,212,220,45,25,1,-1,-1,-1
24,-1,651,240,41,21,1,-1,-1,-1
24,-1,1056,215,37,20,1,-1,-1,-1
24,-1,1099,392,68,34,1,-1,-1,-1
25,-1,157,309,91,44,1,-1,-1,-1
25,-1,212,220,45,25,1,-1,-1,-1
25,-1,651,240,41,21,1,-1,-1,-1
25,-1,1056,215,37,20,1,-1,-1,-1
25,-1,1099,392,68,34,1,-1,-1,-1
26,-1,156,309,92,45,1,-1,-1,-1
26,-1,212,219,45,25,1,-1,-1,-1
26,-1,651,240,41,21,1,-1,-1,-1
26,-1,1056,215,37,20,1,-1,-1,-1
26,-1,1099,392,68,34,1,-1,-1,-1
27,-1,156,307,90,43,1,-1,-1,-1
27,-1,213,218,44,25,1,-1,-1,-1
27,-1,652,238,41,21,1,-1,-1,-1
27,-1,1056,212,36,20,1,-1,-1,-1
27,-1,1099,392,68,34,1,-1,-1,-1
28,-1,156,308,89,43,1,-1,-1,-1
28,-1,213,218,44,25,1,-1,-1,-1
28,-1,652,239,41,21,1,-1,-1,-1
28,-1,1055,211,37,20,1,-1,-1,-1
28,-1,1099,393,68,34,1,-1,-1,-1
29,-1,156,308,89,43,1,-1,-1,-1
29,-1,213,218,44,25,1,-1,-1,-1
29,-1,651,233,41,21,1,-1,-1,-1
29,-1,1056,209,36,20,1,-1,-1,-1
29,-1,1099,393,69,34,1,-1,-1,-1
30,-1,156,308,89,43,1,-1,-1,-1
30,-1,212,219,44,25,1,-1,-1,-1
30,-1,651,233,41,21,1,-1,-1,-1
30,-1,1056,209,36,20,1,-1,-1,-1
30,-1,1099,393,69,34,1,-1,-1,-1
31,-1,155,302,89,43,1,-1,-1,-1
31,-1,212,213,45,25,1,-1,-1,-1
31,-1,649,232,41,21,1,-1,-1,-1
31,-1,1055,208,37,20,1,-1,-1,-1
31,-1,1098,394,68,34,1,-1,-1,-1
32,-1,155,301,89,43,1,-1,-1,-1
32,-1,211,213,45,25,1,-1,-1,-1
32,-1,648,228,41,21,1,-1,-1,-1
32,-1,1054,204,36,20,1,-1,-1,-1
32,-1,1098,394,69,34,1,-1,-1,-1
33,-1,154,298,89,43,1,-1,-1,-1
33,-1,210,210,47,26,1,-1,-1,-1
33,-1,648,228,41,21,1,-1,-1,-1
33,-1,1054,204,36,20,1,-1,-1,-1
33,-1,1098,395,69,34,1,-1,-1,-1
34,-1,155,299,86,41,1,-1,-1,-1
34,-1,210,210,45,25,1,-1,-1,-1
34,-1,648,229,41,21,1,-1,-1,-1
34,-1,1053,203,36,20,1,-1,-1,-1
34,-1,1097,395,69,34,1,-1,-1,-1
35,-1,153,296,89,43,1,-1,-1,-1
35,-1,210,210,45,25,1,-1,-1,-1
35,-1,647,230,41,21,1,-1,-1,-1
35,-1,1053,202,35,19,1,-1,-1,-1
35,-1,1097,396,69,34,1,-1,-1,-1
36,-1,153,296,87,42,1,-1,-1,-1
36,-1,210,205,45,25,1,-1,-1,-1
36,-1,646,226,41,21,1,-1,-1,-1
36,-1,1053,201,35,19,1,-1,-1,-1
36,-1,1097,398,69,34,1,-1,-1,-1
37,-1,153,296,86,42,1,-1,-1,-1
37,-1,210,205,44,25,1,-1,-1,-1
37,-1,646,227,41,21,1,-1,-1,-1
37,-1,1053,201,35,19,1,-1,-1,-1
37,-1,1096,398,69,34,1,-1,-1,-1
38,-1,153,296,86,42,1,-1,-1,-1
38,-1,209,207,45,25,1,-1,-1,-1
38,-1,645,228,41,21,1,-1,-1,-1
38,-1,1053,200,34,19,1,-1,-1,-1
38,-1,1096,399,69,34,1,-1,-1,-1
39,-1,153,293,86,41,1,-1,-1,-1
39,-1,207,202,45,25,1,-1,-1,-1
39,-1,645,223,41,21,1,-1,-1,-1
39,-1,1049,199,42,20,1,-1,-1,-1
39,-1,1096,400,69,34,1,-1,-1,-1
40,-1,153,292,84,40,1,-1,-1,-1
40,-1,206,201,45,25,1,-1,-1,-1
40,-1,644,225,41,21,1,-1,-1,-1
40,-1,1048,201,42,20,1,-1,-1,-1
40,-1,1095,402,69,34,1,-1,-1,-1
41,-1,152,289,86,41,1,-1,-1,-1
41,-1,206,200,45,25,1,-1,-1,-1
41,-1,645,222,41,21,1,-1,-1,-1
41,-1,1049,199,42,20,1,-1,-1,-1
41,-1,1095,404,69,34,1,-1,-1,-1
42,-1,151,290,86,41,1,-1,-1,-1
42,-1,206,201,44,24,1,-1,-1,-1
42,-1,645,223,41,21,1,-1,-1,-1
42,-1,1049,199,42,20,1,-1,-1,-1
42,-1,1094,405,69,34,1,-1,-1,-1
43,-1,149,285,86,41,1,-1,-1,-1
43,-1,205,199,44,25,1,-1,-1,-1
43,-1,645,221,41,21,1,-1,-1,-1
43,-1,1048,199,43,20,1,-1,-1,-1
43,-1,1094,406,68,34,1,-1,-1,-1
44,-1,147,284,90,40,1,-1,-1,-1
44,-1,204,198,46,25,1,-1,-1,-1
44,-1,646,220,41,21,1,-1,-1,-1
44,-1,1046,197,42,20,1,-1,-1,-1
44,-1,1094,409,69,34,1,-1,-1,-1
45,-1,147,285,90,40,1,-1,-1,-1
45,-1,204,200,46,25,1,-1,-1,-1
45,-1,646,221,41,21,1,-1,-1,-1
45,-1,1046,198,42,20,1,-1,-1,-1
45,-1,1094,411,69,34,1,-1,-1,-1
46,-1,147,285,90,40,1,-1,-1,-1
46,-1,203,201,46,25,1,-1,-1,-1
46,-1,646,223,41,21,1,-1,-1,-1
46,-1,1046,200,42,20,1,-1,-1,-1
46,-1,1094,412,69,34,1,-1,-1,-1
47,-1,148,283,90,40,1,-1,-1,-1
47,-1,202,196,46,25,1,-1,-1,-1
47,-1,643,220,41,21,1,-1,-1,-1
47,-1,1043,195,42,20,1,-1,-1,-1
47,-1,1093,414,69,34,1,-1,-1,-1
48,-1,147,287,90,40,1,-1,-1,-1
48,-1,201,195,46,25,1,-1,-1,-1
48,-1,643,223,41,21,1,-1,-1,-1
48,-1,1043,196,41,20,1,-1,-1,-1
48,-1,1093,418,69,34,1,-1,-1,-1
49,-1,148,275,90,40,1,-1,-1,-1
49,-1,201,195,46,25,1,-1,-1,-1
49,-1,641,217,41,21,1,-1,-1,-1
49,-1,1043,194,43,20,1,-1,-1,-1
49,-1,1093,419,69,34,1,-1,-1,-1
50,-1,148,276,90,40,1,-1,-1,-1
50,-1,200,194,47,25,1,-1,-1,-1
50,-1,641,218,41,21,1,-1,-1,-1
50,-1,1043,194,43,20,1,-1,-1,-1
50,-1,1093,421,69,34,1,-1,-1,-1
51,-1,149,275,89,39,1,-1,-1,-1
51,-1,199,194,47,26,1,-1,-1,-1
51,-1,641,221,41,21,1,-1,-1,-1
51,-1,1042,194,43,20,1,-1,-1,-1
51,-1,1093,423,69,34,1,-1,-1,-1
52,-1,148,271,89,39,1,-1,-1,-1
52,-1,198,191,47,25,1,-1,-1,-1
52,-1,640,218,41,21,1,-1,-1,-1
52,-1,1042,193,43,20,1,-1,-1,-1
52,-1,1092,427,69,35,1,-1,-1,-1
53,-1,148,272,89,39,1,-1,-1,-1
53,-1,197,190,48,25,1,-1,-1,-1
53,-1,640,219,41,21,1,-1,-1,-1
53,-1,1042,194,43,20,1,-1,-1,-1
53,-1,1092,429,69,34,1,-1,-1,-1
54,-1,150,270,85,37,1,-1,-1,-1
54,-1,197,190,47,25,1,-1,-1,-1
54,-1,639,222,41,21,1,-1,-1,-1
54,-1,1041,193,43,20,1,-1,-1,-1
54,-1,1092,431,69,34,1,-1,-1,-1
55,-1,146,260,93,49,1,-1,-1,-1
55,-1,196,190,48,26,1,-1,-1,-1
55,-1,639,218,40,21,1,-1,-1,-1
55,-1,1039,191,45,23,1,-1,-1,-1
55,-1,1092,433,69,35,1,-1,-1,-1
56,-1,149,262,87,46,1,-1,-1,-1
56,-1,195,189,48,25,1,-1,-1,-1
56,-1,639,215,41,21,1,-1,-1,-1
56,-1,1038,192,45,23,1,-1,-1,-1
56,-1,1091,437,69,35,1,-1,-1,-1
57,-1,149,264,87,46,1,-1,-1,-1
57,-1,194,188,48,26,1,-1,-1,-1
57,-1,639,216,41,21,1,-1,-1,-1
57,-1,1038,194,45,23,1,-1,-1,-1
57,-1,1091,439,69,34,1,-1,-1,-1
58,-1,148,257,87,46,1,-1,-1,-1
58,-1,193,188,48,26,1,-1,-1,-1
58,-1,639,216,40,21,1,-1,-1,-1
58,-1,1036,191,45,23,1,-1,-1,-1
58,-1,1091,441,69,34,1,-1,-1,-1
59,-1,148,257,86,46,1,-1,-1,-1
59,-1,193,187,48,26,1,-1,-1,-1
59,-1,639,215,39,20,1,-1,-1,-1
59,-1,1036,191,45,23,1,-1,-1,-1
59,-1,1091,443,69,34,1,-1,-1,-1
60,-1,147,253,86,46,1,-1,-1,-1
60,-1,192,186,48,26,1,-1,-1,-1
60,-1,638,216,38,20,1,-1,-1,-1
60,-1,1035,190,45,23,1,-1,-1,-1
60,-1,1090,447,69,34,1,-1,-1,-1
61,-1,147,253,86,46,1,-1,-1,-1
61,-1,191,186,48,26,1,-1,-1,-1
61,-1,638,215,39,20,1,-1,-1,-1
61,-1,1035,190,45,23,1,-1,-1,-1
61,-1,1090,449,69,34,1,-1,-1,-1
62,-1,147,248,91,47,1,-1,-1,-1
62,-1,190,185,48,26,1,-1,-1,-1
62,-1,637,215,38,20,1,-1,-1,-1
62,-1,1034,191,45,23,1,-1,-1,-1
62,-1,1090,451,69,34,1,-1,-1,-1
63,-1,147,248,91,47,1,-1,-1,-1
63,-1,190,185,48,26,1,-1,-1,-1
63,-1,637,215,39,20,1,-1,-1,-1
63,-1,1034,191,45,23,1,-1,-1,-1
63,-1,1090,453,69,34,1,-1,-1,-1
64,-1,144,243,96,50,1,-1,-1,-1
64,-1,188,183,49,26,1,-1,-1,-1
64,-1,636,215,39,20,1,-1,-1,-1
64,-1,1032,190,48,24,1,-1,-1,-1
64,-1,1089,457,69,34,1,-1,-1,-1
65,-1,143,242,98,50,1,-1,-1,-1
65,-1,187,183,49,26,1,-1,-1,-1
65,-1,635,214,39,20,1,-1,-1,-1
65,-1,1031,192,48,24,1,-1,-1,-1
65,-1,1089,460,69,34,1,-1,-1,-1
66,-1,137,233,100,52,1,-1,-1,-1
66,-1,187,183,49,26,1,-1,-1,-1
66,-1,635,214,39,20,1,-1,-1,-1
66,-1,1031,187,46,23,1,-1,-1,-1
66,-1,1089,462,69,34,1,-1,-1,-1
67,-1,136,232,101,53,1,-1,-1,-1
67,-1,186,182,49,26,1,-1,-1,-1
67,-1,635,214,39,20,1,-1,-1,-1
67,-1,1031,187,46,23,1,-1,-1,-1
67,-1,1088,464,69,34,1,-1,-1,-1
68,-1,136,226,100,52,1,-1,-1,-1
68,-1,185,181,50,26,1,-1,-1,-1
68,-1,634,214,39,20,1,-1,-1,-1
68,-1,1031,186,45,22,1,-1,-1,-1
68,-1,1088,469,69,34,1,-1,-1,-1
69,-1,137,224,100,52,1,-1,-1,-1
69,-1,184,181,49,26,1,-1,-1,-1
69,-1,633,214,39,20,1,-1,-1,-1
69,-1,1030,186,45,23,1,-1,-1,-1
69,-1,1088,471,69,34,1,-1,-1,-1
70,-1,137,222,100,52,1,-1,-1,-1
70,-1,183,180,50,26,1,-1,-1,-1
70,-1,632,214,39,20,1,-1,-1,-1
70,-1,1029,186,46,23,1,-1,-1,-1
70,-1,1088,474,69,34,1,-1,-1,-1
71,-1,137,219,100,52,1,-1,-1,-1
71,-1,183,180,49,26,1,-1,-1,-1
71,-1,632,214,39,20,1,-1,-1,-1
71,-1,1029,186,44,23,1,-1,-1,-1
71,-1,1087,476,69,34,1,-1,-1,-1
72,-1,137,214,101,52,1,-1,-1,-1
72,-1,182,179,49,26,1,-1,-1,-1
72,-1,632,214,39,20,1,-1,-1,-1
72,-1,1028,185,44,23,1,-1,-1,-1
72,-1,1087,481,69,34,1,-1,-1,-1
73,-1,136,213,104,40,1,-1,-1,-1
73,-1,181,179,49,26,1,-1,-1,-1
73,-1,632,214,39,20,1,-1,-1,-1
73,-1,1027,186,44,23,1,-1,-1,-1
73,-1,1087,484,69,34,1,-1,-1,-1
74,-1,136,212,104,40,1,-1,-1,-1
74,-1,181,179,49,26,1,-1,-1,-1
74,-1,631,215,39,20,1,-1,-1,-1
74,-1,1027,185,44,23,1,-1,-1,-1
74,-1,1086,486,69,34,1,-1,-1,-1
75,-1,135,208,105,40,1,-1,-1,-1
75,-1,180,179,49,26,1,-1,-1,-1
75,-1,631,215,39,20,1,-1,-1,-1
75,-1,1026,185,44,23,1,-1,-1,-1
75,-1,1086,489,69,34,1,-1,-1,-1
76,-1,134,207,106,37,1,-1,-1,-1
76,-1,179,178,49,26,1,-1,-1,-1
76,-1,630,215,39,20,1,-1,-1,-1
76,-1,1025,185,44,23,1,-1,-1,-1
76,-1,1085,494,69,34,1,-1,-1,-1
77,-1,134,204,106,37,1,-1,-1,-1
77,-1,178,178,49,26,1,-1,-1,-1
77,-1,629,215,39,20,1,-1,-1,-1
77,-1,1024,185,44,23,1,-1,-1,-1
77,-1,1085,497,69,34,1,-1,-1,-1
78,-1,133,202,106,37,1,-1,-1,-1
78,-1,177,178,49,26,1,-1,-1,-1
78,-1,629,216,39,20,1,-1,-1,-1
78,-1,1024,186,44,23,1,-1,-1,-1
78,-1,1085,500,69,34,1,-1,-1,-1
79,-1,133,200,106,37,1,-1,-1,-1
79,-1,176,178,49,26,1,-1,-1,-1
79,-1,628,216,39,20,1,-1,-1,-1
79,-1,1024,186,44,23,1,-1,-1,-1
79,-1,1085,503,69,34,1,-1,-1,-1
80,-1,133,195,105,37,1,-1,-1,-1
80,-1,175,178,49,26,1,-1,-1,-1
80,-1,627,217,39,20,1,-1,-1,-1
80,-1,1023,187,43,23,1,-1,-1,-1
80,-1,1084,508,69,34,1,-1,-1,-1
81,-1,133,192,105,37,1,-1,-1,-1
81,-1,174,178,49,26,1,-1,-1,-1
81,-1,626,217,39,20,1,-1,-1,-1
81,-1,1022,188,43,23,1,-1,-1,-1
81,-1,1083,511,69,34,1,-1,-1,-1
82,-1,133,189,105,37,1,-1,-1,-1
82,-1,173,178,49,26,1,-1,-1,-1
82,-1,626,217,39,20,1,-1,-1,-1
82,-1,1021,189,44,23,1,-1,-1,-1
82,-1,1083,514,69,34,1,-1,-1,-1
83,-1,132,186,105,37,1,-1,-1,-1
83,-1,172,181,47,23,1,-1,-1,-1
83,-1,625,218,39,20,1,-1,-1,-1
83,-1,1020,186,44,23,1,-1,-1,-1
83,-1,1082,517,69,34,1,-1,-1,-1
84,-1,131,180,105,37,1,-1,-1,-1
84,-1,171,179,45,22,1,-1,-1,-1
84,-1,623,219,39,20,1,-1,-1,-1
84,-1,1018,187,44,23,1,-1,-1,-1
84,-1,1080,523,69,34,1,-1,-1,-1
85,-1,131,177,105,37,1,-1,-1,-1
85,-1,176,181,44,22,1,-1,-1,-1
85,-1,623,219,39,20,1,-1,-1,-1
85,-1,1017,186,45,23,1,-1,-1,-1
85,-1,1080,526,69,34,1,-1,-1,-1
86,-1,131,173,105,37,1,-1,-1,-1
86,-1,176,178,44,22,1,-1,-1,-1
86,-1,622,219,39,20,1,-1,-1,-1
86,-1,1016,187,45,23,1,-1,-1,-1
86,-1,1080,528,69,34,1,-1,-1,-1
87,-1,131,170,105,37,1,-1,-1,-1
87,-1,621,219,40,20,1,-1,-1,-1
87,-1,1015,188,44,23,1,-1,-1,-1
87,-1,1079,531,69,34,1,-1,-1,-1
88,-1,130,163,105,37,1,-1,-1,-1
88,-1,619,220,40,20,1,-1,-1,-1
88,-1,1013,187,47,24,1,-1,-1,-1
88,-1,1078,536,69,34,1,-1,-1,-1
89,-1,130,159,105,37,1,-1,-1,-1
89,-1,172,187,39,17,1,-1,-1,-1
89,-1,619,220,39,20,1,-1,-1,-1
89,-1,1013,188,45,24,1,-1,-1,-1
89,-1,1077,539,69,34,1,-1,-1,-1
90,-1,130,156,105,37,1,-1,-1,-1
90,-1,171,187,39,17,1,-1,-1,-1
90,-1,618,220,40,20,1,-1,-1,-1
90,-1,1012,189,45,24,1,-1,-1,-1
90,-1,1077,542,69,34,1,-1,-1,-1
91,-1,130,152,105,37,1,-1,-1,-1
91,-1,171,187,39,17,1,-1,-1,-1
91,-1,618,221,39,20,1,-1,-1,-1
91,-1,1011,190,45,24,1,-1,-1,-1
91,-1,1077,545,69,34,1,-1,-1,-1
92,-1,130,146,105,37,1,-1,-1,-1
92,-1,170,182,41,22,1,-1,-1,-1
92,-1,617,222,40,20,1,-1,-1,-1
92,-1,1010,189,46,24,1,-1,-1,-1
92,-1,1076,551,69,34,1,-1,-1,-1
93,-1,131,142,105,37,1,-1,-1,-1
93,-1,170,182,41,22,1,-1,-1,-1
93,-1,616,222,40,20,1,-1,-1,-1
93,-1,1010,190,45,24,1,-1,-1,-1
93,-1,1076,553,70,34,1,-1,-1,-1
94,-1,131,139,105,37,1,-1,-1,-1
94,-1,170,182,41,22,1,-1,-1,-1
94,-1,616,222,39,20,1,-1,-1,-1
94,-1,1015,190,39,25,1,-1,-1,-1
94,-1,1076,556,69,34,1,-1,-1,-1
95,-1,131,136,105,37,1,-1,-1,-1
95,-1,169,182,41,22,1,-1,-1,-1
95,-1,616,223,39,20,1,-1,-1,-1
95,-1,1015,191,38,24,1,-1,-1,-1
95,-1,1076,559,69,34,1,-1,-1,-1
96,-1,133,130,104,37,1,-1,-1,-1
96,-1,168,180,42,24,1,-1,-1,-1
96,-1,615,224,39,20,1,-1,-1,-1
96,-1,1014,191,39,25,1,-1,-1,-1
96,-1,1076,565,69,34,1,-1,-1,-1
97,-1,133,127,104,37,1,-1,-1,-1
97,-1,168,180,42,24,1,-1,-1,-1
97,-1,615,224,39,20,1,-1,-1,-1
97,-1,1014,191,39,25,1,-1,-1,-1
97,-1,1077,568,69,34,1,-1,-1,-1
98,-1,133,123,104,37,1,-1,-1,-1
98,-1,168,180,42,24,1,-1,-1,-1
98,-1,615,224,39,20,1,-1,-1,-1
98,-1,1014,192,38,25,1,-1,-1,-1
98,-1,1077,571,69,34,1,-1,-1,-1
99,-1,135,121,104,37,1,-1,-1,-1
99,-1,168,180,42,24,1,-1,-1,-1
99,-1,615,225,39,20,1,-1,-1,-1
99,-1,1014,192,38,25,1,-1,-1,-1
99,-1,1077,573,70,34,1,-1,-1,-1
100,-1,137,115,104,36,1,-1,-1,-1
100,-1,169,179,42,24,1,-1,-1,-1
100,-1,615,225,39,20,1,-1,-1,-1
100,-1,1014,192,39,25,1,-1,-1,-1
100,-1,1078,579,70,34,1,-1,-1,-1
101,-1,138,111,103,36,1,-1,-1,-1
101,-1,170,179,42,24,1,-1,-1,-1
101,-1,615,226,39,20,1,-1,-1,-1
101,-1,1015,193,37,24,1,-1,-1,-1
101,-1,1079,582,70,34,1,-1,-1,-1
102,-1,139,108,104,37,1,-1,-1,-1
102,-1,170,179,42,24,1,-1,-1,-1
102,-1,615,226,39,20,1,-1,-1,-1
102,-1,1014,193,38,24,1,-1,-1,-1
102,-1,1080,585,69,34,1,-1,-1,-1
103,-1,140,106,103,36,1,-1,-1,-1
103,-1,171,179,42,24,1,-1,-1,-1
103,-1,616,227,39,20,1,-1,-1,-1
103,-1,1015,193,38,25,1,-1,-1,-1
103,-1,1080,588,69,34,1,-1,-1,-1
104,-1,142,100,103,36,1,-1,-1,-1
104,-1,172,179,42,24,1,-1,-1,-1
104,-1,617,228,38,20,1,-1,-1,-1
104,-1,1015,194,38,25,1,-1,-1,-1
104,-1,1081,594,71,35,1,-1,-1,-1
105,-1,143,97,103,36,1,-1,-1,-1
105,-1,173,179,42,24,1,-1,-1,-1
105,-1,617,228,39,20,1,-1,-1,-1
105,-1,1015,194,38,25,1,-1,-1,-1
105,-1,1082,597,70,35,1,-1,-1,-1
106,-1,145,95,102,36,1,-1,-1,-1
106,-1,174,179,42,24,1,-1,-1,-1
106,-1,617,229,39,20,1,-1,-1,-1
106,-1,1015,194,39,25,1,-1,-1,-1
107,-1,146,92,102,36,1,-1,-1,-1
107,-1,174,179,42,24,1,-1,-1,-1
107,-1,617,229,39,20,1,-1,-1,-1
107,-1,1015,194,39,25,1,-1,-1,-1
108,-1,148,86,102,36,1,-1,-1,-1
108,-1,176,179,42,24,1,-1,-1,-1
108,-1,618,230,39,20,1,-1,-1,-1
108,-1,1016,195,38,25,1,-1,-1,-1
109,-1,150,84,102,36,1,-1,-1,-1
109,-1,177,179,42,24,1,-1,-1,-1
109,-1,619,230,38,20,1,-1,-1,-1
109,-1,1016,195,39,25,1,-1,-1,-1
110,-1,151,81,101,36,1,-1,-1,-1
110,-1,177,179,42,24,1,-1,-1,-1
110,-1,619,231,38,20,1,-1,-1,-1
110,-1,1016,195,39,25,1,-1,-1,-1
111,-1,151,78,102,36,1,-1,-1,-1
111,-1,178,179,42,24,1,-1,-1,-1
111,-1,619,232,39,20,1,-1,-1,-1
111,-1,1017,196,38,24,1,-1,-1,-1
112,-1,152,74,102,36,1,-1,-1,-1
112,-1,179,179,42,24,1,-1,-1,-1
112,-1,619,233,39,20,1,-1,-1,-1
112,-1,1017,197,39,25,1,-1,-1,-1
113,-1,154,71,101,36,1,-1,-1,-1
113,-1,179,179,42,24,1,-1,-1,-1
113,-1,619,234,39,20,1,-1,-1,-1
113,-1,1016,197,39,25,1,-1,-1,-1
114,-1,155,69,101,36,1,-1,-1,-1
114,-1,180,179,42,24,1,-1,-1,-1
114,-1,620,234,39,20,1,-1,-1,-1
114,-1,1017,198,38,25,1,-1,-1,-1
115,-1,155,67,101,36,1,-1,-1,-1
115,-1,180,179,42,24,1,-1,-1,-1
115,-1,620,235,39,20,1,-1,-1,-1
115,-1,1016,198,39,25,1,-1,-1,-1
116,-1,155,62,102,36,1,-1,-1,-1
116,-1,181,180,42,24,1,-1,-1,-1
116,-1,620,236,39,20,1,-1,-1,-1
116,-1,1016,199,39,25,1,-1,-1,-1
117,-1,156,60,102,36,1,-1,-1,-1
117,-1,181,181,42,24,1,-1,-1,-1
117,-1,620,238,38,20,1,-1,-1,-1
117,-1,1016,201,39,25,1,-1,-1,-1
118,-1,156,58,101,36,1,-1,-1,-1
118,-1,181,181,42,24,1,-1,-1,-1
118,-1,620,238,39,20,1,-1,-1,-1
118,-1,1015,201,39,25,1,-1,-1,-1
119,-1,156,56,101,38,1,-1,-1,-1
119,-1,181,182,42,24,1,-1,-1,-1
119,-1,620,239,39,20,1,-1,-1,-1
119,-1,1015,202,39,25,1,-1,-1,-1
120,-1,156,52,101,38,1,-1,-1,-1
120,-1,182,183,42,24,1,-1,-1,-1
120,-1,619,241,38,20,1,-1,-1,-1
120,-1,1015,204,38,24,1,-1,-1,-1
121,-1,157,50,100,38,1,-1,-1,-1
121,-1,182,183,42,24,1,-1,-1,-1
121,-1,619,243,38,20,1,-1,-1,-1
121,-1,1013,204,39,25,1,-1,-1,-1
122,-1,157,49,101,38,1,-1,-1,-1
122,-1,182,184,42,24,1,-1,-1,-1
122,-1,619,243,39,20,1,-1,-1,-1
122,-1,1013,205,39,25,1,-1,-1,-1
123,-1,156,47,101,38,1,-1,-1,-1
123,-1,182,184,42,24,1,-1,-1,-1
123,-1,618,244,39,20,1,-1,-1,-1
123,-1,1012,206,39,25,1,-1,-1,-1
124,-1,156,43,100,38,1,-1,-1,-1
124,-1,181,185,42,24,1,-1,-1,-1
124,-1,617,247,39,20,1,-1,-1,-1
124,-1,1010,208,39,25,1,-1,-1,-1
125,-1,156,41,100,38,1,-1,-1,-1
125,-1,181,186,42,24,1,-1,-1,-1
125,-1,617,248,39,20,1,-1,-1,-1
125,-1,1010,210,38,25,1,-1,-1,-1
126,-1,156,40,100,38,1,-1,-1,-1
126,-1,181,187,42,24,1,-1,-1,-1
126,-1,616,249,40,20,1,-1,-1,-1
126,-1,1009,211,39,25,1,-1,-1,-1
127,-1,155,38,100,38,1,-1,-1,-1
127,-1,181,187,42,24,1,-1,-1,-1
127,-1,616,250,39,20,1,-1,-1,-1
127,-1,1008,212,39,25,1,-1,-1,-1
128,-1,155,35,101,38,1,-1,-1,-1
128,-1,180,188,42,24,1,-1,-1,-1
128,-1,615,253,39,20,1,-1,-1,-1
128,-1,1006,215,38,24,1,-1,-1,-1
129,-1,154,33,100,38,1,-1,-1,-1
129,-1,181,189,42,24,1,-1,-1,-1
129,-1,615,254,39,20,1,-1,-1,-1
129,-1,1006,216,37,24,1,-1,-1,-1
130,-1,154,31,100,37,1,-1,-1,-1
130,-1,180,189,42,24,1,-1,-1,-1
130,-1,614,255,39,20,1,-1,-1,-1
130,-1,1005,219,37,24,1,-1,-1,-1
131,-1,154,29,100,38,1,-1,-1,-1
131,-1,181,190,42,24,1,-1,-1,-1
131,-1,614,257,39,20,1,-1,-1,-1
131,-1,1004,221,36,23,1,-1,-1,-1
132,-1,153,26,100,38,1,-1,-1,-1
132,-1,180,191,42,24,1,-1,-1,-1
132,-1,613,259,39,20,1,-1,-1,-1
132,-1,1004,226,34,21,1,-1,-1,-1
133,-1,152,24,100,38,1,-1,-1,-1
133,-1,180,192,42,24,1,-1,-1,-1
133,-1,612,260,39,20,1,-1,-1,-1
133,-1,1003,223,34,22,1,-1,-1,-1
134,-1,153,22,99,37,1,-1,-1,-1
134,-1,180,193,42,24,1,-1,-1,-1
134,-1,612,262,39,20,1,-1,-1,-1
134,-1,1003,226,33,21,1,-1,-1,-1
135,-1,153,21,99,37,1,-1,-1,-1
135,-1,181,193,42,24,1,-1,-1,-1
135,-1,612,263,39,20,1,-1,-1,-1
135,-1,1002,225,34,22,1,-1,-1,-1
136,-1,153,17,102,42,1,-1,-1,-1
136,-1,181,195,42,24,1,-1,-1,-1
136,-1,611,265,39,20,1,-1,-1,-1
136,-1,1001,229,34,22,1,-1,-1,-1
137,-1,153,15,102,42,1,-1,-1,-1
137,-1,181,195,41,24,1,-1,-1,-1
137,-1,611,266,39,20,1,-1,-1,-1
137,-1,1001,231,33,22,1,-1,-1,-1
138,-1,153,13,102,42,1,-1,-1,-1
138,-1,181,196,41,24,1,-1,-1,-1
138,-1,611,267,39,20,1,-1,-1,-1
138,-1,1000,235,33,22,1,-1,-1,-1
139,-1,154,12,102,42,1,-1,-1,-1
139,-1,182,196,42,24,1,-1,-1,-1
139,-1,611,268,39,20,1,-1,-1,-1
139,-1,996,232,37,22,1,-1,-1,-1
140,-1,155,7,102,42,1,-1,-1,-1
140,-1,183,198,42,24,1,-1,-1,-1
140,-1,611,270,39,20,1,-1,-1,-1
140,-1,996,234,36,22,1,-1,-1,-1
141,-1,156,6,102,42,1,-1,-1,-1
141,-1,183,198,42,24,1,-1,-1,-1
141,-1,611,271,39,20,1,-1,-1,-1
141,-1,995,235,39,23,1,-1,-1,-1
142,-1,157,4,101,42,1,-1,-1,-1
142,-1,184,199,42,24,1,-1,-1,-1
142,-1,611,272,39,20,1,-1,-1,-1
142,-1,995,236,39,23,1,-1,-1,-1
143,-1,158,2,101,42,1,-1,-1,-1
143,-1,184,199,42,24,1,-1,-1,-1
143,-1,612,273,39,20,1,-1,-1,-1
143,-1,995,236,41,24,1,-1,-1,-1
144,-1,160,-2,101,41,1,-1,-1,-1
144,-1,186,201,42,24,1,-1,-1,-1
144,-1,612,275,39,20,1,-1,-1,-1
144,-1,995,237,37,22,1,-1,-1,-1
145,-1,161,-4,100,41,1,-1,-1,-1
145,-1,186,201,42,24,1,-1,-1,-1
145,-1,612,276,39,20,1,-1,-1,-1
145,-1,995,238,37,22,1,-1,-1,-1
146,-1,162,-6,101,41,1,-1,-1,-1
146,-1,187,202,42,24,1,-1,-1,-1
146,-1,613,277,40,20,1,-1,-1,-1
146,-1,995,239,37,22,1,-1,-1,-1
147,-1,162,-8,100,41,1,-1,-1,-1
147,-1,187,202,42,24,1,-1,-1,-1
147,-1,613,278,39,20,1,-1,-1,-1
147,-1,995,239,37,22,1,-1,-1,-1
148,-1,165,-12,100,41,1,-1,-1,-1
148,-1,189,203,42,24,1,-1,-1,-1
148,-1,614,280,39,20,1,-1,-1,-1
148,-1,995,241,37,22,1,-1,-1,-1
149,-1,165,-14,100,41,1,-1,-1,-1
149,-1,190,204,41,23,1,-1,-1,-1
149,-1,614,280,40,20,1,-1,-1,-1
149,-1,995,242,37,22,1,-1,-1,-1
150,-1,166,-16,100,41,1,-1,-1,-1
150,-1,190,205,41,23,1,-1,-1,-1
150,-1,614,281,40,20,1,-1,-1,-1
150,-1,995,242,37,22,1,-1,-1,-1
151,-1,167,-18,100,41,1,-1,-1,-1
151,-1,191,205,41,24,1,-1,-1,-1
151,-1,614,282,40,20,1,-1,-1,-1
151,-1,995,243,37,22,1,-1,-1,-1
152,-1,169,-21,99,41,1,-1,-1,-1
152,-1,192,206,41,23,1,-1,-1,-1
152,-1,615,284,39,20,1,-1,-1,-1
152,-1,995,244,37,22,1,-1,-1,-1
153,-1,170,-23,99,41,1,-1,-1,-1
153,-1,192,207,41,24,1,-1,-1,-1
153,-1,615,285,40,20,1,-1,-1,-1
153,-1,994,245,37,22,1,-1,-1,-1
154,-1,170,-25,99,41,1,-1,-1,-1
154,-1,192,207,41,24,1,-1,-1,-1
154,-1,615,286,39,20,1,-1,-1,-1
154,-1,994,246,37,22,1,-1,-1,-1
155,-1,171,-26,98,41,1,-1,-1,-1
155,-1,193,208,41,24,1,-1,-1,-1
155,-1,615,287,40,20,1,-1,-1,-1
155,-1,994,247,37,22,1,-1,-1,-1
156,-1,172,-29,97,40,1,-1,-1,-1
156,-1,194,209,41,23,1,-1,-1,-1
156,-1,616,289,40,20,1,-1,-1,-1
156,-1,994,248,37,22,1,-1,-1,-1
157,-1,173,-30,94,39,1,-1,-1,-1
157,-1,194,210,41,24,1,-1,-1,-1
157,-1,615,290,40,20,1,-1,-1,-1
157,-1,993,249,37,22,1,-1,-1,-1
158,-1,174,-31,93,38,1,-1,-1,-1
158,-1,194,211,41,23,1,-1,-1,-1
158,-1,615,292,40,20,1,-1,-1,-1
158,-1,993,250,36,22,1,-1,-1,-1
159,-1,194,211,41,23,1,-1,-1,-1
159,-1,615,293,39,20,1,-1,-1,-1
159,-1,992,251,36,22,1,-1,-1,-1
160,-1,194,212,41,23,1,-1,-1,-1
160,-1,615,295,39,20,1,-1,-1,-1
160,-1,991,252,36,22,1,-1,-1,-1
161,-1,194,214,41,23,1,-1,-1,-1
161,-1,614,297,39,20,1,-1,-1,-1
161,-1,990,254,36,22,1,-1,-1,-1
162,-1,194,214,41,23,1,-1,-1,-1
162,-1,614,298,40,20,1,-1,-1,-1
162,-1,990,254,36,22,1,-1,-1,-1
163,-1,194,215,41,23,1,-1,-1,-1
163,-1,614,299,39,20,1,-1,-1,-1
163,-1,989,255,36,22,1,-1,-1,-1
164,-1,194,216,41,23,1,-1,-1,-1
164,-1,613,302,40,20,1,-1,-1,-1
164,-1,988,257,36,21,1,-1,-1,-1
165,-1,195,217,41,23,1,-1,-1,-1
165,-1,613,303,40,20,1,-1,-1,-1
165,-1,987,257,36,21,1,-1,-1,-1
166,-1,195,217,41,23,1,-1,-1,-1
166,-1,613,304,39,20,1,-1,-1,-1
166,-1,986,258,36,22,1,-1,-1,-1
167,-1,195,218,41,23,1,-1,-1,-1
167,-1,613,305,40,20,1,-1,-1,-1
167,-1,986,259,36,22,1,-1,-1,-1
168,-1,195,219,41,23,1,-1,-1,-1
168,-1,612,307,40,20,1,-1,-1,-1
168,-1,984,261,36,22,1,-1,-1,-1
169,-1,196,219,41,23,1,-1,-1,-1
169,-1,612,308,40,20,1,-1,-1,-1
169,-1,984,261,37,22,1,-1,-1,-1
170,-1,196,220,41,23,1,-1,-1,-1
170,-1,612,309,40,20,1,-1,-1,-1
170,-1,983,262,36,22,1,-1,-1,-1
171,-1,197,220,41,23,1,-1,-1,-1
171,-1,612,310,40,21,1,-1,-1,-1
171,-1,983,262,36,22,1,-1,-1,-1
172,-1,197,221,41,24,1,-1,-1,-1
172,-1,613,312,40,20,1,-1,-1,-1
172,-1,983,264,36,22,1,-1,-1,-1
173,-1,198,221,41,24,1,-1,-1,-1
173,-1,613,313,36,23,1,-1,-1,-1
173,-1,983,265,36,22,1,-1,-1,-1
174,-1,198,221,41,24,1,-1,-1,-1
174,-1,613,314,36,23,1,-1,-1,-1
174,-1,983,265,37,22,1,-1,-1,-1
175,-1,199,222,41,23,1,-1,-1,-1
175,-1,614,315,36,23,1,-1,-1,-1
175,-1,983,266,36,22,1,-1,-1,-1
176,-1,200,222,40,23,1,-1,-1,-1
176,-1,615,317,35,22,1,-1,-1,-1
176,-1,983,267,36,21,1,-1,-1,-1
177,-1,201,223,40,23,1,-1,-1,-1
177,-1,615,318,35,22,1,-1,-1,-1
177,-1,983,268,36,21,1,-1,-1,-1
178,-1,202,223,40,23,1,-1,-1,-1
178,-1,615,319,34,22,1,-1,-1,-1
178,-1,982,268,36,21,1,-1,-1,-1
179,-1,203,224,40,23,1,-1,-1,-1
179,-1,616,321,34,22,1,-1,-1,-1
179,-1,983,270,36,21,1,-1,-1,-1
180,-1,204,224,40,23,1,-1,-1,-1
180,-1,616,322,34,22,1,-1,-1,-1
180,-1,983,271,36,21,1,-1,-1,-1
181,-1,205,225,40,23,1,-1,-1,-1
181,-1,617,323,34,22,1,-1,-1,-1
181,-1,984,271,36,21,1,-1,-1,-1
182,-1,206,225,40,23,1,-1,-1,-1
182,-1,618,324,34,22,1,-1,-1,-1
182,-1,984,272,36,21,1,-1,-1,-1
183,-1,207,227,39,23,1,-1,-1,-1
183,-1,618,327,34,22,1,-1,-1,-1
183,-1,985,275,36,21,1,-1,-1,-1
184,-1,207,227,40,23,1,-1,-1,-1
184,-1,619,328,34,22,1,-1,-1,-1
184,-1,985,276,36,21,1,-1,-1,-1
185,-1,208,228,39,23,1,-1,-1,-1
185,-1,619,329,34,22,1,-1,-1,-1
185,-1,985,276,36,21,1,-1,-1,-1
186,-1,209,228,40,23,1,-1,-1,-1
186,-1,619,330,34,22,1,-1,-1,-1
186,-1,985,277,36,21,1,-1,-1,-1
187,-1,210,230,39,22,1,-1,-1,-1
187,-1,620,333,34,22,1,-1,-1,-1
187,-1,985,279,36,21,1,-1,-1,-1
188,-1,211,231,40,23,1,-1,-1,-1
188,-1,620,334,34,22,1,-1,-1,-1
188,-1,985,281,36,21,1,-1,-1,-1
189,-1,211,232,39,22,1,-1,-1,-1
189,-1,620,335,34,22,1,-1,-1,-1
189,-1,985,282,36,21,1,-1,-1,-1
190,-1,212,233,40,23,1,-1,-1,-1
190,-1,620,337,34,22,1,-1,-1,-1
190,-1,985,283,36,21,1,-1,-1,-1
191,-1,212,235,40,23,1,-1,-1,-1
191,-1,620,339,34,22,1,-1,-1,-1
191,-1,985,285,36,21,1,-1,-1,-1
192,-1,212,235,40,23,1,-1,-1,-1
192,-1,620,340,34,22,1,-1,-1,-1
192,-1,984,286,36,21,1,-1,-1,-1
193,-1,213,236,39,22,1,-1,-1,-1
193,-1,620,341,34,22,1,-1,-1,-1
193,-1,984,287,36,21,1,-1,-1,-1
194,-1,213,237,40,23,1,-1,-1,-1
194,-1,620,342,34,22,1,-1,-1,-1
194,-1,984,288,36,22,1,-1,-1,-1
195,-1,213,238,39,23,1,-1,-1,-1
195,-1,620,344,34,22,1,-1,-1,-1
195,-1,983,289,36,21,1,-1,-1,-1
196,-1,214,239,39,22,1,-1,-1,-1
196,-1,619,344,34,22,1,-1,-1,-1
196,-1,983,290,36,21,1,-1,-1,-1
197,-1,214,239,39,22,1,-1,-1,-1
197,-1,619,345,34,22,1,-1,-1,-1
197,-1,982,290,36,22,1,-1,-1,-1
198,-1,214,239,40,23,1,-1,-1,-1
198,-1,619,345,34,22,1,-1,-1,-1
198,-1,981,291,36,22,1,-1,-1,-1
199,-1,213,239,40,23,1,-1,-1,-1
199,-1,617,346,34,22,1,-1,-1,-1
199,-1,980,291,36,22,1,-1,-1,-1
200,-1,213,239,40,23,1,-1,-1,-1
200,-1,617,346,34,22,1,-1,-1,-1
200,-1,979,291,36,21,1,-1,-1,-1
201,-1,213,239,39,27,1,-1,-1,-1
201,-1,616,346,34,22,1,-1,-1,-1
201,-1,978,291,36,21,1,-1,-1,-1
202,-1,213,239,39,27,1,-1,-1,-1
202,-1,616,346,34,22,1,-1,-1,-1
202,-1,978,291,36,21,1,-1,-1,-1
203,-1,212,239,39,27,1,-1,-1,-1
203,-1,614,347,34,22,1,-1,-1,-1
203,-1,976,291,36,21,1,-1,-1,-1
204,-1,212,238,39,27,1,-1,-1,-1
204,-1,614,346,35,22,1,-1,-1,-1
204,-1,975,290,36,21,1,-1,-1,-1
205,-1,211,238,39,27,1,-1,-1,-1
205,-1,613,346,34,22,1,-1,-1,-1
205,-1,973,290,36,22,1,-1,-1,-1
206,-1,211,238,39,27,1,-1,-1,-1
206,-1,612,347,34,22,1,-1,-1,-1
206,-1,973,290,36,22,1,-1,-1,-1
207,-1,209,237,39,27,1,-1,-1,-1
207,-1,610,347,34,22,1,-1,-1,-1
207,-1,970,289,36,22,1,-1,-1,-1
208,-1,208,236,39,27,1,-1,-1,-1
208,-1,609,346,34,22,1,-1,-1,-1
208,-1,969,289,36,21,1,-1,-1,-1
209,-1,207,235,39,27,1,-1,-1,-1
209,-1,608,346,34,21,1,-1,-1,-1
209,-1,968,288,36,21,1,-1,-1,-1
210,-1,207,234,39,27,1,-1,-1,-1
210,-1,607,346,34,22,1,-1,-1,-1
210,-1,967,288,36,21,1,-1,-1,-1
211,-1,205,233,38,27,1,-1,-1,-1
211,-1,605,346,33,21,1,-1,-1,-1
211,-1,964,288,35,21,1,-1,-1,-1
212,-1,204,232,39,27,1,-1,-1,-1
212,-1,604,345,33,21,1,-1,-1,-1
212,-1,963,287,35,21,1,-1,-1,-1
213,-1,204,231,38,27,1,-1,-1,-1
213,-1,603,345,33,21,1,-1,-1,-1
213,-1,961,286,35,21,1,-1,-1,-1
214,-1,203,231,39,27,1,-1,-1,-1
214,-1,601,345,33,21,1,-1,-1,-1
214,-1,960,286,35,21,1,-1,-1,-1
215,-1,200,230,38,26,1,-1,-1,-1
215,-1,598,345,33,21,1,-1,-1,-1
215,-1,957,286,35,21,1,-1,-1,-1
216,-1,199,229,38,27,1,-1,-1,-1
216,-1,597,345,33,21,1,-1,-1,-1
216,-1,955,286,35,21,1,-1,-1,-1
217,-1,197,228,38,27,1,-1,-1,-1
217,-1,595,345,33,21,1,-1,-1,-1
217,-1,953,285,35,21,1,-1,-1,-1
218,-1,196,227,38,26,1,-1,-1,-1
218,-1,593,344,33,21,1,-1,-1,-1
218,-1,951,285,35,21,1,-1,-1,-1
219,-1,193,226,38,27,1,-1,-1,-1
219,-1,590,345,33,21,1,-1,-1,-1
219,-1,947,285,34,20,1,-1,-1,-1
220,-1,190,225,38,26,1,-1,-1,-1
220,-1,587,344,33,21,1,-1,-1,-1
220,-1,945,284,35,21,1,-1,-1,-1
221,-1,188,223,38,26,1,-1,-1,-1
221,-1,585,344,33,21,1,-1,-1,-1
221,-1,942,283,35,21,1,-1,-1,-1
222,-1,186,222,38,26,1,-1,-1,-1
222,-1,583,343,33,21,1,-1,-1,-1
222,-1,939,283,34,20,1,-1,-1,-1
223,-1,182,219,39,27,1,-1,-1,-1
223,-1,579,342,32,21,1,-1,-1,-1
223,-1,935,281,34,20,1,-1,-1,-1
224,-1,181,218,38,27,1,-1,-1,-1
224,-1,577,342,32,21,1,-1,-1,-1
224,-1,933,280,34,20,1,-1,-1,-1
225,-1,179,216,38,27,1,-1,-1,-1
225,-1,575,341,32,21,1,-1,-1,-1
225,-1,931,280,34,20,1,-1,-1,-1
226,-1,176,214,38,27,1,-1,-1,-1
226,-1,573,340,32,21,1,-1,-1,-1
226,-1,928,278,34,20,1,-1,-1,-1
227,-1,173,211,38,26,1,-1,-1,-1
227,-1,569,339,32,21,1,-1,-1,-1
227,-1,924,276,34,20,1,-1,-1,-1
228,-1,171,209,38,26,1,-1,-1,-1
228,-1,568,338,32,21,1,-1,-1,-1
228,-1,922,276,34,20,1,-1,-1,-1
229,-1,170,208,38,26,1,-1,-1,-1
229,-1,566,337,32,21,1,-1,-1,-1
229,-1,920,274,34,20,1,-1,-1,-1
230,-1,167,206,38,27,1,-1,-1,-1
230,-1,565,336,33,21,1,-1,-1,-1
230,-1,919,273,34,20,1,-1,-1,-1
231,-1,166,202,38,26,1,-1,-1,-1
231,-1,563,334,33,21,1,-1,-1,-1
231,-1,917,271,34,20,1,-1,-1,-1
232,-1,165,201,38,26,1,-1,-1,-1
232,-1,563,333,33,21,1,-1,-1,-1
232,-1,916,270,34,20,1,-1,-1,-1
233,-1,165,199,38,26,1,-1,-1,-1
233,-1,562,332,33,21,1,-1,-1,-1
233,-1,916,269,34,20,1,-1,-1,-1
234,-1,165,198,38,26,1,-1,-1,-1
234,-1,562,332,32,21,1,-1,-1,-1
234,-1,915,268,34,20,1,-1,-1,-1
235,-1,164,196,38,27,1,-1,-1,-1
235,-1,562,330,33,21,1,-1,-1,-1
235,-1,914,266,34,20,1,-1,-1,-1
236,-1,165,195,38,26,1,-1,-1,-1
236,-1,562,330,33,21,1,-1,-1,-1
236,-1,914,265,34,20,1,-1,-1,-1
237,-1,166,194,38,26,1,-1,-1,-1
237,-1,562,329,33,21,1,-1,-1,-1
237,-1,914,265,34,20,1,-1,-1,-1
238,-1,167,195,38,26,1,-1,-1,-1
238,-1,563,329,33,21,1,-1,-1,-1
238,-1,915,264,34,20,1,-1,-1,-1
239,-1,169,195,38,26,1,-1,-1,-1
239,-1,564,329,33,21,1,-1,-1,-1
239,-1,916,264,34,20,1,-1,-1,-1
240,-1,170,195,38,26,1,-1,-1,-1
240,-1,566,330,33,21,1,-1,-1,-1
240,-1,917,265,34,20,1,-1,-1,-1
241,-1,171,196,38,26,1,-1,-1,-1
241,-1,567,331,33,21,1,-1,-1,-1
241,-1,918,265,33,20,1,-1,-1,-1
242,-1,173,197,38,26,1,-1,-1,-1
242,-1,568,331,33,21,1,-1,-1,-1
242,-1,919,265,33,20,1,-1,-1,-1
243,-1,176,199,38,26,1,-1,-1,-1
243,-1,570,333,33,21,1,-1,-1,-1
243,-1,921,267,33,20,1,-1,-1,-1
244,-1,178,200,38,26,1,-1,-1,-1
244,-1,572,334,33,21,1,-1,-1,-1
244,-1,922,267,33,20,1,-1,-1,-1
245,-1,179,202,38,26,1,-1,-1,-1
245,-1,573,335,33,21,1,-1,-1,-1
245,-1,923,268,33,20,1,-1,-1,-1
246,-1,181,203,38,26,1,-1,-1,-1
246,-1,575,337,33,21,1,-1,-1,-1
246,-1,924,269,33,20,1,-1,-1,-1
247,-1,184,207,38,26,1,-1,-1,-1
247,-1,577,340,33,21,1,-1,-1,-1
247,-1,926,272,33,20,1,-1,-1,-1
248,-1,186,209,38,26,1,-1,-1,-1
248,-1,578,342,33,21,1,-1,-1,-1
248,-1,927,273,33,20,1,-1,-1,-1
249,-1,187,211,37,26,1,-1,-1,-1
249,-1,580,344,33,21,1,-1,-1,-1
249,-1,928,274,33,20,1,-1,-1,-1
250,-1,189,213,37,26,1,-1,-1,-1
250,-1,581,345,33,21,1,-1,-1,-1
250,-1,929,276,33,20,1,-1,-1,-1
251,-1,192,217,37,26,1,-1,-1,-1
251,-1,583,349,34,22,1,-1,-1,-1
251,-1,931,279,33,20,1,-1,-1,-1
252,-1,194,218,38,26,1,-1,-1,-1
252,-1,585,351,34,21,1,-1,-1,-1
252,-1,932,280,33,20,1,-1,-1,-1
253,-1,195,220,38,26,1,-1,-1,-1
253,-1,585,352,34,22,1,-1,-1,-1
253,-1,933,282,34,20,1,-1,-1,-1
254,-1,196,222,38,26,1,-1,-1,-1
254,-1,586,354,35,22,1,-1,-1,-1
254,-1,933,283,34,20,1,-1,-1,-1
255,-1,199,226,38,26,1,-1,-1,-1
255,-1,588,358,35,22,1,-1,-1,-1
255,-1,934,286,34,20,1,-1,-1,-1
256,-1,201,228,38,26,1,-1,-1,-1
256,-1,589,360,35,22,1,-1,-1,-1
256,-1,935,288,34,20,1,-1,-1,-1
257,-1,202,229,38,26,1,-1,-1,-1
257,-1,590,361,35,22,1,-1,-1,-1
257,-1,936,290,34,20,1,-1,-1,-1
258,-1,203,231,38,26,1,-1,-1,-1
258,-1,590,364,35,23,1,-1,-1,-1
258,-1,936,292,34,20,1,-1,-1,-1
259,-1,205,235,38,26,1,-1,-1,-1
259,-1,591,368,36,23,1,-1,-1,-1
259,-1,937,295,34,20,1,-1,-1,-1
260,-1,205,237,38,26,1,-1,-1,-1
260,-1,592,370,36,23,1,-1,-1,-1
260,-1,937,297,34,20,1,-1,-1,-1
261,-1,206,239,38,27,1,-1,-1,-1
261,-1,592,372,36,23,1,-1,-1,-1
261,-1,938,299,34,20,1,-1,-1,-1
262,-1,207,241,38,26,1,-1,-1,-1
262,-1,593,374,36,23,1,-1,-1,-1
262,-1,938,301,34,20,1,-1,-1,-1
263,-1,208,244,38,27,1,-1,-1,-1
263,-1,594,379,37,23,1,-1,-1,-1
263,-1,938,305,34,20,1,-1,-1,-1
264,-1,209,246,38,26,1,-1,-1,-1
264,-1,594,381,36,23,1,-1,-1,-1
264,-1,938,308,34,20,1,-1,-1,-1
265,-1,210,249,38,26,1,-1,-1,-1
265,-1,595,384,36,23,1,-1,-1,-1
265,-1,939,310,34,20,1,-1,-1,-1
266,-1,211,251,38,26,1,-1,-1,-1
266,-1,595,387,36,23,1,-1,-1,-1
266,-1,939,312,34,20,1,-1,-1,-1
267,-1,212,255,38,26,1,-1,-1,-1
267,-1,595,392,36,23,1,-1,-1,-1
267,-1,939,318,34,20,1,-1,-1,-1
268,-1,213,258,38,26,1,-1,-1,-1
268,-1,596,395,36,23,1,-1,-1,-1
268,-1,939,320,34,20,1,-1,-1,-1
269,-1,213,260,38,26,1,-1,-1,-1
269,-1,596,397,36,23,1,-1,-1,-1
269,-1,939,322,34,20,1,-1,-1,-1
270,-1,213,262,38,26,1,-1,-1,-1
270,-1,596,400,36,23,1,-1,-1,-1
270,-1,940,325,34,20,1,-1,-1,-1
271,-1,215,268,37,26,1,-1,-1,-1
271,-1,597,406,36,23,1,-1,-1,-1
271,-1,940,331,34,20,1,-1,-1,-1
272,-1,216,271,37,26,1,-1,-1,-1
272,-1,598,409,36,23,1,-1,-1,-1
272,-1,940,334,34,20,1,-1,-1,-1
273,-1,217,273,37,26,1,-1,-1,-1
273,-1,598,412,36,23,1,-1,-1,-1
273,-1,941,336,34,20,1,-1,-1,-1
274,-1,218,276,37,25,1,-1,-1,-1
274,-1,599,415,36,23,1,-1,-1,-1
274,-1,941,339,34,20,1,-1,-1,-1
275,-1,219,282,38,26,1,-1,-1,-1
275,-1,600,421,36,23,1,-1,-1,-1
275,-1,942,344,34,20,1,-1,-1,-1
276,-1,220,285,37,26,1,-1,-1,-1
276,-1,600,425,36,23,1,-1,-1,-1
276,-1,942,347,34,20,1,-1,-1,-1
277,-1,221,288,37,26,1,-1,-1,-1
277,-1,601,428,36,23,1,-1,-1,-1
277,-1,943,350,34,20,1,-1,-1,-1
278,-1,222,290,37,26,1,-1,-1,-1
278,-1,602,431,36,23,1,-1,-1,-1
278,-1,944,353,34,20,1,-1,-1,-1
279,-1,225,296,37,26,1,-1,-1,-1
279,-1,604,437,37,23,1,-1,-1,-1
279,-1,946,358,34,20,1,-1,-1,-1
280,-1,226,299,37,26,1,-1,-1,-1
280,-1,605,440,36,23,1,-1,-1,-1
280,-1,947,361,34,20,1,-1,-1,-1
281,-1,227,302,37,26,1,-1,-1,-1
281,-1,607,443,36,23,1,-1,-1,-1
281,-1,948,363,34,20,1,-1,-1,-1
282,-1,229,305,37,25,1,-1,-1,-1
282,-1,608,446,36,23,1,-1,-1,-1
282,-1,949,366,34,20,1,-1,-1,-1
283,-1,231,310,37,26,1,-1,-1,-1
283,-1,610,452,37,23,1,-1,-1,-1
283,-1,951,371,34,20,1,-1,-1,-1
284,-1,233,313,37,25,1,-1,-1,-1
284,-1,611,456,36,23,1,-1,-1,-1
284,-1,952,374,34,20,1,-1,-1,-1
285,-1,234,316,37,25,1,-1,-1,-1
285,-1,613,458,36,23,1,-1,-1,-1
285,-1,953,377,34,20,1,-1,-1,-1
286,-1,236,319,38,26,1,-1,-1,-1
286,-1,614,461,37,23,1,-1,-1,-1
286,-1,954,380,34,20,1,-1,-1,-1
287,-1,238,324,37,25,1,-1,-1,-1
287,-1,617,467,36,23,1,-1,-1,-1
287,-1,957,384,33,20,1,-1,-1,-1
288,-1,240,326,38,26,1,-1,-1,-1
288,-1,618,470,36,23,1,-1,-1,-1
288,-1,958,386,33,20,1,-1,-1,-1
289,-1,241,328,36,25,1,-1,-1,-1
289,-1,619,472,36,23,1,-1,-1,-1
289,-1,959,388,34,20,1,-1,-1,-1
290,-1,243,331,36,25,1,-1,-1,-1
290,-1,620,475,37,23,1,-1,-1,-1
290,-1,960,391,34,20,1,-1,-1,-1
291,-1,245,335,36,25,1,-1,-1,-1
291,-1,623,481,37,23,1,-1,-1,-1
291,-1,962,395,34,20,1,-1,-1,-1
292,-1,246,338,36,25,1,-1,-1,-1
292,-1,624,483,37,23,1,-1,-1,-1
292,-1,963,397,34,20,1,-1,-1,-1
293,-1,247,339,36,25,1,-1,-1,-1
293,-1,625,486,37,23,1,-1,-1,-1
293,-1,964,399,34,20,1,-1,-1,-1
294,-1,249,341,37,25,1,-1,-1,-1
294,-1,626,488,37,23,1,-1,-1,-1
294,-1,965,401,33,20,1,-1,-1,-1
295,-1,251,345,36,25,1,-1,-1,-1
295,-1,628,493,37,24,1,-1,-1,-1
295,-1,967,405,34,20,1,-1,-1,-1
296,-1,252,347,36,25,1,-1,-1,-1
296,-1,629,495,37,23,1,-1,-1,-1
296,-1,967,407,34,20,1,-1,-1,-1
297,-1,253,349,36,25,1,-1,-1,-1
297,-1,630,497,37,24,1,-1,-1,-1
297,-1,967,409,34,20,1,-1,-1,-1
298,-1,251,351,36,25,1,-1,-1,-1
298,-1,630,501,37,23,1,-1,-1,-1
298,-1,969,412,34,20,1,-1,-1,-1
299,-1,252,355,36,25,1,-1,-1,-1
299,-1,631,505,37,24,1,-1,-1,-1
299,-1,970,416,34,20,1,-1,-1,-1
300,-1,252,356,36,25,1,-1,-1,-1
300,-1,632,507,37,24,1,-1,-1,-1
300,-1,971,418,34,20,1,-1,-1,-1
301,-1,253,356,37,26,1,-1,-1,-1
301,-1,632,509,37,24,1,-1,-1,-1
301,-1,971,419,34,20,1,-1,-1,-1
302,-1,253,359,36,25,1,-1,-1,-1
302,-1,633,511,38,24,1,-1,-1,-1
302,-1,972,421,33,20,1,-1,-1,-1
303,-1,254,360,36,25,1,-1,-1,-1
303,-1,633,514,37,24,1,-1,-1,-1
303,-1,972,424,34,20,1,-1,-1,-1
304,-1,254,361,37,25,1,-1,-1,-1
304,-1,633,516,37,24,1,-1,-1,-1
304,-1,972,426,34,20,1,-1,-1,-1
305,-1,254,362,37,25,1,-1,-1,-1
305,-1,633,517,38,24,1,-1,-1,-1
305,-1,972,427,34,20,1,-1,-1,-1
306,-1,254,362,39,27,1,-1,-1,-1
306,-1,633,519,37,24,1,-1,-1,-1
306,-1,972,429,34,20,1,-1,-1,-1
307,-1,254,364,37,26,1,-1,-1,-1
307,-1,633,521,38,24,1,-1,-1,-1
307,-1,972,432,34,20,1,-1,-1,-1
308,-1,254,364,37,26,1,-1,-1,-1
308,-1,633,522,37,24,1,-1,-1,-1
308,-1,972,433,34,20,1,-1,-1,-1
309,-1,255,365,36,25,1,-1,-1,-1
309,-1,633,522,37,24,1,-1,-1,-1
309,-1,972,434,34,20,1,-1,-1,-1
310,-1,254,364,36,25,1,-1,-1,-1
310,-1,633,523,37,24,1,-1,-1,-1
310,-1,972,434,34,20,1,-1,-1,-1
311,-1,255,365,36,25,1,-1,-1,-1
311,-1,633,524,37,24,1,-1,-1,-1
311,-1,972,436,34,20,1,-1,-1,-1
312,-1,255,364,36,25,1,-1,-1,-1
312,-1,633,525,37,24,1,-1,-1,-1
312,-1,971,436,34,20,1,-1,-1,-1
313,-1,254,364,37,26,1,-1,-1,-1
313,-1,633,525,37,24,1,-1,-1,-1
313,-1,971,437,34,20,1,-1,-1,-1
314,-1,255,364,36,25,1,-1,-1,-1
314,-1,633,524,38,24,1,-1,-1,-1
314,-1,971,437,34,20,1,-1,-1,-1
315,-1,255,363,36,25,1,-1,-1,-1
315,-1,633,525,37,24,1,-1,-1,-1
315,-1,970,437,33,20,1,-1,-1,-1
316,-1,254,362,37,25,1,-1,-1,-1
316,-1,633,525,37,24,1,-1,-1,-1
316,-1,970,437,33,23,1,-1,-1,-1
317,-1,255,361,37,25,1,-1,-1,-1
317,-1,633,524,38,24,1,-1,-1,-1
317,-1,970,436,33,23,1,-1,-1,-1
318,-1,255,360,37,26,1,-1,-1,-1
318,-1,632,524,38,24,1,-1,-1,-1
318,-1,970,437,33,23,1,-1,-1,-1
319,-1,255,360,37,25,1,-1,-1,-1
319,-1,633,524,37,24,1,-1,-1,-1
319,-1,969,436,33,23,1,-1,-1,-1
320,-1,255,359,36,25,1,-1,-1,-1
320,-1,632,523,38,24,1,-1,-1,-1
320,-1,969,436,33,23,1,-1,-1,-1
321,-1,255,359,36,25,1,-1,-1,-1
321,-1,632,523,38,24,1,-1,-1,-1
321,-1,968,436,33,23,1,-1,-1,-1
322,-1,255,358,36,25,1,-1,-1,-1
322,-1,632,523,38,24,1,-1,-1,-1
322,-1,968,435,33,23,1,-1,-1,-1
323,-1,256,357,36,25,1,-1,-1,-1
323,-1,632,522,37,24,1,-1,-1,-1
323,-1,967,434,33,23,1,-1,-1,-1
324,-1,256,357,36,25,1,-1,-1,-1
324,-1,632,522,38,24,1,-1,-1,-1
324,-1,968,434,33,23,1,-1,-1,-1
325,-1,256,356,36,25,1,-1,-1,-1
325,-1,632,522,38,24,1,-1,-1,-1
325,-1,967,434,33,23,1,-1,-1,-1
326,-1,256,356,35,25,1,-1,-1,-1
326,-1,632,522,38,24,1,-1,-1,-1
326,-1,967,433,33,23,1,-1,-1,-1
327,-1,256,356,36,25,1,-1,-1,-1
327,-1,632,521,38,24,1,-1,-1,-1
327,-1,966,433,33,23,1,-1,-1,-1
328,-1,256,355,36,25,1,-1,-1,-1
328,-1,632,522,37,24,1,-1,-1,-1
328,-1,967,433,33,23,1,-1,-1,-1
329,-1,255,355,36,25,1,-1,-1,-1
329,-1,632,522,38,24,1,-1,-1,-1
329,-1,966,432,33,23,1,-1,-1,-1
330,-1,255,355,36,25,1,-1,-1,-1
330,-1,632,522,38,24,1,-1,-1,-1
330,-1,965,432,33,23,1,-1,-1,-1
