1,-1,155.0,310.0,90.0,44.0,1.000000
1,-1,193.0,247.0,45.0,21.0,1.000000
1,-1,634.0,264.0,35.0,17.0,1.000000
1,-1,1042.0,240.0,37.0,19.0,1.000000
1,-1,1082.0,393.0,68.0,34.0,1.000000
2,-1,155.0,310.0,90.0,44.0,1.000000
2,-1,193.0,247.0,45.0,21.0,1.000000
2,-1,635.0,264.0,35.0,17.0,1.000000
2,-1,1042.0,240.0,37.0,19.0,1.000000
2,-1,1083.0,393.0,68.0,34.0,1.000000
3,-1,156.0,310.0,90.0,44.0,1.000000
3,-1,194.0,246.0,45.0,21.0,1.000000
3,-1,635.0,263.0,35.0,17.0,1.000000
3,-1,1043.0,239.0,37.0,19.0,1.000000
3,-1,1083.0,393.0,68.0,34.0,1.000000
4,-1,156.0,310.0,90.0,44.0,1.000000
4,-1,196.0,246.0,45.0,21.0,1.000000
4,-1,636.0,263.0,35.0,17.0,1.000000
4,-1,1044.0,239.0,37.0,19.0,1.000000
4,-1,1084.0,392.0,68.0,34.0,1.000000
5,-1,157.0,310.0,90.0,44.0,1.000000
5,-1,196.0,246.0,45.0,21.0,1.000000
5,-1,637.0,263.0,35.0,17.0,1.000000
5,-1,1045.0,239.0,37.0,19.0,1.000000
5,-1,1085.0,392.0,68.0,34.0,1.000000
6,-1,157.0,309.0,90.0,44.0,1.000000
6,-1,197.0,246.0,45.0,21.0,1.000000
6,-1,638.0,260.0,47.0,20.0,1.000000
6,-1,1046.0,239.0,37.0,19.0,1.000000
6,-1,1086.0,392.0,68.0,34.0,1.000000
7,-1,158.0,309.0,90.0,44.0,1.000000
7,-1,198.0,246.0,45.0,21.0,1.000000
7,-1,639.0,260.0,47.0,20.0,1.000000
7,-1,1046.0,239.0,37.0,19.0,1.000000
7,-1,1087.0,392.0,68.0,34.0,1.000000
8,-1,157.0,309.0,89.0,43.0,1.000000
8,-1,202.0,242.0,45.0,21.0,1.000000
8,-1,644.0,259.0,41.0,19.0,1.000000
8,-1,1047.0,233.0,38.0,20.0,1.000000
8,-1,1088.0,392.0,68.0,34.0,1.000000
9,-1,158.0,309.0,89.0,43.0,1.000000
9,-1,203.0,242.0,45.0,21.0,1.000000
9,-1,645.0,259.0,41.0,19.0,1.000000
9,-1,1048.0,233.0,38.0,20.0,1.000000
9,-1,1089.0,391.0,68.0,34.0,1.000000
10,-1,158.0,309.0,89.0,43.0,1.000000
10,-1,203.0,241.0,45.0,21.0,1.000000
10,-1,644.0,256.0,41.0,19.0,1.000000
10,-1,1046.0,231.0,38.0,20.0,1.000000
10,-1,1089.0,391.0,68.0,34.0,1.000000
11,-1,158.0,309.0,89.0,43.0,1.000000
11,-1,204.0,241.0,45.0,21.0,1.000000
11,-1,645.0,256.0,41.0,19.0,1.000000
11,-1,1047.0,231.0,38.0,20.0,1.000000
11,-1,1090.0,391.0,68.0,34.0,1.000000
12,-1,159.0,309.0,89.0,43.0,1.000000
12,-1,203.0,234.0,45.0,21.0,1.000000
12,-1,646.0,255.0,41.0,19.0,1.000000
12,-1,1048.0,230.0,38.0,20.0,1.000000
12,-1,1092.0,391.0,68.0,34.0,1.000000
13,-1,159.0,309.0,89.0,43.0,1.000000
13,-1,204.0,234.0,44.0,21.0,1.000000
13,-1,644.0,249.0,42.0,21.0,1.000000
13,-1,1051.0,227.0,38.0,20.0,1.000000
13,-1,1092.0,391.0,68.0,34.0,1.000000
14,-1,160.0,309.0,89.0,43.0,1.000000
14,-1,205.0,233.0,44.0,20.0,1.000000
14,-1,645.0,249.0,42.0,21.0,1.000000
14,-1,1051.0,227.0,38.0,20.0,1.000000
14,-1,1093.0,391.0,68.0,34.0,1.000000
15,-1,160.0,309.0,89.0,43.0,1.000000
15,-1,205.0,231.0,44.0,21.0,1.000000
15,-1,645.0,249.0,42.0,21.0,1.000000
15,-1,1052.0,226.0,38.0,20.0,1.000000
15,-1,1094.0,391.0,68.0,34.0,1.000000
16,-1,157.0,310.0,89.0,43.0,1.000000
16,-1,206.0,231.0,44.0,21.0,1.000000
16,-1,648.0,247.0,41.0,20.0,1.000000
16,-1,1053.0,224.0,37.0,20.0,1.000000
16,-1,1095.0,391.0,68.0,34.0,1.000000
17,-1,157.0,310.0,89.0,43.0,1.000000
17,-1,206.0,230.0,44.0,21.0,1.000000
17,-1,648.0,247.0,41.0,20.0,1.000000
17,-1,1054.0,224.0,37.0,20.0,1.000000
17,-1,1095.0,390.0,68.0,34.0,1.000000
18,-1,157.0,310.0,89.0,43.0,1.000000
18,-1,207.0,230.0,44.0,21.0,1.000000
18,-1,649.0,247.0,41.0,20.0,1.000000
18,-1,1054.0,223.0,37.0,20.0,1.000000
18,-1,1096.0,391.0,68.0,34.0,1.000000
19,-1,158.0,310.0,89.0,43.0,1.000000
19,-1,207.0,230.0,45.0,21.0,1.000000
19,-1,649.0,247.0,41.0,20.0,1.000000
19,-1,1054.0,222.0,37.0,20.0,1.000000
19,-1,1096.0,391.0,68.0,34.0,1.000000
20,-1,158.0,311.0,89.0,43.0,1.000000
20,-1,208.0,227.0,44.0,25.0,1.000000
20,-1,650.0,244.0,41.0,18.0,1.000000
20,-1,1055.0,220.0,37.0,20.0,1.000000
20,-1,1097.0,391.0,68.0,34.0,1.000000
21,-1,159.0,311.0,89.0,43.0,1.000000
21,-1,208.0,227.0,44.0,25.0,1.000000
21,-1,650.0,244.0,41.0,18.0,1.000000
21,-1,1055.0,220.0,37.0,20.0,1.000000
21,-1,1098.0,391.0,68.0,34.0,1.000000
22,-1,159.0,311.0,89.0,43.0,1.000000
22,-1,213.0,224.0,45.0,25.0,1.000000
22,-1,651.0,241.0,41.0,21.0,1.000000
22,-1,1056.0,217.0,37.0,20.0,1.000000
22,-1,1098.0,391.0,69.0,34.0,1.000000
23,-1,159.0,311.0,89.0,43.0,1.000000
23,-1,213.0,224.0,45.0,25.0,1.000000
23,-1,651.0,241.0,41.0,21.0,1.000000
23,-1,1056.0,217.0,37.0,20.0,1.000000
23,-1,1098.0,391.0,68.0,34.0,1.000000
24,-1,158.0,310.0,90.0,44.0,1.000000
24,-1,212.0,220.0,45.0,25.0,1.000000
24,-1,651.0,240.0,41.0,21.0,1.000000
24,-1,1056.0,215.0,37.0,20.0,1.000000
24,-1,1099.0,392.0,68.0,34.0,1.000000
25,-1,157.0,309.0,91.0,44.0,1.000000
25,-1,212.0,220.0,45.0,25.0,1.000000
25,-1,651.0,240.0,41.0,21.0,1.000000
25,-1,1056.0,215.0,37.0,20.0,1.000000
25,-1,1099.0,392.0,68.0,34.0,1.000000
26,-1,156.0,309.0,92.0,45.0,1.000000
26,-1,212.0,219.0,45.0,25.0,1.000000
26,-1,651.0,240.0,41.0,21.0,1.000000
26,-1,1056.0,215.0,37.0,20.0,1.000000
26,-1,1099.0,392.0,68.0,34.0,1.000000
27,-1,156.0,307.0,90.0,43.0,1.000000
27,-1,213.0,218.0,44.0,25.0,1.000000
27,-1,652.0,238.0,41.0,21.0,1.000000
27,-1,1056.0,212.0,36.0,20.0,1.000000
27,-1,1099.0,392.0,68.0,34.0,1.000000
28,-1,156.0,308.0,89.0,43.0,1.000000
28,-1,213.0,218.0,44.0,25.0,1.000000
28,-1,652.0,239.0,41.0,21.0,1.000000
28,-1,1055.0,211.0,37.0,20.0,1.000000
28,-1,1099.0,393.0,68.0,34.0,1.000000
29,-1,156.0,308.0,89.0,43.0,1.000000
29,-1,213.0,218.0,44.0,25.0,1.000000
29,-1,651.0,233.0,41.0,21.0,1.000000
29,-1,1056.0,209.0,36.0,20.0,1.000000
29,-1,1099.0,393.0,69.0,34.0,1.000000
30,-1,156.0,308.0,89.0,43.0,1.000000
30,-1,212.0,219.0,44.0,25.0,1.000000
30,-1,651.0,233.0,41.0,21.0,1.000000
30,-1,1056.0,209.0,36.0,20.0,1.000000
30,-1,1099.0,393.0,69.0,34.0,1.000000
31,-1,155.0,302.0,89.0,43.0,1.000000
31,-1,212.0,213.0,45.0,25.0,1.000000
31,-1,649.0,232.0,41.0,21.0,1.000000
31,-1,1055.0,208.0,37.0,20.0,1.000000
31,-1,1098.0,394.0,68.0,34.0,1.000000
32,-1,155.0,301.0,89.0,43.0,1.000000
32,-1,211.0,213.0,45.0,25.0,1.000000
32,-1,648.0,228.0,41.0,21.0,1.000000
32,-1,1054.0,204.0,36.0,20.0,1.000000
32,-1,1098.0,394.0,69.0,34.0,1.000000
33,-1,154.0,298.0,89.0,43.0,1.000000
33,-1,210.0,210.0,47.0,26.0,1.000000
33,-1,648.0,228.0,41.0,21.0,1.000000
33,-1,1054.0,204.0,36.0,20.0,1.000000
33,-1,1098.0,395.0,69.0,34.0,1.000000
34,-1,155.0,299.0,86.0,41.0,1.000000
34,-1,210.0,210.0,45.0,25.0,1.000000
34,-1,648.0,229.0,41.0,21.0,1.000000
34,-1,1053.0,203.0,36.0,20.0,1.000000
34,-1,1097.0,395.0,69.0,34.0,1.000000
35,-1,153.0,296.0,89.0,43.0,1.000000
35,-1,210.0,210.0,45.0,25.0,1.000000
35,-1,647.0,230.0,41.0,21.0,1.000000
35,-1,1053.0,202.0,35.0,19.0,1.000000
35,-1,1097.0,396.0,69.0,34.0,1.000000
36,-1,153.0,296.0,87.0,42.0,1.000000
36,-1,210.0,205.0,45.0,25.0,1.000000
36,-1,646.0,226.0,41.0,21.0,1.000000
36,-1,1053.0,201.0,35.0,19.0,1.000000
36,-1,1097.0,398.0,69.0,34.0,1.000000
37,-1,153.0,296.0,86.0,42.0,1.000000
37,-1,210.0,205.0,44.0,25.0,1.000000
37,-1,646.0,227.0,41.0,21.0,1.000000
37,-1,1053.0,201.0,35.0,19.0,1.000000
37,-1,1096.0,398.0,69.0,34.0,1.000000
38,-1,153.0,296.0,86.0,42.0,1.000000
38,-1,209.0,207.0,45.0,25.0,1.000000
38,-1,645.0,228.0,41.0,21.0,1.000000
38,-1,1053.0,200.0,34.0,19.0,1.000000
38,-1,1096.0,399.0,69.0,34.0,1.000000
39,-1,153.0,293.0,86.0,41.0,1.000000
39,-1,207.0,202.0,45.0,25.0,1.000000
39,-1,645.0,223.0,41.0,21.0,1.000000
39,-1,1049.0,199.0,42.0,20.0,1.000000
39,-1,1096.0,400.0,69.0,34.0,1.000000
40,-1,153.0,292.0,84.0,40.0,1.000000
40,-1,206.0,201.0,45.0,25.0,1.000000
40,-1,644.0,225.0,41.0,21.0,1.000000
40,-1,1048.0,201.0,42.0,20.0,1.000000
40,-1,1095.0,402.0,69.0,34.0,1.000000
41,-1,152.0,289.0,86.0,41.0,1.000000
41,-1,206.0,200.0,45.0,25.0,1.000000
41,-1,645.0,222.0,41.0,21.0,1.000000
41,-1,1049.0,199.0,42.0,20.0,1.000000
41,-1,1095.0,404.0,69.0,34.0,1.000000
42,-1,151.0,290.0,86.0,41.0,1.000000
42,-1,206.0,201.0,44.0,24.0,1.000000
42,-1,645.0,223.0,41.0,21.0,1.000000
42,-1,1049.0,199.0,42.0,20.0,1.000000
42,-1,1094.0,405.0,69.0,34.0,1.000000
43,-1,149.0,285.0,86.0,41.0,1.000000
43,-1,205.0,199.0,44.0,25.0,1.000000
43,-1,645.0,221.0,41.0,21.0,1.000000
43,-1,1048.0,199.0,43.0,20.0,1.000000
43,-1,1094.0,406.0,68.0,34.0,1.000000
44,-1,147.0,284.0,90.0,40.0,1.000000
44,-1,204.0,198.0,46.0,25.0,1.000000
44,-1,646.0,220.0,41.0,21.0,1.000000
44,-1,1046.0,197.0,42.0,20.0,1.000000
44,-1,1094.0,409.0,69.0,34.0,1.000000
45,-1,147.0,285.0,90.0,40.0,1.000000
45,-1,204.0,200.0,46.0,25.0,1.000000
45,-1,646.0,221.0,41.0,21.0,1.000000
45,-1,1046.0,198.0,42.0,20.0,1.000000
45,-1,1094.0,411.0,69.0,34.0,1.000000
46,-1,147.0,285.0,90.0,40.0,1.000000
46,-1,203.0,201.0,46.0,25.0,1.000000
46,-1,646.0,223.0,41.0,21.0,1.000000
46,-1,1046.0,200.0,42.0,20.0,1.000000
46,-1,1094.0,412.0,69.0,34.0,1.000000
47,-1,148.0,283.0,90.0,40.0,1.000000
47,-1,202.0,196.0,46.0,25.0,1.000000
47,-1,643.0,220.0,41.0,21.0,1.000000
47,-1,1043.0,195.0,42.0,20.0,1.000000
47,-1,1093.0,414.0,69.0,34.0,1.000000
48,-1,147.0,287.0,90.0,40.0,1.000000
48,-1,201.0,195.0,46.0,25.0,1.000000
48,-1,643.0,223.0,41.0,21.0,1.000000
48,-1,1043.0,196.0,41.0,20.0,1.000000
48,-1,1093.0,418.0,69.0,34.0,1.000000
49,-1,148.0,275.0,90.0,40.0,1.000000
49,-1,201.0,195.0,46.0,25.0,1.000000
49,-1,641.0,217.0,41.0,21.0,1.000000
49,-1,1043.0,194.0,43.0,20.0,1.000000
49,-1,1093.0,419.0,69.0,34.0,1.000000
50,-1,148.0,276.0,90.0,40.0,1.000000
50,-1,200.0,194.0,47.0,25.0,1.000000
50,-1,641.0,218.0,41.0,21.0,1.000000
50,-1,1043.0,194.0,43.0,20.0,1.000000
50,-1,1093.0,421.0,69.0,34.0,1.000000
51,-1,149.0,275.0,89.0,39.0,1.000000
51,-1,199.0,194.0,47.0,26.0,1.000000
51,-1,641.0,221.0,41.0,21.0,1.000000
51,-1,1042.0,194.0,43.0,20.0,1.000000
51,-1,1093.0,423.0,69.0,34.0,1.000000
52,-1,148.0,271.0,89.0,39.0,1.000000
52,-1,198.0,191.0,47.0,25.0,1.000000
52,-1,640.0,218.0,41.0,21.0,1.000000
52,-1,1042.0,193.0,43.0,20.0,1.000000
52,-1,1092.0,427.0,69.0,35.0,1.000000
53,-1,148.0,272.0,89.0,39.0,1.000000
53,-1,197.0,190.0,48.0,25.0,1.000000
53,-1,640.0,219.0,41.0,21.0,1.000000
53,-1,1042.0,194.0,43.0,20.0,1.000000
53,-1,1092.0,429.0,69.0,34.0,1.000000
54,-1,150.0,270.0,85.0,37.0,1.000000
54,-1,197.0,190.0,47.0,25.0,1.000000
54,-1,639.0,222.0,41.0,21.0,1.000000
54,-1,1041.0,193.0,43.0,20.0,1.000000
54,-1,1092.0,431.0,69.0,34.0,1.000000
55,-1,146.0,260.0,93.0,49.0,1.000000
55,-1,196.0,190.0,48.0,26.0,1.000000
55,-1,639.0,218.0,40.0,21.0,1.000000
55,-1,1039.0,191.0,45.0,23.0,1.000000
55,-1,1092.0,433.0,69.0,35.0,1.000000
56,-1,149.0,262.0,87.0,46.0,1.000000
56,-1,195.0,189.0,48.0,25.0,1.000000
56,-1,639.0,215.0,41.0,21.0,1.000000
56,-1,1038.0,192.0,45.0,23.0,1.000000
56,-1,1091.0,437.0,69.0,35.0,1.000000
57,-1,149.0,264.0,87.0,46.0,1.000000
57,-1,194.0,188.0,48.0,26.0,1.000000
57,-1,639.0,216.0,41.0,21.0,1.000000
57,-1,1038.0,194.0,45.0,23.0,1.000000
57,-1,1091.0,439.0,69.0,34.0,1.000000
58,-1,148.0,257.0,87.0,46.0,1.000000
58,-1,193.0,188.0,48.0,26.0,1.000000
58,-1,639.0,216.0,40.0,21.0,1.000000
58,-1,1036.0,191.0,45.0,23.0,1.000000
58,-1,1091.0,441.0,69.0,34.0,1.000000
59,-1,148.0,257.0,86.0,46.0,1.000000
59,-1,193.0,187.0,48.0,26.0,1.000000
59,-1,639.0,215.0,39.0,20.0,1.000000
59,-1,1036.0,191.0,45.0,23.0,1.000000
59,-1,1091.0,443.0,69.0,34.0,1.000000
60,-1,147.0,253.0,86.0,46.0,1.000000
60,-1,192.0,186.0,48.0,26.0,1.000000
60,-1,638.0,216.0,38.0,20.0,1.000000
60,-1,1035.0,190.0,45.0,23.0,1.000000
60,-1,1090.0,447.0,69.0,34.0,1.000000
61,-1,147.0,253.0,86.0,46.0,1.000000
61,-1,191.0,186.0,48.0,26.0,1.000000
61,-1,638.0,215.0,39.0,20.0,1.000000
61,-1,1035.0,190.0,45.0,23.0,1.000000
61,-1,1090.0,449.0,69.0,34.0,1.000000
62,-1,147.0,248.0,91.0,47.0,1.000000
62,-1,190.0,185.0,48.0,26.0,1.000000
62,-1,637.0,215.0,38.0,20.0,1.000000
62,-1,1034.0,191.0,45.0,23.0,1.000000
62,-1,1090.0,451.0,69.0,34.0,1.000000
63,-1,147.0,248.0,91.0,47.0,1.000000
63,-1,190.0,185.0,48.0,26.0,1.000000
63,-1,637.0,215.0,39.0,20.0,1.000000
63,-1,1034.0,191.0,45.0,23.0,1.000000
63,-1,1090.0,453.0,69.0,34.0,1.000000
64,-1,144.0,243.0,96.0,50.0,1.000000
64,-1,188.0,183.0,49.0,26.0,1.000000
64,-1,636.0,215.0,39.0,20.0,1.000000
64,-1,1032.0,190.0,48.0,24.0,1.000000
64,-1,1089.0,457.0,69.0,34.0,1.000000
65,-1,143.0,242.0,98.0,50.0,1.000000
65,-1,187.0,183.0,49.0,26.0,1.000000
65,-1,635.0,214.0,39.0,20.0,1.000000
65,-1,1031.0,192.0,48.0,24.0,1.000000
65,-1,1089.0,460.0,69.0,34.0,1.000000
66,-1,137.0,233.0,100.0,52.0,1.000000
66,-1,187.0,183.0,49.0,26.0,1.000000
66,-1,635.0,214.0,39.0,20.0,1.000000
66,-1,1031.0,187.0,46.0,23.0,1.000000
66,-1,1089.0,462.0,69.0,34.0,1.000000
67,-1,136.0,232.0,101.0,53.0,1.000000
67,-1,186.0,182.0,49.0,26.0,1.000000
67,-1,635.0,214.0,39.0,20.0,1.000000
67,-1,1031.0,187.0,46.0,23.0,1.000000
67,-1,1088.0,464.0,69.0,34.0,1.000000
68,-1,136.0,226.0,100.0,52.0,1.000000
68,-1,185.0,181.0,50.0,26.0,1.000000
68,-1,634.0,214.0,39.0,20.0,1.000000
68,-1,1031.0,186.0,45.0,22.0,1.000000
68,-1,1088.0,469.0,69.0,34.0,1.000000
69,-1,137.0,224.0,100.0,52.0,1.000000
69,-1,184.0,181.0,49.0,26.0,1.000000
69,-1,633.0,214.0,39.0,20.0,1.000000
69,-1,1030.0,186.0,45.0,23.0,1.000000
69,-1,1088.0,471.0,69.0,34.0,1.000000
70,-1,137.0,222.0,100.0,52.0,1.000000
70,-1,183.0,180.0,50.0,26.0,1.000000
70,-1,632.0,214.0,39.0,20.0,1.000000
70,-1,1029.0,186.0,46.0,23.0,1.000000
70,-1,1088.0,474.0,69.0,34.0,1.000000
71,-1,137.0,219.0,100.0,52.0,1.000000
71,-1,183.0,180.0,49.0,26.0,1.000000
71,-1,632.0,214.0,39.0,20.0,1.000000
71,-1,1029.0,186.0,44.0,23.0,1.000000
71,-1,1087.0,476.0,69.0,34.0,1.000000
72,-1,137.0,214.0,101.0,52.0,1.000000
72,-1,182.0,179.0,49.0,26.0,1.000000
72,-1,632.0,214.0,39.0,20.0,1.000000
72,-1,1028.0,185.0,44.0,23.0,1.000000
72,-1,1087.0,481.0,69.0,34.0,1.000000
73,-1,136.0,213.0,104.0,40.0,1.000000
73,-1,181.0,179.0,49.0,26.0,1.000000
73,-1,632.0,214.0,39.0,20.0,1.000000
73,-1,1027.0,186.0,44.0,23.0,1.000000
73,-1,1087.0,484.0,69.0,34.0,1.000000
74,-1,136.0,212.0,104.0,40.0,1.000000
74,-1,181.0,179.0,49.0,26.0,1.000000
74,-1,631.0,215.0,39.0,20.0,1.000000
74,-1,1027.0,185.0,44.0,23.0,1.000000
74,-1,1086.0,486.0,69.0,34.0,1.000000
75,-1,135.0,208.0,105.0,40.0,1.000000
75,-1,180.0,179.0,49.0,26.0,1.000000
75,-1,631.0,215.0,39.0,20.0,1.000000
75,-1,1026.0,185.0,44.0,23.0,1.000000
75,-1,1086.0,489.0,69.0,34.0,1.000000
76,-1,134.0,207.0,106.0,37.0,1.000000
76,-1,179.0,178.0,49.0,26.0,1.000000
76,-1,630.0,215.0,39.0,20.0,1.000000
76,-1,1025.0,185.0,44.0,23.0,1.000000
76,-1,1085.0,494.0,69.0,34.0,1.000000
77,-1,134.0,204.0,106.0,37.0,1.000000
77,-1,178.0,178.0,49.0,26.0,1.000000
77,-1,629.0,215.0,39.0,20.0,1.000000
77,-1,1024.0,185.0,44.0,23.0,1.000000
77,-1,1085.0,497.0,69.0,34.0,1.000000
78,-1,133.0,202.0,106.0,37.0,1.000000
78,-1,177.0,178.0,49.0,26.0,1.000000
78,-1,629.0,216.0,39.0,20.0,1.000000
78,-1,1024.0,186.0,44.0,23.0,1.000000
78,-1,1085.0,500.0,69.0,34.0,1.000000
79,-1,133.0,200.0,106.0,37.0,1.000000
79,-1,176.0,178.0,49.0,26.0,1.000000
79,-1,628.0,216.0,39.0,20.0,1.000000
79,-1,1024.0,186.0,44.0,23.0,1.000000
79,-1,1085.0,503.0,69.0,34.0,1.000000
80,-1,133.0,195.0,105.0,37.0,1.000000
80,-1,175.0,178.0,49.0,26.0,1.000000
80,-1,627.0,217.0,39.0,20.0,1.000000
80,-1,1023.0,187.0,43.0,23.0,1.000000
80,-1,1084.0,508.0,69.0,34.0,1.000000
81,-1,133.0,192.0,105.0,37.0,1.000000
81,-1,174.0,178.0,49.0,26.0,1.000000
81,-1,626.0,217.0,39.0,20.0,1.000000
81,-1,1022.0,188.0,43.0,23.0,1.000000
81,-1,1083.0,511.0,69.0,34.0,1.000000
82,-1,133.0,189.0,105.0,37.0,1.000000
82,-1,173.0,178.0,49.0,26.0,1.000000
82,-1,626.0,217.0,39.0,20.0,1.000000
82,-1,1021.0,189.0,44.0,23.0,1.000000
82,-1,1083.0,514.0,69.0,34.0,1.000000
83,-1,132.0,186.0,105.0,37.0,1.000000
83,-1,172.0,181.0,47.0,23.0,1.000000
83,-1,625.0,218.0,39.0,20.0,1.000000
83,-1,1020.0,186.0,44.0,23.0,1.000000
83,-1,1082.0,517.0,69.0,34.0,1.000000
84,-1,131.0,180.0,105.0,37.0,1.000000
84,-1,171.0,179.0,45.0,22.0,1.000000
84,-1,623.0,219.0,39.0,20.0,1.000000
84,-1,1018.0,187.0,44.0,23.0,1.000000
84,-1,1080.0,523.0,69.0,34.0,1.000000
85,-1,131.0,177.0,105.0,37.0,1.000000
85,-1,176.0,181.0,44.0,22.0,1.000000
85,-1,623.0,219.0,39.0,20.0,1.000000
85,-1,1017.0,186.0,45.0,23.0,1.000000
85,-1,1080.0,526.0,69.0,34.0,1.000000
86,-1,131.0,173.0,105.0,37.0,1.000000
86,-1,176.0,178.0,44.0,22.0,1.000000
86,-1,622.0,219.0,39.0,20.0,1.000000
86,-1,1016.0,187.0,45.0,23.0,1.000000
86,-1,1080.0,528.0,69.0,34.0,1.000000
87,-1,131.0,170.0,105.0,37.0,1.000000
87,-1,621.0,219.0,40.0,20.0,1.000000
87,-1,1015.0,188.0,44.0,23.0,1.000000
87,-1,1079.0,531.0,69.0,34.0,1.000000
88,-1,130.0,163.0,105.0,37.0,1.000000
88,-1,619.0,220.0,40.0,20.0,1.000000
88,-1,1013.0,187.0,47.0,24.0,1.000000
88,-1,1078.0,536.0,69.0,34.0,1.000000
89,-1,130.0,159.0,105.0,37.0,1.000000
89,-1,172.0,187.0,39.0,17.0,1.000000
89,-1,619.0,220.0,39.0,20.0,1.000000
89,-1,1013.0,188.0,45.0,24.0,1.000000
89,-1,1077.0,539.0,69.0,34.0,1.000000
90,-1,130.0,156.0,105.0,37.0,1.000000
90,-1,171.0,187.0,39.0,17.0,1.000000
90,-1,618.0,220.0,40.0,20.0,1.000000
90,-1,1012.0,189.0,45.0,24.0,1.000000
90,-1,1077.0,542.0,69.0,34.0,1.000000
91,-1,130.0,152.0,105.0,37.0,1.000000
91,-1,171.0,187.0,39.0,17.0,1.000000
91,-1,618.0,221.0,39.0,20.0,1.000000
91,-1,1011.0,190.0,45.0,24.0,1.000000
91,-1,1077.0,545.0,69.0,34.0,1.000000
92,-1,130.0,146.0,105.0,37.0,1.000000
92,-1,170.0,182.0,41.0,22.0,1.000000
92,-1,617.0,222.0,40.0,20.0,1.000000
92,-1,1010.0,189.0,46.0,24.0,1.000000
92,-1,1076.0,551.0,69.0,34.0,1.000000
93,-1,131.0,142.0,105.0,37.0,1.000000
93,-1,170.0,182.0,41.0,22.0,1.000000
93,-1,616.0,222.0,40.0,20.0,1.000000
93,-1,1010.0,190.0,45.0,24.0,1.000000
93,-1,1076.0,553.0,70.0,34.0,1.000000
94,-1,131.0,139.0,105.0,37.0,1.000000
94,-1,170.0,182.0,41.0,22.0,1.000000
94,-1,616.0,222.0,39.0,20.0,1.000000
94,-1,1015.0,190.0,39.0,25.0,1.000000
94,-1,1076.0,556.0,69.0,34.0,1.000000
95,-1,131.0,136.0,105.0,37.0,1.000000
95,-1,169.0,182.0,41.0,22.0,1.000000
95,-1,616.0,223.0,39.0,20.0,1.000000
95,-1,1015.0,191.0,38.0,24.0,1.000000
95,-1,1076.0,559.0,69.0,34.0,1.000000
96,-1,133.0,130.0,104.0,37.0,1.000000
96,-1,168.0,180.0,42.0,24.0,1.000000
96,-1,615.0,224.0,39.0,20.0,1.000000
96,-1,1014.0,191.0,39.0,25.0,1.000000
96,-1,1076.0,565.0,69.0,34.0,1.000000
97,-1,133.0,127.0,104.0,37.0,1.000000
97,-1,168.0,180.0,42.0,24.0,1.000000
97,-1,615.0,224.0,39.0,20.0,1.000000
97,-1,1014.0,191.0,39.0,25.0,1.000000
97,-1,1077.0,568.0,69.0,34.0,1.000000
98,-1,133.0,123.0,104.0,37.0,1.000000
98,-1,168.0,180.0,42.0,24.0,1.000000
98,-1,615.0,224.0,39.0,20.0,1.000000
98,-1,1014.0,192.0,38.0,25.0,1.000000
98,-1,1077.0,571.0,69.0,34.0,1.000000
99,-1,135.0,121.0,104.0,37.0,1.000000
99,-1,168.0,180.0,42.0,24.0,1.000000
99,-1,615.0,225.0,39.0,20.0,1.000000
99,-1,1014.0,192.0,38.0,25.0,1.000000
99,-1,1077.0,573.0,70.0,34.0,1.000000
100,-1,137.0,115.0,104.0,36.0,1.000000
100,-1,169.0,179.0,42.0,24.0,1.000000
100,-1,615.0,225.0,39.0,20.0,1.000000
100,-1,1014.0,192.0,39.0,25.0,1.000000
100,-1,1078.0,579.0,70.0,34.0,1.000000
101,-1,138.0,111.0,103.0,36.0,1.000000
101,-1,170.0,179.0,42.0,24.0,1.000000
101,-1,615.0,226.0,39.0,20.0,1.000000
101,-1,1015.0,193.0,37.0,24.0,1.000000
101,-1,1079.0,582.0,70.0,34.0,1.000000
102,-1,139.0,108.0,104.0,37.0,1.000000
102,-1,170.0,179.0,42.0,24.0,1.000000
102,-1,615.0,226.0,39.0,20.0,1.000000
102,-1,1014.0,193.0,38.0,24.0,1.000000
102,-1,1080.0,585.0,69.0,34.0,1.000000
103,-1,140.0,106.0,103.0,36.0,1.000000
103,-1,171.0,179.0,42.0,24.0,1.000000
103,-1,616.0,227.0,39.0,20.0,1.000000
103,-1,1015.0,193.0,38.0,25.0,1.000000
103,-1,1080.0,588.0,69.0,34.0,1.000000
104,-1,142.0,100.0,103.0,36.0,1.000000
104,-1,172.0,179.0,42.0,24.0,1.000000
104,-1,617.0,228.0,38.0,20.0,1.000000
104,-1,1015.0,194.0,38.0,25.0,1.000000
104,-1,1081.0,594.0,71.0,35.0,1.000000
105,-1,143.0,97.0,103.0,36.0,1.000000
105,-1,173.0,179.0,42.0,24.0,1.000000
105,-1,617.0,228.0,39.0,20.0,1.000000
105,-1,1015.0,194.0,38.0,25.0,1.000000
105,-1,1082.0,597.0,70.0,35.0,1.000000
106,-1,145.0,95.0,102.0,36.0,1.000000
106,-1,174.0,179.0,42.0,24.0,1.000000
106,-1,617.0,229.0,39.0,20.0,1.000000
106,-1,1015.0,194.0,39.0,25.0,1.000000
107,-1,146.0,92.0,102.0,36.0,1.000000
107,-1,174.0,179.0,42.0,24.0,1.000000
107,-1,617.0,229.0,39.0,20.0,1.000000
107,-1,1015.0,194.0,39.0,25.0,1.000000
108,-1,148.0,86.0,102.0,36.0,1.000000
108,-1,176.0,179.0,42.0,24.0,1.000000
108,-1,618.0,230.0,39.0,20.0,1.000000
108,-1,1016.0,195.0,38.0,25.0,1.000000
109,-1,150.0,84.0,102.0,36.0,1.000000
109,-1,177.0,179.0,42.0,24.0,1.000000
109,-1,619.0,230.0,38.0,20.0,1.000000
109,-1,1016.0,195.0,39.0,25.0,1.000000
110,-1,151.0,81.0,101.0,36.0,1.000000
110,-1,177.0,179.0,42.0,24.0,1.000000
110,-1,619.0,231.0,38.0,20.0,1.000000
110,-1,1016.0,195.0,39.0,25.0,1.000000
111,-1,151.0,78.0,102.0,36.0,1.000000
111,-1,178.0,179.0,42.0,24.0,1.000000
111,-1,619.0,232.0,39.0,20.0,1.000000
111,-1,1017.0,196.0,38.0,24.0,1.000000
112,-1,152.0,74.0,102.0,36.0,1.000000
112,-1,179.0,179.0,42.0,24.0,1.000000
112,-1,619.0,233.0,39.0,20.0,1.000000
112,-1,1017.0,197.0,39.0,25.0,1.000000
113,-1,154.0,71.0,101.0,36.0,1.000000
113,-1,179.0,179.0,42.0,24.0,1.000000
113,-1,619.0,234.0,39.0,20.0,1.000000
113,-1,1016.0,197.0,39.0,25.0,1.000000
114,-1,155.0,69.0,101.0,36.0,1.000000
114,-1,180.0,179.0,42.0,24.0,1.000000
114,-1,620.0,234.0,39.0,20.0,1.000000
114,-1,1017.0,198.0,38.0,25.0,1.000000
115,-1,155.0,67.0,101.0,36.0,1.000000
115,-1,180.0,179.0,42.0,24.0,1.000000
115,-1,620.0,235.0,39.0,20.0,1.000000
115,-1,1016.0,198.0,39.0,25.0,1.000000
116,-1,155.0,62.0,102.0,36.0,1.000000
116,-1,181.0,180.0,42.0,24.0,1.000000
116,-1,620.0,236.0,39.0,20.0,1.000000
116,-1,1016.0,199.0,39.0,25.0,1.000000
117,-1,156.0,60.0,102.0,36.0,1.000000
117,-1,181.0,181.0,42.0,24.0,1.000000
117,-1,620.0,238.0,38.0,20.0,1.000000
117,-1,1016.0,201.0,39.0,25.0,1.000000
118,-1,156.0,58.0,101.0,36.0,1.000000
118,-1,181.0,181.0,42.0,24.0,1.000000
118,-1,620.0,238.0,39.0,20.0,1.000000
118,-1,1015.0,201.0,39.0,25.0,1.000000
119,-1,156.0,56.0,101.0,38.0,1.000000
119,-1,181.0,182.0,42.0,24.0,1.000000
119,-1,620.0,239.0,39.0,20.0,1.000000
119,-1,1015.0,202.0,39.0,25.0,1.000000
120,-1,156.0,52.0,101.0,38.0,1.000000
120,-1,182.0,183.0,42.0,24.0,1.000000
120,-1,619.0,241.0,38.0,20.0,1.000000
120,-1,1015.0,204.0,38.0,24.0,1.000000
121,-1,157.0,50.0,100.0,38.0,1.000000
121,-1,182.0,183.0,42.0,24.0,1.000000
121,-1,619.0,243.0,38.0,20.0,1.000000
121,-1,1013.0,204.0,39.0,25.0,1.000000
122,-1,157.0,49.0,101.0,38.0,1.000000
122,-1,182.0,184.0,42.0,24.0,1.000000
122,-1,619.0,243.0,39.0,20.0,1.000000
122,-1,1013.0,205.0,39.0,25.0,1.000000
123,-1,156.0,47.0,101.0,38.0,1.000000
123,-1,182.0,184.0,42.0,24.0,1.000000
123,-1,618.0,244.0,39.0,20.0,1.000000
123,-1,1012.0,206.0,39.0,25.0,1.000000
124,-1,156.0,43.0,100.0,38.0,1.000000
124,-1,181.0,185.0,42.0,24.0,1.000000
124,-1,617.0,247.0,39.0,20.0,1.000000
124,-1,1010.0,208.0,39.0,25.0,1.000000
125,-1,156.0,41.0,100.0,38.0,1.000000
125,-1,181.0,186.0,42.0,24.0,1.000000
125,-1,617.0,248.0,39.0,20.0,1.000000
125,-1,1010.0,210.0,38.0,25.0,1.000000
126,-1,156.0,40.0,100.0,38.0,1.000000
126,-1,181.0,187.0,42.0,24.0,1.000000
126,-1,616.0,249.0,40.0,20.0,1.000000
126,-1,1009.0,211.0,39.0,25.0,1.000000
127,-1,155.0,38.0,100.0,38.0,1.000000
127,-1,181.0,187.0,42.0,24.0,1.000000
127,-1,616.0,250.0,39.0,20.0,1.000000
127,-1,1008.0,212.0,39.0,25.0,1.000000
128,-1,155.0,35.0,101.0,38.0,1.000000
128,-1,180.0,188.0,42.0,24.0,1.000000
128,-1,615.0,253.0,39.0,20.0,1.000000
128,-1,1006.0,215.0,38.0,24.0,1.000000
129,-1,154.0,33.0,100.0,38.0,1.000000
129,-1,181.0,189.0,42.0,24.0,1.000000
129,-1,615.0,254.0,39.0,20.0,1.000000
129,-1,1006.0,216.0,37.0,24.0,1.000000
130,-1,154.0,31.0,100.0,37.0,1.000000
130,-1,180.0,189.0,42.0,24.0,1.000000
130,-1,614.0,255.0,39.0,20.0,1.000000
130,-1,1005.0,219.0,37.0,24.0,1.000000
131,-1,154.0,29.0,100.0,38.0,1.000000
131,-1,181.0,190.0,42.0,24.0,1.000000
131,-1,614.0,257.0,39.0,20.0,1.000000
131,-1,1004.0,221.0,36.0,23.0,1.000000
132,-1,153.0,26.0,100.0,38.0,1.000000
132,-1,180.0,191.0,42.0,24.0,1.000000
132,-1,613.0,259.0,39.0,20.0,1.000000
132,-1,1004.0,226.0,34.0,21.0,1.000000
133,-1,152.0,24.0,100.0,38.0,1.000000
133,-1,180.0,192.0,42.0,24.0,1.000000
133,-1,612.0,260.0,39.0,20.0,1.000000
133,-1,1003.0,223.0,34.0,22.0,1.000000
134,-1,153.0,22.0,99.0,37.0,1.000000
134,-1,180.0,193.0,42.0,24.0,1.000000
134,-1,612.0,262.0,39.0,20.0,1.000000
134,-1,1003.0,226.0,33.0,21.0,1.000000
135,-1,153.0,21.0,99.0,37.0,1.000000
135,-1,181.0,193.0,42.0,24.0,1.000000
135,-1,612.0,263.0,39.0,20.0,1.000000
135,-1,1002.0,225.0,34.0,22.0,1.000000
136,-1,153.0,17.0,102.0,42.0,1.000000
136,-1,181.0,195.0,42.0,24.0,1.000000
136,-1,611.0,265.0,39.0,20.0,1.000000
136,-1,1001.0,229.0,34.0,22.0,1.000000
137,-1,153.0,15.0,102.0,42.0,1.000000
137,-1,181.0,195.0,41.0,24.0,1.000000
137,-1,611.0,266.0,39.0,20.0,1.000000
137,-1,1001.0,231.0,33.0,22.0,1.000000
138,-1,153.0,13.0,102.0,42.0,1.000000
138,-1,181.0,196.0,41.0,24.0,1.000000
138,-1,611.0,267.0,39.0,20.0,1.000000
138,-1,1000.0,235.0,33.0,22.0,1.000000
139,-1,154.0,12.0,102.0,42.0,1.000000
139,-1,182.0,196.0,42.0,24.0,1.000000
139,-1,611.0,268.0,39.0,20.0,1.000000
139,-1,996.0,232.0,37.0,22.0,1.000000
140,-1,155.0,7.0,102.0,42.0,1.000000
140,-1,183.0,198.0,42.0,24.0,1.000000
140,-1,611.0,270.0,39.0,20.0,1.000000
140,-1,996.0,234.0,36.0,22.0,1.000000
141,-1,156.0,6.0,102.0,42.0,1.000000
141,-1,183.0,198.0,42.0,24.0,1.000000
141,-1,611.0,271.0,39.0,20.0,1.000000
141,-1,995.0,235.0,39.0,23.0,1.000000
142,-1,157.0,4.0,101.0,42.0,1.000000
142,-1,184.0,199.0,42.0,24.0,1.000000
142,-1,611.0,272.0,39.0,20.0,1.000000
142,-1,995.0,236.0,39.0,23.0,1.000000
143,-1,158.0,2.0,101.0,42.0,1.000000
143,-1,184.0,199.0,42.0,24.0,1.000000
143,-1,612.0,273.0,39.0,20.0,1.000000
143,-1,995.0,236.0,41.0,24.0,1.000000
144,-1,160.0,-2.0,101.0,41.0,1.000000
144,-1,186.0,201.0,42.0,24.0,1.000000
144,-1,612.0,275.0,39.0,20.0,1.000000
144,-1,995.0,237.0,37.0,22.0,1.000000
145,-1,161.0,-4.0,100.0,41.0,1.000000
145,-1,186.0,201.0,42.0,24.0,1.000000
145,-1,612.0,276.0,39.0,20.0,1.000000
145,-1,995.0,238.0,37.0,22.0,1.000000
146,-1,162.0,-6.0,101.0,41.0,1.000000
146,-1,187.0,202.0,42.0,24.0,1.000000
146,-1,613.0,277.0,40.0,20.0,1.000000
146,-1,995.0,239.0,37.0,22.0,1.000000
147,-1,162.0,-8.0,100.0,41.0,1.000000
147,-1,187.0,202.0,42.0,24.0,1.000000
147,-1,613.0,278.0,39.0,20.0,1.000000
147,-1,995.0,239.0,37.0,22.0,1.000000
148,-1,165.0,-12.0,100.0,41.0,1.000000
148,-1,189.0,203.0,42.0,24.0,1.000000
148,-1,614.0,280.0,39.0,20.0,1.000000
148,-1,995.0,241.0,37.0,22.0,1.000000
149,-1,165.0,-14.0,100.0,41.0,1.000000
149,-1,190.0,204.0,41.0,23.0,1.000000
149,-1,614.0,280.0,40.0,20.0,1.000000
149,-1,995.0,242.0,37.0,22.0,1.000000
150,-1,166.0,-16.0,100.0,41.0,1.000000
150,-1,190.0,205.0,41.0,23.0,1.000000
150,-1,614.0,281.0,40.0,20.0,1.000000
150,-1,995.0,242.0,37.0,22.0,1.000000
151,-1,167.0,-18.0,100.0,41.0,1.000000
151,-1,191.0,205.0,41.0,24.0,1.000000
151,-1,614.0,282.0,40.0,20.0,1.000000
151,-1,995.0,243.0,37.0,22.0,1.000000
152,-1,169.0,-21.0,99.0,41.0,1.000000
152,-1,192.0,206.0,41.0,23.0,1.000000
152,-1,615.0,284.0,39.0,20.0,1.000000
152,-1,995.0,244.0,37.0,22.0,1.000000
153,-1,170.0,-23.0,99.0,41.0,1.000000
153,-1,192.0,207.0,41.0,24.0,1.000000
153,-1,615.0,285.0,40.0,20.0,1.000000
153,-1,994.0,245.0,37.0,22.0,1.000000
154,-1,170.0,-25.0,99.0,41.0,1.000000
154,-1,192.0,207.0,41.0,24.0,1.000000
154,-1,615.0,286.0,39.0,20.0,1.000000
154,-1,994.0,246.0,37.0,22.0,1.000000
155,-1,171.0,-26.0,98.0,41.0,1.000000
155,-1,193.0,208.0,41.0,24.0,1.000000
155,-1,615.0,287.0,40.0,20.0,1.000000
155,-1,994.0,247.0,37.0,22.0,1.000000
156,-1,172.0,-29.0,97.0,40.0,1.000000
156,-1,194.0,209.0,41.0,23.0,1.000000
156,-1,616.0,289.0,40.0,20.0,1.000000
156,-1,994.0,248.0,37.0,22.0,1.000000
157,-1,173.0,-30.0,94.0,39.0,1.000000
157,-1,194.0,210.0,41.0,24.0,1.000000
157,-1,615.0,290.0,40.0,20.0,1.000000
157,-1,993.0,249.0,37.0,22.0,1.000000
158,-1,174.0,-31.0,93.0,38.0,1.000000
158,-1,194.0,211.0,41.0,23.0,1.000000
158,-1,615.0,292.0,40.0,20.0,1.000000
158,-1,993.0,250.0,36.0,22.0,1.000000
159,-1,194.0,211.0,41.0,23.0,1.000000
159,-1,615.0,293.0,39.0,20.0,1.000000
159,-1,992.0,251.0,36.0,22.0,1.000000
160,-1,194.0,212.0,41.0,23.0,1.000000
160,-1,615.0,295.0,39.0,20.0,1.000000
160,-1,991.0,252.0,36.0,22.0,1.000000
161,-1,194.0,214.0,41.0,23.0,1.000000
161,-1,614.0,297.0,39.0,20.0,1.000000
161,-1,990.0,254.0,36.0,22.0,1.000000
162,-1,194.0,214.0,41.0,23.0,1.000000
162,-1,614.0,298.0,40.0,20.0,1.000000
162,-1,990.0,254.0,36.0,22.0,1.000000
163,-1,194.0,215.0,41.0,23.0,1.000000
163,-1,614.0,299.0,39.0,20.0,1.000000
163,-1,989.0,255.0,36.0,22.0,1.000000
164,-1,194.0,216.0,41.0,23.0,1.000000
164,-1,613.0,302.0,40.0,20.0,1.000000
164,-1,988.0,257.0,36.0,21.0,1.000000
165,-1,195.0,217.0,41.0,23.0,1.000000
165,-1,613.0,303.0,40.0,20.0,1.000000
165,-1,987.0,257.0,36.0,21.0,1.000000
166,-1,195.0,217.0,41.0,23.0,1.000000
166,-1,613.0,304.0,39.0,20.0,1.000000
166,-1,986.0,258.0,36.0,22.0,1.000000
