1,-1,87,189,23,16,1,-1,-1,-1
1,-1,103,164,25,16,1,-1,-1,-1
1,-1,120,150,28,20,1,-1,-1,-1
1,-1,140,120,35,21,1,-1,-1,-1
1,-1,173,76,36,23,1,-1,-1,-1
1,-1,182,185,20,16,1,-1,-1,-1
1,-1,205,171,24,16,1,-1,-1,-1
1,-1,235,156,26,19,1,-1,-1,-1
1,-1,276,132,29,17,1,-1,-1,-1
1,-1,327,109,35,21,1,-1,-1,-1
2,-1,87,189,23,16,1,-1,-1,-1
2,-1,103,164,25,16,1,-1,-1,-1
2,-1,120,150,28,20,1,-1,-1,-1
2,-1,140,120,35,21,1,-1,-1,-1
2,-1,173,76,36,23,1,-1,-1,-1
2,-1,182,185,20,16,1,-1,-1,-1
2,-1,205,171,24,16,1,-1,-1,-1
2,-1,235,156,26,19,1,-1,-1,-1
2,-1,276,132,29,17,1,-1,-1,-1
2,-1,327,109,35,21,1,-1,-1,-1
3,-1,87,189,23,16,1,-1,-1,-1
3,-1,103,164,25,16,1,-1,-1,-1
3,-1,120,149,28,20,1,-1,-1,-1
3,-1,140,119,35,21,1,-1,-1,-1
3,-1,173,75,36,23,1,-1,-1,-1
3,-1,182,185,20,16,1,-1,-1,-1
3,-1,205,171,24,16,1,-1,-1,-1
3,-1,234,155,26,19,1,-1,-1,-1
3,-1,276,131,29,17,1,-1,-1,-1
3,-1,326,108,35,21,1,-1,-1,-1
4,-1,87,188,23,16,1,-1,-1,-1
4,-1,103,164,25,16,1,-1,-1,-1
4,-1,120,149,28,20,1,-1,-1,-1
4,-1,140,119,35,21,1,-1,-1,-1
4,-1,173,75,36,23,1,-1,-1,-1
4,-1,182,184,20,16,1,-1,-1,-1
4,-1,205,171,24,16,1,-1,-1,-1
4,-1,234,155,26,19,1,-1,-1,-1
4,-1,275,131,29,17,1,-1,-1,-1
4,-1,326,107,35,21,1,-1,-1,-1
5,-1,87,188,23,16,1,-1,-1,-1
5,-1,103,164,25,16,1,-1,-1,-1
5,-1,120,149,28,20,1,-1,-1,-1
5,-1,140,119,35,21,1,-1,-1,-1
5,-1,173,75,36,23,1,-1,-1,-1
5,-1,181,184,20,16,1,-1,-1,-1
5,-1,205,170,24,16,1,-1,-1,-1
5,-1,234,155,26,19,1,-1,-1,-1
5,-1,275,131,29,17,1,-1,-1,-1
5,-1,326,107,35,21,1,-1,-1,-1
6,-1,87,188,23,16,1,-1,-1,-1
6,-1,103,163,25,16,1,-1,-1,-1
6,-1,120,149,28,20,1,-1,-1,-1
6,-1,140,118,35,21,1,-1,-1,-1
6,-1,172,75,36,23,1,-1,-1,-1
6,-1,181,184,20,16,1,-1,-1,-1
6,-1,205,170,24,16,1,-1,-1,-1
6,-1,234,155,26,19,1,-1,-1,-1
6,-1,275,131,29,17,1,-1,-1,-1
6,-1,326,106,35,21,1,-1,-1,-1
7,-1,87,188,23,16,1,-1,-1,-1
7,-1,103,163,25,16,1,-1,-1,-1
7,-1,120,149,28,20,1,-1,-1,-1
7,-1,140,118,35,21,1,-1,-1,-1
7,-1,172,75,36,23,1,-1,-1,-1
7,-1,181,184,20,16,1,-1,-1,-1
7,-1,205,170,24,16,1,-1,-1,-1
7,-1,234,155,26,19,1,-1,-1,-1
7,-1,275,130,29,17,1,-1,-1,-1
7,-1,326,106,35,21,1,-1,-1,-1
8,-1,87,188,23,16,1,-1,-1,-1
8,-1,102,163,25,16,1,-1,-1,-1
8,-1,120,148,28,20,1,-1,-1,-1
8,-1,140,118,35,21,1,-1,-1,-1
8,-1,172,75,36,23,1,-1,-1,-1
8,-1,181,184,20,16,1,-1,-1,-1
8,-1,205,171,24,16,1,-1,-1,-1
8,-1,234,154,26,19,1,-1,-1,-1
8,-1,275,130,29,17,1,-1,-1,-1
8,-1,326,106,35,21,1,-1,-1,-1
9,-1,87,188,23,16,1,-1,-1,-1
9,-1,102,164,25,16,1,-1,-1,-1
9,-1,120,148,28,20,1,-1,-1,-1
9,-1,140,118,35,21,1,-1,-1,-1
9,-1,172,75,36,23,1,-1,-1,-1
9,-1,181,185,20,16,1,-1,-1,-1
9,-1,205,171,24,16,1,-1,-1,-1
9,-1,234,154,26,19,1,-1,-1,-1
9,-1,275,130,29,17,1,-1,-1,-1
9,-1,325,105,35,21,1,-1,-1,-1
10,-1,87,188,23,16,1,-1,-1,-1
10,-1,102,164,25,16,1,-1,-1,-1
10,-1,120,148,28,20,1,-1,-1,-1
10,-1,140,118,35,21,1,-1,-1,-1
10,-1,172,75,36,23,1,-1,-1,-1
10,-1,181,185,20,16,1,-1,-1,-1
10,-1,205,171,24,16,1,-1,-1,-1
10,-1,234,154,26,19,1,-1,-1,-1
10,-1,275,130,29,17,1,-1,-1,-1
10,-1,325,105,35,21,1,-1,-1,-1
11,-1,87,188,23,16,1,-1,-1,-1
11,-1,102,164,25,16,1,-1,-1,-1
11,-1,120,148,28,20,1,-1,-1,-1
11,-1,140,118,35,21,1,-1,-1,-1
11,-1,172,75,36,23,1,-1,-1,-1
11,-1,181,185,20,16,1,-1,-1,-1
11,-1,204,171,24,16,1,-1,-1,-1
11,-1,234,154,26,19,1,-1,-1,-1
11,-1,275,130,29,17,1,-1,-1,-1
11,-1,325,105,35,21,1,-1,-1,-1
12,-1,87,188,23,16,1,-1,-1,-1
12,-1,102,164,25,16,1,-1,-1,-1
12,-1,120,148,28,20,1,-1,-1,-1
12,-1,140,118,35,21,1,-1,-1,-1
12,-1,172,75,36,23,1,-1,-1,-1
12,-1,181,185,20,16,1,-1,-1,-1
12,-1,204,171,24,16,1,-1,-1,-1
12,-1,234,154,26,19,1,-1,-1,-1
12,-1,275,130,29,17,1,-1,-1,-1
12,-1,325,105,34,21,1,-1,-1,-1
13,-1,87,188,23,16,1,-1,-1,-1
13,-1,102,164,25,16,1,-1,-1,-1
13,-1,120,148,28,20,1,-1,-1,-1
13,-1,140,118,35,21,1,-1,-1,-1
13,-1,172,75,36,23,1,-1,-1,-1
13,-1,181,185,20,16,1,-1,-1,-1
13,-1,204,171,24,16,1,-1,-1,-1
13,-1,234,155,26,19,1,-1,-1,-1
13,-1,275,130,29,17,1,-1,-1,-1
13,-1,325,104,35,21,1,-1,-1,-1
14,-1,87,189,23,16,1,-1,-1,-1
14,-1,102,165,25,16,1,-1,-1,-1
14,-1,120,149,28,20,1,-1,-1,-1
14,-1,140,118,35,21,1,-1,-1,-1
14,-1,172,75,36,23,1,-1,-1,-1
14,-1,181,185,20,16,1,-1,-1,-1
14,-1,204,172,24,16,1,-1,-1,-1
14,-1,234,155,26,19,1,-1,-1,-1
14,-1,275,130,29,17,1,-1,-1,-1
14,-1,325,104,35,21,1,-1,-1,-1
15,-1,87,189,23,16,1,-1,-1,-1
15,-1,102,165,25,16,1,-1,-1,-1
15,-1,120,149,28,20,1,-1,-1,-1
15,-1,140,118,35,21,1,-1,-1,-1
15,-1,172,76,36,23,1,-1,-1,-1
15,-1,181,186,20,16,1,-1,-1,-1
15,-1,204,172,24,16,1,-1,-1,-1
15,-1,233,155,26,19,1,-1,-1,-1
15,-1,275,131,29,17,1,-1,-1,-1
15,-1,325,104,35,21,1,-1,-1,-1
16,-1,87,189,23,16,1,-1,-1,-1
16,-1,102,166,25,16,1,-1,-1,-1
16,-1,120,149,28,20,1,-1,-1,-1
16,-1,140,118,34,21,1,-1,-1,-1
16,-1,172,76,36,23,1,-1,-1,-1
16,-1,181,187,20,16,1,-1,-1,-1
16,-1,204,173,24,16,1,-1,-1,-1
16,-1,233,155,26,19,1,-1,-1,-1
16,-1,275,131,29,17,1,-1,-1,-1
16,-1,325,104,35,21,1,-1,-1,-1
17,-1,87,189,23,16,1,-1,-1,-1
17,-1,102,166,25,16,1,-1,-1,-1
17,-1,120,150,28,20,1,-1,-1,-1
17,-1,140,119,35,21,1,-1,-1,-1
17,-1,172,76,36,23,1,-1,-1,-1
17,-1,181,187,20,16,1,-1,-1,-1
17,-1,204,173,24,16,1,-1,-1,-1
17,-1,233,155,26,19,1,-1,-1,-1
17,-1,274,131,29,17,1,-1,-1,-1
17,-1,325,104,35,21,1,-1,-1,-1
18,-1,87,190,23,16,1,-1,-1,-1
18,-1,102,166,25,16,1,-1,-1,-1
18,-1,120,150,28,20,1,-1,-1,-1
18,-1,140,119,34,21,1,-1,-1,-1
18,-1,172,77,36,23,1,-1,-1,-1
18,-1,181,187,20,16,1,-1,-1,-1
18,-1,204,173,24,16,1,-1,-1,-1
18,-1,233,156,26,19,1,-1,-1,-1
18,-1,274,131,29,17,1,-1,-1,-1
18,-1,325,104,35,21,1,-1,-1,-1
19,-1,87,190,23,16,1,-1,-1,-1
19,-1,102,167,25,16,1,-1,-1,-1
19,-1,120,150,28,20,1,-1,-1,-1
19,-1,140,119,34,21,1,-1,-1,-1
19,-1,172,77,36,23,1,-1,-1,-1
19,-1,181,188,20,16,1,-1,-1,-1
19,-1,204,174,24,16,1,-1,-1,-1
19,-1,234,156,26,19,1,-1,-1,-1
19,-1,274,132,29,17,1,-1,-1,-1
19,-1,325,104,35,21,1,-1,-1,-1
20,-1,87,190,23,16,1,-1,-1,-1
20,-1,102,167,25,16,1,-1,-1,-1
20,-1,120,150,28,20,1,-1,-1,-1
20,-1,140,119,34,21,1,-1,-1,-1
20,-1,172,77,36,23,1,-1,-1,-1
20,-1,181,188,20,16,1,-1,-1,-1
20,-1,204,174,24,16,1,-1,-1,-1
20,-1,234,157,26,19,1,-1,-1,-1
20,-1,274,132,29,17,1,-1,-1,-1
20,-1,325,104,35,21,1,-1,-1,-1
21,-1,87,191,23,16,1,-1,-1,-1
21,-1,102,168,25,16,1,-1,-1,-1
21,-1,120,151,28,20,1,-1,-1,-1
21,-1,140,120,34,21,1,-1,-1,-1
21,-1,172,78,36,23,1,-1,-1,-1
21,-1,181,189,20,16,1,-1,-1,-1
21,-1,204,175,24,16,1,-1,-1,-1
21,-1,234,157,26,19,1,-1,-1,-1
21,-1,274,132,29,17,1,-1,-1,-1
21,-1,325,105,35,21,1,-1,-1,-1
22,-1,87,191,23,16,1,-1,-1,-1
22,-1,102,168,25,16,1,-1,-1,-1
22,-1,120,151,28,20,1,-1,-1,-1
22,-1,140,120,34,21,1,-1,-1,-1
22,-1,172,78,36,23,1,-1,-1,-1
22,-1,181,189,20,16,1,-1,-1,-1
22,-1,204,175,24,16,1,-1,-1,-1
22,-1,234,157,26,19,1,-1,-1,-1
22,-1,274,132,29,17,1,-1,-1,-1
22,-1,325,104,35,21,1,-1,-1,-1
23,-1,87,191,23,16,1,-1,-1,-1
23,-1,102,168,25,16,1,-1,-1,-1
23,-1,120,151,28,20,1,-1,-1,-1
23,-1,140,120,34,21,1,-1,-1,-1
23,-1,172,78,36,23,1,-1,-1,-1
23,-1,181,189,20,16,1,-1,-1,-1
23,-1,205,175,24,16,1,-1,-1,-1
23,-1,234,157,26,19,1,-1,-1,-1
23,-1,274,132,29,17,1,-1,-1,-1
23,-1,325,104,35,21,1,-1,-1,-1
24,-1,87,191,23,16,1,-1,-1,-1
24,-1,102,169,25,16,1,-1,-1,-1
24,-1,120,151,28,20,1,-1,-1,-1
24,-1,140,120,34,21,1,-1,-1,-1
24,-1,172,78,36,23,1,-1,-1,-1
24,-1,181,189,20,16,1,-1,-1,-1
24,-1,205,175,24,16,1,-1,-1,-1
24,-1,234,157,26,19,1,-1,-1,-1
24,-1,274,132,29,17,1,-1,-1,-1
24,-1,325,104,35,21,1,-1,-1,-1
25,-1,87,191,23,16,1,-1,-1,-1
25,-1,102,169,25,16,1,-1,-1,-1
25,-1,120,151,28,20,1,-1,-1,-1
25,-1,141,120,34,21,1,-1,-1,-1
25,-1,172,78,36,23,1,-1,-1,-1
25,-1,181,189,20,16,1,-1,-1,-1
25,-1,205,175,24,16,1,-1,-1,-1
25,-1,234,157,26,19,1,-1,-1,-1
25,-1,274,132,29,17,1,-1,-1,-1
25,-1,325,104,35,21,1,-1,-1,-1
26,-1,87,191,23,16,1,-1,-1,-1
26,-1,102,169,25,16,1,-1,-1,-1
26,-1,120,151,28,20,1,-1,-1,-1
26,-1,141,120,34,21,1,-1,-1,-1
26,-1,172,78,36,23,1,-1,-1,-1
26,-1,181,190,20,16,1,-1,-1,-1
26,-1,205,175,24,16,1,-1,-1,-1
26,-1,234,157,26,19,1,-1,-1,-1
26,-1,274,132,29,17,1,-1,-1,-1
26,-1,325,104,35,21,1,-1,-1,-1
27,-1,87,191,23,16,1,-1,-1,-1
27,-1,102,169,25,16,1,-1,-1,-1
27,-1,120,151,28,20,1,-1,-1,-1
27,-1,141,120,34,21,1,-1,-1,-1
27,-1,172,78,36,23,1,-1,-1,-1
27,-1,181,190,20,16,1,-1,-1,-1
27,-1,205,175,24,16,1,-1,-1,-1
27,-1,234,157,26,19,1,-1,-1,-1
27,-1,274,132,29,17,1,-1,-1,-1
27,-1,325,103,35,21,1,-1,-1,-1
28,-1,87,191,23,16,1,-1,-1,-1
28,-1,102,169,25,16,1,-1,-1,-1
28,-1,120,151,28,20,1,-1,-1,-1
28,-1,141,120,34,21,1,-1,-1,-1
28,-1,172,78,36,23,1,-1,-1,-1
28,-1,181,190,20,16,1,-1,-1,-1
28,-1,205,175,24,16,1,-1,-1,-1
28,-1,234,157,26,19,1,-1,-1,-1
28,-1,275,132,29,17,1,-1,-1,-1
28,-1,325,103,35,21,1,-1,-1,-1
29,-1,87,191,23,16,1,-1,-1,-1
29,-1,102,169,25,16,1,-1,-1,-1
29,-1,120,151,28,20,1,-1,-1,-1
29,-1,141,119,34,20,1,-1,-1,-1
29,-1,172,78,36,23,1,-1,-1,-1
29,-1,181,190,20,16,1,-1,-1,-1
29,-1,205,175,24,16,1,-1,-1,-1
29,-1,234,157,26,19,1,-1,-1,-1
29,-1,274,132,29,17,1,-1,-1,-1
29,-1,325,103,35,21,1,-1,-1,-1
30,-1,87,191,23,16,1,-1,-1,-1
30,-1,102,169,25,16,1,-1,-1,-1
30,-1,120,151,28,20,1,-1,-1,-1
30,-1,141,119,34,21,1,-1,-1,-1
30,-1,172,78,36,23,1,-1,-1,-1
30,-1,181,190,20,16,1,-1,-1,-1
30,-1,205,176,24,16,1,-1,-1,-1
30,-1,234,157,26,19,1,-1,-1,-1
30,-1,275,132,29,17,1,-1,-1,-1
30,-1,325,103,35,21,1,-1,-1,-1
31,-1,87,191,23,16,1,-1,-1,-1
31,-1,102,169,25,16,1,-1,-1,-1
31,-1,120,151,28,20,1,-1,-1,-1
31,-1,141,119,34,20,1,-1,-1,-1
31,-1,172,78,36,23,1,-1,-1,-1
31,-1,181,190,20,16,1,-1,-1,-1
31,-1,205,175,24,16,1,-1,-1,-1
31,-1,234,157,26,19,1,-1,-1,-1
31,-1,275,132,29,17,1,-1,-1,-1
31,-1,325,102,35,21,1,-1,-1,-1
32,-1,88,191,23,16,1,-1,-1,-1
32,-1,102,169,25,16,1,-1,-1,-1
32,-1,120,150,28,20,1,-1,-1,-1
32,-1,141,119,34,20,1,-1,-1,-1
32,-1,172,78,36,23,1,-1,-1,-1
32,-1,181,190,20,16,1,-1,-1,-1
32,-1,205,175,24,16,1,-1,-1,-1
32,-1,234,157,26,19,1,-1,-1,-1
32,-1,275,131,29,17,1,-1,-1,-1
32,-1,325,102,35,21,1,-1,-1,-1
33,-1,88,190,23,16,1,-1,-1,-1
33,-1,102,169,25,16,1,-1,-1,-1
33,-1,120,150,28,20,1,-1,-1,-1
33,-1,141,119,34,20,1,-1,-1,-1
33,-1,172,77,36,23,1,-1,-1,-1
33,-1,181,190,20,16,1,-1,-1,-1
33,-1,205,175,24,16,1,-1,-1,-1
33,-1,234,156,26,19,1,-1,-1,-1
33,-1,275,131,29,17,1,-1,-1,-1
33,-1,325,101,35,21,1,-1,-1,-1
34,-1,88,190,23,16,1,-1,-1,-1
34,-1,102,169,25,16,1,-1,-1,-1
34,-1,120,150,28,20,1,-1,-1,-1
34,-1,141,119,34,20,1,-1,-1,-1
34,-1,172,77,36,23,1,-1,-1,-1
34,-1,181,190,20,16,1,-1,-1,-1
34,-1,205,175,24,16,1,-1,-1,-1
34,-1,234,156,26,19,1,-1,-1,-1
34,-1,275,131,29,17,1,-1,-1,-1
34,-1,325,101,35,21,1,-1,-1,-1
35,-1,88,190,23,16,1,-1,-1,-1
35,-1,102,169,25,16,1,-1,-1,-1
35,-1,120,150,28,20,1,-1,-1,-1
35,-1,141,118,34,20,1,-1,-1,-1
35,-1,172,77,36,23,1,-1,-1,-1
35,-1,181,190,20,16,1,-1,-1,-1
35,-1,205,175,24,16,1,-1,-1,-1
35,-1,234,156,26,19,1,-1,-1,-1
35,-1,275,131,29,17,1,-1,-1,-1
35,-1,325,101,35,21,1,-1,-1,-1
36,-1,88,190,23,16,1,-1,-1,-1
36,-1,102,169,25,16,1,-1,-1,-1
36,-1,120,150,28,20,1,-1,-1,-1
36,-1,141,118,34,20,1,-1,-1,-1
36,-1,172,77,36,23,1,-1,-1,-1
36,-1,181,190,20,16,1,-1,-1,-1
36,-1,205,175,24,16,1,-1,-1,-1
36,-1,234,156,26,19,1,-1,-1,-1
36,-1,275,131,29,17,1,-1,-1,-1
36,-1,326,100,35,21,1,-1,-1,-1
37,-1,87,190,23,16,1,-1,-1,-1
37,-1,102,169,25,16,1,-1,-1,-1
37,-1,120,150,28,20,1,-1,-1,-1
37,-1,141,118,34,20,1,-1,-1,-1
37,-1,172,76,36,23,1,-1,-1,-1
37,-1,181,190,20,16,1,-1,-1,-1
37,-1,205,175,24,16,1,-1,-1,-1
37,-1,235,156,26,19,1,-1,-1,-1
37,-1,275,130,29,17,1,-1,-1,-1
37,-1,326,100,35,21,1,-1,-1,-1
38,-1,87,190,23,16,1,-1,-1,-1
38,-1,102,169,25,16,1,-1,-1,-1
38,-1,120,150,28,20,1,-1,-1,-1
38,-1,141,117,34,21,1,-1,-1,-1
38,-1,172,76,36,23,1,-1,-1,-1
38,-1,181,190,20,16,1,-1,-1,-1
38,-1,205,175,24,16,1,-1,-1,-1
38,-1,235,156,26,19,1,-1,-1,-1
38,-1,275,130,29,17,1,-1,-1,-1
38,-1,326,99,35,21,1,-1,-1,-1
39,-1,87,190,23,16,1,-1,-1,-1
39,-1,101,169,25,16,1,-1,-1,-1
39,-1,120,150,28,20,1,-1,-1,-1
39,-1,141,117,34,21,1,-1,-1,-1
39,-1,172,76,36,23,1,-1,-1,-1
39,-1,181,190,20,16,1,-1,-1,-1
39,-1,205,175,24,16,1,-1,-1,-1
39,-1,235,156,26,19,1,-1,-1,-1
39,-1,276,130,29,17,1,-1,-1,-1
39,-1,327,99,35,21,1,-1,-1,-1
40,-1,86,190,23,16,1,-1,-1,-1
40,-1,101,169,25,16,1,-1,-1,-1
40,-1,119,149,28,20,1,-1,-1,-1
40,-1,141,117,35,21,1,-1,-1,-1
40,-1,171,75,37,23,1,-1,-1,-1
40,-1,181,190,20,16,1,-1,-1,-1
40,-1,205,175,24,16,1,-1,-1,-1
40,-1,235,155,26,19,1,-1,-1,-1
40,-1,276,130,29,17,1,-1,-1,-1
40,-1,327,98,35,21,1,-1,-1,-1
41,-1,86,190,23,16,1,-1,-1,-1
41,-1,101,169,25,16,1,-1,-1,-1
41,-1,119,149,28,20,1,-1,-1,-1
41,-1,141,116,34,21,1,-1,-1,-1
41,-1,171,75,37,23,1,-1,-1,-1
41,-1,181,190,20,16,1,-1,-1,-1
41,-1,205,175,24,16,1,-1,-1,-1
41,-1,235,155,26,19,1,-1,-1,-1
41,-1,276,129,29,17,1,-1,-1,-1
41,-1,327,98,35,21,1,-1,-1,-1
42,-1,86,190,24,16,1,-1,-1,-1
42,-1,100,169,25,16,1,-1,-1,-1
42,-1,119,149,28,20,1,-1,-1,-1
42,-1,140,116,34,21,1,-1,-1,-1
42,-1,171,75,37,23,1,-1,-1,-1
42,-1,181,190,20,16,1,-1,-1,-1
42,-1,205,175,24,16,1,-1,-1,-1
42,-1,235,155,26,19,1,-1,-1,-1
42,-1,276,129,29,17,1,-1,-1,-1
42,-1,327,97,35,21,1,-1,-1,-1
43,-1,85,190,23,16,1,-1,-1,-1
43,-1,100,169,25,16,1,-1,-1,-1
43,-1,119,149,28,20,1,-1,-1,-1
43,-1,140,116,34,21,1,-1,-1,-1
43,-1,171,74,37,23,1,-1,-1,-1
43,-1,181,190,20,16,1,-1,-1,-1
43,-1,205,175,24,16,1,-1,-1,-1
43,-1,235,155,26,19,1,-1,-1,-1
43,-1,276,129,29,17,1,-1,-1,-1
43,-1,328,97,35,21,1,-1,-1,-1
44,-1,85,190,23,16,1,-1,-1,-1
44,-1,100,169,25,16,1,-1,-1,-1
44,-1,118,149,28,20,1,-1,-1,-1
44,-1,140,115,35,21,1,-1,-1,-1
44,-1,171,74,37,23,1,-1,-1,-1
44,-1,180,190,20,16,1,-1,-1,-1
44,-1,205,175,24,16,1,-1,-1,-1
44,-1,235,155,26,19,1,-1,-1,-1
44,-1,276,129,29,17,1,-1,-1,-1
44,-1,328,96,35,21,1,-1,-1,-1
45,-1,85,190,23,16,1,-1,-1,-1
45,-1,99,169,25,16,1,-1,-1,-1
45,-1,118,149,28,20,1,-1,-1,-1
45,-1,140,115,35,21,1,-1,-1,-1
45,-1,171,74,37,23,1,-1,-1,-1
45,-1,180,190,20,16,1,-1,-1,-1
45,-1,205,175,24,16,1,-1,-1,-1
45,-1,235,154,26,19,1,-1,-1,-1
45,-1,277,128,29,17,1,-1,-1,-1
45,-1,328,96,35,21,1,-1,-1,-1
46,-1,85,190,23,16,1,-1,-1,-1
46,-1,99,169,25,16,1,-1,-1,-1
46,-1,118,148,28,20,1,-1,-1,-1
46,-1,140,115,35,21,1,-1,-1,-1
46,-1,171,73,37,24,1,-1,-1,-1
46,-1,180,190,20,16,1,-1,-1,-1
46,-1,205,175,24,16,1,-1,-1,-1
46,-1,235,154,26,19,1,-1,-1,-1
46,-1,277,128,29,17,1,-1,-1,-1
46,-1,329,95,35,21,1,-1,-1,-1
47,-1,84,189,24,16,1,-1,-1,-1
47,-1,99,169,25,16,1,-1,-1,-1
47,-1,118,148,28,20,1,-1,-1,-1
47,-1,140,114,35,21,1,-1,-1,-1
47,-1,171,73,37,23,1,-1,-1,-1
47,-1,180,190,20,16,1,-1,-1,-1
47,-1,205,175,24,16,1,-1,-1,-1
47,-1,235,154,26,19,1,-1,-1,-1
47,-1,277,128,29,17,1,-1,-1,-1
47,-1,329,95,35,21,1,-1,-1,-1
48,-1,84,189,23,16,1,-1,-1,-1
48,-1,99,169,25,16,1,-1,-1,-1
48,-1,117,148,28,20,1,-1,-1,-1
48,-1,140,114,35,21,1,-1,-1,-1
48,-1,171,72,37,24,1,-1,-1,-1
48,-1,180,190,20,16,1,-1,-1,-1
48,-1,205,175,24,16,1,-1,-1,-1
48,-1,235,154,26,19,1,-1,-1,-1
48,-1,277,128,29,17,1,-1,-1,-1
48,-1,329,94,35,21,1,-1,-1,-1
49,-1,84,189,23,16,1,-1,-1,-1
49,-1,98,169,25,16,1,-1,-1,-1
49,-1,117,148,28,20,1,-1,-1,-1
49,-1,139,114,35,21,1,-1,-1,-1
49,-1,171,72,37,24,1,-1,-1,-1
49,-1,180,190,20,16,1,-1,-1,-1
49,-1,205,175,24,16,1,-1,-1,-1
49,-1,235,154,26,19,1,-1,-1,-1
49,-1,277,127,30,17,1,-1,-1,-1
49,-1,329,94,36,21,1,-1,-1,-1
50,-1,83,189,24,16,1,-1,-1,-1
50,-1,98,169,25,16,1,-1,-1,-1
50,-1,117,148,28,20,1,-1,-1,-1
50,-1,139,114,35,21,1,-1,-1,-1
50,-1,171,72,37,24,1,-1,-1,-1
50,-1,180,190,20,16,1,-1,-1,-1
50,-1,205,175,24,16,1,-1,-1,-1
50,-1,235,154,26,19,1,-1,-1,-1
50,-1,277,127,30,17,1,-1,-1,-1
50,-1,330,93,36,21,1,-1,-1,-1
51,-1,83,189,24,16,1,-1,-1,-1
51,-1,98,169,25,16,1,-1,-1,-1
51,-1,116,148,28,20,1,-1,-1,-1
51,-1,139,113,35,21,1,-1,-1,-1
51,-1,171,71,37,24,1,-1,-1,-1
51,-1,180,190,20,16,1,-1,-1,-1
51,-1,205,175,24,16,1,-1,-1,-1
51,-1,235,153,26,19,1,-1,-1,-1
51,-1,277,127,30,17,1,-1,-1,-1
51,-1,330,93,36,21,1,-1,-1,-1
52,-1,83,189,24,16,1,-1,-1,-1
52,-1,97,169,25,16,1,-1,-1,-1
52,-1,116,148,28,20,1,-1,-1,-1
52,-1,139,113,35,21,1,-1,-1,-1
52,-1,171,71,37,24,1,-1,-1,-1
52,-1,180,190,20,16,1,-1,-1,-1
52,-1,205,175,24,16,1,-1,-1,-1
52,-1,236,153,26,19,1,-1,-1,-1
52,-1,278,126,30,17,1,-1,-1,-1
52,-1,330,92,36,21,1,-1,-1,-1
53,-1,83,189,24,16,1,-1,-1,-1
53,-1,97,169,25,16,1,-1,-1,-1
53,-1,116,147,28,20,1,-1,-1,-1
53,-1,139,113,35,21,1,-1,-1,-1
53,-1,170,71,37,24,1,-1,-1,-1
53,-1,180,190,20,16,1,-1,-1,-1
53,-1,205,175,24,16,1,-1,-1,-1
53,-1,236,153,26,19,1,-1,-1,-1
53,-1,278,126,30,17,1,-1,-1,-1
53,-1,331,92,36,21,1,-1,-1,-1
54,-1,82,189,24,16,1,-1,-1,-1
54,-1,97,169,25,16,1,-1,-1,-1
54,-1,116,147,28,20,1,-1,-1,-1
54,-1,139,112,35,21,1,-1,-1,-1
54,-1,170,70,37,24,1,-1,-1,-1
54,-1,180,190,20,16,1,-1,-1,-1
54,-1,205,175,24,16,1,-1,-1,-1
54,-1,236,153,26,19,1,-1,-1,-1
54,-1,278,126,30,18,1,-1,-1,-1
54,-1,331,91,36,22,1,-1,-1,-1
55,-1,82,189,24,16,1,-1,-1,-1
55,-1,97,168,25,16,1,-1,-1,-1
55,-1,116,147,28,20,1,-1,-1,-1
55,-1,138,112,35,21,1,-1,-1,-1
55,-1,170,70,37,24,1,-1,-1,-1
55,-1,180,190,20,16,1,-1,-1,-1
55,-1,205,175,24,16,1,-1,-1,-1
55,-1,236,153,26,19,1,-1,-1,-1
55,-1,278,126,30,17,1,-1,-1,-1
55,-1,331,91,36,22,1,-1,-1,-1
56,-1,82,189,24,16,1,-1,-1,-1
56,-1,96,168,26,16,1,-1,-1,-1
56,-1,115,147,28,20,1,-1,-1,-1
56,-1,138,112,35,21,1,-1,-1,-1
56,-1,170,69,37,24,1,-1,-1,-1
56,-1,179,190,20,16,1,-1,-1,-1
56,-1,205,175,24,16,1,-1,-1,-1
56,-1,236,152,26,19,1,-1,-1,-1
56,-1,278,126,30,17,1,-1,-1,-1
56,-1,331,91,36,22,1,-1,-1,-1
57,-1,81,189,24,17,1,-1,-1,-1
57,-1,96,168,26,16,1,-1,-1,-1
57,-1,115,147,28,20,1,-1,-1,-1
57,-1,138,111,35,21,1,-1,-1,-1
57,-1,170,69,38,24,1,-1,-1,-1
57,-1,179,190,21,16,1,-1,-1,-1
57,-1,205,175,24,16,1,-1,-1,-1
57,-1,236,152,26,19,1,-1,-1,-1
57,-1,278,125,30,18,1,-1,-1,-1
57,-1,332,90,36,22,1,-1,-1,-1
58,-1,81,189,24,17,1,-1,-1,-1
58,-1,96,168,26,16,1,-1,-1,-1
58,-1,115,147,29,20,1,-1,-1,-1
58,-1,138,111,35,21,1,-1,-1,-1
58,-1,170,68,38,24,1,-1,-1,-1
58,-1,179,190,21,16,1,-1,-1,-1
58,-1,205,175,25,16,1,-1,-1,-1
58,-1,236,152,26,19,1,-1,-1,-1
58,-1,278,125,30,18,1,-1,-1,-1
58,-1,332,90,36,22,1,-1,-1,-1
59,-1,81,189,24,17,1,-1,-1,-1
59,-1,95,168,26,16,1,-1,-1,-1
59,-1,114,146,29,20,1,-1,-1,-1
59,-1,138,111,35,21,1,-1,-1,-1
59,-1,170,68,38,24,1,-1,-1,-1
59,-1,179,190,21,16,1,-1,-1,-1
59,-1,205,175,25,16,1,-1,-1,-1
59,-1,236,152,26,19,1,-1,-1,-1
59,-1,278,125,30,18,1,-1,-1,-1
59,-1,332,89,36,22,1,-1,-1,-1
60,-1,80,189,24,17,1,-1,-1,-1
60,-1,95,168,26,16,1,-1,-1,-1
60,-1,114,146,29,20,1,-1,-1,-1
60,-1,137,110,35,21,1,-1,-1,-1
60,-1,170,68,38,24,1,-1,-1,-1
60,-1,179,190,21,16,1,-1,-1,-1
60,-1,204,175,25,17,1,-1,-1,-1
60,-1,236,152,26,19,1,-1,-1,-1
60,-1,279,124,30,18,1,-1,-1,-1
60,-1,332,89,36,22,1,-1,-1,-1
61,-1,80,189,24,17,1,-1,-1,-1
61,-1,94,168,26,17,1,-1,-1,-1
61,-1,114,146,29,20,1,-1,-1,-1
61,-1,137,110,35,21,1,-1,-1,-1
61,-1,170,67,38,24,1,-1,-1,-1
61,-1,179,190,21,16,1,-1,-1,-1
61,-1,204,175,25,16,1,-1,-1,-1
61,-1,236,151,26,19,1,-1,-1,-1
61,-1,279,124,30,18,1,-1,-1,-1
61,-1,333,88,37,22,1,-1,-1,-1
62,-1,80,189,24,17,1,-1,-1,-1
62,-1,95,168,26,16,1,-1,-1,-1
62,-1,114,146,29,21,1,-1,-1,-1
62,-1,137,110,35,21,1,-1,-1,-1
62,-1,169,67,38,24,1,-1,-1,-1
62,-1,179,190,21,17,1,-1,-1,-1
62,-1,204,175,25,17,1,-1,-1,-1
62,-1,236,151,26,19,1,-1,-1,-1
62,-1,279,124,30,18,1,-1,-1,-1
62,-1,333,88,36,22,1,-1,-1,-1
63,-1,79,189,24,17,1,-1,-1,-1
63,-1,94,168,26,17,1,-1,-1,-1
63,-1,113,146,29,21,1,-1,-1,-1
63,-1,137,109,35,21,1,-1,-1,-1
63,-1,169,67,38,24,1,-1,-1,-1
63,-1,179,190,21,17,1,-1,-1,-1
63,-1,204,175,25,17,1,-1,-1,-1
63,-1,236,151,26,19,1,-1,-1,-1
63,-1,279,124,30,18,1,-1,-1,-1
63,-1,333,88,37,22,1,-1,-1,-1
64,-1,79,189,24,17,1,-1,-1,-1
64,-1,94,168,26,16,1,-1,-1,-1
64,-1,113,146,29,20,1,-1,-1,-1
64,-1,136,109,36,21,1,-1,-1,-1
64,-1,169,66,38,24,1,-1,-1,-1
64,-1,179,190,21,17,1,-1,-1,-1
64,-1,204,175,25,17,1,-1,-1,-1
64,-1,236,151,26,19,1,-1,-1,-1
64,-1,279,124,30,18,1,-1,-1,-1
64,-1,334,87,37,22,1,-1,-1,-1
65,-1,79,189,24,17,1,-1,-1,-1
65,-1,93,168,26,17,1,-1,-1,-1
65,-1,113,146,28,20,1,-1,-1,-1
65,-1,136,109,36,21,1,-1,-1,-1
65,-1,169,66,38,24,1,-1,-1,-1
65,-1,179,190,21,17,1,-1,-1,-1
65,-1,204,175,25,17,1,-1,-1,-1
65,-1,236,151,27,19,1,-1,-1,-1
65,-1,279,124,30,18,1,-1,-1,-1
65,-1,334,87,37,22,1,-1,-1,-1
66,-1,78,189,24,17,1,-1,-1,-1
66,-1,93,168,26,17,1,-1,-1,-1
66,-1,112,146,29,21,1,-1,-1,-1
66,-1,136,109,36,21,1,-1,-1,-1
66,-1,169,65,38,24,1,-1,-1,-1
66,-1,178,190,21,16,1,-1,-1,-1
66,-1,204,175,25,17,1,-1,-1,-1
66,-1,236,151,27,19,1,-1,-1,-1
66,-1,279,123,30,18,1,-1,-1,-1
66,-1,334,86,37,22,1,-1,-1,-1
67,-1,78,189,24,17,1,-1,-1,-1
67,-1,93,168,26,17,1,-1,-1,-1
67,-1,112,145,29,21,1,-1,-1,-1
67,-1,136,108,36,21,1,-1,-1,-1
67,-1,169,65,38,24,1,-1,-1,-1
67,-1,178,190,21,17,1,-1,-1,-1
67,-1,204,175,25,17,1,-1,-1,-1
67,-1,236,150,27,19,1,-1,-1,-1
67,-1,280,123,31,18,1,-1,-1,-1
67,-1,335,86,37,22,1,-1,-1,-1
68,-1,78,189,24,17,1,-1,-1,-1
68,-1,92,168,26,17,1,-1,-1,-1
68,-1,112,145,29,21,1,-1,-1,-1
68,-1,136,108,36,22,1,-1,-1,-1
68,-1,169,65,38,24,1,-1,-1,-1
68,-1,178,190,21,17,1,-1,-1,-1
68,-1,204,175,25,17,1,-1,-1,-1
68,-1,236,150,27,20,1,-1,-1,-1
68,-1,280,123,31,18,1,-1,-1,-1
68,-1,335,86,37,22,1,-1,-1,-1
69,-1,77,189,24,17,1,-1,-1,-1
69,-1,92,168,26,17,1,-1,-1,-1
69,-1,112,145,29,21,1,-1,-1,-1
69,-1,135,108,36,22,1,-1,-1,-1
69,-1,169,64,39,25,1,-1,-1,-1
69,-1,178,191,21,17,1,-1,-1,-1
69,-1,204,175,25,17,1,-1,-1,-1
69,-1,236,150,27,20,1,-1,-1,-1
69,-1,280,122,31,18,1,-1,-1,-1
69,-1,335,85,37,22,1,-1,-1,-1
70,-1,77,189,24,17,1,-1,-1,-1
70,-1,92,168,26,17,1,-1,-1,-1
70,-1,111,145,29,21,1,-1,-1,-1
70,-1,135,107,36,22,1,-1,-1,-1
70,-1,168,64,39,25,1,-1,-1,-1
70,-1,178,191,21,17,1,-1,-1,-1
70,-1,204,175,25,17,1,-1,-1,-1
70,-1,237,150,27,20,1,-1,-1,-1
70,-1,280,122,31,18,1,-1,-1,-1
70,-1,336,85,37,22,1,-1,-1,-1
71,-1,77,189,24,17,1,-1,-1,-1
71,-1,91,168,26,17,1,-1,-1,-1
71,-1,111,145,29,21,1,-1,-1,-1
71,-1,135,107,36,22,1,-1,-1,-1
71,-1,168,63,39,25,1,-1,-1,-1
71,-1,178,191,21,17,1,-1,-1,-1
71,-1,204,175,25,17,1,-1,-1,-1
71,-1,237,150,27,20,1,-1,-1,-1
71,-1,280,122,31,18,1,-1,-1,-1
71,-1,336,85,37,22,1,-1,-1,-1
72,-1,76,189,24,17,1,-1,-1,-1
72,-1,91,168,26,17,1,-1,-1,-1
72,-1,111,145,29,21,1,-1,-1,-1
72,-1,135,107,36,22,1,-1,-1,-1
72,-1,168,63,39,25,1,-1,-1,-1
72,-1,178,191,21,17,1,-1,-1,-1
72,-1,204,175,25,17,1,-1,-1,-1
72,-1,237,150,27,20,1,-1,-1,-1
72,-1,280,122,31,18,1,-1,-1,-1
72,-1,336,84,37,22,1,-1,-1,-1
73,-1,76,189,24,17,1,-1,-1,-1
73,-1,91,168,26,17,1,-1,-1,-1
73,-1,110,145,29,21,1,-1,-1,-1
73,-1,135,107,36,22,1,-1,-1,-1
73,-1,168,63,39,25,1,-1,-1,-1
73,-1,178,191,21,17,1,-1,-1,-1
73,-1,204,175,25,17,1,-1,-1,-1
73,-1,237,150,27,20,1,-1,-1,-1
73,-1,281,122,31,18,1,-1,-1,-1
73,-1,336,84,37,22,1,-1,-1,-1
74,-1,76,189,25,17,1,-1,-1,-1
74,-1,90,168,26,17,1,-1,-1,-1
74,-1,110,145,29,21,1,-1,-1,-1
74,-1,134,106,36,22,1,-1,-1,-1
74,-1,168,62,39,25,1,-1,-1,-1
74,-1,178,191,21,17,1,-1,-1,-1
74,-1,204,175,25,17,1,-1,-1,-1
74,-1,237,149,27,20,1,-1,-1,-1
74,-1,281,122,31,18,1,-1,-1,-1
74,-1,337,84,37,22,1,-1,-1,-1
75,-1,75,189,25,17,1,-1,-1,-1
75,-1,90,168,26,17,1,-1,-1,-1
75,-1,109,145,29,21,1,-1,-1,-1
75,-1,134,106,36,22,1,-1,-1,-1
75,-1,168,62,39,25,1,-1,-1,-1
75,-1,178,191,21,17,1,-1,-1,-1
75,-1,204,175,25,17,1,-1,-1,-1
75,-1,237,149,27,20,1,-1,-1,-1
75,-1,281,121,31,18,1,-1,-1,-1
75,-1,337,83,38,23,1,-1,-1,-1
76,-1,75,189,25,17,1,-1,-1,-1
76,-1,90,168,26,17,1,-1,-1,-1
76,-1,109,145,29,21,1,-1,-1,-1
76,-1,134,106,36,22,1,-1,-1,-1
76,-1,168,62,39,25,1,-1,-1,-1
76,-1,178,191,21,17,1,-1,-1,-1
76,-1,204,175,25,17,1,-1,-1,-1
76,-1,237,149,27,20,1,-1,-1,-1
76,-1,281,121,31,18,1,-1,-1,-1
76,-1,337,83,38,23,1,-1,-1,-1
77,-1,75,189,25,17,1,-1,-1,-1
77,-1,89,168,26,17,1,-1,-1,-1
77,-1,109,145,29,21,1,-1,-1,-1
77,-1,134,106,36,22,1,-1,-1,-1
77,-1,168,61,39,25,1,-1,-1,-1
77,-1,178,191,21,17,1,-1,-1,-1
77,-1,204,175,25,17,1,-1,-1,-1
77,-1,237,149,27,20,1,-1,-1,-1
77,-1,281,121,31,18,1,-1,-1,-1
77,-1,337,83,38,23,1,-1,-1,-1
78,-1,74,189,25,17,1,-1,-1,-1
78,-1,89,168,27,17,1,-1,-1,-1
78,-1,108,145,30,21,1,-1,-1,-1
78,-1,133,105,36,22,1,-1,-1,-1
78,-1,167,61,39,25,1,-1,-1,-1
78,-1,178,191,21,17,1,-1,-1,-1
78,-1,204,175,25,17,1,-1,-1,-1
78,-1,237,149,27,20,1,-1,-1,-1
78,-1,281,121,31,18,1,-1,-1,-1
78,-1,338,82,38,23,1,-1,-1,-1
79,-1,74,190,25,17,1,-1,-1,-1
79,-1,89,168,26,17,1,-1,-1,-1
79,-1,108,145,30,21,1,-1,-1,-1
79,-1,133,105,37,22,1,-1,-1,-1
79,-1,167,61,39,25,1,-1,-1,-1
79,-1,177,191,21,17,1,-1,-1,-1
79,-1,204,175,25,17,1,-1,-1,-1
79,-1,237,149,27,20,1,-1,-1,-1
79,-1,281,121,31,18,1,-1,-1,-1
79,-1,338,82,38,23,1,-1,-1,-1
80,-1,74,189,25,17,1,-1,-1,-1
80,-1,88,168,27,17,1,-1,-1,-1
80,-1,108,145,30,21,1,-1,-1,-1
80,-1,133,105,37,22,1,-1,-1,-1
80,-1,167,60,40,25,1,-1,-1,-1
80,-1,177,192,21,17,1,-1,-1,-1
80,-1,204,175,25,17,1,-1,-1,-1
80,-1,237,149,27,20,1,-1,-1,-1
80,-1,281,121,31,18,1,-1,-1,-1
80,-1,338,82,38,23,1,-1,-1,-1
81,-1,73,190,25,17,1,-1,-1,-1
81,-1,88,169,27,17,1,-1,-1,-1
81,-1,108,145,30,21,1,-1,-1,-1
81,-1,133,105,37,22,1,-1,-1,-1
81,-1,167,60,40,25,1,-1,-1,-1
81,-1,177,192,21,17,1,-1,-1,-1
81,-1,204,176,25,17,1,-1,-1,-1
81,-1,237,149,27,20,1,-1,-1,-1
81,-1,282,120,31,18,1,-1,-1,-1
81,-1,339,81,38,23,1,-1,-1,-1
82,-1,73,190,25,17,1,-1,-1,-1
82,-1,87,169,27,17,1,-1,-1,-1
82,-1,107,145,30,21,1,-1,-1,-1
82,-1,133,105,37,22,1,-1,-1,-1
82,-1,167,60,40,25,1,-1,-1,-1
82,-1,177,192,21,17,1,-1,-1,-1
82,-1,204,176,25,17,1,-1,-1,-1
82,-1,238,149,27,20,1,-1,-1,-1
82,-1,282,120,32,18,1,-1,-1,-1
82,-1,339,81,38,23,1,-1,-1,-1
83,-1,72,190,25,17,1,-1,-1,-1
83,-1,87,169,27,17,1,-1,-1,-1
83,-1,107,145,30,21,1,-1,-1,-1
83,-1,132,105,37,22,1,-1,-1,-1
83,-1,167,59,40,25,1,-1,-1,-1
83,-1,177,192,21,17,1,-1,-1,-1
83,-1,204,176,25,17,1,-1,-1,-1
83,-1,238,149,27,20,1,-1,-1,-1
83,-1,282,120,32,19,1,-1,-1,-1
83,-1,339,81,38,23,1,-1,-1,-1
84,-1,72,190,25,17,1,-1,-1,-1
84,-1,87,169,27,17,1,-1,-1,-1
84,-1,107,145,30,21,1,-1,-1,-1
84,-1,132,104,37,22,1,-1,-1,-1
84,-1,167,59,40,25,1,-1,-1,-1
84,-1,177,192,21,17,1,-1,-1,-1
84,-1,204,176,25,17,1,-1,-1,-1
84,-1,238,149,27,20,1,-1,-1,-1
84,-1,282,120,32,18,1,-1,-1,-1
84,-1,339,80,39,23,1,-1,-1,-1
85,-1,71,190,25,18,1,-1,-1,-1
85,-1,86,169,27,17,1,-1,-1,-1
85,-1,106,145,30,21,1,-1,-1,-1
85,-1,132,104,37,22,1,-1,-1,-1
85,-1,167,59,40,26,1,-1,-1,-1
85,-1,177,193,21,17,1,-1,-1,-1
85,-1,204,176,25,17,1,-1,-1,-1
85,-1,238,149,28,20,1,-1,-1,-1
85,-1,282,120,32,19,1,-1,-1,-1
85,-1,340,80,38,23,1,-1,-1,-1
86,-1,71,191,25,17,1,-1,-1,-1
86,-1,86,169,27,17,1,-1,-1,-1
86,-1,106,145,30,21,1,-1,-1,-1
86,-1,132,104,37,22,1,-1,-1,-1
86,-1,167,58,40,26,1,-1,-1,-1
86,-1,177,193,21,17,1,-1,-1,-1
86,-1,204,176,25,17,1,-1,-1,-1
86,-1,238,149,28,20,1,-1,-1,-1
86,-1,282,120,32,19,1,-1,-1,-1
86,-1,340,80,39,23,1,-1,-1,-1
87,-1,71,191,25,18,1,-1,-1,-1
87,-1,86,169,27,17,1,-1,-1,-1
87,-1,106,145,30,21,1,-1,-1,-1
87,-1,131,104,37,22,1,-1,-1,-1
87,-1,166,58,40,26,1,-1,-1,-1
87,-1,177,193,21,17,1,-1,-1,-1
87,-1,204,176,26,17,1,-1,-1,-1
87,-1,238,149,28,20,1,-1,-1,-1
87,-1,282,120,32,19,1,-1,-1,-1
87,-1,340,80,39,23,1,-1,-1,-1
88,-1,70,191,25,18,1,-1,-1,-1
88,-1,85,169,27,17,1,-1,-1,-1
88,-1,106,145,30,21,1,-1,-1,-1
88,-1,131,104,37,22,1,-1,-1,-1
88,-1,166,58,40,26,1,-1,-1,-1
88,-1,177,193,21,17,1,-1,-1,-1
88,-1,204,176,26,17,1,-1,-1,-1
88,-1,238,149,28,20,1,-1,-1,-1
88,-1,283,120,32,19,1,-1,-1,-1
88,-1,341,79,39,23,1,-1,-1,-1
89,-1,70,191,25,18,1,-1,-1,-1
89,-1,85,170,27,17,1,-1,-1,-1
89,-1,105,145,30,21,1,-1,-1,-1
89,-1,131,104,37,22,1,-1,-1,-1
89,-1,166,58,40,26,1,-1,-1,-1
89,-1,177,193,21,17,1,-1,-1,-1
89,-1,204,176,26,17,1,-1,-1,-1
89,-1,238,149,28,20,1,-1,-1,-1
89,-1,283,120,32,19,1,-1,-1,-1
89,-1,341,79,39,23,1,-1,-1,-1
90,-1,69,191,25,18,1,-1,-1,-1
90,-1,85,170,27,17,1,-1,-1,-1
90,-1,105,145,30,21,1,-1,-1,-1
90,-1,131,103,37,22,1,-1,-1,-1
90,-1,166,57,40,26,1,-1,-1,-1
90,-1,177,193,21,17,1,-1,-1,-1
90,-1,204,177,26,17,1,-1,-1,-1
90,-1,238,149,28,20,1,-1,-1,-1
90,-1,283,119,32,19,1,-1,-1,-1
90,-1,341,79,39,23,1,-1,-1,-1
91,-1,69,191,25,18,1,-1,-1,-1
91,-1,85,170,27,17,1,-1,-1,-1
91,-1,105,145,30,21,1,-1,-1,-1
91,-1,131,103,38,23,1,-1,-1,-1
91,-1,166,57,40,26,1,-1,-1,-1
91,-1,176,193,21,17,1,-1,-1,-1
91,-1,204,177,26,17,1,-1,-1,-1
91,-1,238,148,28,20,1,-1,-1,-1
91,-1,283,119,32,19,1,-1,-1,-1
91,-1,342,79,39,23,1,-1,-1,-1
92,-1,69,191,25,18,1,-1,-1,-1
92,-1,84,170,27,17,1,-1,-1,-1
92,-1,105,145,30,21,1,-1,-1,-1
92,-1,131,103,38,23,1,-1,-1,-1
92,-1,166,57,40,26,1,-1,-1,-1
92,-1,176,194,21,17,1,-1,-1,-1
92,-1,204,177,26,17,1,-1,-1,-1
92,-1,238,148,28,20,1,-1,-1,-1
92,-1,283,119,32,19,1,-1,-1,-1
92,-1,342,78,39,24,1,-1,-1,-1
93,-1,68,192,25,18,1,-1,-1,-1
93,-1,84,170,27,17,1,-1,-1,-1
93,-1,104,145,30,22,1,-1,-1,-1
93,-1,130,103,38,23,1,-1,-1,-1
93,-1,166,56,40,26,1,-1,-1,-1
93,-1,176,194,21,17,1,-1,-1,-1
93,-1,204,177,26,17,1,-1,-1,-1
93,-1,238,148,28,20,1,-1,-1,-1
93,-1,283,119,32,19,1,-1,-1,-1
93,-1,342,78,39,23,1,-1,-1,-1
94,-1,68,192,25,18,1,-1,-1,-1
94,-1,83,170,27,17,1,-1,-1,-1
94,-1,104,145,30,22,1,-1,-1,-1
94,-1,130,103,38,23,1,-1,-1,-1
94,-1,166,56,41,26,1,-1,-1,-1
94,-1,176,194,21,17,1,-1,-1,-1
94,-1,204,177,26,17,1,-1,-1,-1
94,-1,238,148,28,20,1,-1,-1,-1
94,-1,284,119,32,19,1,-1,-1,-1
94,-1,343,78,39,24,1,-1,-1,-1
95,-1,67,192,25,18,1,-1,-1,-1
95,-1,83,170,27,18,1,-1,-1,-1
95,-1,104,145,30,22,1,-1,-1,-1
95,-1,130,102,38,23,1,-1,-1,-1
95,-1,166,56,41,26,1,-1,-1,-1
95,-1,176,194,21,17,1,-1,-1,-1
95,-1,204,177,26,17,1,-1,-1,-1
95,-1,238,148,28,21,1,-1,-1,-1
95,-1,284,119,32,19,1,-1,-1,-1
95,-1,343,78,39,24,1,-1,-1,-1
96,-1,67,192,25,18,1,-1,-1,-1
96,-1,83,170,27,18,1,-1,-1,-1
96,-1,104,145,30,22,1,-1,-1,-1
96,-1,130,102,38,23,1,-1,-1,-1
96,-1,165,55,41,26,1,-1,-1,-1
96,-1,176,194,21,17,1,-1,-1,-1
96,-1,204,177,26,17,1,-1,-1,-1
96,-1,239,148,28,21,1,-1,-1,-1
96,-1,284,119,32,19,1,-1,-1,-1
96,-1,344,77,39,24,1,-1,-1,-1
97,-1,66,192,26,18,1,-1,-1,-1
97,-1,82,170,27,18,1,-1,-1,-1
97,-1,104,145,30,22,1,-1,-1,-1
97,-1,130,102,38,23,1,-1,-1,-1
97,-1,165,55,41,26,1,-1,-1,-1
97,-1,176,194,22,17,1,-1,-1,-1
97,-1,204,177,26,17,1,-1,-1,-1
97,-1,239,148,28,21,1,-1,-1,-1
97,-1,284,119,32,19,1,-1,-1,-1
97,-1,344,77,40,24,1,-1,-1,-1
98,-1,66,192,26,18,1,-1,-1,-1
98,-1,82,170,28,18,1,-1,-1,-1
98,-1,103,145,30,22,1,-1,-1,-1
98,-1,129,102,38,23,1,-1,-1,-1
98,-1,165,55,41,26,1,-1,-1,-1
98,-1,176,194,22,17,1,-1,-1,-1
98,-1,204,177,26,17,1,-1,-1,-1
98,-1,239,148,28,21,1,-1,-1,-1
98,-1,284,118,32,19,1,-1,-1,-1
98,-1,344,77,40,24,1,-1,-1,-1
99,-1,65,192,26,18,1,-1,-1,-1
99,-1,82,170,28,18,1,-1,-1,-1
99,-1,103,145,30,22,1,-1,-1,-1
99,-1,129,102,38,23,1,-1,-1,-1
99,-1,165,54,41,26,1,-1,-1,-1
99,-1,176,195,22,17,1,-1,-1,-1
99,-1,204,177,26,17,1,-1,-1,-1
99,-1,239,148,28,21,1,-1,-1,-1
99,-1,284,118,32,19,1,-1,-1,-1
99,-1,345,76,40,24,1,-1,-1,-1
100,-1,65,193,25,18,1,-1,-1,-1
100,-1,81,170,28,18,1,-1,-1,-1
100,-1,103,145,30,22,1,-1,-1,-1
100,-1,129,102,38,23,1,-1,-1,-1
100,-1,165,54,41,26,1,-1,-1,-1
100,-1,176,195,22,17,1,-1,-1,-1
100,-1,204,177,26,17,1,-1,-1,-1
100,-1,239,148,28,21,1,-1,-1,-1
100,-1,284,118,32,19,1,-1,-1,-1
100,-1,345,76,40,24,1,-1,-1,-1
101,-1,65,192,26,18,1,-1,-1,-1
101,-1,81,170,28,18,1,-1,-1,-1
101,-1,103,145,31,22,1,-1,-1,-1
101,-1,129,102,38,23,1,-1,-1,-1
101,-1,165,54,41,26,1,-1,-1,-1
101,-1,176,195,22,17,1,-1,-1,-1
101,-1,204,177,26,17,1,-1,-1,-1
101,-1,239,148,28,21,1,-1,-1,-1
101,-1,285,118,32,19,1,-1,-1,-1
101,-1,345,76,40,24,1,-1,-1,-1
102,-1,64,193,26,18,1,-1,-1,-1
102,-1,81,170,28,18,1,-1,-1,-1
102,-1,103,145,30,22,1,-1,-1,-1
102,-1,129,101,38,23,1,-1,-1,-1
102,-1,165,54,41,26,1,-1,-1,-1
102,-1,176,195,21,17,1,-1,-1,-1
102,-1,204,178,26,17,1,-1,-1,-1
102,-1,239,148,28,21,1,-1,-1,-1
102,-1,285,118,32,19,1,-1,-1,-1
102,-1,346,76,40,24,1,-1,-1,-1
103,-1,64,193,26,18,1,-1,-1,-1
103,-1,81,170,28,18,1,-1,-1,-1
103,-1,102,145,30,22,1,-1,-1,-1
103,-1,128,101,38,23,1,-1,-1,-1
103,-1,164,53,41,26,1,-1,-1,-1
103,-1,176,195,21,17,1,-1,-1,-1
103,-1,204,178,26,17,1,-1,-1,-1
103,-1,239,148,28,21,1,-1,-1,-1
103,-1,285,118,33,19,1,-1,-1,-1
103,-1,346,75,40,24,1,-1,-1,-1
104,-1,63,193,26,18,1,-1,-1,-1
104,-1,80,171,28,18,1,-1,-1,-1
104,-1,102,145,31,22,1,-1,-1,-1
104,-1,128,101,38,23,1,-1,-1,-1
104,-1,164,53,42,27,1,-1,-1,-1
104,-1,176,195,22,17,1,-1,-1,-1
104,-1,204,178,26,17,1,-1,-1,-1
104,-1,239,148,28,21,1,-1,-1,-1
104,-1,285,118,33,19,1,-1,-1,-1
104,-1,346,75,40,24,1,-1,-1,-1
105,-1,63,193,26,18,1,-1,-1,-1
105,-1,80,171,28,18,1,-1,-1,-1
105,-1,102,145,31,22,1,-1,-1,-1
105,-1,128,101,38,23,1,-1,-1,-1
105,-1,164,53,42,27,1,-1,-1,-1
105,-1,176,195,22,18,1,-1,-1,-1
105,-1,204,178,26,17,1,-1,-1,-1
105,-1,239,148,28,21,1,-1,-1,-1
105,-1,285,118,33,19,1,-1,-1,-1
105,-1,347,75,40,24,1,-1,-1,-1
106,-1,62,193,26,18,1,-1,-1,-1
106,-1,80,171,28,18,1,-1,-1,-1
106,-1,102,145,31,22,1,-1,-1,-1
106,-1,128,101,38,23,1,-1,-1,-1
106,-1,164,53,42,27,1,-1,-1,-1
106,-1,176,195,22,18,1,-1,-1,-1
106,-1,204,178,26,17,1,-1,-1,-1
106,-1,239,148,28,21,1,-1,-1,-1
106,-1,285,118,33,19,1,-1,-1,-1
106,-1,347,75,40,24,1,-1,-1,-1
107,-1,62,193,26,18,1,-1,-1,-1
107,-1,80,171,28,18,1,-1,-1,-1
107,-1,102,145,31,22,1,-1,-1,-1
107,-1,128,101,39,23,1,-1,-1,-1
107,-1,164,52,42,27,1,-1,-1,-1
107,-1,175,195,22,18,1,-1,-1,-1
107,-1,204,178,26,17,1,-1,-1,-1
107,-1,239,148,28,21,1,-1,-1,-1
107,-1,285,117,33,19,1,-1,-1,-1
107,-1,347,75,40,24,1,-1,-1,-1
108,-1,62,193,26,18,1,-1,-1,-1
108,-1,79,171,28,18,1,-1,-1,-1
108,-1,101,145,31,22,1,-1,-1,-1
108,-1,127,100,39,23,1,-1,-1,-1
108,-1,164,52,42,27,1,-1,-1,-1
108,-1,175,195,22,18,1,-1,-1,-1
108,-1,204,178,26,18,1,-1,-1,-1
108,-1,239,148,28,21,1,-1,-1,-1
108,-1,286,117,33,19,1,-1,-1,-1
108,-1,348,74,40,24,1,-1,-1,-1
109,-1,61,193,26,18,1,-1,-1,-1
109,-1,79,171,28,18,1,-1,-1,-1
109,-1,101,145,31,22,1,-1,-1,-1
109,-1,127,100,39,23,1,-1,-1,-1
109,-1,164,52,42,27,1,-1,-1,-1
109,-1,175,195,22,18,1,-1,-1,-1
109,-1,204,178,27,18,1,-1,-1,-1
109,-1,239,148,28,21,1,-1,-1,-1
109,-1,286,117,33,19,1,-1,-1,-1
109,-1,348,74,40,24,1,-1,-1,-1
110,-1,61,193,26,18,1,-1,-1,-1
110,-1,79,171,28,18,1,-1,-1,-1
110,-1,101,145,31,22,1,-1,-1,-1
110,-1,127,100,39,23,1,-1,-1,-1
110,-1,164,51,42,27,1,-1,-1,-1
110,-1,175,196,22,18,1,-1,-1,-1
110,-1,204,178,27,18,1,-1,-1,-1
110,-1,239,147,28,21,1,-1,-1,-1
110,-1,286,117,33,19,1,-1,-1,-1
110,-1,348,74,40,24,1,-1,-1,-1
111,-1,61,194,26,18,1,-1,-1,-1
111,-1,78,171,28,18,1,-1,-1,-1
111,-1,101,145,31,22,1,-1,-1,-1
111,-1,127,100,39,23,1,-1,-1,-1
111,-1,163,51,42,27,1,-1,-1,-1
111,-1,175,196,22,18,1,-1,-1,-1
111,-1,204,178,27,18,1,-1,-1,-1
111,-1,239,147,29,21,1,-1,-1,-1
111,-1,286,117,33,19,1,-1,-1,-1
111,-1,349,73,41,24,1,-1,-1,-1
112,-1,60,194,26,18,1,-1,-1,-1
112,-1,78,171,28,18,1,-1,-1,-1
112,-1,101,145,31,22,1,-1,-1,-1
112,-1,127,100,39,23,1,-1,-1,-1
112,-1,163,51,42,27,1,-1,-1,-1
112,-1,175,196,22,18,1,-1,-1,-1
112,-1,204,178,27,18,1,-1,-1,-1
112,-1,239,147,29,21,1,-1,-1,-1
112,-1,286,117,33,19,1,-1,-1,-1
112,-1,349,73,41,24,1,-1,-1,-1
113,-1,60,194,26,18,1,-1,-1,-1
113,-1,78,171,28,18,1,-1,-1,-1
113,-1,100,145,31,22,1,-1,-1,-1
113,-1,126,100,39,23,1,-1,-1,-1
113,-1,163,51,42,27,1,-1,-1,-1
113,-1,175,196,22,18,1,-1,-1,-1
113,-1,204,178,27,18,1,-1,-1,-1
113,-1,239,147,29,21,1,-1,-1,-1
113,-1,286,117,33,19,1,-1,-1,-1
113,-1,349,73,41,24,1,-1,-1,-1
114,-1,60,194,26,18,1,-1,-1,-1
114,-1,78,171,28,18,1,-1,-1,-1
114,-1,100,145,31,22,1,-1,-1,-1
114,-1,126,100,39,23,1,-1,-1,-1
114,-1,163,50,42,27,1,-1,-1,-1
114,-1,175,196,22,18,1,-1,-1,-1
114,-1,204,178,27,18,1,-1,-1,-1
114,-1,240,147,29,21,1,-1,-1,-1
114,-1,287,116,33,19,1,-1,-1,-1
114,-1,350,73,41,24,1,-1,-1,-1
115,-1,59,194,26,18,1,-1,-1,-1
115,-1,78,171,28,18,1,-1,-1,-1
115,-1,100,145,31,22,1,-1,-1,-1
115,-1,126,99,39,23,1,-1,-1,-1
115,-1,163,50,42,27,1,-1,-1,-1
115,-1,175,196,22,18,1,-1,-1,-1
115,-1,204,178,27,18,1,-1,-1,-1
115,-1,240,147,29,21,1,-1,-1,-1
115,-1,287,116,33,19,1,-1,-1,-1
115,-1,350,73,41,24,1,-1,-1,-1
116,-1,59,194,26,18,1,-1,-1,-1
116,-1,77,171,28,18,1,-1,-1,-1
116,-1,100,145,31,22,1,-1,-1,-1
116,-1,126,99,39,23,1,-1,-1,-1
116,-1,163,50,42,27,1,-1,-1,-1
116,-1,175,196,22,18,1,-1,-1,-1
116,-1,204,178,27,18,1,-1,-1,-1
116,-1,240,147,29,21,1,-1,-1,-1
116,-1,287,116,33,19,1,-1,-1,-1
116,-1,350,72,41,25,1,-1,-1,-1
117,-1,59,194,26,18,1,-1,-1,-1
117,-1,77,171,28,18,1,-1,-1,-1
117,-1,100,145,31,22,1,-1,-1,-1
117,-1,126,99,39,24,1,-1,-1,-1
117,-1,163,50,43,27,1,-1,-1,-1
117,-1,175,196,22,18,1,-1,-1,-1
117,-1,204,179,27,18,1,-1,-1,-1
117,-1,240,147,29,21,1,-1,-1,-1
117,-1,287,116,33,20,1,-1,-1,-1
117,-1,351,72,41,25,1,-1,-1,-1
118,-1,58,195,26,18,1,-1,-1,-1
118,-1,77,171,28,18,1,-1,-1,-1
118,-1,99,145,31,22,1,-1,-1,-1
118,-1,125,99,39,24,1,-1,-1,-1
118,-1,163,50,43,27,1,-1,-1,-1
118,-1,175,196,22,18,1,-1,-1,-1
118,-1,204,179,27,18,1,-1,-1,-1
118,-1,240,147,29,21,1,-1,-1,-1
118,-1,287,116,33,20,1,-1,-1,-1
118,-1,351,72,41,25,1,-1,-1,-1
119,-1,58,195,26,18,1,-1,-1,-1
119,-1,77,171,28,18,1,-1,-1,-1
119,-1,99,145,31,22,1,-1,-1,-1
119,-1,125,99,39,24,1,-1,-1,-1
119,-1,163,49,43,27,1,-1,-1,-1
119,-1,175,196,22,18,1,-1,-1,-1
119,-1,204,179,27,18,1,-1,-1,-1
119,-1,240,147,29,21,1,-1,-1,-1
119,-1,287,116,33,20,1,-1,-1,-1
119,-1,351,72,41,25,1,-1,-1,-1
120,-1,58,195,26,18,1,-1,-1,-1
120,-1,77,171,28,18,1,-1,-1,-1
120,-1,99,145,31,22,1,-1,-1,-1
120,-1,125,99,39,24,1,-1,-1,-1
120,-1,163,49,43,27,1,-1,-1,-1
120,-1,175,196,22,18,1,-1,-1,-1
120,-1,204,179,27,18,1,-1,-1,-1
120,-1,240,147,29,21,1,-1,-1,-1
120,-1,287,116,33,20,1,-1,-1,-1
120,-1,351,72,41,25,1,-1,-1,-1
121,-1,58,195,26,18,1,-1,-1,-1
121,-1,77,171,28,18,1,-1,-1,-1
121,-1,99,145,31,22,1,-1,-1,-1
121,-1,125,99,39,24,1,-1,-1,-1
121,-1,163,49,43,27,1,-1,-1,-1
121,-1,175,197,22,18,1,-1,-1,-1
121,-1,204,179,27,18,1,-1,-1,-1
121,-1,240,147,29,21,1,-1,-1,-1
121,-1,287,116,33,20,1,-1,-1,-1
121,-1,351,72,41,25,1,-1,-1,-1
122,-1,58,195,26,18,1,-1,-1,-1
122,-1,77,171,28,18,1,-1,-1,-1
122,-1,99,145,31,22,1,-1,-1,-1
122,-1,125,99,39,24,1,-1,-1,-1
122,-1,163,49,43,27,1,-1,-1,-1
122,-1,175,197,22,18,1,-1,-1,-1
122,-1,204,179,27,18,1,-1,-1,-1
122,-1,240,147,29,21,1,-1,-1,-1
122,-1,287,116,33,20,1,-1,-1,-1
122,-1,351,72,41,25,1,-1,-1,-1
123,-1,58,195,26,18,1,-1,-1,-1
123,-1,77,171,28,18,1,-1,-1,-1
123,-1,99,145,31,22,1,-1,-1,-1
123,-1,125,99,39,24,1,-1,-1,-1
123,-1,163,49,43,27,1,-1,-1,-1
123,-1,175,197,22,18,1,-1,-1,-1
123,-1,204,179,27,18,1,-1,-1,-1
123,-1,240,147,29,21,1,-1,-1,-1
123,-1,287,116,33,20,1,-1,-1,-1
123,-1,351,72,41,25,1,-1,-1,-1
124,-1,58,195,26,18,1,-1,-1,-1
124,-1,77,171,28,18,1,-1,-1,-1
124,-1,99,145,31,22,1,-1,-1,-1
124,-1,125,99,39,24,1,-1,-1,-1
124,-1,163,49,43,27,1,-1,-1,-1
124,-1,175,196,22,18,1,-1,-1,-1
124,-1,204,179,27,18,1,-1,-1,-1
124,-1,240,147,29,21,1,-1,-1,-1
124,-1,287,116,33,20,1,-1,-1,-1
124,-1,351,71,41,25,1,-1,-1,-1
125,-1,58,195,26,18,1,-1,-1,-1
125,-1,77,171,28,18,1,-1,-1,-1
125,-1,99,145,31,22,1,-1,-1,-1
125,-1,125,99,39,24,1,-1,-1,-1
125,-1,163,49,43,27,1,-1,-1,-1
125,-1,175,196,22,18,1,-1,-1,-1
125,-1,204,179,27,18,1,-1,-1,-1
125,-1,240,147,29,21,1,-1,-1,-1
125,-1,287,116,33,20,1,-1,-1,-1
125,-1,351,71,41,25,1,-1,-1,-1
126,-1,58,195,26,18,1,-1,-1,-1
126,-1,77,171,28,18,1,-1,-1,-1
126,-1,99,145,31,22,1,-1,-1,-1
126,-1,125,99,39,24,1,-1,-1,-1
126,-1,163,49,43,27,1,-1,-1,-1
126,-1,175,196,22,18,1,-1,-1,-1
126,-1,204,179,27,18,1,-1,-1,-1
126,-1,240,147,29,21,1,-1,-1,-1
126,-1,287,116,33,20,1,-1,-1,-1
126,-1,351,71,41,25,1,-1,-1,-1
127,-1,58,195,26,18,1,-1,-1,-1
127,-1,77,171,28,18,1,-1,-1,-1
127,-1,99,144,31,22,1,-1,-1,-1
127,-1,125,99,39,24,1,-1,-1,-1
127,-1,163,49,43,27,1,-1,-1,-1
127,-1,175,196,22,18,1,-1,-1,-1
127,-1,204,179,27,18,1,-1,-1,-1
127,-1,240,147,29,21,1,-1,-1,-1
127,-1,287,116,33,20,1,-1,-1,-1
127,-1,351,71,41,25,1,-1,-1,-1
128,-1,58,195,26,18,1,-1,-1,-1
128,-1,77,171,28,18,1,-1,-1,-1
128,-1,99,144,31,22,1,-1,-1,-1
128,-1,125,99,39,24,1,-1,-1,-1
128,-1,163,49,43,27,1,-1,-1,-1
128,-1,175,196,22,18,1,-1,-1,-1
128,-1,204,179,27,18,1,-1,-1,-1
128,-1,240,147,29,21,1,-1,-1,-1
128,-1,288,115,33,20,1,-1,-1,-1
128,-1,351,71,41,25,1,-1,-1,-1
129,-1,58,195,26,18,1,-1,-1,-1
129,-1,77,171,28,18,1,-1,-1,-1
129,-1,99,144,31,22,1,-1,-1,-1
129,-1,124,98,39,24,1,-1,-1,-1
129,-1,163,49,43,27,1,-1,-1,-1
129,-1,175,196,22,18,1,-1,-1,-1
129,-1,204,178,27,18,1,-1,-1,-1
129,-1,240,147,29,21,1,-1,-1,-1
129,-1,288,115,33,20,1,-1,-1,-1
129,-1,351,71,41,25,1,-1,-1,-1
130,-1,58,195,26,18,1,-1,-1,-1
130,-1,77,171,28,18,1,-1,-1,-1
130,-1,99,144,31,22,1,-1,-1,-1
130,-1,124,98,39,24,1,-1,-1,-1
130,-1,163,49,43,27,1,-1,-1,-1
130,-1,175,196,22,18,1,-1,-1,-1
130,-1,204,178,27,18,1,-1,-1,-1
130,-1,240,147,29,21,1,-1,-1,-1
130,-1,288,115,33,20,1,-1,-1,-1
130,-1,351,71,41,25,1,-1,-1,-1
131,-1,58,195,26,18,1,-1,-1,-1
131,-1,77,171,28,18,1,-1,-1,-1
131,-1,99,144,31,22,1,-1,-1,-1
131,-1,124,98,39,24,1,-1,-1,-1
131,-1,163,49,43,27,1,-1,-1,-1
131,-1,175,196,22,18,1,-1,-1,-1
131,-1,204,178,27,18,1,-1,-1,-1
131,-1,240,146,29,21,1,-1,-1,-1
131,-1,288,115,33,20,1,-1,-1,-1
131,-1,351,71,41,25,1,-1,-1,-1
132,-1,58,194,26,18,1,-1,-1,-1
132,-1,77,171,28,18,1,-1,-1,-1
132,-1,99,144,31,22,1,-1,-1,-1
132,-1,124,98,39,24,1,-1,-1,-1
132,-1,163,49,43,27,1,-1,-1,-1
132,-1,175,196,22,18,1,-1,-1,-1
132,-1,204,178,27,18,1,-1,-1,-1
132,-1,240,146,29,21,1,-1,-1,-1
132,-1,288,115,33,20,1,-1,-1,-1
132,-1,351,71,41,25,1,-1,-1,-1
133,-1,58,194,26,18,1,-1,-1,-1
133,-1,77,171,28,18,1,-1,-1,-1
133,-1,99,144,31,22,1,-1,-1,-1
133,-1,124,98,39,24,1,-1,-1,-1
133,-1,163,49,43,27,1,-1,-1,-1
133,-1,175,196,22,18,1,-1,-1,-1
133,-1,204,178,27,18,1,-1,-1,-1
133,-1,240,146,29,21,1,-1,-1,-1
133,-1,288,115,33,20,1,-1,-1,-1
133,-1,351,70,41,25,1,-1,-1,-1
134,-1,58,194,26,18,1,-1,-1,-1
134,-1,77,171,28,18,1,-1,-1,-1
134,-1,99,144,31,22,1,-1,-1,-1
134,-1,124,98,39,24,1,-1,-1,-1
134,-1,163,49,43,27,1,-1,-1,-1
134,-1,175,196,22,18,1,-1,-1,-1
134,-1,204,178,27,18,1,-1,-1,-1
134,-1,240,146,29,21,1,-1,-1,-1
134,-1,288,115,33,20,1,-1,-1,-1
134,-1,351,70,41,25,1,-1,-1,-1
135,-1,58,194,26,18,1,-1,-1,-1
135,-1,77,171,28,18,1,-1,-1,-1
135,-1,99,144,31,22,1,-1,-1,-1
135,-1,124,98,39,24,1,-1,-1,-1
135,-1,163,49,43,27,1,-1,-1,-1
135,-1,175,196,22,18,1,-1,-1,-1
135,-1,205,178,27,18,1,-1,-1,-1
135,-1,240,146,29,21,1,-1,-1,-1
135,-1,288,115,33,20,1,-1,-1,-1
135,-1,351,70,41,25,1,-1,-1,-1
136,-1,58,194,26,18,1,-1,-1,-1
136,-1,77,171,28,18,1,-1,-1,-1
136,-1,99,144,31,22,1,-1,-1,-1
136,-1,124,98,39,24,1,-1,-1,-1
136,-1,163,49,43,27,1,-1,-1,-1
136,-1,175,196,22,18,1,-1,-1,-1
136,-1,205,178,27,18,1,-1,-1,-1
136,-1,240,146,29,21,1,-1,-1,-1
136,-1,288,115,33,20,1,-1,-1,-1
136,-1,351,70,41,25,1,-1,-1,-1
137,-1,58,194,26,18,1,-1,-1,-1
137,-1,77,170,28,18,1,-1,-1,-1
137,-1,99,143,31,22,1,-1,-1,-1
137,-1,124,98,39,24,1,-1,-1,-1
137,-1,162,49,43,27,1,-1,-1,-1
137,-1,175,195,22,18,1,-1,-1,-1
137,-1,204,178,27,18,1,-1,-1,-1
137,-1,240,146,29,21,1,-1,-1,-1
137,-1,288,115,33,20,1,-1,-1,-1
137,-1,351,70,41,25,1,-1,-1,-1
138,-1,58,194,26,18,1,-1,-1,-1
138,-1,77,170,28,18,1,-1,-1,-1
138,-1,99,143,31,22,1,-1,-1,-1
138,-1,124,98,39,24,1,-1,-1,-1
138,-1,162,49,43,27,1,-1,-1,-1
138,-1,175,195,22,18,1,-1,-1,-1
138,-1,204,177,27,18,1,-1,-1,-1
138,-1,240,146,29,21,1,-1,-1,-1
138,-1,288,114,33,20,1,-1,-1,-1
138,-1,351,70,41,25,1,-1,-1,-1
139,-1,57,194,26,18,1,-1,-1,-1
139,-1,77,170,29,18,1,-1,-1,-1
139,-1,99,143,31,22,1,-1,-1,-1
139,-1,124,98,39,24,1,-1,-1,-1
139,-1,162,49,43,27,1,-1,-1,-1
139,-1,175,195,22,18,1,-1,-1,-1
139,-1,204,177,27,18,1,-1,-1,-1
139,-1,240,146,29,21,1,-1,-1,-1
139,-1,288,114,34,20,1,-1,-1,-1
139,-1,351,70,41,25,1,-1,-1,-1
140,-1,57,194,26,18,1,-1,-1,-1
140,-1,77,170,29,18,1,-1,-1,-1
140,-1,98,143,31,22,1,-1,-1,-1
140,-1,124,97,39,24,1,-1,-1,-1
140,-1,162,49,43,27,1,-1,-1,-1
140,-1,175,195,22,18,1,-1,-1,-1
140,-1,204,177,27,18,1,-1,-1,-1
140,-1,240,146,28,21,1,-1,-1,-1
140,-1,288,114,33,20,1,-1,-1,-1
140,-1,351,69,41,25,1,-1,-1,-1
141,-1,57,194,26,18,1,-1,-1,-1
141,-1,77,170,29,18,1,-1,-1,-1
141,-1,98,143,31,22,1,-1,-1,-1
141,-1,123,97,39,24,1,-1,-1,-1
141,-1,162,49,43,27,1,-1,-1,-1
141,-1,174,195,22,18,1,-1,-1,-1
141,-1,204,177,27,18,1,-1,-1,-1
141,-1,239,146,28,21,1,-1,-1,-1
141,-1,287,114,33,20,1,-1,-1,-1
141,-1,351,69,41,25,1,-1,-1,-1
142,-1,57,194,26,18,1,-1,-1,-1
142,-1,77,170,28,18,1,-1,-1,-1
142,-1,98,143,31,22,1,-1,-1,-1
142,-1,124,97,39,24,1,-1,-1,-1
142,-1,162,49,43,27,1,-1,-1,-1
142,-1,174,195,22,18,1,-1,-1,-1
142,-1,204,177,27,18,1,-1,-1,-1
142,-1,239,146,28,21,1,-1,-1,-1
142,-1,288,114,33,20,1,-1,-1,-1
142,-1,351,69,41,25,1,-1,-1,-1
143,-1,57,194,26,18,1,-1,-1,-1
143,-1,77,170,28,18,1,-1,-1,-1
143,-1,98,143,31,22,1,-1,-1,-1
143,-1,123,97,39,24,1,-1,-1,-1
143,-1,162,49,43,27,1,-1,-1,-1
143,-1,174,195,22,18,1,-1,-1,-1
143,-1,204,177,27,18,1,-1,-1,-1
143,-1,239,146,28,21,1,-1,-1,-1
143,-1,288,114,33,20,1,-1,-1,-1
143,-1,351,69,41,25,1,-1,-1,-1
144,-1,57,194,26,18,1,-1,-1,-1
144,-1,77,170,28,18,1,-1,-1,-1
144,-1,98,143,31,22,1,-1,-1,-1
144,-1,123,97,39,24,1,-1,-1,-1
144,-1,162,49,43,27,1,-1,-1,-1
144,-1,174,195,22,18,1,-1,-1,-1
144,-1,204,177,27,18,1,-1,-1,-1
144,-1,239,146,28,21,1,-1,-1,-1
144,-1,288,114,33,20,1,-1,-1,-1
144,-1,351,69,41,25,1,-1,-1,-1
145,-1,57,194,26,18,1,-1,-1,-1
145,-1,77,170,28,18,1,-1,-1,-1
145,-1,98,143,31,22,1,-1,-1,-1
145,-1,123,97,39,24,1,-1,-1,-1
145,-1,162,49,43,27,1,-1,-1,-1
145,-1,174,195,22,18,1,-1,-1,-1
145,-1,204,177,27,18,1,-1,-1,-1
145,-1,239,146,28,21,1,-1,-1,-1
145,-1,288,114,33,20,1,-1,-1,-1
145,-1,351,69,41,25,1,-1,-1,-1
146,-1,57,194,26,18,1,-1,-1,-1
146,-1,77,170,28,18,1,-1,-1,-1
146,-1,98,143,31,22,1,-1,-1,-1
146,-1,123,97,40,24,1,-1,-1,-1
146,-1,162,49,43,27,1,-1,-1,-1
146,-1,174,195,22,18,1,-1,-1,-1
146,-1,204,177,27,18,1,-1,-1,-1
146,-1,239,146,28,21,1,-1,-1,-1
146,-1,288,114,34,20,1,-1,-1,-1
146,-1,350,69,41,25,1,-1,-1,-1
147,-1,57,194,26,18,1,-1,-1,-1
147,-1,77,170,28,18,1,-1,-1,-1
147,-1,98,143,31,22,1,-1,-1,-1
147,-1,123,97,40,24,1,-1,-1,-1
147,-1,162,49,43,27,1,-1,-1,-1
147,-1,174,195,22,18,1,-1,-1,-1
147,-1,204,177,27,18,1,-1,-1,-1
147,-1,239,146,28,21,1,-1,-1,-1
147,-1,288,114,33,20,1,-1,-1,-1
147,-1,350,69,41,25,1,-1,-1,-1
148,-1,57,194,26,18,1,-1,-1,-1
148,-1,77,170,28,18,1,-1,-1,-1
148,-1,98,143,31,22,1,-1,-1,-1
148,-1,123,97,40,24,1,-1,-1,-1
148,-1,161,49,43,27,1,-1,-1,-1
148,-1,174,195,22,18,1,-1,-1,-1
148,-1,204,177,27,18,1,-1,-1,-1
148,-1,239,146,28,21,1,-1,-1,-1
148,-1,288,114,33,20,1,-1,-1,-1
148,-1,350,69,41,25,1,-1,-1,-1
149,-1,57,194,26,18,1,-1,-1,-1
149,-1,77,170,28,18,1,-1,-1,-1
149,-1,98,143,31,22,1,-1,-1,-1
149,-1,123,97,39,24,1,-1,-1,-1
149,-1,162,49,43,27,1,-1,-1,-1
149,-1,174,195,22,18,1,-1,-1,-1
149,-1,204,177,27,18,1,-1,-1,-1
149,-1,239,146,28,21,1,-1,-1,-1
149,-1,288,114,33,20,1,-1,-1,-1
149,-1,350,69,41,25,1,-1,-1,-1
150,-1,57,194,26,18,1,-1,-1,-1
150,-1,77,170,28,18,1,-1,-1,-1
150,-1,98,143,31,22,1,-1,-1,-1
150,-1,123,97,39,24,1,-1,-1,-1
150,-1,162,49,43,27,1,-1,-1,-1
150,-1,174,195,22,18,1,-1,-1,-1
150,-1,204,177,27,18,1,-1,-1,-1
150,-1,240,146,28,21,1,-1,-1,-1
150,-1,288,114,33,20,1,-1,-1,-1
150,-1,351,69,41,25,1,-1,-1,-1
151,-1,57,194,26,18,1,-1,-1,-1
151,-1,77,170,28,18,1,-1,-1,-1
151,-1,98,143,31,22,1,-1,-1,-1
151,-1,124,97,39,24,1,-1,-1,-1
151,-1,162,49,43,27,1,-1,-1,-1
151,-1,174,195,22,18,1,-1,-1,-1
151,-1,204,177,27,18,1,-1,-1,-1
151,-1,240,146,28,21,1,-1,-1,-1
151,-1,288,114,33,20,1,-1,-1,-1
151,-1,351,69,41,25,1,-1,-1,-1
152,-1,57,194,26,18,1,-1,-1,-1
152,-1,77,170,28,18,1,-1,-1,-1
152,-1,98,143,31,22,1,-1,-1,-1
152,-1,124,97,39,24,1,-1,-1,-1
152,-1,162,49,43,27,1,-1,-1,-1
152,-1,174,195,22,18,1,-1,-1,-1
152,-1,204,177,27,18,1,-1,-1,-1
152,-1,240,145,28,21,1,-1,-1,-1
152,-1,288,114,33,20,1,-1,-1,-1
152,-1,351,69,41,25,1,-1,-1,-1
153,-1,57,194,26,18,1,-1,-1,-1
153,-1,77,170,28,18,1,-1,-1,-1
153,-1,98,143,31,22,1,-1,-1,-1
153,-1,124,97,39,24,1,-1,-1,-1
153,-1,162,49,43,27,1,-1,-1,-1
153,-1,174,194,22,18,1,-1,-1,-1
153,-1,204,177,27,18,1,-1,-1,-1
153,-1,240,145,28,21,1,-1,-1,-1
153,-1,288,114,33,20,1,-1,-1,-1
153,-1,351,69,41,25,1,-1,-1,-1
