1,1,0,68,19,21,1,1,1
2,1,0,68,19,21,1,1,1
3,1,4,68,19,21,1,1,1
4,1,8,68,19,21,1,1,1
5,1,12,68,19,21,1,1,1
6,1,21,68,19,21,1,1,1
7,1,25,68,19,21,1,1,1
8,1,25,68,19,21,1,1,1
9,1,30,68,19,21,1,1,1
10,1,34,67,19,21,1,1,1
11,1,38,67,19,21,1,1,1
12,1,46,67,19,21,1,1,1
13,1,51,67,19,21,1,1,1
14,1,51,67,19,21,1,1,1
15,1,55,67,19,21,1,1,1
16,1,59,67,19,21,1,1,1
17,1,63,67,19,21,1,1,1
18,1,72,67,19,21,1,1,1
19,1,76,67,19,21,1,1,1
20,1,76,67,19,21,1,1,1
21,1,80,67,19,21,1,1,1
22,1,85,67,19,21,1,1,1
23,1,89,67,19,21,1,1,1
24,1,97,67,19,21,1,1,1
25,1,102,67,19,21,1,1,1
26,1,102,67,19,21,1,1,1
27,1,106,67,19,21,1,1,1
28,1,110,67,19,21,1,1,1
29,1,114,67,19,21,1,1,1
30,1,122,67,19,21,1,1,1
31,1,127,67,19,21,1,1,1
32,1,127,67,19,21,1,1,1
33,1,131,67,19,21,1,1,1
34,1,135,67,19,21,1,1,1
35,1,139,67,19,21,1,1,1
36,1,148,67,19,21,1,1,1
37,1,149,67,22,24,1,1,1
38,1,149,67,22,24,1,1,1
39,1,153,67,22,24,1,1,1
40,1,157,67,22,24,1,1,1
41,1,162,67,22,24,1,1,1
42,1,170,67,22,24,1,1,1
43,1,174,67,22,24,1,1,1
44,1,174,67,22,24,1,1,1
45,1,178,67,22,24,1,1,1
46,1,182,67,22,24,1,1,1
47,1,187,67,22,24,1,1,1
48,1,195,67,22,24,1,1,1
49,1,199,67,22,24,1,1,1
50,1,199,67,22,24,1,1,1
51,1,204,67,22,24,1,1,1
52,1,208,67,22,24,1,1,1
53,1,212,67,22,24,1,1,1
54,1,221,67,22,24,1,1,1
55,1,225,67,22,24,1,1,1
56,1,225,67,22,23,1,1,1
57,1,230,67,22,24,1,1,1
58,1,234,67,22,24,1,1,1
59,1,238,67,22,24,1,1,1
60,1,247,67,22,24,1,1,1
61,1,251,67,22,24,1,1,1
62,1,251,67,22,24,1,1,1
63,1,255,67,22,24,1,1,1
64,1,260,67,22,24,1,1,1
65,1,264,67,22,24,1,1,1
66,1,273,67,22,24,1,1,1
67,1,277,66,22,24,1,1,1
68,1,277,66,22,24,1,1,1
69,1,281,66,22,24,1,1,1
70,1,286,66,22,24,1,1,1
71,1,290,66,22,24,1,1,1
72,1,299,66,22,24,1,1,1
73,1,304,66,22,24,1,1,1
74,1,304,66,22,24,1,1,1
75,1,308,66,22,24,1,1,1
76,1,312,66,22,24,1,1,1
77,1,317,66,22,24,1,1,1
78,1,326,65,22,24,1,1,1
79,1,330,65,22,24,1,1,1
80,1,330,65,22,24,1,1,1
81,1,335,65,22,24,1,1,1
82,1,339,65,22,24,1,1,1
83,1,343,65,22,24,1,1,1
84,1,352,65,22,24,1,1,1
85,1,357,65,22,24,1,1,1
86,1,357,65,22,24,1,1,1
87,1,361,65,22,24,1,1,1
88,1,365,65,22,24,1,1,1
89,1,370,65,22,24,1,1,1
90,1,379,65,22,24,1,1,1
91,1,383,65,22,24,1,1,1
92,1,383,65,22,24,1,1,1
93,1,387,65,22,24,1,1,1
94,1,392,65,22,24,1,1,1
95,1,396,65,22,24,1,1,1
96,1,405,65,22,24,1,1,1
97,1,409,65,22,24,1,1,1
98,1,409,65,22,24,1,1,1
1,2,66,91,25,26,1,1,1
2,2,66,91,25,26,1,1,1
3,2,70,91,25,26,1,1,1
4,2,75,91,25,26,1,1,1
5,2,79,92,25,26,1,1,1
6,2,88,92,25,26,1,1,1
7,2,92,92,25,26,1,1,1
8,2,92,92,25,26,1,1,1
9,2,97,93,25,26,1,1,1
10,2,101,93,25,26,1,1,1
11,2,105,93,25,26,1,1,1
12,2,114,93,25,26,1,1,1
13,2,119,94,25,26,1,1,1
14,2,119,94,25,26,1,1,1
15,2,123,94,25,26,1,1,1
16,2,128,94,25,26,1,1,1
17,2,132,94,25,26,1,1,1
18,2,141,95,25,26,1,1,1
19,2,145,95,25,26,1,1,1
20,2,145,95,25,26,1,1,1
21,2,150,95,25,26,1,1,1
22,2,154,95,25,26,1,1,1
23,2,159,96,25,26,1,1,1
24,2,167,96,25,26,1,1,1
25,2,172,96,25,26,1,1,1
26,2,172,96,25,26,1,1,1
27,2,176,97,25,26,1,1,1
28,2,181,97,25,26,1,1,1
29,2,185,97,25,26,1,1,1
30,2,194,98,25,26,1,1,1
31,2,199,98,25,26,1,1,1
32,2,199,98,25,26,1,1,1
33,2,203,98,25,26,1,1,1
34,2,208,99,25,26,1,1,1
35,2,212,99,25,26,1,1,1
36,2,221,99,25,26,1,1,1
37,2,226,100,25,26,1,1,1
38,2,226,100,25,26,1,1,1
39,2,230,100,25,26,1,1,1
40,2,234,100,25,26,1,1,1
41,2,239,100,25,26,1,1,1
42,2,248,101,25,26,1,1,1
43,2,253,101,25,26,1,1,1
44,2,253,101,25,26,1,1,1
45,2,257,102,25,26,1,1,1
46,2,262,102,25,26,1,1,1
47,2,266,102,25,26,1,1,1
48,2,278,105,24,23,1,1,1
49,2,282,105,24,23,1,1,1
50,2,282,105,24,23,1,1,1
51,2,287,105,24,23,1,1,1
52,2,292,106,24,23,1,1,1
53,2,296,106,24,23,1,1,1
54,2,305,106,24,23,1,1,1
55,2,310,107,24,23,1,1,1
56,2,310,107,24,23,1,1,1
57,2,314,107,24,23,1,1,1
58,2,319,107,24,23,1,1,1
59,2,324,107,24,23,1,1,1
60,2,333,107,24,23,1,1,1
61,2,338,107,24,23,1,1,1
62,2,338,107,24,23,1,1,1
63,2,342,108,24,23,1,1,1
64,2,347,108,24,23,1,1,1
65,2,352,108,24,23,1,1,1
66,2,361,109,24,23,1,1,1
67,2,366,109,24,23,1,1,1
68,2,365,109,24,23,1,1,1
69,2,370,109,24,23,1,1,1
70,2,374,110,24,23,1,1,1
71,2,379,110,24,23,1,1,1
72,2,388,110,24,23,1,1,1
73,2,393,110,24,23,1,1,1
74,2,393,110,24,23,1,1,1
75,2,398,110,24,23,1,1,1
76,2,403,111,24,23,1,1,1
77,2,407,111,24,23,1,1,1
78,2,417,111,24,23,1,1,1
79,2,421,111,24,23,1,1,1
80,2,421,111,24,23,1,1,1
81,2,426,112,24,23,1,1,1
82,2,431,112,24,23,1,1,1
83,2,435,112,24,23,1,1,1
84,2,445,113,24,23,1,1,1
85,2,450,113,24,23,1,1,1
86,2,450,113,24,23,1,1,1
87,2,454,113,24,23,1,1,1
88,2,459,113,24,23,1,1,1
89,2,463,114,24,23,1,1,1
90,2,473,114,24,23,1,1,1
91,2,478,114,24,23,1,1,1
92,2,478,114,24,23,1,1,1
93,2,482,115,24,23,1,1,1
94,2,487,115,24,23,1,1,1
95,2,492,115,24,23,1,1,1
96,2,501,116,24,23,1,1,1
97,2,506,116,24,23,1,1,1
98,2,506,116,24,23,1,1,1
1,3,75,139,19,16,1,1,1
2,3,75,139,19,16,1,1,1
3,3,75,139,19,16,1,1,1
4,3,75,139,19,16,1,1,1
5,3,75,139,19,16,1,1,1
6,3,75,139,19,16,1,1,1
7,3,75,139,19,16,1,1,1
8,3,75,139,19,16,1,1,1
9,3,75,139,19,16,1,1,1
10,3,75,139,19,16,1,1,1
11,3,75,139,19,16,1,1,1
12,3,75,139,19,16,1,1,1
13,3,75,139,19,16,1,1,1
14,3,75,139,19,16,1,1,1
15,3,75,139,19,16,1,1,1
16,3,75,139,19,16,1,1,1
17,3,75,139,19,16,1,1,1
18,3,75,138,19,16,1,1,1
19,3,75,138,19,16,1,1,1
20,3,75,138,19,16,1,1,1
21,3,75,138,19,16,1,1,1
22,3,75,138,19,16,1,1,1
23,3,75,138,19,16,1,1,1
24,3,75,138,19,16,1,1,1
25,3,75,138,19,16,1,1,1
26,3,75,138,19,16,1,1,1
27,3,75,138,19,16,1,1,1
28,3,75,138,19,16,1,1,1
29,3,75,138,19,16,1,1,1
30,3,75,138,19,16,1,1,1
31,3,75,138,19,16,1,1,1
32,3,75,138,19,16,1,1,1
33,3,75,138,19,16,1,1,1
34,3,75,138,19,16,1,1,1
35,3,75,138,19,16,1,1,1
36,3,75,138,19,16,1,1,1
37,3,75,138,19,16,1,1,1
38,3,75,138,19,16,1,1,1
39,3,75,138,19,16,1,1,1
40,3,75,138,19,16,1,1,1
41,3,74,138,19,16,1,1,1
42,3,74,138,19,16,1,1,1
43,3,74,138,19,16,1,1,1
44,3,74,138,19,16,1,1,1
45,3,74,138,19,16,1,1,1
46,3,74,138,19,16,1,1,1
47,3,74,138,19,16,1,1,1
48,3,74,138,19,16,1,1,1
49,3,74,138,19,16,1,1,1
50,3,74,138,19,16,1,1,1
51,3,74,138,19,16,1,1,1
52,3,74,138,19,16,1,1,1
53,3,74,138,19,16,1,1,1
54,3,74,138,19,16,1,1,1
55,3,74,138,19,16,1,1,1
56,3,74,138,19,16,1,1,1
57,3,74,138,19,16,1,1,1
58,3,74,138,19,16,1,1,1
59,3,74,138,19,16,1,1,1
60,3,74,138,19,16,1,1,1
61,3,74,138,19,16,1,1,1
62,3,74,138,19,16,1,1,1
63,3,74,138,19,16,1,1,1
64,3,74,138,19,16,1,1,1
65,3,74,138,19,16,1,1,1
66,3,74,137,19,16,1,1,1
67,3,74,137,19,16,1,1,1
68,3,74,137,19,16,1,1,1
69,3,74,137,19,16,1,1,1
70,3,74,137,19,16,1,1,1
71,3,74,137,19,16,1,1,1
72,3,74,137,19,16,1,1,1
73,3,74,137,19,16,1,1,1
74,3,74,137,19,16,1,1,1
75,3,74,136,19,16,1,1,1
76,3,74,136,19,16,1,1,1
77,3,75,136,19,16,1,1,1
78,3,75,136,19,16,1,1,1
79,3,75,136,19,16,1,1,1
80,3,75,136,19,16,1,1,1
81,3,75,136,19,16,1,1,1
82,3,75,136,19,16,1,1,1
83,3,75,136,19,16,1,1,1
84,3,75,136,19,16,1,1,1
85,3,75,136,19,16,1,1,1
86,3,75,136,19,16,1,1,1
87,3,75,136,19,16,1,1,1
88,3,75,136,19,16,1,1,1
89,3,75,136,19,16,1,1,1
90,3,75,136,19,16,1,1,1
91,3,75,136,19,16,1,1,1
92,3,75,136,19,16,1,1,1
93,3,75,136,19,16,1,1,1
94,3,75,136,19,16,1,1,1
95,3,75,136,19,16,1,1,1
96,3,75,136,19,16,1,1,1
97,3,75,136,19,16,1,1,1
98,3,75,136,19,16,1,1,1
1,4,40,213,23,23,1,1,1
2,4,40,213,23,23,1,1,1
3,4,44,213,23,23,1,1,1
4,4,47,214,23,23,1,1,1
5,4,50,214,23,23,1,1,1
6,4,57,214,23,23,1,1,1
7,4,61,214,23,23,1,1,1
8,4,61,214,23,23,1,1,1
9,4,64,214,23,23,1,1,1
10,4,68,215,23,23,1,1,1
11,4,71,215,23,23,1,1,1
12,4,78,215,23,23,1,1,1
13,4,82,215,23,23,1,1,1
14,4,82,215,23,23,1,1,1
15,4,85,216,23,23,1,1,1
16,4,89,216,23,23,1,1,1
17,4,92,216,23,23,1,1,1
18,4,99,216,23,23,1,1,1
19,4,102,216,23,23,1,1,1
20,4,102,216,23,23,1,1,1
21,4,106,217,23,23,1,1,1
22,4,110,217,23,23,1,1,1
23,4,113,217,23,23,1,1,1
24,4,120,217,23,23,1,1,1
25,4,123,217,24,24,1,1,1
26,4,123,217,23,23,1,1,1
27,4,127,218,23,23,1,1,1
28,4,131,218,23,23,1,1,1
29,4,134,218,23,23,1,1,1
30,4,141,219,23,23,1,1,1
31,4,144,219,23,23,1,1,1
32,4,144,219,23,23,1,1,1
33,4,148,219,23,23,1,1,1
34,4,151,220,23,23,1,1,1
35,4,155,220,23,23,1,1,1
36,4,162,221,23,23,1,1,1
37,4,165,221,23,23,1,1,1
38,4,165,221,23,23,1,1,1
39,4,169,221,23,23,1,1,1
40,4,172,221,23,23,1,1,1
41,4,176,222,23,23,1,1,1
42,4,183,222,23,23,1,1,1
43,4,186,222,23,23,1,1,1
44,4,186,222,23,23,1,1,1
45,4,190,222,23,23,1,1,1
46,4,194,222,23,23,1,1,1
47,4,197,223,23,23,1,1,1
48,4,204,223,23,23,1,1,1
49,4,208,223,23,23,1,1,1
50,4,208,223,23,23,1,1,1
51,4,211,223,23,23,1,1,1
52,4,215,224,23,23,1,1,1
53,4,218,224,23,23,1,1,1
54,4,226,224,23,23,1,1,1
55,4,230,225,23,23,1,1,1
56,4,230,225,23,23,1,1,1
57,4,233,225,23,23,1,1,1
58,4,237,225,23,23,1,1,1
59,4,240,225,24,24,1,1,1
60,4,247,226,24,24,1,1,1
61,4,251,226,23,23,1,1,1
62,4,251,226,23,23,1,1,1
63,4,255,226,23,23,1,1,1
64,4,259,226,23,23,1,1,1
65,4,263,227,23,23,1,1,1
66,4,270,227,23,23,1,1,1
67,4,274,227,23,23,1,1,1
68,4,274,227,23,23,1,1,1
69,4,278,227,23,23,1,1,1
70,4,281,227,23,23,1,1,1
71,4,285,227,23,23,1,1,1
72,4,293,228,23,23,1,1,1
73,4,297,228,23,23,1,1,1
74,4,297,228,23,23,1,1,1
75,4,300,228,23,23,1,1,1
76,4,304,228,23,23,1,1,1
77,4,308,228,23,23,1,1,1
78,4,315,229,23,23,1,1,1
79,4,319,229,23,23,1,1,1
80,4,319,229,23,23,1,1,1
81,4,323,229,23,23,1,1,1
82,4,326,229,24,24,1,1,1
83,4,330,229,24,24,1,1,1
84,4,337,230,24,24,1,1,1
85,4,341,230,24,24,1,1,1
86,4,341,230,24,24,1,1,1
87,4,345,230,24,24,1,1,1
88,4,349,230,24,24,1,1,1
89,4,353,231,23,23,1,1,1
90,4,360,231,23,23,1,1,1
91,4,364,232,23,23,1,1,1
92,4,364,232,23,23,1,1,1
93,4,368,232,23,23,1,1,1
94,4,372,232,23,23,1,1,1
95,4,375,232,23,23,1,1,1
96,4,383,233,23,23,1,1,1
97,4,387,233,23,23,1,1,1
98,4,387,233,23,23,1,1,1
1,5,86,258,24,25,1,1,1
2,5,86,258,24,25,1,1,1
3,5,90,258,24,25,1,1,1
4,5,95,259,24,25,1,1,1
5,5,99,259,24,25,1,1,1
6,5,108,260,24,25,1,1,1
7,5,112,260,24,25,1,1,1
8,5,112,260,24,25,1,1,1
9,5,117,261,23,24,1,1,1
10,5,121,261,23,24,1,1,1
11,5,125,261,23,24,1,1,1
12,5,134,262,23,24,1,1,1
13,5,138,262,24,25,1,1,1
14,5,138,262,24,25,1,1,1
15,5,143,263,24,25,1,1,1
16,5,147,263,24,25,1,1,1
17,5,152,263,24,25,1,1,1
18,5,160,264,24,25,1,1,1
19,5,164,264,24,25,1,1,1
20,5,164,264,24,25,1,1,1
21,5,169,265,24,25,1,1,1
22,5,173,265,24,25,1,1,1
23,5,178,266,24,25,1,1,1
24,5,186,266,24,25,1,1,1
25,5,191,267,24,25,1,1,1
26,5,191,267,24,25,1,1,1
27,5,195,267,24,25,1,1,1
28,5,199,268,24,25,1,1,1
29,5,204,268,24,25,1,1,1
30,5,213,269,24,25,1,1,1
31,5,217,269,24,25,1,1,1
32,5,217,269,24,25,1,1,1
33,5,222,270,24,25,1,1,1
34,5,226,270,24,25,1,1,1
35,5,230,270,24,25,1,1,1
36,5,239,271,24,25,1,1,1
37,5,244,272,24,25,1,1,1
38,5,244,272,24,25,1,1,1
39,5,248,272,24,25,1,1,1
40,5,252,273,24,25,1,1,1
41,5,257,273,24,25,1,1,1
42,5,266,274,24,25,1,1,1
43,5,270,274,23,18,1,1,1
44,5,270,274,23,18,1,1,1
45,5,275,275,23,18,1,1,1
46,5,279,275,23,17,1,1,1
47,5,284,276,22,17,1,1,1
48,5,293,277,23,17,1,1,1
49,5,297,277,23,17,1,1,1
50,5,297,277,23,17,1,1,1
51,5,302,277,23,17,1,1,1
52,5,306,278,23,17,1,1,1
53,5,311,278,23,17,1,1,1
54,5,320,279,23,17,1,1,1
55,5,325,279,23,17,1,1,1
56,5,325,279,23,17,1,1,1
57,5,330,279,22,17,1,1,1
58,5,334,280,23,17,1,1,1
59,5,338,280,23,17,1,1,1
60,5,348,281,21,11,1,1,1
61,5,353,281,20,11,1,1,1
62,5,353,281,20,11,1,1,1
63,5,358,282,19,10,1,1,1
64,5,362,282,20,10,1,1,1
65,5,367,282,19,10,1,1,1
66,5,376,283,19,10,1,1,1
67,5,381,283,19,10,1,1,1
68,5,381,283,19,10,1,1,1
69,5,384,282,21,10,1,1,1
1,6,119,218,19,17,1,1,1
2,6,119,218,19,17,1,1,1
3,6,119,218,19,17,1,1,1
4,6,119,218,19,17,1,1,1
5,6,119,218,19,17,1,1,1
6,6,119,218,19,17,1,1,1
7,6,119,218,19,17,1,1,1
8,6,119,218,19,17,1,1,1
9,6,119,218,19,17,1,1,1
10,6,119,218,19,17,1,1,1
11,6,119,218,19,17,1,1,1
12,6,119,218,18,17,1,1,1
13,6,119,218,18,17,1,1,1
14,6,119,218,18,17,1,1,1
15,6,119,218,18,16,1,1,1
16,6,119,218,19,17,1,1,1
17,6,119,218,19,17,1,1,1
18,6,119,218,19,17,1,1,1
19,6,119,218,19,17,1,1,1
20,6,119,218,19,17,1,1,1
21,6,119,218,19,17,1,1,1
22,6,119,218,19,17,1,1,1
23,6,119,218,19,17,1,1,1
24,6,119,218,19,17,1,1,1
25,6,119,218,19,17,1,1,1
26,6,119,218,19,17,1,1,1
27,6,119,218,19,17,1,1,1
28,6,119,218,19,17,1,1,1
29,6,119,219,18,16,1,1,1
30,6,119,219,18,16,1,1,1
31,6,119,219,18,16,1,1,1
32,6,119,219,18,16,1,1,1
33,6,119,219,18,16,1,1,1
34,6,119,219,18,16,1,1,1
35,6,119,219,18,16,1,1,1
36,6,119,219,18,16,1,1,1
37,6,119,219,18,16,1,1,1
38,6,119,219,18,16,1,1,1
39,6,119,219,18,16,1,1,1
40,6,119,219,19,17,1,1,1
41,6,119,219,19,17,1,1,1
42,6,119,219,19,17,1,1,1
43,6,119,219,19,17,1,1,1
44,6,119,219,19,17,1,1,1
45,6,119,219,19,17,1,1,1
46,6,119,219,19,17,1,1,1
47,6,119,219,19,17,1,1,1
48,6,119,219,19,17,1,1,1
49,6,119,219,19,17,1,1,1
50,6,119,219,19,17,1,1,1
51,6,119,219,19,17,1,1,1
52,6,119,219,19,17,1,1,1
53,6,119,219,19,17,1,1,1
54,6,119,219,19,17,1,1,1
55,6,119,220,19,17,1,1,1
56,6,119,220,19,17,1,1,1
57,6,119,220,19,17,1,1,1
58,6,119,220,19,17,1,1,1
59,6,119,220,19,17,1,1,1
60,6,119,220,19,17,1,1,1
61,6,119,220,19,17,1,1,1
62,6,119,220,19,17,1,1,1
63,6,119,220,19,17,1,1,1
64,6,119,220,19,17,1,1,1
65,6,119,220,19,17,1,1,1
66,6,120,220,19,17,1,1,1
67,6,120,220,19,17,1,1,1
68,6,120,220,19,17,1,1,1
69,6,120,220,19,17,1,1,1
70,6,120,220,19,17,1,1,1
71,6,120,220,19,17,1,1,1
72,6,120,220,19,17,1,1,1
73,6,120,220,19,17,1,1,1
74,6,120,220,19,17,1,1,1
75,6,120,220,19,17,1,1,1
76,6,120,220,19,17,1,1,1
77,6,121,220,19,17,1,1,1
78,6,121,220,19,17,1,1,1
79,6,121,220,19,17,1,1,1
80,6,121,220,19,17,1,1,1
81,6,121,220,19,17,1,1,1
82,6,121,220,19,17,1,1,1
83,6,121,220,19,17,1,1,1
84,6,121,220,19,17,1,1,1
85,6,121,220,19,17,1,1,1
86,6,121,220,19,17,1,1,1
87,6,121,220,19,17,1,1,1
88,6,121,220,19,17,1,1,1
89,6,121,220,19,17,1,1,1
90,6,121,220,19,17,1,1,1
91,6,121,220,19,17,1,1,1
92,6,121,220,19,17,1,1,1
93,6,121,220,19,17,1,1,1
94,6,121,220,19,17,1,1,1
95,6,121,220,19,17,1,1,1
96,6,121,220,19,17,1,1,1
97,6,121,220,19,17,1,1,1
98,6,121,220,19,17,1,1,1
1,7,113,279,12,10,1,1,1
2,7,113,279,12,10,1,1,1
3,7,113,279,12,10,1,1,1
4,7,113,279,12,10,1,1,1
5,7,113,279,12,10,1,1,1
6,7,122,280,13,10,1,1,1
7,7,125,280,12,10,1,1,1
8,7,125,280,12,10,1,1,1
11,7,112,278,11,10,1,1,1
12,7,112,278,11,10,1,1,1
13,7,112,278,11,10,1,1,1
14,7,112,278,11,10,1,1,1
15,7,112,278,11,10,1,1,1
16,7,112,278,11,10,1,1,1
17,7,112,278,11,10,1,1,1
18,7,112,278,11,10,1,1,1
19,7,112,278,11,10,1,1,1
20,7,112,278,11,10,1,1,1
21,7,112,278,11,10,1,1,1
22,7,112,278,11,10,1,1,1
23,7,112,278,11,10,1,1,1
24,7,112,278,11,10,1,1,1
25,7,112,278,11,10,1,1,1
26,7,112,278,11,10,1,1,1
27,7,112,278,11,10,1,1,1
28,7,112,278,11,10,1,1,1
29,7,112,278,11,10,1,1,1
30,7,112,278,11,10,1,1,1
31,7,112,278,11,10,1,1,1
32,7,112,278,11,10,1,1,1
33,7,112,278,11,10,1,1,1
34,7,112,278,11,10,1,1,1
35,7,112,278,11,10,1,1,1
36,7,112,278,11,10,1,1,1
37,7,112,278,11,10,1,1,1
38,7,112,278,11,10,1,1,1
39,7,112,278,11,10,1,1,1
40,7,112,278,11,10,1,1,1
41,7,112,278,11,10,1,1,1
42,7,112,278,11,10,1,1,1
43,7,112,278,11,10,1,1,1
44,7,112,278,11,10,1,1,1
45,7,112,278,11,10,1,1,1
46,7,112,278,11,10,1,1,1
47,7,112,278,11,10,1,1,1
48,7,112,278,11,10,1,1,1
49,7,112,278,11,10,1,1,1
50,7,112,278,11,10,1,1,1
51,7,112,278,11,10,1,1,1
52,7,112,278,11,10,1,1,1
53,7,112,278,11,10,1,1,1
54,7,112,278,11,10,1,1,1
55,7,112,278,11,10,1,1,1
56,7,112,278,11,10,1,1,1
57,7,112,278,11,10,1,1,1
58,7,112,278,11,10,1,1,1
59,7,112,278,11,10,1,1,1
60,7,112,278,11,10,1,1,1
61,7,112,278,11,10,1,1,1
62,7,112,278,11,10,1,1,1
63,7,112,278,11,10,1,1,1
64,7,112,278,11,10,1,1,1
65,7,112,278,11,10,1,1,1
66,7,112,278,11,10,1,1,1
67,7,112,278,11,10,1,1,1
68,7,112,278,11,10,1,1,1
69,7,112,278,11,10,1,1,1
70,7,112,278,11,10,1,1,1
71,7,112,278,11,10,1,1,1
72,7,112,278,11,10,1,1,1
73,7,112,278,11,10,1,1,1
74,7,112,278,11,10,1,1,1
75,7,112,278,11,10,1,1,1
76,7,112,278,11,10,1,1,1
77,7,112,278,11,10,1,1,1
78,7,112,278,11,10,1,1,1
79,7,112,278,11,10,1,1,1
80,7,112,278,11,10,1,1,1
81,7,112,278,11,10,1,1,1
82,7,112,278,11,10,1,1,1
83,7,112,278,11,10,1,1,1
84,7,112,278,11,10,1,1,1
85,7,112,278,11,10,1,1,1
86,7,112,278,11,10,1,1,1
87,7,112,278,11,10,1,1,1
88,7,112,278,11,10,1,1,1
89,7,112,278,11,10,1,1,1
90,7,112,278,11,10,1,1,1
91,7,112,278,11,10,1,1,1
92,7,112,278,11,10,1,1,1
93,7,112,278,11,10,1,1,1
94,7,112,278,11,10,1,1,1
95,7,112,278,11,10,1,1,1
96,7,112,278,11,10,1,1,1
97,7,112,278,11,10,1,1,1
98,7,112,278,11,10,1,1,1
1,8,227,93,14,14,1,1,1
2,8,227,93,14,14,1,1,1
3,8,228,93,14,14,1,1,1
4,8,228,93,14,14,1,1,1
5,8,229,93,14,14,1,1,1
6,8,231,93,14,14,1,1,1
7,8,231,92,14,14,1,1,1
8,8,231,92,14,14,1,1,1
9,8,232,92,14,14,1,1,1
10,8,233,92,14,14,1,1,1
11,8,234,92,15,15,1,1,1
12,8,236,92,14,14,1,1,1
13,8,237,92,14,14,1,1,1
14,8,237,92,14,14,1,1,1
15,8,237,92,14,14,1,1,1
16,8,237,92,14,14,1,1,1
17,8,239,92,14,14,1,1,1
18,8,240,92,14,14,1,1,1
19,8,240,92,14,14,1,1,1
20,8,240,92,14,14,1,1,1
21,8,241,92,14,14,1,1,1
22,8,242,92,14,14,1,1,1
23,8,243,92,14,14,1,1,1
24,8,244,92,14,14,1,1,1
25,8,245,92,14,14,1,1,1
26,8,245,92,14,14,1,1,1
27,8,246,92,14,14,1,1,1
28,8,247,92,14,14,1,1,1
29,8,248,92,14,14,1,1,1
30,8,249,92,14,14,1,1,1
31,8,250,92,14,14,1,1,1
32,8,250,92,14,14,1,1,1
33,8,251,91,14,14,1,1,1
34,8,251,91,14,14,1,1,1
35,8,252,91,15,15,1,1,1
36,8,254,91,14,14,1,1,1
37,8,254,91,14,14,1,1,1
38,8,254,91,14,14,1,1,1
39,8,255,91,14,14,1,1,1
40,8,256,91,14,14,1,1,1
41,8,257,91,14,14,1,1,1
42,8,258,91,14,14,1,1,1
43,8,259,91,14,14,1,1,1
44,8,259,91,14,14,1,1,1
45,8,260,91,14,14,1,1,1
46,8,261,91,14,14,1,1,1
47,8,262,91,14,14,1,1,1
48,8,263,91,13,13,1,1,1
49,8,263,91,13,13,1,1,1
50,8,263,91,13,13,1,1,1
51,8,264,91,13,13,1,1,1
52,8,267,92,11,11,1,1,1
53,8,268,92,11,11,1,1,1
54,8,269,92,11,11,1,1,1
60,8,276,90,12,11,1,1,1
61,8,276,90,12,11,1,1,1
62,8,276,90,12,11,1,1,1
63,8,276,90,12,11,1,1,1
64,8,277,90,12,11,1,1,1
65,8,278,90,12,11,1,1,1
66,8,278,90,12,11,1,1,1
67,8,278,89,13,12,1,1,1
68,8,278,89,13,12,1,1,1
69,8,282,92,13,10,1,1,1
70,8,283,92,14,10,1,1,1
71,8,283,91,14,11,1,1,1
72,8,285,91,14,11,1,1,1
73,8,286,91,14,11,1,1,1
74,8,286,91,14,11,1,1,1
75,8,287,91,14,11,1,1,1
76,8,288,91,14,11,1,1,1
77,8,289,91,13,10,1,1,1
78,8,291,90,14,11,1,1,1
79,8,292,90,14,11,1,1,1
80,8,292,90,14,11,1,1,1
81,8,292,90,14,11,1,1,1
82,8,293,90,14,11,1,1,1
83,8,294,90,14,11,1,1,1
84,8,296,89,14,11,1,1,1
85,8,297,90,14,11,1,1,1
86,8,297,90,14,11,1,1,1
87,8,298,90,14,11,1,1,1
88,8,299,90,14,11,1,1,1
89,8,299,89,14,11,1,1,1
90,8,301,89,14,11,1,1,1
91,8,302,89,14,11,1,1,1
92,8,302,89,14,11,1,1,1
93,8,303,89,14,11,1,1,1
94,8,303,89,14,11,1,1,1
95,8,304,89,14,11,1,1,1
96,8,306,89,13,10,1,1,1
97,8,307,89,14,10,1,1,1
98,8,306,88,14,10,1,1,1
1,9,279,91,18,15,1,1,1
2,9,279,91,18,15,1,1,1
3,9,279,91,18,15,1,1,1
4,9,279,91,18,15,1,1,1
5,9,279,91,18,15,1,1,1
6,9,278,91,18,15,1,1,1
7,9,278,91,18,15,1,1,1
8,9,278,91,18,15,1,1,1
9,9,278,91,18,15,1,1,1
10,9,278,91,18,15,1,1,1
11,9,278,91,18,15,1,1,1
12,9,278,91,18,15,1,1,1
13,9,278,91,18,15,1,1,1
14,9,278,91,18,15,1,1,1
15,9,278,91,18,15,1,1,1
16,9,278,91,18,15,1,1,1
17,9,277,91,18,15,1,1,1
18,9,277,91,18,15,1,1,1
19,9,277,91,18,15,1,1,1
20,9,277,91,18,15,1,1,1
21,9,277,91,18,15,1,1,1
22,9,277,91,18,15,1,1,1
23,9,277,91,18,15,1,1,1
24,9,276,91,18,15,1,1,1
25,9,276,91,18,15,1,1,1
26,9,276,91,18,15,1,1,1
27,9,276,91,18,15,1,1,1
28,9,276,91,18,15,1,1,1
29,9,276,92,18,15,1,1,1
30,9,275,92,18,15,1,1,1
31,9,275,92,18,15,1,1,1
32,9,275,92,18,15,1,1,1
33,9,275,92,18,15,1,1,1
34,9,275,92,18,15,1,1,1
35,9,275,92,18,15,1,1,1
36,9,274,92,18,15,1,1,1
37,9,274,92,18,15,1,1,1
38,9,274,92,18,15,1,1,1
39,9,274,92,18,15,1,1,1
40,9,274,92,18,15,1,1,1
41,9,274,92,18,15,1,1,1
42,9,274,93,17,15,1,1,1
43,9,274,93,17,15,1,1,1
44,9,274,93,17,15,1,1,1
45,9,274,93,17,15,1,1,1
46,9,274,93,17,15,1,1,1
47,9,274,93,17,15,1,1,1
48,9,274,92,20,14,1,1,1
49,9,274,92,20,14,1,1,1
50,9,274,92,20,14,1,1,1
51,9,274,94,15,12,1,1,1
52,9,276,95,13,14,1,1,1
53,9,276,95,13,14,1,1,1
54,9,276,95,13,14,1,1,1
55,9,272,94,17,16,1,1,1
56,9,272,94,17,16,1,1,1
57,9,272,94,17,16,1,1,1
58,9,272,94,17,16,1,1,1
59,9,272,94,17,16,1,1,1
60,9,272,94,16,15,1,1,1
61,9,272,94,17,16,1,1,1
62,9,272,94,17,16,1,1,1
63,9,272,94,17,16,1,1,1
64,9,272,94,17,16,1,1,1
65,9,271,94,17,16,1,1,1
66,9,271,94,17,16,1,1,1
67,9,271,94,17,16,1,1,1
68,9,271,94,17,16,1,1,1
69,9,271,94,15,16,1,1,1
70,9,271,94,15,16,1,1,1
71,9,271,94,15,16,1,1,1
72,9,271,94,15,16,1,1,1
73,9,271,94,15,16,1,1,1
74,9,271,94,15,16,1,1,1
75,9,271,94,15,16,1,1,1
76,9,271,94,15,16,1,1,1
77,9,270,94,15,16,1,1,1
78,9,270,94,15,16,1,1,1
79,9,270,94,15,16,1,1,1
80,9,270,94,15,16,1,1,1
81,9,270,94,15,16,1,1,1
82,9,270,94,15,16,1,1,1
83,9,270,94,15,16,1,1,1
84,9,270,94,15,16,1,1,1
85,9,270,94,14,15,1,1,1
86,9,270,94,14,15,1,1,1
87,9,270,94,14,15,1,1,1
88,9,269,94,14,15,1,1,1
89,9,269,94,15,16,1,1,1
90,9,269,94,14,15,1,1,1
91,9,269,94,15,16,1,1,1
92,9,269,94,15,16,1,1,1
93,9,268,94,15,16,1,1,1
94,9,268,94,15,15,1,1,1
95,9,268,94,14,15,1,1,1
96,9,268,94,15,16,1,1,1
97,9,267,94,15,16,1,1,1
98,9,267,94,15,16,1,1,1
1,10,347,152,17,17,1,1,1
2,10,347,152,17,17,1,1,1
3,10,347,152,17,17,1,1,1
4,10,347,152,17,17,1,1,1
5,10,347,152,17,17,1,1,1
6,10,347,152,17,17,1,1,1
7,10,347,152,17,17,1,1,1
8,10,347,152,17,17,1,1,1
9,10,347,152,17,17,1,1,1
10,10,347,152,17,17,1,1,1
11,10,347,152,17,17,1,1,1
12,10,347,152,17,17,1,1,1
13,10,347,152,17,17,1,1,1
14,10,347,152,17,17,1,1,1
15,10,347,152,17,17,1,1,1
16,10,347,152,17,17,1,1,1
17,10,347,152,17,17,1,1,1
18,10,347,152,17,17,1,1,1
19,10,347,152,17,17,1,1,1
20,10,347,152,17,17,1,1,1
21,10,347,152,17,17,1,1,1
22,10,347,152,17,17,1,1,1
23,10,347,152,17,17,1,1,1
24,10,347,152,17,17,1,1,1
25,10,347,152,17,17,1,1,1
26,10,347,152,17,17,1,1,1
27,10,347,152,17,17,1,1,1
28,10,347,152,17,17,1,1,1
29,10,347,152,17,17,1,1,1
30,10,346,152,17,17,1,1,1
31,10,346,152,17,17,1,1,1
32,10,346,152,17,17,1,1,1
33,10,346,152,17,17,1,1,1
34,10,346,152,17,17,1,1,1
35,10,346,152,17,17,1,1,1
36,10,346,152,17,17,1,1,1
37,10,346,152,17,17,1,1,1
38,10,346,152,17,17,1,1,1
39,10,346,152,17,17,1,1,1
40,10,346,152,17,17,1,1,1
41,10,346,152,17,17,1,1,1
42,10,346,152,17,17,1,1,1
43,10,346,152,17,17,1,1,1
44,10,346,152,17,17,1,1,1
45,10,346,152,17,17,1,1,1
46,10,346,152,17,17,1,1,1
47,10,346,152,17,17,1,1,1
48,10,346,152,17,17,1,1,1
49,10,346,152,17,17,1,1,1
50,10,346,152,17,17,1,1,1
51,10,346,152,17,17,1,1,1
52,10,346,152,17,17,1,1,1
53,10,346,152,17,17,1,1,1
54,10,346,152,17,17,1,1,1
55,10,346,152,17,17,1,1,1
56,10,346,152,17,17,1,1,1
57,10,346,152,17,17,1,1,1
58,10,346,152,17,17,1,1,1
59,10,345,152,17,17,1,1,1
60,10,345,152,17,17,1,1,1
61,10,345,152,17,17,1,1,1
62,10,345,152,17,17,1,1,1
63,10,345,152,17,17,1,1,1
64,10,345,152,17,17,1,1,1
65,10,345,152,17,17,1,1,1
66,10,345,152,17,17,1,1,1
67,10,345,152,17,17,1,1,1
68,10,345,152,17,17,1,1,1
69,10,345,152,17,17,1,1,1
70,10,345,152,17,17,1,1,1
71,10,345,152,17,17,1,1,1
72,10,345,152,17,17,1,1,1
73,10,345,152,17,17,1,1,1
74,10,345,152,17,17,1,1,1
75,10,345,152,17,17,1,1,1
76,10,345,152,17,17,1,1,1
77,10,345,152,17,17,1,1,1
78,10,345,151,17,17,1,1,1
79,10,345,151,17,17,1,1,1
80,10,345,151,17,17,1,1,1
81,10,345,151,17,17,1,1,1
82,10,345,151,17,17,1,1,1
83,10,345,151,17,17,1,1,1
84,10,345,151,17,17,1,1,1
85,10,345,151,17,17,1,1,1
86,10,345,151,17,17,1,1,1
87,10,345,151,17,17,1,1,1
88,10,345,151,17,17,1,1,1
89,10,345,151,17,17,1,1,1
90,10,345,151,17,17,1,1,1
91,10,345,151,17,17,1,1,1
92,10,345,151,17,17,1,1,1
93,10,345,151,17,17,1,1,1
94,10,345,151,17,17,1,1,1
95,10,345,151,17,17,1,1,1
96,10,344,151,17,17,1,1,1
97,10,344,151,17,17,1,1,1
98,10,344,151,17,17,1,1,1
1,11,336,191,16,14,1,1,1
2,11,336,191,16,14,1,1,1
3,11,336,191,16,14,1,1,1
4,11,336,191,16,14,1,1,1
5,11,336,191,16,14,1,1,1
6,11,336,191,16,14,1,1,1
7,11,335,191,16,14,1,1,1
8,11,335,191,16,14,1,1,1
9,11,335,191,16,14,1,1,1
10,11,335,191,16,14,1,1,1
11,11,335,191,16,14,1,1,1
12,11,335,191,16,14,1,1,1
13,11,335,191,16,14,1,1,1
14,11,335,191,16,14,1,1,1
15,11,334,191,16,14,1,1,1
16,11,334,191,16,14,1,1,1
17,11,334,191,16,14,1,1,1
18,11,334,191,16,14,1,1,1
19,11,334,191,16,14,1,1,1
20,11,334,191,16,14,1,1,1
21,11,334,191,16,14,1,1,1
22,11,334,191,16,14,1,1,1
23,11,333,191,16,14,1,1,1
24,11,333,191,16,14,1,1,1
25,11,333,191,16,14,1,1,1
26,11,333,191,16,14,1,1,1
27,11,333,191,16,14,1,1,1
28,11,333,191,16,14,1,1,1
29,11,332,191,16,14,1,1,1
30,11,332,191,16,14,1,1,1
31,11,332,191,16,14,1,1,1
32,11,332,191,16,14,1,1,1
33,11,332,191,16,14,1,1,1
34,11,331,191,16,14,1,1,1
35,11,331,191,16,14,1,1,1
36,11,331,191,16,14,1,1,1
37,11,331,191,16,14,1,1,1
38,11,331,191,16,14,1,1,1
39,11,331,191,16,14,1,1,1
40,11,330,191,16,14,1,1,1
41,11,330,191,16,14,1,1,1
42,11,330,191,16,14,1,1,1
43,11,330,191,16,14,1,1,1
44,11,330,191,16,14,1,1,1
45,11,330,191,16,14,1,1,1
46,11,330,191,16,14,1,1,1
47,11,330,191,16,14,1,1,1
48,11,329,191,16,14,1,1,1
49,11,329,191,16,14,1,1,1
50,11,329,191,16,14,1,1,1
51,11,329,191,16,14,1,1,1
52,11,329,191,16,14,1,1,1
53,11,329,191,16,14,1,1,1
54,11,329,191,16,14,1,1,1
55,11,328,191,16,14,1,1,1
56,11,328,191,16,14,1,1,1
57,11,328,191,16,14,1,1,1
58,11,328,191,16,14,1,1,1
59,11,328,191,16,14,1,1,1
60,11,328,191,16,14,1,1,1
61,11,328,191,16,14,1,1,1
62,11,328,191,16,14,1,1,1
63,11,328,191,16,14,1,1,1
64,11,328,191,16,14,1,1,1
65,11,328,191,16,14,1,1,1
66,11,327,191,16,14,1,1,1
67,11,327,190,16,14,1,1,1
68,11,327,190,16,14,1,1,1
69,11,327,190,16,14,1,1,1
70,11,327,190,16,14,1,1,1
71,11,327,190,16,14,1,1,1
72,11,327,190,16,14,1,1,1
73,11,326,190,16,14,1,1,1
74,11,326,190,16,14,1,1,1
75,11,326,190,16,14,1,1,1
76,11,326,190,16,14,1,1,1
77,11,326,190,16,14,1,1,1
78,11,326,189,16,14,1,1,1
79,11,326,189,16,14,1,1,1
80,11,326,189,16,14,1,1,1
81,11,326,189,16,14,1,1,1
82,11,326,189,16,14,1,1,1
83,11,326,189,16,14,1,1,1
84,11,325,189,16,14,1,1,1
85,11,325,189,16,14,1,1,1
86,11,325,189,16,14,1,1,1
87,11,325,189,16,14,1,1,1
88,11,325,189,16,14,1,1,1
89,11,325,189,16,14,1,1,1
90,11,324,189,16,14,1,1,1
91,11,324,189,16,14,1,1,1
92,11,324,189,16,14,1,1,1
93,11,324,189,16,14,1,1,1
94,11,324,189,16,14,1,1,1
95,11,324,189,16,14,1,1,1
96,11,323,189,16,14,1,1,1
97,11,323,189,16,14,1,1,1
98,11,323,189,16,14,1,1,1
1,12,565,192,19,16,1,1,1
2,12,565,192,19,16,1,1,1
3,12,565,192,19,16,1,1,1
4,12,565,192,19,16,1,1,1
5,12,565,192,19,16,1,1,1
6,12,564,192,19,16,1,1,1
7,12,564,192,19,16,1,1,1
8,12,564,192,19,16,1,1,1
9,12,564,192,19,16,1,1,1
10,12,564,192,19,16,1,1,1
11,12,564,192,19,16,1,1,1
12,12,563,191,19,16,1,1,1
13,12,563,191,19,16,1,1,1
14,12,563,191,19,16,1,1,1
15,12,563,191,19,16,1,1,1
16,12,563,191,19,16,1,1,1
17,12,563,191,19,16,1,1,1
18,12,562,191,19,16,1,1,1
19,12,562,191,19,16,1,1,1
20,12,562,191,19,16,1,1,1
21,12,561,191,19,16,1,1,1
22,12,561,191,19,16,1,1,1
23,12,561,191,19,16,1,1,1
24,12,561,191,19,16,1,1,1
25,12,561,191,19,16,1,1,1
26,12,561,191,19,16,1,1,1
27,12,560,191,19,16,1,1,1
28,12,560,191,19,16,1,1,1
29,12,560,191,19,16,1,1,1
30,12,559,191,19,16,1,1,1
31,12,559,191,19,16,1,1,1
32,12,559,191,19,16,1,1,1
33,12,559,191,19,16,1,1,1
34,12,559,191,19,16,1,1,1
35,12,559,191,19,16,1,1,1
36,12,558,191,19,16,1,1,1
37,12,558,191,19,16,1,1,1
38,12,558,191,19,16,1,1,1
39,12,558,191,19,16,1,1,1
40,12,558,191,19,16,1,1,1
41,12,557,191,19,16,1,1,1
42,12,557,191,19,16,1,1,1
43,12,557,191,19,16,1,1,1
44,12,557,191,19,16,1,1,1
45,12,557,191,19,16,1,1,1
46,12,557,191,19,16,1,1,1
47,12,557,191,19,16,1,1,1
48,12,556,191,19,16,1,1,1
49,12,556,191,19,16,1,1,1
50,12,556,191,19,16,1,1,1
51,12,556,191,19,16,1,1,1
52,12,556,191,19,16,1,1,1
53,12,555,191,19,16,1,1,1
54,12,555,191,19,16,1,1,1
55,12,555,191,19,16,1,1,1
56,12,555,191,19,16,1,1,1
57,12,555,191,19,16,1,1,1
58,12,555,191,19,16,1,1,1
59,12,555,191,19,16,1,1,1
60,12,555,191,19,16,1,1,1
61,12,554,191,19,16,1,1,1
62,12,554,191,19,16,1,1,1
63,12,554,191,19,16,1,1,1
64,12,554,191,19,16,1,1,1
65,12,554,191,19,16,1,1,1
66,12,554,191,19,16,1,1,1
67,12,553,191,19,16,1,1,1
68,12,553,191,19,16,1,1,1
69,12,553,191,19,16,1,1,1
70,12,553,191,19,16,1,1,1
71,12,553,191,19,16,1,1,1
72,12,552,191,19,16,1,1,1
73,12,552,191,19,16,1,1,1
74,12,552,191,19,16,1,1,1
75,12,552,190,19,16,1,1,1
76,12,552,190,19,16,1,1,1
77,12,552,190,19,16,1,1,1
78,12,551,190,19,16,1,1,1
79,12,551,190,19,16,1,1,1
80,12,551,190,19,16,1,1,1
81,12,551,190,19,16,1,1,1
82,12,551,190,19,16,1,1,1
83,12,551,190,19,16,1,1,1
84,12,550,190,19,16,1,1,1
85,12,550,190,19,16,1,1,1
86,12,550,190,19,16,1,1,1
87,12,550,190,19,16,1,1,1
88,12,550,190,19,16,1,1,1
89,12,550,190,19,16,1,1,1
90,12,549,190,19,16,1,1,1
91,12,549,190,19,16,1,1,1
92,12,549,190,19,16,1,1,1
93,12,549,190,19,16,1,1,1
94,12,548,190,19,16,1,1,1
95,12,548,190,19,16,1,1,1
96,12,548,190,19,16,1,1,1
97,12,547,190,19,16,1,1,1
98,12,547,190,19,16,1,1,1
19,13,0,27,12,25,1,1,1
20,13,0,27,12,25,1,1,1
21,13,2,27,15,26,1,1,1
22,13,1,27,21,25,1,1,1
23,13,6,27,21,25,1,1,1
24,13,16,27,21,25,1,1,1
25,13,21,27,21,25,1,1,1
26,13,21,27,21,25,1,1,1
27,13,25,27,21,25,1,1,1
28,13,30,27,21,25,1,1,1
29,13,35,27,21,25,1,1,1
30,13,45,27,21,25,1,1,1
31,13,50,27,21,25,1,1,1
32,13,50,27,21,25,1,1,1
33,13,55,27,21,25,1,1,1
34,13,60,27,21,25,1,1,1
35,13,65,27,21,25,1,1,1
36,13,75,26,21,25,1,1,1
37,13,80,26,21,25,1,1,1
38,13,80,26,21,25,1,1,1
39,13,85,26,21,24,1,1,1
40,13,90,26,21,24,1,1,1
41,13,95,26,21,25,1,1,1
42,13,104,26,21,25,1,1,1
43,13,109,26,21,25,1,1,1
44,13,109,26,21,25,1,1,1
45,13,114,26,21,25,1,1,1
46,13,119,26,21,25,1,1,1
47,13,124,26,21,25,1,1,1
48,13,134,26,21,25,1,1,1
49,13,138,26,21,25,1,1,1
50,13,138,26,21,25,1,1,1
51,13,143,25,21,25,1,1,1
52,13,148,25,21,25,1,1,1
53,13,154,25,21,25,1,1,1
54,13,163,25,21,25,1,1,1
55,13,168,25,21,25,1,1,1
56,13,168,25,21,25,1,1,1
57,13,173,25,21,25,1,1,1
58,13,178,25,21,25,1,1,1
59,13,183,24,21,25,1,1,1
60,13,193,24,21,25,1,1,1
61,13,198,24,21,25,1,1,1
62,13,198,24,21,25,1,1,1
63,13,203,23,21,25,1,1,1
64,13,208,23,21,25,1,1,1
65,13,213,23,21,25,1,1,1
66,13,224,23,20,24,1,1,1
67,13,229,23,21,25,1,1,1
68,13,229,23,21,25,1,1,1
69,13,234,23,21,25,1,1,1
70,13,239,22,21,25,1,1,1
71,13,244,22,21,25,1,1,1
72,13,254,22,21,25,1,1,1
73,13,259,22,21,25,1,1,1
74,13,259,22,21,25,1,1,1
75,13,265,22,21,25,1,1,1
76,13,270,21,21,25,1,1,1
77,13,275,21,21,25,1,1,1
78,13,285,21,21,25,1,1,1
79,13,290,20,21,25,1,1,1
80,13,290,20,21,25,1,1,1
81,13,295,20,21,25,1,1,1
82,13,300,20,21,25,1,1,1
83,13,305,20,21,25,1,1,1
84,13,315,20,21,25,1,1,1
85,13,320,19,21,26,1,1,1
86,13,320,19,21,26,1,1,1
87,13,325,19,21,26,1,1,1
88,13,330,19,21,26,1,1,1
89,13,336,19,21,26,1,1,1
90,13,346,19,21,26,1,1,1
91,13,351,18,21,26,1,1,1
92,13,351,18,21,26,1,1,1
93,13,355,18,22,26,1,1,1
94,13,361,18,22,26,1,1,1
95,13,366,18,22,26,1,1,1
96,13,376,18,22,26,1,1,1
97,13,381,17,22,26,1,1,1
98,13,381,18,21,26,1,1,1
25,14,613,183,12,17,1,1,1
26,14,613,183,12,17,1,1,1
27,14,613,183,12,17,1,1,1
28,14,612,183,12,17,1,1,1
29,14,612,183,12,17,1,1,1
30,14,612,184,12,17,1,1,1
31,14,612,184,15,17,1,1,1
32,14,612,184,13,17,1,1,1
33,14,612,184,13,17,1,1,1
34,14,611,184,13,17,1,1,1
35,14,611,184,13,17,1,1,1
36,14,611,185,13,17,1,1,1
37,14,610,185,16,18,1,1,1
38,14,610,185,15,18,1,1,1
39,14,610,185,15,18,1,1,1
40,14,609,185,15,18,1,1,1
41,14,609,185,15,18,1,1,1
42,14,608,186,15,18,1,1,1
43,14,608,186,15,18,1,1,1
44,14,608,186,15,18,1,1,1
45,14,608,186,15,18,1,1,1
46,14,608,186,15,18,1,1,1
47,14,607,186,15,18,1,1,1
48,14,607,187,15,18,1,1,1
49,14,607,187,15,18,1,1,1
50,14,607,187,15,18,1,1,1
51,14,606,187,15,18,1,1,1
52,14,606,187,15,18,1,1,1
53,14,606,187,15,18,1,1,1
54,14,605,187,15,18,1,1,1
55,14,605,188,15,18,1,1,1
56,14,605,188,15,18,1,1,1
57,14,605,188,15,18,1,1,1
58,14,605,188,15,18,1,1,1
59,14,605,188,15,18,1,1,1
60,14,605,188,15,18,1,1,1
61,14,605,188,15,18,1,1,1
62,14,605,188,15,18,1,1,1
63,14,604,188,15,18,1,1,1
64,14,604,188,15,18,1,1,1
65,14,604,188,15,18,1,1,1
66,14,604,189,15,18,1,1,1
67,14,603,189,15,18,1,1,1
68,14,603,189,15,18,1,1,1
69,14,603,189,15,18,1,1,1
70,14,603,189,15,18,1,1,1
71,14,603,189,15,18,1,1,1
72,14,602,189,15,18,1,1,1
73,14,602,190,15,18,1,1,1
74,14,602,190,15,18,1,1,1
75,14,602,190,15,18,1,1,1
76,14,602,190,15,18,1,1,1
77,14,602,190,15,18,1,1,1
78,14,601,190,15,18,1,1,1
79,14,601,190,15,18,1,1,1
80,14,601,190,15,18,1,1,1
81,14,601,190,15,18,1,1,1
82,14,600,190,15,18,1,1,1
83,14,600,190,15,18,1,1,1
84,14,600,190,15,18,1,1,1
85,14,600,190,15,18,1,1,1
86,14,599,190,15,18,1,1,1
87,14,599,191,15,18,1,1,1
88,14,599,191,15,18,1,1,1
89,14,599,191,15,18,1,1,1
90,14,598,191,15,18,1,1,1
91,14,598,191,15,18,1,1,1
92,14,598,191,15,18,1,1,1
93,14,598,191,15,18,1,1,1
94,14,597,192,15,18,1,1,1
95,14,597,192,15,18,1,1,1
96,14,596,192,15,18,1,1,1
97,14,596,192,15,18,1,1,1
98,14,596,192,15,18,1,1,1
