1,1,87,189,23,16,1,1,1
2,1,87,189,23,16,1,1,1
3,1,87,189,23,16,1,1,1
4,1,87,188,23,16,1,1,1
5,1,87,188,23,16,1,1,1
6,1,87,188,23,16,1,1,1
7,1,87,188,23,16,1,1,1
8,1,87,188,23,16,1,1,1
9,1,87,188,23,16,1,1,1
10,1,87,188,23,16,1,1,1
11,1,87,188,23,16,1,1,1
12,1,87,188,23,16,1,1,1
13,1,87,188,23,16,1,1,1
14,1,87,189,23,16,1,1,1
15,1,87,189,23,16,1,1,1
16,1,87,189,23,16,1,1,1
17,1,87,189,23,16,1,1,1
18,1,87,190,23,16,1,1,1
19,1,87,190,23,16,1,1,1
20,1,87,190,23,16,1,1,1
21,1,87,191,23,16,1,1,1
22,1,87,191,23,16,1,1,1
23,1,87,191,23,16,1,1,1
24,1,87,191,23,16,1,1,1
25,1,87,191,23,16,1,1,1
26,1,87,191,23,16,1,1,1
27,1,87,191,23,16,1,1,1
28,1,87,191,23,16,1,1,1
29,1,87,191,23,16,1,1,1
30,1,87,191,23,16,1,1,1
31,1,87,191,23,16,1,1,1
32,1,88,191,23,16,1,1,1
33,1,88,190,23,16,1,1,1
34,1,88,190,23,16,1,1,1
35,1,88,190,23,16,1,1,1
36,1,88,190,23,16,1,1,1
37,1,87,190,23,16,1,1,1
38,1,87,190,23,16,1,1,1
39,1,87,190,23,16,1,1,1
40,1,86,190,23,16,1,1,1
41,1,86,190,23,16,1,1,1
42,1,86,190,24,16,1,1,1
43,1,85,190,23,16,1,1,1
44,1,85,190,23,16,1,1,1
45,1,85,190,23,16,1,1,1
46,1,85,190,23,16,1,1,1
47,1,84,189,24,16,1,1,1
48,1,84,189,23,16,1,1,1
49,1,84,189,23,16,1,1,1
50,1,83,189,24,16,1,1,1
51,1,83,189,24,16,1,1,1
52,1,83,189,24,16,1,1,1
53,1,83,189,24,16,1,1,1
54,1,82,189,24,16,1,1,1
55,1,82,189,24,16,1,1,1
56,1,82,189,24,16,1,1,1
57,1,81,189,24,17,1,1,1
58,1,81,189,24,17,1,1,1
59,1,81,189,24,17,1,1,1
60,1,80,189,24,17,1,1,1
61,1,80,189,24,17,1,1,1
62,1,80,189,24,17,1,1,1
63,1,79,189,24,17,1,1,1
64,1,79,189,24,17,1,1,1
65,1,79,189,24,17,1,1,1
66,1,78,189,24,17,1,1,1
67,1,78,189,24,17,1,1,1
68,1,78,189,24,17,1,1,1
69,1,77,189,24,17,1,1,1
70,1,77,189,24,17,1,1,1
71,1,77,189,24,17,1,1,1
72,1,76,189,24,17,1,1,1
73,1,76,189,24,17,1,1,1
74,1,76,189,25,17,1,1,1
75,1,75,189,25,17,1,1,1
76,1,75,189,25,17,1,1,1
77,1,75,189,25,17,1,1,1
78,1,74,189,25,17,1,1,1
79,1,74,190,25,17,1,1,1
80,1,74,189,25,17,1,1,1
81,1,73,190,25,17,1,1,1
82,1,73,190,25,17,1,1,1
83,1,72,190,25,17,1,1,1
84,1,72,190,25,17,1,1,1
85,1,71,190,25,18,1,1,1
86,1,71,191,25,17,1,1,1
87,1,71,191,25,18,1,1,1
88,1,70,191,25,18,1,1,1
89,1,70,191,25,18,1,1,1
90,1,69,191,25,18,1,1,1
91,1,69,191,25,18,1,1,1
92,1,69,191,25,18,1,1,1
93,1,68,192,25,18,1,1,1
94,1,68,192,25,18,1,1,1
95,1,67,192,25,18,1,1,1
96,1,67,192,25,18,1,1,1
97,1,66,192,26,18,1,1,1
98,1,66,192,26,18,1,1,1
99,1,65,192,26,18,1,1,1
100,1,65,193,25,18,1,1,1
101,1,65,192,26,18,1,1,1
102,1,64,193,26,18,1,1,1
103,1,64,193,26,18,1,1,1
104,1,63,193,26,18,1,1,1
105,1,63,193,26,18,1,1,1
106,1,62,193,26,18,1,1,1
107,1,62,193,26,18,1,1,1
108,1,62,193,26,18,1,1,1
109,1,61,193,26,18,1,1,1
110,1,61,193,26,18,1,1,1
111,1,61,194,26,18,1,1,1
112,1,60,194,26,18,1,1,1
113,1,60,194,26,18,1,1,1
114,1,60,194,26,18,1,1,1
115,1,59,194,26,18,1,1,1
116,1,59,194,26,18,1,1,1
117,1,59,194,26,18,1,1,1
118,1,58,195,26,18,1,1,1
119,1,58,195,26,18,1,1,1
120,1,58,195,26,18,1,1,1
121,1,58,195,26,18,1,1,1
122,1,58,195,26,18,1,1,1
123,1,58,195,26,18,1,1,1
124,1,58,195,26,18,1,1,1
125,1,58,195,26,18,1,1,1
126,1,58,195,26,18,1,1,1
127,1,58,195,26,18,1,1,1
128,1,58,195,26,18,1,1,1
129,1,58,195,26,18,1,1,1
130,1,58,195,26,18,1,1,1
131,1,58,195,26,18,1,1,1
132,1,58,194,26,18,1,1,1
133,1,58,194,26,18,1,1,1
134,1,58,194,26,18,1,1,1
135,1,58,194,26,18,1,1,1
136,1,58,194,26,18,1,1,1
137,1,58,194,26,18,1,1,1
138,1,58,194,26,18,1,1,1
139,1,57,194,26,18,1,1,1
140,1,57,194,26,18,1,1,1
141,1,57,194,26,18,1,1,1
142,1,57,194,26,18,1,1,1
143,1,57,194,26,18,1,1,1
144,1,57,194,26,18,1,1,1
145,1,57,194,26,18,1,1,1
146,1,57,194,26,18,1,1,1
147,1,57,194,26,18,1,1,1
148,1,57,194,26,18,1,1,1
149,1,57,194,26,18,1,1,1
150,1,57,194,26,18,1,1,1
151,1,57,194,26,18,1,1,1
152,1,57,194,26,18,1,1,1
153,1,57,194,26,18,1,1,1
1,2,103,164,25,16,1,1,1
2,2,103,164,25,16,1,1,1
3,2,103,164,25,16,1,1,1
4,2,103,164,25,16,1,1,1
5,2,103,164,25,16,1,1,1
6,2,103,163,25,16,1,1,1
7,2,103,163,25,16,1,1,1
8,2,102,163,25,16,1,1,1
9,2,102,164,25,16,1,1,1
10,2,102,164,25,16,1,1,1
11,2,102,164,25,16,1,1,1
12,2,102,164,25,16,1,1,1
13,2,102,164,25,16,1,1,1
14,2,102,165,25,16,1,1,1
15,2,102,165,25,16,1,1,1
16,2,102,166,25,16,1,1,1
17,2,102,166,25,16,1,1,1
18,2,102,166,25,16,1,1,1
19,2,102,167,25,16,1,1,1
20,2,102,167,25,16,1,1,1
21,2,102,168,25,16,1,1,1
22,2,102,168,25,16,1,1,1
23,2,102,168,25,16,1,1,1
24,2,102,169,25,16,1,1,1
25,2,102,169,25,16,1,1,1
26,2,102,169,25,16,1,1,1
27,2,102,169,25,16,1,1,1
28,2,102,169,25,16,1,1,1
29,2,102,169,25,16,1,1,1
30,2,102,169,25,16,1,1,1
31,2,102,169,25,16,1,1,1
32,2,102,169,25,16,1,1,1
33,2,102,169,25,16,1,1,1
34,2,102,169,25,16,1,1,1
35,2,102,169,25,16,1,1,1
36,2,102,169,25,16,1,1,1
37,2,102,169,25,16,1,1,1
38,2,102,169,25,16,1,1,1
39,2,101,169,25,16,1,1,1
40,2,101,169,25,16,1,1,1
41,2,101,169,25,16,1,1,1
42,2,100,169,25,16,1,1,1
43,2,100,169,25,16,1,1,1
44,2,100,169,25,16,1,1,1
45,2,99,169,25,16,1,1,1
46,2,99,169,25,16,1,1,1
47,2,99,169,25,16,1,1,1
48,2,99,169,25,16,1,1,1
49,2,98,169,25,16,1,1,1
50,2,98,169,25,16,1,1,1
51,2,98,169,25,16,1,1,1
52,2,97,169,25,16,1,1,1
53,2,97,169,25,16,1,1,1
54,2,97,169,25,16,1,1,1
55,2,97,168,25,16,1,1,1
56,2,96,168,26,16,1,1,1
57,2,96,168,26,16,1,1,1
58,2,96,168,26,16,1,1,1
59,2,95,168,26,16,1,1,1
60,2,95,168,26,16,1,1,1
61,2,94,168,26,17,1,1,1
62,2,95,168,26,16,1,1,1
63,2,94,168,26,17,1,1,1
64,2,94,168,26,16,1,1,1
65,2,93,168,26,17,1,1,1
66,2,93,168,26,17,1,1,1
67,2,93,168,26,17,1,1,1
68,2,92,168,26,17,1,1,1
69,2,92,168,26,17,1,1,1
70,2,92,168,26,17,1,1,1
71,2,91,168,26,17,1,1,1
72,2,91,168,26,17,1,1,1
73,2,91,168,26,17,1,1,1
74,2,90,168,26,17,1,1,1
75,2,90,168,26,17,1,1,1
76,2,90,168,26,17,1,1,1
77,2,89,168,26,17,1,1,1
78,2,89,168,27,17,1,1,1
79,2,89,168,26,17,1,1,1
80,2,88,168,27,17,1,1,1
81,2,88,169,27,17,1,1,1
82,2,87,169,27,17,1,1,1
83,2,87,169,27,17,1,1,1
84,2,87,169,27,17,1,1,1
85,2,86,169,27,17,1,1,1
86,2,86,169,27,17,1,1,1
87,2,86,169,27,17,1,1,1
88,2,85,169,27,17,1,1,1
89,2,85,170,27,17,1,1,1
90,2,85,170,27,17,1,1,1
91,2,85,170,27,17,1,1,1
92,2,84,170,27,17,1,1,1
93,2,84,170,27,17,1,1,1
94,2,83,170,27,17,1,1,1
95,2,83,170,27,18,1,1,1
96,2,83,170,27,18,1,1,1
97,2,82,170,27,18,1,1,1
98,2,82,170,28,18,1,1,1
99,2,82,170,28,18,1,1,1
100,2,81,170,28,18,1,1,1
101,2,81,170,28,18,1,1,1
102,2,81,170,28,18,1,1,1
103,2,81,170,28,18,1,1,1
104,2,80,171,28,18,1,1,1
105,2,80,171,28,18,1,1,1
106,2,80,171,28,18,1,1,1
107,2,80,171,28,18,1,1,1
108,2,79,171,28,18,1,1,1
109,2,79,171,28,18,1,1,1
110,2,79,171,28,18,1,1,1
111,2,78,171,28,18,1,1,1
112,2,78,171,28,18,1,1,1
113,2,78,171,28,18,1,1,1
114,2,78,171,28,18,1,1,1
115,2,78,171,28,18,1,1,1
116,2,77,171,28,18,1,1,1
117,2,77,171,28,18,1,1,1
118,2,77,171,28,18,1,1,1
119,2,77,171,28,18,1,1,1
120,2,77,171,28,18,1,1,1
121,2,77,171,28,18,1,1,1
122,2,77,171,28,18,1,1,1
123,2,77,171,28,18,1,1,1
124,2,77,171,28,18,1,1,1
125,2,77,171,28,18,1,1,1
126,2,77,171,28,18,1,1,1
127,2,77,171,28,18,1,1,1
128,2,77,171,28,18,1,1,1
129,2,77,171,28,18,1,1,1
130,2,77,171,28,18,1,1,1
131,2,77,171,28,18,1,1,1
132,2,77,171,28,18,1,1,1
133,2,77,171,28,18,1,1,1
134,2,77,171,28,18,1,1,1
135,2,77,171,28,18,1,1,1
136,2,77,171,28,18,1,1,1
137,2,77,170,28,18,1,1,1
138,2,77,170,28,18,1,1,1
139,2,77,170,29,18,1,1,1
140,2,77,170,29,18,1,1,1
141,2,77,170,29,18,1,1,1
142,2,77,170,28,18,1,1,1
143,2,77,170,28,18,1,1,1
144,2,77,170,28,18,1,1,1
145,2,77,170,28,18,1,1,1
146,2,77,170,28,18,1,1,1
147,2,77,170,28,18,1,1,1
148,2,77,170,28,18,1,1,1
149,2,77,170,28,18,1,1,1
150,2,77,170,28,18,1,1,1
151,2,77,170,28,18,1,1,1
152,2,77,170,28,18,1,1,1
153,2,77,170,28,18,1,1,1
1,3,120,150,28,20,1,1,1
2,3,120,150,28,20,1,1,1
3,3,120,149,28,20,1,1,1
4,3,120,149,28,20,1,1,1
5,3,120,149,28,20,1,1,1
6,3,120,149,28,20,1,1,1
7,3,120,149,28,20,1,1,1
8,3,120,148,28,20,1,1,1
9,3,120,148,28,20,1,1,1
10,3,120,148,28,20,1,1,1
11,3,120,148,28,20,1,1,1
12,3,120,148,28,20,1,1,1
13,3,120,148,28,20,1,1,1
14,3,120,149,28,20,1,1,1
15,3,120,149,28,20,1,1,1
16,3,120,149,28,20,1,1,1
17,3,120,150,28,20,1,1,1
18,3,120,150,28,20,1,1,1
19,3,120,150,28,20,1,1,1
20,3,120,150,28,20,1,1,1
21,3,120,151,28,20,1,1,1
22,3,120,151,28,20,1,1,1
23,3,120,151,28,20,1,1,1
24,3,120,151,28,20,1,1,1
25,3,120,151,28,20,1,1,1
26,3,120,151,28,20,1,1,1
27,3,120,151,28,20,1,1,1
28,3,120,151,28,20,1,1,1
29,3,120,151,28,20,1,1,1
30,3,120,151,28,20,1,1,1
31,3,120,151,28,20,1,1,1
32,3,120,150,28,20,1,1,1
33,3,120,150,28,20,1,1,1
34,3,120,150,28,20,1,1,1
35,3,120,150,28,20,1,1,1
36,3,120,150,28,20,1,1,1
37,3,120,150,28,20,1,1,1
38,3,120,150,28,20,1,1,1
39,3,120,150,28,20,1,1,1
40,3,119,149,28,20,1,1,1
41,3,119,149,28,20,1,1,1
42,3,119,149,28,20,1,1,1
43,3,119,149,28,20,1,1,1
44,3,118,149,28,20,1,1,1
45,3,118,149,28,20,1,1,1
46,3,118,148,28,20,1,1,1
47,3,118,148,28,20,1,1,1
48,3,117,148,28,20,1,1,1
49,3,117,148,28,20,1,1,1
50,3,117,148,28,20,1,1,1
51,3,116,148,28,20,1,1,1
52,3,116,148,28,20,1,1,1
53,3,116,147,28,20,1,1,1
54,3,116,147,28,20,1,1,1
55,3,116,147,28,20,1,1,1
56,3,115,147,28,20,1,1,1
57,3,115,147,28,20,1,1,1
58,3,115,147,29,20,1,1,1
59,3,114,146,29,20,1,1,1
60,3,114,146,29,20,1,1,1
61,3,114,146,29,20,1,1,1
62,3,114,146,29,21,1,1,1
63,3,113,146,29,21,1,1,1
64,3,113,146,29,20,1,1,1
65,3,113,146,28,20,1,1,1
66,3,112,146,29,21,1,1,1
67,3,112,145,29,21,1,1,1
68,3,112,145,29,21,1,1,1
69,3,112,145,29,21,1,1,1
70,3,111,145,29,21,1,1,1
71,3,111,145,29,21,1,1,1
72,3,111,145,29,21,1,1,1
73,3,110,145,29,21,1,1,1
74,3,110,145,29,21,1,1,1
75,3,109,145,29,21,1,1,1
76,3,109,145,29,21,1,1,1
77,3,109,145,29,21,1,1,1
78,3,108,145,30,21,1,1,1
79,3,108,145,30,21,1,1,1
80,3,108,145,30,21,1,1,1
81,3,108,145,30,21,1,1,1
82,3,107,145,30,21,1,1,1
83,3,107,145,30,21,1,1,1
84,3,107,145,30,21,1,1,1
85,3,106,145,30,21,1,1,1
86,3,106,145,30,21,1,1,1
87,3,106,145,30,21,1,1,1
88,3,106,145,30,21,1,1,1
89,3,105,145,30,21,1,1,1
90,3,105,145,30,21,1,1,1
91,3,105,145,30,21,1,1,1
92,3,105,145,30,21,1,1,1
93,3,104,145,30,22,1,1,1
94,3,104,145,30,22,1,1,1
95,3,104,145,30,22,1,1,1
96,3,104,145,30,22,1,1,1
97,3,104,145,30,22,1,1,1
98,3,103,145,30,22,1,1,1
99,3,103,145,30,22,1,1,1
100,3,103,145,30,22,1,1,1
101,3,103,145,31,22,1,1,1
102,3,103,145,30,22,1,1,1
103,3,102,145,30,22,1,1,1
104,3,102,145,31,22,1,1,1
105,3,102,145,31,22,1,1,1
106,3,102,145,31,22,1,1,1
107,3,102,145,31,22,1,1,1
108,3,101,145,31,22,1,1,1
109,3,101,145,31,22,1,1,1
110,3,101,145,31,22,1,1,1
111,3,101,145,31,22,1,1,1
112,3,101,145,31,22,1,1,1
113,3,100,145,31,22,1,1,1
114,3,100,145,31,22,1,1,1
115,3,100,145,31,22,1,1,1
116,3,100,145,31,22,1,1,1
117,3,100,145,31,22,1,1,1
118,3,99,145,31,22,1,1,1
119,3,99,145,31,22,1,1,1
120,3,99,145,31,22,1,1,1
121,3,99,145,31,22,1,1,1
122,3,99,145,31,22,1,1,1
123,3,99,145,31,22,1,1,1
124,3,99,145,31,22,1,1,1
125,3,99,145,31,22,1,1,1
126,3,99,145,31,22,1,1,1
127,3,99,144,31,22,1,1,1
128,3,99,144,31,22,1,1,1
129,3,99,144,31,22,1,1,1
130,3,99,144,31,22,1,1,1
131,3,99,144,31,22,1,1,1
132,3,99,144,31,22,1,1,1
133,3,99,144,31,22,1,1,1
134,3,99,144,31,22,1,1,1
135,3,99,144,31,22,1,1,1
136,3,99,144,31,22,1,1,1
137,3,99,143,31,22,1,1,1
138,3,99,143,31,22,1,1,1
139,3,99,143,31,22,1,1,1
140,3,98,143,31,22,1,1,1
141,3,98,143,31,22,1,1,1
142,3,98,143,31,22,1,1,1
143,3,98,143,31,22,1,1,1
144,3,98,143,31,22,1,1,1
145,3,98,143,31,22,1,1,1
146,3,98,143,31,22,1,1,1
147,3,98,143,31,22,1,1,1
148,3,98,143,31,22,1,1,1
149,3,98,143,31,22,1,1,1
150,3,98,143,31,22,1,1,1
151,3,98,143,31,22,1,1,1
152,3,98,143,31,22,1,1,1
153,3,98,143,31,22,1,1,1
1,4,140,120,35,21,1,1,1
2,4,140,120,35,21,1,1,1
3,4,140,119,35,21,1,1,1
4,4,140,119,35,21,1,1,1
5,4,140,119,35,21,1,1,1
6,4,140,118,35,21,1,1,1
7,4,140,118,35,21,1,1,1
8,4,140,118,35,21,1,1,1
9,4,140,118,35,21,1,1,1
10,4,140,118,35,21,1,1,1
11,4,140,118,35,21,1,1,1
12,4,140,118,35,21,1,1,1
13,4,140,118,35,21,1,1,1
14,4,140,118,35,21,1,1,1
15,4,140,118,35,21,1,1,1
16,4,140,118,34,21,1,1,1
17,4,140,119,35,21,1,1,1
18,4,140,119,34,21,1,1,1
19,4,140,119,34,21,1,1,1
20,4,140,119,34,21,1,1,1
21,4,140,120,34,21,1,1,1
22,4,140,120,34,21,1,1,1
23,4,140,120,34,21,1,1,1
24,4,140,120,34,21,1,1,1
25,4,141,120,34,21,1,1,1
26,4,141,120,34,21,1,1,1
27,4,141,120,34,21,1,1,1
28,4,141,120,34,21,1,1,1
29,4,141,119,34,20,1,1,1
30,4,141,119,34,21,1,1,1
31,4,141,119,34,20,1,1,1
32,4,141,119,34,20,1,1,1
33,4,141,119,34,20,1,1,1
34,4,141,119,34,20,1,1,1
35,4,141,118,34,20,1,1,1
36,4,141,118,34,20,1,1,1
37,4,141,118,34,20,1,1,1
38,4,141,117,34,21,1,1,1
39,4,141,117,34,21,1,1,1
40,4,141,117,35,21,1,1,1
41,4,141,116,34,21,1,1,1
42,4,140,116,34,21,1,1,1
43,4,140,116,34,21,1,1,1
44,4,140,115,35,21,1,1,1
45,4,140,115,35,21,1,1,1
46,4,140,115,35,21,1,1,1
47,4,140,114,35,21,1,1,1
48,4,140,114,35,21,1,1,1
49,4,139,114,35,21,1,1,1
50,4,139,114,35,21,1,1,1
51,4,139,113,35,21,1,1,1
52,4,139,113,35,21,1,1,1
53,4,139,113,35,21,1,1,1
54,4,139,112,35,21,1,1,1
55,4,138,112,35,21,1,1,1
56,4,138,112,35,21,1,1,1
57,4,138,111,35,21,1,1,1
58,4,138,111,35,21,1,1,1
59,4,138,111,35,21,1,1,1
60,4,137,110,35,21,1,1,1
61,4,137,110,35,21,1,1,1
62,4,137,110,35,21,1,1,1
63,4,137,109,35,21,1,1,1
64,4,136,109,36,21,1,1,1
65,4,136,109,36,21,1,1,1
66,4,136,109,36,21,1,1,1
67,4,136,108,36,21,1,1,1
68,4,136,108,36,22,1,1,1
69,4,135,108,36,22,1,1,1
70,4,135,107,36,22,1,1,1
71,4,135,107,36,22,1,1,1
72,4,135,107,36,22,1,1,1
73,4,135,107,36,22,1,1,1
74,4,134,106,36,22,1,1,1
75,4,134,106,36,22,1,1,1
76,4,134,106,36,22,1,1,1
77,4,134,106,36,22,1,1,1
78,4,133,105,36,22,1,1,1
79,4,133,105,37,22,1,1,1
80,4,133,105,37,22,1,1,1
81,4,133,105,37,22,1,1,1
82,4,133,105,37,22,1,1,1
83,4,132,105,37,22,1,1,1
84,4,132,104,37,22,1,1,1
85,4,132,104,37,22,1,1,1
86,4,132,104,37,22,1,1,1
87,4,131,104,37,22,1,1,1
88,4,131,104,37,22,1,1,1
89,4,131,104,37,22,1,1,1
90,4,131,103,37,22,1,1,1
91,4,131,103,38,23,1,1,1
92,4,131,103,38,23,1,1,1
93,4,130,103,38,23,1,1,1
94,4,130,103,38,23,1,1,1
95,4,130,102,38,23,1,1,1
96,4,130,102,38,23,1,1,1
97,4,130,102,38,23,1,1,1
98,4,129,102,38,23,1,1,1
99,4,129,102,38,23,1,1,1
100,4,129,102,38,23,1,1,1
101,4,129,102,38,23,1,1,1
102,4,129,101,38,23,1,1,1
103,4,128,101,38,23,1,1,1
104,4,128,101,38,23,1,1,1
105,4,128,101,38,23,1,1,1
106,4,128,101,38,23,1,1,1
107,4,128,101,39,23,1,1,1
108,4,127,100,39,23,1,1,1
109,4,127,100,39,23,1,1,1
110,4,127,100,39,23,1,1,1
111,4,127,100,39,23,1,1,1
112,4,127,100,39,23,1,1,1
113,4,126,100,39,23,1,1,1
114,4,126,100,39,23,1,1,1
115,4,126,99,39,23,1,1,1
116,4,126,99,39,23,1,1,1
117,4,126,99,39,24,1,1,1
118,4,125,99,39,24,1,1,1
119,4,125,99,39,24,1,1,1
120,4,125,99,39,24,1,1,1
121,4,125,99,39,24,1,1,1
122,4,125,99,39,24,1,1,1
123,4,125,99,39,24,1,1,1
124,4,125,99,39,24,1,1,1
125,4,125,99,39,24,1,1,1
126,4,125,99,39,24,1,1,1
127,4,125,99,39,24,1,1,1
128,4,125,99,39,24,1,1,1
129,4,124,98,39,24,1,1,1
130,4,124,98,39,24,1,1,1
131,4,124,98,39,24,1,1,1
132,4,124,98,39,24,1,1,1
133,4,124,98,39,24,1,1,1
134,4,124,98,39,24,1,1,1
135,4,124,98,39,24,1,1,1
136,4,124,98,39,24,1,1,1
137,4,124,98,39,24,1,1,1
138,4,124,98,39,24,1,1,1
139,4,124,98,39,24,1,1,1
140,4,124,97,39,24,1,1,1
141,4,123,97,39,24,1,1,1
142,4,124,97,39,24,1,1,1
143,4,123,97,39,24,1,1,1
144,4,123,97,39,24,1,1,1
145,4,123,97,39,24,1,1,1
146,4,123,97,40,24,1,1,1
147,4,123,97,40,24,1,1,1
148,4,123,97,40,24,1,1,1
149,4,123,97,39,24,1,1,1
150,4,123,97,39,24,1,1,1
151,4,124,97,39,24,1,1,1
152,4,124,97,39,24,1,1,1
153,4,124,97,39,24,1,1,1
1,5,173,76,36,23,1,1,1
2,5,173,76,36,23,1,1,1
3,5,173,75,36,23,1,1,1
4,5,173,75,36,23,1,1,1
5,5,173,75,36,23,1,1,1
6,5,172,75,36,23,1,1,1
7,5,172,75,36,23,1,1,1
8,5,172,75,36,23,1,1,1
9,5,172,75,36,23,1,1,1
10,5,172,75,36,23,1,1,1
11,5,172,75,36,23,1,1,1
12,5,172,75,36,23,1,1,1
13,5,172,75,36,23,1,1,1
14,5,172,75,36,23,1,1,1
15,5,172,76,36,23,1,1,1
16,5,172,76,36,23,1,1,1
17,5,172,76,36,23,1,1,1
18,5,172,77,36,23,1,1,1
19,5,172,77,36,23,1,1,1
20,5,172,77,36,23,1,1,1
21,5,172,78,36,23,1,1,1
22,5,172,78,36,23,1,1,1
23,5,172,78,36,23,1,1,1
24,5,172,78,36,23,1,1,1
25,5,172,78,36,23,1,1,1
26,5,172,78,36,23,1,1,1
27,5,172,78,36,23,1,1,1
28,5,172,78,36,23,1,1,1
29,5,172,78,36,23,1,1,1
30,5,172,78,36,23,1,1,1
31,5,172,78,36,23,1,1,1
32,5,172,78,36,23,1,1,1
33,5,172,77,36,23,1,1,1
34,5,172,77,36,23,1,1,1
35,5,172,77,36,23,1,1,1
36,5,172,77,36,23,1,1,1
37,5,172,76,36,23,1,1,1
38,5,172,76,36,23,1,1,1
39,5,172,76,36,23,1,1,1
40,5,171,75,37,23,1,1,1
41,5,171,75,37,23,1,1,1
42,5,171,75,37,23,1,1,1
43,5,171,74,37,23,1,1,1
44,5,171,74,37,23,1,1,1
45,5,171,74,37,23,1,1,1
46,5,171,73,37,24,1,1,1
47,5,171,73,37,23,1,1,1
48,5,171,72,37,24,1,1,1
49,5,171,72,37,24,1,1,1
50,5,171,72,37,24,1,1,1
51,5,171,71,37,24,1,1,1
52,5,171,71,37,24,1,1,1
53,5,170,71,37,24,1,1,1
54,5,170,70,37,24,1,1,1
55,5,170,70,37,24,1,1,1
56,5,170,69,37,24,1,1,1
57,5,170,69,38,24,1,1,1
58,5,170,68,38,24,1,1,1
59,5,170,68,38,24,1,1,1
60,5,170,68,38,24,1,1,1
61,5,170,67,38,24,1,1,1
62,5,169,67,38,24,1,1,1
63,5,169,67,38,24,1,1,1
64,5,169,66,38,24,1,1,1
65,5,169,66,38,24,1,1,1
66,5,169,65,38,24,1,1,1
67,5,169,65,38,24,1,1,1
68,5,169,65,38,24,1,1,1
69,5,169,64,39,25,1,1,1
70,5,168,64,39,25,1,1,1
71,5,168,63,39,25,1,1,1
72,5,168,63,39,25,1,1,1
73,5,168,63,39,25,1,1,1
74,5,168,62,39,25,1,1,1
75,5,168,62,39,25,1,1,1
76,5,168,62,39,25,1,1,1
77,5,168,61,39,25,1,1,1
78,5,167,61,39,25,1,1,1
79,5,167,61,39,25,1,1,1
80,5,167,60,40,25,1,1,1
81,5,167,60,40,25,1,1,1
82,5,167,60,40,25,1,1,1
83,5,167,59,40,25,1,1,1
84,5,167,59,40,25,1,1,1
85,5,167,59,40,26,1,1,1
86,5,167,58,40,26,1,1,1
87,5,166,58,40,26,1,1,1
88,5,166,58,40,26,1,1,1
89,5,166,58,40,26,1,1,1
90,5,166,57,40,26,1,1,1
91,5,166,57,40,26,1,1,1
92,5,166,57,40,26,1,1,1
93,5,166,56,40,26,1,1,1
94,5,166,56,41,26,1,1,1
95,5,166,56,41,26,1,1,1
96,5,165,55,41,26,1,1,1
97,5,165,55,41,26,1,1,1
98,5,165,55,41,26,1,1,1
99,5,165,54,41,26,1,1,1
100,5,165,54,41,26,1,1,1
101,5,165,54,41,26,1,1,1
102,5,165,54,41,26,1,1,1
103,5,164,53,41,26,1,1,1
104,5,164,53,42,27,1,1,1
105,5,164,53,42,27,1,1,1
106,5,164,53,42,27,1,1,1
107,5,164,52,42,27,1,1,1
108,5,164,52,42,27,1,1,1
109,5,164,52,42,27,1,1,1
110,5,164,51,42,27,1,1,1
111,5,163,51,42,27,1,1,1
112,5,163,51,42,27,1,1,1
113,5,163,51,42,27,1,1,1
114,5,163,50,42,27,1,1,1
115,5,163,50,42,27,1,1,1
116,5,163,50,42,27,1,1,1
117,5,163,50,43,27,1,1,1
118,5,163,50,43,27,1,1,1
119,5,163,49,43,27,1,1,1
120,5,163,49,43,27,1,1,1
121,5,163,49,43,27,1,1,1
122,5,163,49,43,27,1,1,1
123,5,163,49,43,27,1,1,1
124,5,163,49,43,27,1,1,1
125,5,163,49,43,27,1,1,1
126,5,163,49,43,27,1,1,1
127,5,163,49,43,27,1,1,1
128,5,163,49,43,27,1,1,1
129,5,163,49,43,27,1,1,1
130,5,163,49,43,27,1,1,1
131,5,163,49,43,27,1,1,1
132,5,163,49,43,27,1,1,1
133,5,163,49,43,27,1,1,1
134,5,163,49,43,27,1,1,1
135,5,163,49,43,27,1,1,1
136,5,163,49,43,27,1,1,1
137,5,162,49,43,27,1,1,1
138,5,162,49,43,27,1,1,1
139,5,162,49,43,27,1,1,1
140,5,162,49,43,27,1,1,1
141,5,162,49,43,27,1,1,1
142,5,162,49,43,27,1,1,1
143,5,162,49,43,27,1,1,1
144,5,162,49,43,27,1,1,1
145,5,162,49,43,27,1,1,1
146,5,162,49,43,27,1,1,1
147,5,162,49,43,27,1,1,1
148,5,161,49,43,27,1,1,1
149,5,162,49,43,27,1,1,1
150,5,162,49,43,27,1,1,1
151,5,162,49,43,27,1,1,1
152,5,162,49,43,27,1,1,1
153,5,162,49,43,27,1,1,1
1,6,182,185,20,16,1,1,1
2,6,182,185,20,16,1,1,1
3,6,182,185,20,16,1,1,1
4,6,182,184,20,16,1,1,1
5,6,181,184,20,16,1,1,1
6,6,181,184,20,16,1,1,1
7,6,181,184,20,16,1,1,1
8,6,181,184,20,16,1,1,1
9,6,181,185,20,16,1,1,1
10,6,181,185,20,16,1,1,1
11,6,181,185,20,16,1,1,1
12,6,181,185,20,16,1,1,1
13,6,181,185,20,16,1,1,1
14,6,181,185,20,16,1,1,1
15,6,181,186,20,16,1,1,1
16,6,181,187,20,16,1,1,1
17,6,181,187,20,16,1,1,1
18,6,181,187,20,16,1,1,1
19,6,181,188,20,16,1,1,1
20,6,181,188,20,16,1,1,1
21,6,181,189,20,16,1,1,1
22,6,181,189,20,16,1,1,1
23,6,181,189,20,16,1,1,1
24,6,181,189,20,16,1,1,1
25,6,181,189,20,16,1,1,1
26,6,181,190,20,16,1,1,1
27,6,181,190,20,16,1,1,1
28,6,181,190,20,16,1,1,1
29,6,181,190,20,16,1,1,1
30,6,181,190,20,16,1,1,1
31,6,181,190,20,16,1,1,1
32,6,181,190,20,16,1,1,1
33,6,181,190,20,16,1,1,1
34,6,181,190,20,16,1,1,1
35,6,181,190,20,16,1,1,1
36,6,181,190,20,16,1,1,1
37,6,181,190,20,16,1,1,1
38,6,181,190,20,16,1,1,1
39,6,181,190,20,16,1,1,1
40,6,181,190,20,16,1,1,1
41,6,181,190,20,16,1,1,1
42,6,181,190,20,16,1,1,1
43,6,181,190,20,16,1,1,1
44,6,180,190,20,16,1,1,1
45,6,180,190,20,16,1,1,1
46,6,180,190,20,16,1,1,1
47,6,180,190,20,16,1,1,1
48,6,180,190,20,16,1,1,1
49,6,180,190,20,16,1,1,1
50,6,180,190,20,16,1,1,1
51,6,180,190,20,16,1,1,1
52,6,180,190,20,16,1,1,1
53,6,180,190,20,16,1,1,1
54,6,180,190,20,16,1,1,1
55,6,180,190,20,16,1,1,1
56,6,179,190,20,16,1,1,1
57,6,179,190,21,16,1,1,1
58,6,179,190,21,16,1,1,1
59,6,179,190,21,16,1,1,1
60,6,179,190,21,16,1,1,1
61,6,179,190,21,16,1,1,1
62,6,179,190,21,17,1,1,1
63,6,179,190,21,17,1,1,1
64,6,179,190,21,17,1,1,1
65,6,179,190,21,17,1,1,1
66,6,178,190,21,16,1,1,1
67,6,178,190,21,17,1,1,1
68,6,178,190,21,17,1,1,1
69,6,178,191,21,17,1,1,1
70,6,178,191,21,17,1,1,1
71,6,178,191,21,17,1,1,1
72,6,178,191,21,17,1,1,1
73,6,178,191,21,17,1,1,1
74,6,178,191,21,17,1,1,1
75,6,178,191,21,17,1,1,1
76,6,178,191,21,17,1,1,1
77,6,178,191,21,17,1,1,1
78,6,178,191,21,17,1,1,1
79,6,177,191,21,17,1,1,1
80,6,177,192,21,17,1,1,1
81,6,177,192,21,17,1,1,1
82,6,177,192,21,17,1,1,1
83,6,177,192,21,17,1,1,1
84,6,177,192,21,17,1,1,1
85,6,177,193,21,17,1,1,1
86,6,177,193,21,17,1,1,1
87,6,177,193,21,17,1,1,1
88,6,177,193,21,17,1,1,1
89,6,177,193,21,17,1,1,1
90,6,177,193,21,17,1,1,1
91,6,176,193,21,17,1,1,1
92,6,176,194,21,17,1,1,1
93,6,176,194,21,17,1,1,1
94,6,176,194,21,17,1,1,1
95,6,176,194,21,17,1,1,1
96,6,176,194,21,17,1,1,1
97,6,176,194,22,17,1,1,1
98,6,176,194,22,17,1,1,1
99,6,176,195,22,17,1,1,1
100,6,176,195,22,17,1,1,1
101,6,176,195,22,17,1,1,1
102,6,176,195,21,17,1,1,1
103,6,176,195,21,17,1,1,1
104,6,176,195,22,17,1,1,1
105,6,176,195,22,18,1,1,1
106,6,176,195,22,18,1,1,1
107,6,175,195,22,18,1,1,1
108,6,175,195,22,18,1,1,1
109,6,175,195,22,18,1,1,1
110,6,175,196,22,18,1,1,1
111,6,175,196,22,18,1,1,1
112,6,175,196,22,18,1,1,1
113,6,175,196,22,18,1,1,1
114,6,175,196,22,18,1,1,1
115,6,175,196,22,18,1,1,1
116,6,175,196,22,18,1,1,1
117,6,175,196,22,18,1,1,1
118,6,175,196,22,18,1,1,1
119,6,175,196,22,18,1,1,1
120,6,175,196,22,18,1,1,1
121,6,175,197,22,18,1,1,1
122,6,175,197,22,18,1,1,1
123,6,175,197,22,18,1,1,1
124,6,175,196,22,18,1,1,1
125,6,175,196,22,18,1,1,1
126,6,175,196,22,18,1,1,1
127,6,175,196,22,18,1,1,1
128,6,175,196,22,18,1,1,1
129,6,175,196,22,18,1,1,1
130,6,175,196,22,18,1,1,1
131,6,175,196,22,18,1,1,1
132,6,175,196,22,18,1,1,1
133,6,175,196,22,18,1,1,1
134,6,175,196,22,18,1,1,1
135,6,175,196,22,18,1,1,1
136,6,175,196,22,18,1,1,1
137,6,175,195,22,18,1,1,1
138,6,175,195,22,18,1,1,1
139,6,175,195,22,18,1,1,1
140,6,175,195,22,18,1,1,1
141,6,174,195,22,18,1,1,1
142,6,174,195,22,18,1,1,1
143,6,174,195,22,18,1,1,1
144,6,174,195,22,18,1,1,1
145,6,174,195,22,18,1,1,1
146,6,174,195,22,18,1,1,1
147,6,174,195,22,18,1,1,1
148,6,174,195,22,18,1,1,1
149,6,174,195,22,18,1,1,1
150,6,174,195,22,18,1,1,1
151,6,174,195,22,18,1,1,1
152,6,174,195,22,18,1,1,1
153,6,174,194,22,18,1,1,1
1,7,205,171,24,16,1,1,1
2,7,205,171,24,16,1,1,1
3,7,205,171,24,16,1,1,1
4,7,205,171,24,16,1,1,1
5,7,205,170,24,16,1,1,1
6,7,205,170,24,16,1,1,1
7,7,205,170,24,16,1,1,1
8,7,205,171,24,16,1,1,1
9,7,205,171,24,16,1,1,1
10,7,205,171,24,16,1,1,1
11,7,204,171,24,16,1,1,1
12,7,204,171,24,16,1,1,1
13,7,204,171,24,16,1,1,1
14,7,204,172,24,16,1,1,1
15,7,204,172,24,16,1,1,1
16,7,204,173,24,16,1,1,1
17,7,204,173,24,16,1,1,1
18,7,204,173,24,16,1,1,1
19,7,204,174,24,16,1,1,1
20,7,204,174,24,16,1,1,1
21,7,204,175,24,16,1,1,1
22,7,204,175,24,16,1,1,1
23,7,205,175,24,16,1,1,1
24,7,205,175,24,16,1,1,1
25,7,205,175,24,16,1,1,1
26,7,205,175,24,16,1,1,1
27,7,205,175,24,16,1,1,1
28,7,205,175,24,16,1,1,1
29,7,205,175,24,16,1,1,1
30,7,205,176,24,16,1,1,1
31,7,205,175,24,16,1,1,1
32,7,205,175,24,16,1,1,1
33,7,205,175,24,16,1,1,1
34,7,205,175,24,16,1,1,1
35,7,205,175,24,16,1,1,1
36,7,205,175,24,16,1,1,1
37,7,205,175,24,16,1,1,1
38,7,205,175,24,16,1,1,1
39,7,205,175,24,16,1,1,1
40,7,205,175,24,16,1,1,1
41,7,205,175,24,16,1,1,1
42,7,205,175,24,16,1,1,1
43,7,205,175,24,16,1,1,1
44,7,205,175,24,16,1,1,1
45,7,205,175,24,16,1,1,1
46,7,205,175,24,16,1,1,1
47,7,205,175,24,16,1,1,1
48,7,205,175,24,16,1,1,1
49,7,205,175,24,16,1,1,1
50,7,205,175,24,16,1,1,1
51,7,205,175,24,16,1,1,1
52,7,205,175,24,16,1,1,1
53,7,205,175,24,16,1,1,1
54,7,205,175,24,16,1,1,1
55,7,205,175,24,16,1,1,1
56,7,205,175,24,16,1,1,1
57,7,205,175,24,16,1,1,1
58,7,205,175,25,16,1,1,1
59,7,205,175,25,16,1,1,1
60,7,204,175,25,17,1,1,1
61,7,204,175,25,16,1,1,1
62,7,204,175,25,17,1,1,1
63,7,204,175,25,17,1,1,1
64,7,204,175,25,17,1,1,1
65,7,204,175,25,17,1,1,1
66,7,204,175,25,17,1,1,1
67,7,204,175,25,17,1,1,1
68,7,204,175,25,17,1,1,1
69,7,204,175,25,17,1,1,1
70,7,204,175,25,17,1,1,1
71,7,204,175,25,17,1,1,1
72,7,204,175,25,17,1,1,1
73,7,204,175,25,17,1,1,1
74,7,204,175,25,17,1,1,1
75,7,204,175,25,17,1,1,1
76,7,204,175,25,17,1,1,1
77,7,204,175,25,17,1,1,1
78,7,204,175,25,17,1,1,1
79,7,204,175,25,17,1,1,1
80,7,204,175,25,17,1,1,1
81,7,204,176,25,17,1,1,1
82,7,204,176,25,17,1,1,1
83,7,204,176,25,17,1,1,1
84,7,204,176,25,17,1,1,1
85,7,204,176,25,17,1,1,1
86,7,204,176,25,17,1,1,1
87,7,204,176,26,17,1,1,1
88,7,204,176,26,17,1,1,1
89,7,204,176,26,17,1,1,1
90,7,204,177,26,17,1,1,1
91,7,204,177,26,17,1,1,1
92,7,204,177,26,17,1,1,1
93,7,204,177,26,17,1,1,1
94,7,204,177,26,17,1,1,1
95,7,204,177,26,17,1,1,1
96,7,204,177,26,17,1,1,1
97,7,204,177,26,17,1,1,1
98,7,204,177,26,17,1,1,1
99,7,204,177,26,17,1,1,1
100,7,204,177,26,17,1,1,1
101,7,204,177,26,17,1,1,1
102,7,204,178,26,17,1,1,1
103,7,204,178,26,17,1,1,1
104,7,204,178,26,17,1,1,1
105,7,204,178,26,17,1,1,1
106,7,204,178,26,17,1,1,1
107,7,204,178,26,17,1,1,1
108,7,204,178,26,18,1,1,1
109,7,204,178,27,18,1,1,1
110,7,204,178,27,18,1,1,1
111,7,204,178,27,18,1,1,1
112,7,204,178,27,18,1,1,1
113,7,204,178,27,18,1,1,1
114,7,204,178,27,18,1,1,1
115,7,204,178,27,18,1,1,1
116,7,204,178,27,18,1,1,1
117,7,204,179,27,18,1,1,1
118,7,204,179,27,18,1,1,1
119,7,204,179,27,18,1,1,1
120,7,204,179,27,18,1,1,1
121,7,204,179,27,18,1,1,1
122,7,204,179,27,18,1,1,1
123,7,204,179,27,18,1,1,1
124,7,204,179,27,18,1,1,1
125,7,204,179,27,18,1,1,1
126,7,204,179,27,18,1,1,1
127,7,204,179,27,18,1,1,1
128,7,204,179,27,18,1,1,1
129,7,204,178,27,18,1,1,1
130,7,204,178,27,18,1,1,1
131,7,204,178,27,18,1,1,1
132,7,204,178,27,18,1,1,1
133,7,204,178,27,18,1,1,1
134,7,204,178,27,18,1,1,1
135,7,205,178,27,18,1,1,1
136,7,205,178,27,18,1,1,1
137,7,204,178,27,18,1,1,1
138,7,204,177,27,18,1,1,1
139,7,204,177,27,18,1,1,1
140,7,204,177,27,18,1,1,1
141,7,204,177,27,18,1,1,1
142,7,204,177,27,18,1,1,1
143,7,204,177,27,18,1,1,1
144,7,204,177,27,18,1,1,1
145,7,204,177,27,18,1,1,1
146,7,204,177,27,18,1,1,1
147,7,204,177,27,18,1,1,1
148,7,204,177,27,18,1,1,1
149,7,204,177,27,18,1,1,1
150,7,204,177,27,18,1,1,1
151,7,204,177,27,18,1,1,1
152,7,204,177,27,18,1,1,1
153,7,204,177,27,18,1,1,1
1,8,235,156,26,19,1,1,1
2,8,235,156,26,19,1,1,1
3,8,234,155,26,19,1,1,1
4,8,234,155,26,19,1,1,1
5,8,234,155,26,19,1,1,1
6,8,234,155,26,19,1,1,1
7,8,234,155,26,19,1,1,1
8,8,234,154,26,19,1,1,1
9,8,234,154,26,19,1,1,1
10,8,234,154,26,19,1,1,1
11,8,234,154,26,19,1,1,1
12,8,234,154,26,19,1,1,1
13,8,234,155,26,19,1,1,1
14,8,234,155,26,19,1,1,1
15,8,233,155,26,19,1,1,1
16,8,233,155,26,19,1,1,1
17,8,233,155,26,19,1,1,1
18,8,233,156,26,19,1,1,1
19,8,234,156,26,19,1,1,1
20,8,234,157,26,19,1,1,1
21,8,234,157,26,19,1,1,1
22,8,234,157,26,19,1,1,1
23,8,234,157,26,19,1,1,1
24,8,234,157,26,19,1,1,1
25,8,234,157,26,19,1,1,1
26,8,234,157,26,19,1,1,1
27,8,234,157,26,19,1,1,1
28,8,234,157,26,19,1,1,1
29,8,234,157,26,19,1,1,1
30,8,234,157,26,19,1,1,1
31,8,234,157,26,19,1,1,1
32,8,234,157,26,19,1,1,1
33,8,234,156,26,19,1,1,1
34,8,234,156,26,19,1,1,1
35,8,234,156,26,19,1,1,1
36,8,234,156,26,19,1,1,1
37,8,235,156,26,19,1,1,1
38,8,235,156,26,19,1,1,1
39,8,235,156,26,19,1,1,1
40,8,235,155,26,19,1,1,1
41,8,235,155,26,19,1,1,1
42,8,235,155,26,19,1,1,1
43,8,235,155,26,19,1,1,1
44,8,235,155,26,19,1,1,1
45,8,235,154,26,19,1,1,1
46,8,235,154,26,19,1,1,1
47,8,235,154,26,19,1,1,1
48,8,235,154,26,19,1,1,1
49,8,235,154,26,19,1,1,1
50,8,235,154,26,19,1,1,1
51,8,235,153,26,19,1,1,1
52,8,236,153,26,19,1,1,1
53,8,236,153,26,19,1,1,1
54,8,236,153,26,19,1,1,1
55,8,236,153,26,19,1,1,1
56,8,236,152,26,19,1,1,1
57,8,236,152,26,19,1,1,1
58,8,236,152,26,19,1,1,1
59,8,236,152,26,19,1,1,1
60,8,236,152,26,19,1,1,1
61,8,236,151,26,19,1,1,1
62,8,236,151,26,19,1,1,1
63,8,236,151,26,19,1,1,1
64,8,236,151,26,19,1,1,1
65,8,236,151,27,19,1,1,1
66,8,236,151,27,19,1,1,1
67,8,236,150,27,19,1,1,1
68,8,236,150,27,20,1,1,1
69,8,236,150,27,20,1,1,1
70,8,237,150,27,20,1,1,1
71,8,237,150,27,20,1,1,1
72,8,237,150,27,20,1,1,1
73,8,237,150,27,20,1,1,1
74,8,237,149,27,20,1,1,1
75,8,237,149,27,20,1,1,1
76,8,237,149,27,20,1,1,1
77,8,237,149,27,20,1,1,1
78,8,237,149,27,20,1,1,1
79,8,237,149,27,20,1,1,1
80,8,237,149,27,20,1,1,1
81,8,237,149,27,20,1,1,1
82,8,238,149,27,20,1,1,1
83,8,238,149,27,20,1,1,1
84,8,238,149,27,20,1,1,1
85,8,238,149,28,20,1,1,1
86,8,238,149,28,20,1,1,1
87,8,238,149,28,20,1,1,1
88,8,238,149,28,20,1,1,1
89,8,238,149,28,20,1,1,1
90,8,238,149,28,20,1,1,1
91,8,238,148,28,20,1,1,1
92,8,238,148,28,20,1,1,1
93,8,238,148,28,20,1,1,1
94,8,238,148,28,20,1,1,1
95,8,238,148,28,21,1,1,1
96,8,239,148,28,21,1,1,1
97,8,239,148,28,21,1,1,1
98,8,239,148,28,21,1,1,1
99,8,239,148,28,21,1,1,1
100,8,239,148,28,21,1,1,1
101,8,239,148,28,21,1,1,1
102,8,239,148,28,21,1,1,1
103,8,239,148,28,21,1,1,1
104,8,239,148,28,21,1,1,1
105,8,239,148,28,21,1,1,1
106,8,239,148,28,21,1,1,1
107,8,239,148,28,21,1,1,1
108,8,239,148,28,21,1,1,1
109,8,239,148,28,21,1,1,1
110,8,239,147,28,21,1,1,1
111,8,239,147,29,21,1,1,1
112,8,239,147,29,21,1,1,1
113,8,239,147,29,21,1,1,1
114,8,240,147,29,21,1,1,1
115,8,240,147,29,21,1,1,1
116,8,240,147,29,21,1,1,1
117,8,240,147,29,21,1,1,1
118,8,240,147,29,21,1,1,1
119,8,240,147,29,21,1,1,1
120,8,240,147,29,21,1,1,1
121,8,240,147,29,21,1,1,1
122,8,240,147,29,21,1,1,1
123,8,240,147,29,21,1,1,1
124,8,240,147,29,21,1,1,1
125,8,240,147,29,21,1,1,1
126,8,240,147,29,21,1,1,1
127,8,240,147,29,21,1,1,1
128,8,240,147,29,21,1,1,1
129,8,240,147,29,21,1,1,1
130,8,240,147,29,21,1,1,1
131,8,240,146,29,21,1,1,1
132,8,240,146,29,21,1,1,1
133,8,240,146,29,21,1,1,1
134,8,240,146,29,21,1,1,1
135,8,240,146,29,21,1,1,1
136,8,240,146,29,21,1,1,1
137,8,240,146,29,21,1,1,1
138,8,240,146,29,21,1,1,1
139,8,240,146,29,21,1,1,1
140,8,240,146,28,21,1,1,1
141,8,239,146,28,21,1,1,1
142,8,239,146,28,21,1,1,1
143,8,239,146,28,21,1,1,1
144,8,239,146,28,21,1,1,1
145,8,239,146,28,21,1,1,1
146,8,239,146,28,21,1,1,1
147,8,239,146,28,21,1,1,1
148,8,239,146,28,21,1,1,1
149,8,239,146,28,21,1,1,1
150,8,240,146,28,21,1,1,1
151,8,240,146,28,21,1,1,1
152,8,240,145,28,21,1,1,1
153,8,240,145,28,21,1,1,1
1,9,276,132,29,17,1,1,1
2,9,276,132,29,17,1,1,1
3,9,276,131,29,17,1,1,1
4,9,275,131,29,17,1,1,1
5,9,275,131,29,17,1,1,1
6,9,275,131,29,17,1,1,1
7,9,275,130,29,17,1,1,1
8,9,275,130,29,17,1,1,1
9,9,275,130,29,17,1,1,1
10,9,275,130,29,17,1,1,1
11,9,275,130,29,17,1,1,1
12,9,275,130,29,17,1,1,1
13,9,275,130,29,17,1,1,1
14,9,275,130,29,17,1,1,1
15,9,275,131,29,17,1,1,1
16,9,275,131,29,17,1,1,1
17,9,274,131,29,17,1,1,1
18,9,274,131,29,17,1,1,1
19,9,274,132,29,17,1,1,1
20,9,274,132,29,17,1,1,1
21,9,274,132,29,17,1,1,1
22,9,274,132,29,17,1,1,1
23,9,274,132,29,17,1,1,1
24,9,274,132,29,17,1,1,1
25,9,274,132,29,17,1,1,1
26,9,274,132,29,17,1,1,1
27,9,274,132,29,17,1,1,1
28,9,275,132,29,17,1,1,1
29,9,274,132,29,17,1,1,1
30,9,275,132,29,17,1,1,1
31,9,275,132,29,17,1,1,1
32,9,275,131,29,17,1,1,1
33,9,275,131,29,17,1,1,1
34,9,275,131,29,17,1,1,1
35,9,275,131,29,17,1,1,1
36,9,275,131,29,17,1,1,1
37,9,275,130,29,17,1,1,1
38,9,275,130,29,17,1,1,1
39,9,276,130,29,17,1,1,1
40,9,276,130,29,17,1,1,1
41,9,276,129,29,17,1,1,1
42,9,276,129,29,17,1,1,1
43,9,276,129,29,17,1,1,1
44,9,276,129,29,17,1,1,1
45,9,277,128,29,17,1,1,1
46,9,277,128,29,17,1,1,1
47,9,277,128,29,17,1,1,1
48,9,277,128,29,17,1,1,1
49,9,277,127,30,17,1,1,1
50,9,277,127,30,17,1,1,1
51,9,277,127,30,17,1,1,1
52,9,278,126,30,17,1,1,1
53,9,278,126,30,17,1,1,1
54,9,278,126,30,18,1,1,1
55,9,278,126,30,17,1,1,1
56,9,278,126,30,17,1,1,1
57,9,278,125,30,18,1,1,1
58,9,278,125,30,18,1,1,1
59,9,278,125,30,18,1,1,1
60,9,279,124,30,18,1,1,1
61,9,279,124,30,18,1,1,1
62,9,279,124,30,18,1,1,1
63,9,279,124,30,18,1,1,1
64,9,279,124,30,18,1,1,1
65,9,279,124,30,18,1,1,1
66,9,279,123,30,18,1,1,1
67,9,280,123,31,18,1,1,1
68,9,280,123,31,18,1,1,1
69,9,280,122,31,18,1,1,1
70,9,280,122,31,18,1,1,1
71,9,280,122,31,18,1,1,1
72,9,280,122,31,18,1,1,1
73,9,281,122,31,18,1,1,1
74,9,281,122,31,18,1,1,1
75,9,281,121,31,18,1,1,1
76,9,281,121,31,18,1,1,1
77,9,281,121,31,18,1,1,1
78,9,281,121,31,18,1,1,1
79,9,281,121,31,18,1,1,1
80,9,281,121,31,18,1,1,1
81,9,282,120,31,18,1,1,1
82,9,282,120,32,18,1,1,1
83,9,282,120,32,19,1,1,1
84,9,282,120,32,18,1,1,1
85,9,282,120,32,19,1,1,1
86,9,282,120,32,19,1,1,1
87,9,282,120,32,19,1,1,1
88,9,283,120,32,19,1,1,1
89,9,283,120,32,19,1,1,1
90,9,283,119,32,19,1,1,1
91,9,283,119,32,19,1,1,1
92,9,283,119,32,19,1,1,1
93,9,283,119,32,19,1,1,1
94,9,284,119,32,19,1,1,1
95,9,284,119,32,19,1,1,1
96,9,284,119,32,19,1,1,1
97,9,284,119,32,19,1,1,1
98,9,284,118,32,19,1,1,1
99,9,284,118,32,19,1,1,1
100,9,284,118,32,19,1,1,1
101,9,285,118,32,19,1,1,1
102,9,285,118,32,19,1,1,1
103,9,285,118,33,19,1,1,1
104,9,285,118,33,19,1,1,1
105,9,285,118,33,19,1,1,1
106,9,285,118,33,19,1,1,1
107,9,285,117,33,19,1,1,1
108,9,286,117,33,19,1,1,1
109,9,286,117,33,19,1,1,1
110,9,286,117,33,19,1,1,1
111,9,286,117,33,19,1,1,1
112,9,286,117,33,19,1,1,1
113,9,286,117,33,19,1,1,1
114,9,287,116,33,19,1,1,1
115,9,287,116,33,19,1,1,1
116,9,287,116,33,19,1,1,1
117,9,287,116,33,20,1,1,1
118,9,287,116,33,20,1,1,1
119,9,287,116,33,20,1,1,1
120,9,287,116,33,20,1,1,1
121,9,287,116,33,20,1,1,1
122,9,287,116,33,20,1,1,1
123,9,287,116,33,20,1,1,1
124,9,287,116,33,20,1,1,1
125,9,287,116,33,20,1,1,1
126,9,287,116,33,20,1,1,1
127,9,287,116,33,20,1,1,1
128,9,288,115,33,20,1,1,1
129,9,288,115,33,20,1,1,1
130,9,288,115,33,20,1,1,1
131,9,288,115,33,20,1,1,1
132,9,288,115,33,20,1,1,1
133,9,288,115,33,20,1,1,1
134,9,288,115,33,20,1,1,1
135,9,288,115,33,20,1,1,1
136,9,288,115,33,20,1,1,1
137,9,288,115,33,20,1,1,1
138,9,288,114,33,20,1,1,1
139,9,288,114,34,20,1,1,1
140,9,288,114,33,20,1,1,1
141,9,287,114,33,20,1,1,1
142,9,288,114,33,20,1,1,1
143,9,288,114,33,20,1,1,1
144,9,288,114,33,20,1,1,1
145,9,288,114,33,20,1,1,1
146,9,288,114,34,20,1,1,1
147,9,288,114,33,20,1,1,1
148,9,288,114,33,20,1,1,1
149,9,288,114,33,20,1,1,1
150,9,288,114,33,20,1,1,1
151,9,288,114,33,20,1,1,1
152,9,288,114,33,20,1,1,1
153,9,288,114,33,20,1,1,1
1,10,327,109,35,21,1,1,1
2,10,327,109,35,21,1,1,1
3,10,326,108,35,21,1,1,1
4,10,326,107,35,21,1,1,1
5,10,326,107,35,21,1,1,1
6,10,326,106,35,21,1,1,1
7,10,326,106,35,21,1,1,1
8,10,326,106,35,21,1,1,1
9,10,325,105,35,21,1,1,1
10,10,325,105,35,21,1,1,1
11,10,325,105,35,21,1,1,1
12,10,325,105,34,21,1,1,1
13,10,325,104,35,21,1,1,1
14,10,325,104,35,21,1,1,1
15,10,325,104,35,21,1,1,1
16,10,325,104,35,21,1,1,1
17,10,325,104,35,21,1,1,1
18,10,325,104,35,21,1,1,1
19,10,325,104,35,21,1,1,1
20,10,325,104,35,21,1,1,1
21,10,325,105,35,21,1,1,1
22,10,325,104,35,21,1,1,1
23,10,325,104,35,21,1,1,1
24,10,325,104,35,21,1,1,1
25,10,325,104,35,21,1,1,1
26,10,325,104,35,21,1,1,1
27,10,325,103,35,21,1,1,1
28,10,325,103,35,21,1,1,1
29,10,325,103,35,21,1,1,1
30,10,325,103,35,21,1,1,1
31,10,325,102,35,21,1,1,1
32,10,325,102,35,21,1,1,1
33,10,325,101,35,21,1,1,1
34,10,325,101,35,21,1,1,1
35,10,325,101,35,21,1,1,1
36,10,326,100,35,21,1,1,1
37,10,326,100,35,21,1,1,1
38,10,326,99,35,21,1,1,1
39,10,327,99,35,21,1,1,1
40,10,327,98,35,21,1,1,1
41,10,327,98,35,21,1,1,1
42,10,327,97,35,21,1,1,1
43,10,328,97,35,21,1,1,1
44,10,328,96,35,21,1,1,1
45,10,328,96,35,21,1,1,1
46,10,329,95,35,21,1,1,1
47,10,329,95,35,21,1,1,1
48,10,329,94,35,21,1,1,1
49,10,329,94,36,21,1,1,1
50,10,330,93,36,21,1,1,1
51,10,330,93,36,21,1,1,1
52,10,330,92,36,21,1,1,1
53,10,331,92,36,21,1,1,1
54,10,331,91,36,22,1,1,1
55,10,331,91,36,22,1,1,1
56,10,331,91,36,22,1,1,1
57,10,332,90,36,22,1,1,1
58,10,332,90,36,22,1,1,1
59,10,332,89,36,22,1,1,1
60,10,332,89,36,22,1,1,1
61,10,333,88,37,22,1,1,1
62,10,333,88,36,22,1,1,1
63,10,333,88,37,22,1,1,1
64,10,334,87,37,22,1,1,1
65,10,334,87,37,22,1,1,1
66,10,334,86,37,22,1,1,1
67,10,335,86,37,22,1,1,1
68,10,335,86,37,22,1,1,1
69,10,335,85,37,22,1,1,1
70,10,336,85,37,22,1,1,1
71,10,336,85,37,22,1,1,1
72,10,336,84,37,22,1,1,1
73,10,336,84,37,22,1,1,1
74,10,337,84,37,22,1,1,1
75,10,337,83,38,23,1,1,1
76,10,337,83,38,23,1,1,1
77,10,337,83,38,23,1,1,1
78,10,338,82,38,23,1,1,1
79,10,338,82,38,23,1,1,1
80,10,338,82,38,23,1,1,1
81,10,339,81,38,23,1,1,1
82,10,339,81,38,23,1,1,1
83,10,339,81,38,23,1,1,1
84,10,339,80,39,23,1,1,1
85,10,340,80,38,23,1,1,1
86,10,340,80,39,23,1,1,1
87,10,340,80,39,23,1,1,1
88,10,341,79,39,23,1,1,1
89,10,341,79,39,23,1,1,1
90,10,341,79,39,23,1,1,1
91,10,342,79,39,23,1,1,1
92,10,342,78,39,24,1,1,1
93,10,342,78,39,23,1,1,1
94,10,343,78,39,24,1,1,1
95,10,343,78,39,24,1,1,1
96,10,344,77,39,24,1,1,1
97,10,344,77,40,24,1,1,1
98,10,344,77,40,24,1,1,1
99,10,345,76,40,24,1,1,1
100,10,345,76,40,24,1,1,1
101,10,345,76,40,24,1,1,1
102,10,346,76,40,24,1,1,1
103,10,346,75,40,24,1,1,1
104,10,346,75,40,24,1,1,1
105,10,347,75,40,24,1,1,1
106,10,347,75,40,24,1,1,1
107,10,347,75,40,24,1,1,1
108,10,348,74,40,24,1,1,1
109,10,348,74,40,24,1,1,1
110,10,348,74,40,24,1,1,1
111,10,349,73,41,24,1,1,1
112,10,349,73,41,24,1,1,1
113,10,349,73,41,24,1,1,1
114,10,350,73,41,24,1,1,1
115,10,350,73,41,24,1,1,1
116,10,350,72,41,25,1,1,1
117,10,351,72,41,25,1,1,1
118,10,351,72,41,25,1,1,1
119,10,351,72,41,25,1,1,1
120,10,351,72,41,25,1,1,1
121,10,351,72,41,25,1,1,1
122,10,351,72,41,25,1,1,1
123,10,351,72,41,25,1,1,1
124,10,351,71,41,25,1,1,1
125,10,351,71,41,25,1,1,1
126,10,351,71,41,25,1,1,1
127,10,351,71,41,25,1,1,1
128,10,351,71,41,25,1,1,1
129,10,351,71,41,25,1,1,1
130,10,351,71,41,25,1,1,1
131,10,351,71,41,25,1,1,1
132,10,351,71,41,25,1,1,1
133,10,351,70,41,25,1,1,1
134,10,351,70,41,25,1,1,1
135,10,351,70,41,25,1,1,1
136,10,351,70,41,25,1,1,1
137,10,351,70,41,25,1,1,1
138,10,351,70,41,25,1,1,1
139,10,351,70,41,25,1,1,1
140,10,351,69,41,25,1,1,1
141,10,351,69,41,25,1,1,1
142,10,351,69,41,25,1,1,1
143,10,351,69,41,25,1,1,1
144,10,351,69,41,25,1,1,1
145,10,351,69,41,25,1,1,1
146,10,350,69,41,25,1,1,1
147,10,350,69,41,25,1,1,1
148,10,350,69,41,25,1,1,1
149,10,350,69,41,25,1,1,1
150,10,351,69,41,25,1,1,1
151,10,351,69,41,25,1,1,1
152,10,351,69,41,25,1,1,1
153,10,351,69,41,25,1,1,1
