1,-1,0,484,36,40,1,-1,-1,-1
1,-1,183,573,80,45,1,-1,-1,-1
1,-1,201,412,57,36,1,-1,-1,-1
1,-1,434,358,55,34,1,-1,-1,-1
1,-1,623,320,48,27,1,-1,-1,-1
1,-1,847,286,44,28,1,-1,-1,-1
1,-1,1002,251,38,26,1,-1,-1,-1
1,-1,1023,101,33,20,1,-1,-1,-1
1,-1,1163,91,31,19,1,-1,-1,-1
1,-1,1218,81,32,22,1,-1,-1,-1
2,-1,-6,490,36,40,1,-1,-1,-1
2,-1,177,579,80,45,1,-1,-1,-1
2,-1,195,418,57,36,1,-1,-1,-1
2,-1,428,364,55,34,1,-1,-1,-1
2,-1,617,325,48,27,1,-1,-1,-1
2,-1,841,292,44,28,1,-1,-1,-1
2,-1,996,256,38,26,1,-1,-1,-1
2,-1,1018,103,32,19,1,-1,-1,-1
2,-1,1157,93,31,19,1,-1,-1,-1
2,-1,1212,85,32,22,1,-1,-1,-1
3,-1,-7,496,30,40,1,-1,-1,-1
3,-1,170,585,80,39,1,-1,-1,-1
3,-1,188,424,57,36,1,-1,-1,-1
3,-1,422,370,55,34,1,-1,-1,-1
3,-1,610,331,48,27,1,-1,-1,-1
3,-1,834,298,44,28,1,-1,-1,-1
3,-1,989,262,38,26,1,-1,-1,-1
3,-1,1012,105,32,19,1,-1,-1,-1
3,-1,1150,96,31,19,1,-1,-1,-1
3,-1,1206,87,32,22,1,-1,-1,-1
4,-1,-15,504,31,41,1,-1,-1,-1
4,-1,163,593,80,39,1,-1,-1,-1
4,-1,181,432,57,36,1,-1,-1,-1
4,-1,414,377,55,34,1,-1,-1,-1
4,-1,603,338,48,27,1,-1,-1,-1
4,-1,827,305,44,28,1,-1,-1,-1
4,-1,982,269,38,26,1,-1,-1,-1
4,-1,1005,108,32,19,1,-1,-1,-1
4,-1,1143,99,31,19,1,-1,-1,-1
4,-1,1196,89,32,22,1,-1,-1,-1
5,-1,159,600,78,38,1,-1,-1,-1
5,-1,173,437,57,36,1,-1,-1,-1
5,-1,407,383,55,34,1,-1,-1,-1
5,-1,596,344,48,27,1,-1,-1,-1
5,-1,820,311,44,28,1,-1,-1,-1
5,-1,975,275,38,26,1,-1,-1,-1
5,-1,998,109,31,18,1,-1,-1,-1
5,-1,1135,105,30,19,1,-1,-1,-1
5,-1,1187,90,35,25,1,-1,-1,-1
6,-1,159,600,78,38,1,-1,-1,-1
6,-1,166,443,57,36,1,-1,-1,-1
6,-1,400,388,55,34,1,-1,-1,-1
6,-1,589,349,48,27,1,-1,-1,-1
6,-1,813,316,44,28,1,-1,-1,-1
6,-1,967,280,38,26,1,-1,-1,-1
6,-1,991,110,31,18,1,-1,-1,-1
6,-1,1127,104,30,18,1,-1,-1,-1
6,-1,1181,91,35,25,1,-1,-1,-1
7,-1,159,448,57,36,1,-1,-1,-1
7,-1,393,393,55,34,1,-1,-1,-1
7,-1,582,354,48,27,1,-1,-1,-1
7,-1,806,321,44,28,1,-1,-1,-1
7,-1,961,284,38,26,1,-1,-1,-1
7,-1,985,111,30,18,1,-1,-1,-1
7,-1,1120,106,29,17,1,-1,-1,-1
7,-1,1172,93,36,25,1,-1,-1,-1
8,-1,151,452,57,36,1,-1,-1,-1
8,-1,386,397,55,34,1,-1,-1,-1
8,-1,575,358,48,27,1,-1,-1,-1
8,-1,798,325,44,28,1,-1,-1,-1
8,-1,953,289,38,26,1,-1,-1,-1
8,-1,977,111,30,18,1,-1,-1,-1
8,-1,1113,110,29,17,1,-1,-1,-1
8,-1,1163,92,37,26,1,-1,-1,-1
9,-1,143,458,57,36,1,-1,-1,-1
9,-1,378,404,55,34,1,-1,-1,-1
9,-1,567,364,48,27,1,-1,-1,-1
9,-1,790,331,44,28,1,-1,-1,-1
9,-1,945,295,38,26,1,-1,-1,-1
9,-1,969,112,30,18,1,-1,-1,-1
9,-1,1105,108,28,17,1,-1,-1,-1
9,-1,1154,93,37,26,1,-1,-1,-1
10,-1,135,462,58,36,1,-1,-1,-1
10,-1,370,407,55,34,1,-1,-1,-1
10,-1,559,368,48,27,1,-1,-1,-1
10,-1,783,334,44,28,1,-1,-1,-1
10,-1,937,298,38,26,1,-1,-1,-1
10,-1,962,112,30,18,1,-1,-1,-1
10,-1,1097,110,29,18,1,-1,-1,-1
10,-1,1146,90,37,26,1,-1,-1,-1
11,-1,128,467,58,36,1,-1,-1,-1
11,-1,363,412,55,34,1,-1,-1,-1
11,-1,553,373,48,27,1,-1,-1,-1
11,-1,776,339,44,28,1,-1,-1,-1
11,-1,930,303,38,26,1,-1,-1,-1
11,-1,956,113,30,18,1,-1,-1,-1
11,-1,1090,112,27,16,1,-1,-1,-1
11,-1,1139,91,36,26,1,-1,-1,-1
12,-1,121,471,58,36,1,-1,-1,-1
12,-1,356,416,55,34,1,-1,-1,-1
12,-1,547,377,48,27,1,-1,-1,-1
12,-1,769,343,44,28,1,-1,-1,-1
12,-1,924,307,38,26,1,-1,-1,-1
12,-1,950,113,30,18,1,-1,-1,-1
12,-1,1083,113,27,16,1,-1,-1,-1
12,-1,1132,91,36,26,1,-1,-1,-1
13,-1,115,476,58,36,1,-1,-1,-1
13,-1,351,421,55,34,1,-1,-1,-1
13,-1,541,382,48,27,1,-1,-1,-1
13,-1,763,348,44,28,1,-1,-1,-1
13,-1,917,312,38,26,1,-1,-1,-1
13,-1,944,113,30,18,1,-1,-1,-1
13,-1,1077,114,26,15,1,-1,-1,-1
13,-1,1124,90,38,27,1,-1,-1,-1
14,-1,108,481,58,36,1,-1,-1,-1
14,-1,343,425,56,34,1,-1,-1,-1
14,-1,534,386,48,27,1,-1,-1,-1
14,-1,757,352,44,28,1,-1,-1,-1
14,-1,910,316,38,26,1,-1,-1,-1
14,-1,937,113,29,18,1,-1,-1,-1
14,-1,1063,112,33,23,1,-1,-1,-1
14,-1,1116,92,37,27,1,-1,-1,-1
15,-1,102,486,58,36,1,-1,-1,-1
15,-1,337,430,55,34,1,-1,-1,-1
15,-1,528,391,48,27,1,-1,-1,-1
15,-1,750,356,44,28,1,-1,-1,-1
15,-1,904,320,38,26,1,-1,-1,-1
15,-1,932,113,28,17,1,-1,-1,-1
15,-1,1056,113,33,23,1,-1,-1,-1
15,-1,1109,92,38,28,1,-1,-1,-1
16,-1,96,490,58,36,1,-1,-1,-1
16,-1,332,434,55,34,1,-1,-1,-1
16,-1,522,395,48,27,1,-1,-1,-1
16,-1,744,360,44,28,1,-1,-1,-1
16,-1,898,324,38,26,1,-1,-1,-1
16,-1,926,113,28,17,1,-1,-1,-1
16,-1,1050,114,32,23,1,-1,-1,-1
16,-1,1103,92,39,28,1,-1,-1,-1
17,-1,91,493,58,36,1,-1,-1,-1
17,-1,327,437,55,34,1,-1,-1,-1
17,-1,518,398,48,27,1,-1,-1,-1
17,-1,740,363,44,28,1,-1,-1,-1
17,-1,893,327,38,26,1,-1,-1,-1
17,-1,917,107,33,22,1,-1,-1,-1
17,-1,1046,114,31,22,1,-1,-1,-1
17,-1,1097,90,38,28,1,-1,-1,-1
17,-1,1262,70,17,24,1,-1,-1,-1
18,-1,86,499,58,36,1,-1,-1,-1
18,-1,322,442,55,34,1,-1,-1,-1
18,-1,513,403,48,27,1,-1,-1,-1
18,-1,735,368,44,28,1,-1,-1,-1
18,-1,888,332,38,26,1,-1,-1,-1
18,-1,912,108,33,22,1,-1,-1,-1
18,-1,1040,115,32,22,1,-1,-1,-1
18,-1,1092,91,38,28,1,-1,-1,-1
18,-1,1255,71,24,22,1,-1,-1,-1
19,-1,80,503,59,36,1,-1,-1,-1
19,-1,317,446,55,34,1,-1,-1,-1
19,-1,507,407,48,27,1,-1,-1,-1
19,-1,730,372,44,28,1,-1,-1,-1
19,-1,883,335,38,26,1,-1,-1,-1
19,-1,907,107,32,21,1,-1,-1,-1
19,-1,1035,115,31,22,1,-1,-1,-1
19,-1,1086,90,38,28,1,-1,-1,-1
19,-1,1249,71,24,22,1,-1,-1,-1
20,-1,75,507,58,36,1,-1,-1,-1
20,-1,312,451,55,34,1,-1,-1,-1
20,-1,503,411,48,27,1,-1,-1,-1
20,-1,725,376,44,28,1,-1,-1,-1
20,-1,878,340,38,26,1,-1,-1,-1
20,-1,902,107,32,21,1,-1,-1,-1
20,-1,1029,117,31,22,1,-1,-1,-1
20,-1,1080,91,37,27,1,-1,-1,-1
20,-1,1243,71,24,22,1,-1,-1,-1
21,-1,71,513,59,36,1,-1,-1,-1
21,-1,307,457,55,34,1,-1,-1,-1
21,-1,498,417,48,27,1,-1,-1,-1
21,-1,720,382,44,28,1,-1,-1,-1
21,-1,874,345,38,26,1,-1,-1,-1
21,-1,898,108,33,22,1,-1,-1,-1
21,-1,1024,119,31,22,1,-1,-1,-1
21,-1,1075,91,38,28,1,-1,-1,-1
21,-1,1238,73,24,22,1,-1,-1,-1
22,-1,66,518,59,36,1,-1,-1,-1
22,-1,303,461,55,34,1,-1,-1,-1
22,-1,494,421,48,27,1,-1,-1,-1
22,-1,716,386,44,28,1,-1,-1,-1
22,-1,869,350,38,26,1,-1,-1,-1
22,-1,893,108,33,22,1,-1,-1,-1
22,-1,1020,120,30,21,1,-1,-1,-1
22,-1,1070,91,38,28,1,-1,-1,-1
22,-1,1233,73,24,22,1,-1,-1,-1
23,-1,62,522,59,36,1,-1,-1,-1
23,-1,298,466,55,34,1,-1,-1,-1
23,-1,490,426,48,27,1,-1,-1,-1
23,-1,712,390,44,28,1,-1,-1,-1
23,-1,865,354,38,26,1,-1,-1,-1
23,-1,889,108,33,22,1,-1,-1,-1
23,-1,1015,124,31,22,1,-1,-1,-1
23,-1,1065,91,38,28,1,-1,-1,-1
23,-1,1228,73,26,23,1,-1,-1,-1
24,-1,57,527,59,36,1,-1,-1,-1
24,-1,293,470,55,34,1,-1,-1,-1
24,-1,485,430,48,27,1,-1,-1,-1
24,-1,707,394,44,28,1,-1,-1,-1
24,-1,860,359,38,26,1,-1,-1,-1
24,-1,884,108,33,22,1,-1,-1,-1
24,-1,1010,125,30,21,1,-1,-1,-1
24,-1,1059,91,38,28,1,-1,-1,-1
24,-1,1220,72,28,24,1,-1,-1,-1
25,-1,52,532,59,36,1,-1,-1,-1
25,-1,288,475,55,34,1,-1,-1,-1
25,-1,480,435,48,27,1,-1,-1,-1
25,-1,703,399,44,28,1,-1,-1,-1
25,-1,856,363,38,26,1,-1,-1,-1
25,-1,879,108,33,22,1,-1,-1,-1
25,-1,1000,121,37,22,1,-1,-1,-1
25,-1,1055,91,38,28,1,-1,-1,-1
25,-1,1218,73,30,22,1,-1,-1,-1
26,-1,48,535,59,36,1,-1,-1,-1
26,-1,284,479,55,34,1,-1,-1,-1
26,-1,476,439,48,27,1,-1,-1,-1
26,-1,698,402,44,28,1,-1,-1,-1
26,-1,851,366,38,26,1,-1,-1,-1
26,-1,875,107,33,22,1,-1,-1,-1
26,-1,996,121,36,22,1,-1,-1,-1
26,-1,1049,90,38,28,1,-1,-1,-1
26,-1,1214,76,30,22,1,-1,-1,-1
27,-1,44,541,59,36,1,-1,-1,-1
27,-1,280,485,55,34,1,-1,-1,-1
27,-1,473,444,48,27,1,-1,-1,-1
27,-1,695,408,44,28,1,-1,-1,-1
27,-1,847,372,38,26,1,-1,-1,-1
27,-1,871,108,33,22,1,-1,-1,-1
27,-1,991,123,37,22,1,-1,-1,-1
27,-1,1045,91,38,28,1,-1,-1,-1
27,-1,1208,71,30,22,1,-1,-1,-1
28,-1,40,546,59,36,1,-1,-1,-1
28,-1,276,489,55,34,1,-1,-1,-1
28,-1,469,449,48,27,1,-1,-1,-1
28,-1,691,412,44,28,1,-1,-1,-1
28,-1,844,376,38,26,1,-1,-1,-1
28,-1,867,108,33,22,1,-1,-1,-1
28,-1,986,123,38,23,1,-1,-1,-1
28,-1,1041,91,38,28,1,-1,-1,-1
28,-1,1203,71,30,22,1,-1,-1,-1
29,-1,35,551,59,36,1,-1,-1,-1
29,-1,272,494,55,34,1,-1,-1,-1
29,-1,465,454,48,27,1,-1,-1,-1
29,-1,686,417,44,28,1,-1,-1,-1
29,-1,839,381,38,26,1,-1,-1,-1
29,-1,862,108,33,22,1,-1,-1,-1
29,-1,982,128,38,23,1,-1,-1,-1
29,-1,1037,91,38,28,1,-1,-1,-1
29,-1,1202,72,30,22,1,-1,-1,-1
30,-1,31,556,59,36,1,-1,-1,-1
30,-1,268,499,56,34,1,-1,-1,-1
30,-1,460,458,48,27,1,-1,-1,-1
30,-1,682,422,44,28,1,-1,-1,-1
30,-1,835,386,38,26,1,-1,-1,-1
30,-1,858,108,36,24,1,-1,-1,-1
30,-1,976,127,38,23,1,-1,-1,-1
30,-1,1032,91,37,28,1,-1,-1,-1
30,-1,1196,74,30,22,1,-1,-1,-1
31,-1,27,561,59,36,1,-1,-1,-1
31,-1,264,504,55,34,1,-1,-1,-1
31,-1,456,463,48,27,1,-1,-1,-1
31,-1,679,427,44,28,1,-1,-1,-1
31,-1,832,391,38,26,1,-1,-1,-1
31,-1,854,108,37,24,1,-1,-1,-1
31,-1,972,128,38,23,1,-1,-1,-1
31,-1,1028,91,38,28,1,-1,-1,-1
31,-1,1195,74,30,22,1,-1,-1,-1
32,-1,23,565,59,36,1,-1,-1,-1
32,-1,260,508,55,34,1,-1,-1,-1
32,-1,453,467,48,27,1,-1,-1,-1
32,-1,675,431,44,28,1,-1,-1,-1
32,-1,828,394,38,26,1,-1,-1,-1
32,-1,850,107,36,24,1,-1,-1,-1
32,-1,968,125,38,23,1,-1,-1,-1
32,-1,1024,90,38,28,1,-1,-1,-1
32,-1,1190,74,30,22,1,-1,-1,-1
33,-1,19,570,59,36,1,-1,-1,-1
33,-1,256,513,56,34,1,-1,-1,-1
33,-1,449,472,48,27,1,-1,-1,-1
33,-1,671,435,44,28,1,-1,-1,-1
33,-1,824,399,38,26,1,-1,-1,-1
33,-1,847,108,36,24,1,-1,-1,-1
33,-1,964,127,38,23,1,-1,-1,-1
33,-1,1020,90,38,28,1,-1,-1,-1
34,-1,15,575,59,36,1,-1,-1,-1
34,-1,253,517,55,34,1,-1,-1,-1
34,-1,446,476,48,27,1,-1,-1,-1
34,-1,668,440,44,28,1,-1,-1,-1
34,-1,821,403,38,26,1,-1,-1,-1
34,-1,843,108,35,24,1,-1,-1,-1
34,-1,960,126,39,23,1,-1,-1,-1
34,-1,1016,90,37,27,1,-1,-1,-1
35,-1,11,580,59,36,1,-1,-1,-1
35,-1,249,523,56,34,1,-1,-1,-1
35,-1,442,482,48,27,1,-1,-1,-1
35,-1,664,445,44,28,1,-1,-1,-1
35,-1,817,409,38,26,1,-1,-1,-1
35,-1,839,109,36,24,1,-1,-1,-1
35,-1,955,128,40,24,1,-1,-1,-1
35,-1,1012,91,37,27,1,-1,-1,-1
36,-1,7,584,59,36,1,-1,-1,-1
36,-1,245,527,55,34,1,-1,-1,-1
36,-1,438,486,48,27,1,-1,-1,-1
36,-1,660,449,44,28,1,-1,-1,-1
36,-1,813,412,38,26,1,-1,-1,-1
36,-1,835,108,36,24,1,-1,-1,-1
36,-1,951,127,41,25,1,-1,-1,-1
36,-1,1008,90,37,28,1,-1,-1,-1
37,-1,3,589,60,36,1,-1,-1,-1
37,-1,241,531,55,34,1,-1,-1,-1
37,-1,434,490,48,27,1,-1,-1,-1
37,-1,657,453,44,28,1,-1,-1,-1
37,-1,809,417,38,26,1,-1,-1,-1
37,-1,831,108,36,24,1,-1,-1,-1
37,-1,947,128,41,25,1,-1,-1,-1
37,-1,1004,90,37,28,1,-1,-1,-1
37,-1,1167,78,28,19,1,-1,-1,-1
38,-1,-1,594,59,36,1,-1,-1,-1
38,-1,237,536,55,34,1,-1,-1,-1
38,-1,430,495,48,27,1,-1,-1,-1
38,-1,653,458,44,28,1,-1,-1,-1
38,-1,805,421,38,26,1,-1,-1,-1
38,-1,827,107,35,24,1,-1,-1,-1
38,-1,943,128,41,25,1,-1,-1,-1
38,-1,999,89,38,28,1,-1,-1,-1
38,-1,1161,77,28,19,1,-1,-1,-1
39,-1,-5,598,60,36,1,-1,-1,-1
39,-1,233,540,55,34,1,-1,-1,-1
39,-1,426,499,48,27,1,-1,-1,-1
39,-1,649,462,44,28,1,-1,-1,-1
39,-1,801,426,38,26,1,-1,-1,-1
39,-1,823,107,36,24,1,-1,-1,-1
39,-1,938,129,41,25,1,-1,-1,-1
39,-1,995,91,37,27,1,-1,-1,-1
39,-1,1156,77,28,19,1,-1,-1,-1
40,-1,-8,604,58,35,1,-1,-1,-1
40,-1,229,545,55,34,1,-1,-1,-1
40,-1,422,504,48,27,1,-1,-1,-1
40,-1,645,467,44,28,1,-1,-1,-1
40,-1,797,430,38,26,1,-1,-1,-1
40,-1,819,107,36,24,1,-1,-1,-1
40,-1,934,131,41,25,1,-1,-1,-1
40,-1,991,91,37,27,1,-1,-1,-1
40,-1,1151,76,28,19,1,-1,-1,-1
41,-1,-8,604,58,35,1,-1,-1,-1
41,-1,225,549,55,34,1,-1,-1,-1
41,-1,418,508,48,27,1,-1,-1,-1
41,-1,641,470,44,28,1,-1,-1,-1
41,-1,793,434,38,26,1,-1,-1,-1
41,-1,814,106,36,24,1,-1,-1,-1
41,-1,930,130,40,25,1,-1,-1,-1
41,-1,986,90,37,27,1,-1,-1,-1
41,-1,1146,76,29,25,1,-1,-1,-1
42,-1,221,553,55,34,1,-1,-1,-1
42,-1,414,512,48,27,1,-1,-1,-1
42,-1,637,475,44,28,1,-1,-1,-1
42,-1,789,438,38,26,1,-1,-1,-1
42,-1,810,105,37,24,1,-1,-1,-1
42,-1,925,130,41,25,1,-1,-1,-1
42,-1,983,87,37,27,1,-1,-1,-1
42,-1,1141,75,29,25,1,-1,-1,-1
43,-1,217,558,55,34,1,-1,-1,-1
43,-1,410,516,48,27,1,-1,-1,-1
43,-1,633,479,44,28,1,-1,-1,-1
43,-1,785,442,38,26,1,-1,-1,-1
43,-1,806,104,37,25,1,-1,-1,-1
43,-1,921,132,41,25,1,-1,-1,-1
43,-1,979,91,37,27,1,-1,-1,-1
43,-1,1135,74,29,25,1,-1,-1,-1
44,-1,213,562,55,34,1,-1,-1,-1
44,-1,406,520,48,27,1,-1,-1,-1
44,-1,629,483,44,28,1,-1,-1,-1
44,-1,781,446,38,26,1,-1,-1,-1
44,-1,802,104,37,25,1,-1,-1,-1
44,-1,916,130,42,26,1,-1,-1,-1
44,-1,975,87,37,27,1,-1,-1,-1
44,-1,1130,74,29,25,1,-1,-1,-1
45,-1,209,566,56,34,1,-1,-1,-1
45,-1,403,524,48,27,1,-1,-1,-1
45,-1,626,487,44,28,1,-1,-1,-1
45,-1,778,450,38,26,1,-1,-1,-1
45,-1,797,104,38,25,1,-1,-1,-1
45,-1,912,130,42,25,1,-1,-1,-1
45,-1,972,87,36,26,1,-1,-1,-1
45,-1,1124,74,29,25,1,-1,-1,-1
45,-1,1262,42,17,22,1,-1,-1,-1
46,-1,206,570,56,34,1,-1,-1,-1
46,-1,400,528,48,27,1,-1,-1,-1
46,-1,623,491,44,28,1,-1,-1,-1
46,-1,775,454,38,26,1,-1,-1,-1
46,-1,793,103,38,25,1,-1,-1,-1
46,-1,908,131,31,23,1,-1,-1,-1
46,-1,972,87,36,26,1,-1,-1,-1
46,-1,1121,74,29,25,1,-1,-1,-1
46,-1,1259,41,19,21,1,-1,-1,-1
47,-1,203,574,56,34,1,-1,-1,-1
47,-1,397,532,48,27,1,-1,-1,-1
47,-1,620,495,44,28,1,-1,-1,-1
47,-1,772,458,38,26,1,-1,-1,-1
47,-1,791,103,38,25,1,-1,-1,-1
47,-1,905,131,31,23,1,-1,-1,-1
47,-1,966,86,35,25,1,-1,-1,-1
47,-1,1117,73,29,25,1,-1,-1,-1
47,-1,1256,40,21,21,1,-1,-1,-1
48,-1,201,578,56,34,1,-1,-1,-1
48,-1,395,536,48,27,1,-1,-1,-1
48,-1,618,499,44,28,1,-1,-1,-1
48,-1,770,462,38,26,1,-1,-1,-1
48,-1,788,100,38,25,1,-1,-1,-1
48,-1,902,130,31,23,1,-1,-1,-1
48,-1,963,84,36,26,1,-1,-1,-1
48,-1,1114,72,29,25,1,-1,-1,-1
48,-1,1251,40,27,23,1,-1,-1,-1
49,-1,198,582,56,34,1,-1,-1,-1
49,-1,392,540,48,27,1,-1,-1,-1
49,-1,615,503,44,28,1,-1,-1,-1
49,-1,767,466,38,26,1,-1,-1,-1
49,-1,785,99,37,25,1,-1,-1,-1
49,-1,900,132,30,22,1,-1,-1,-1
49,-1,960,84,36,26,1,-1,-1,-1
49,-1,1112,72,29,25,1,-1,-1,-1
49,-1,1246,43,29,24,1,-1,-1,-1
50,-1,195,587,56,34,1,-1,-1,-1
50,-1,389,544,48,27,1,-1,-1,-1
50,-1,613,507,44,28,1,-1,-1,-1
50,-1,765,470,38,26,1,-1,-1,-1
50,-1,781,101,37,24,1,-1,-1,-1
50,-1,898,132,29,21,1,-1,-1,-1
50,-1,958,83,35,26,1,-1,-1,-1
50,-1,1109,71,30,26,1,-1,-1,-1
50,-1,1245,40,29,24,1,-1,-1,-1
51,-1,193,591,56,34,1,-1,-1,-1
51,-1,387,549,48,27,1,-1,-1,-1
51,-1,610,511,44,28,1,-1,-1,-1
51,-1,762,474,38,26,1,-1,-1,-1
51,-1,777,100,39,25,1,-1,-1,-1
51,-1,894,132,30,22,1,-1,-1,-1
51,-1,956,82,35,25,1,-1,-1,-1
51,-1,1107,71,29,25,1,-1,-1,-1
51,-1,1242,37,29,24,1,-1,-1,-1
52,-1,191,596,56,34,1,-1,-1,-1
52,-1,385,553,48,27,1,-1,-1,-1
52,-1,608,516,44,28,1,-1,-1,-1
52,-1,760,478,38,26,1,-1,-1,-1
52,-1,775,99,38,25,1,-1,-1,-1
52,-1,891,132,31,22,1,-1,-1,-1
52,-1,954,83,34,25,1,-1,-1,-1
52,-1,1102,70,30,26,1,-1,-1,-1
52,-1,1240,36,29,24,1,-1,-1,-1
53,-1,188,600,56,34,1,-1,-1,-1
53,-1,382,558,48,27,1,-1,-1,-1
53,-1,606,520,44,28,1,-1,-1,-1
53,-1,758,483,38,26,1,-1,-1,-1
53,-1,773,99,38,24,1,-1,-1,-1
53,-1,890,131,31,22,1,-1,-1,-1
53,-1,951,83,33,24,1,-1,-1,-1
53,-1,1099,71,30,26,1,-1,-1,-1
53,-1,1236,38,29,24,1,-1,-1,-1
54,-1,188,600,56,34,1,-1,-1,-1
54,-1,380,562,48,27,1,-1,-1,-1
54,-1,603,525,44,28,1,-1,-1,-1
54,-1,756,488,38,26,1,-1,-1,-1
54,-1,771,99,37,24,1,-1,-1,-1
54,-1,889,133,31,22,1,-1,-1,-1
54,-1,948,81,33,24,1,-1,-1,-1
54,-1,1095,69,30,26,1,-1,-1,-1
54,-1,1236,37,29,24,1,-1,-1,-1
55,-1,378,567,48,27,1,-1,-1,-1
55,-1,601,530,44,28,1,-1,-1,-1
55,-1,753,492,38,26,1,-1,-1,-1
55,-1,772,97,38,25,1,-1,-1,-1
55,-1,887,134,30,21,1,-1,-1,-1
55,-1,945,82,33,24,1,-1,-1,-1
55,-1,1090,69,30,26,1,-1,-1,-1
55,-1,1230,37,29,24,1,-1,-1,-1
56,-1,376,572,48,27,1,-1,-1,-1
56,-1,599,535,44,28,1,-1,-1,-1
56,-1,751,497,38,26,1,-1,-1,-1
56,-1,767,98,38,25,1,-1,-1,-1
56,-1,884,134,31,22,1,-1,-1,-1
56,-1,942,82,33,24,1,-1,-1,-1
56,-1,1091,69,30,26,1,-1,-1,-1
56,-1,1230,35,29,24,1,-1,-1,-1
57,-1,373,578,48,27,1,-1,-1,-1
57,-1,597,541,44,28,1,-1,-1,-1
57,-1,749,503,38,26,1,-1,-1,-1
57,-1,764,99,38,25,1,-1,-1,-1
57,-1,880,134,31,22,1,-1,-1,-1
57,-1,940,80,33,24,1,-1,-1,-1
57,-1,1087,69,30,26,1,-1,-1,-1
57,-1,1233,38,29,24,1,-1,-1,-1
58,-1,371,583,48,27,1,-1,-1,-1
58,-1,595,546,44,28,1,-1,-1,-1
58,-1,747,508,38,26,1,-1,-1,-1
58,-1,762,100,38,25,1,-1,-1,-1
58,-1,878,135,31,22,1,-1,-1,-1
58,-1,937,82,33,24,1,-1,-1,-1
58,-1,1085,72,30,26,1,-1,-1,-1
58,-1,1230,37,29,24,1,-1,-1,-1
59,-1,369,588,48,27,1,-1,-1,-1
59,-1,592,551,44,28,1,-1,-1,-1
59,-1,744,513,38,26,1,-1,-1,-1
59,-1,759,98,38,25,1,-1,-1,-1
59,-1,875,135,31,22,1,-1,-1,-1
59,-1,934,81,33,24,1,-1,-1,-1
59,-1,1080,67,30,26,1,-1,-1,-1
59,-1,1222,37,29,24,1,-1,-1,-1
60,-1,366,594,48,27,1,-1,-1,-1
60,-1,590,556,44,28,1,-1,-1,-1
60,-1,742,518,38,26,1,-1,-1,-1
60,-1,756,99,38,25,1,-1,-1,-1
60,-1,873,136,31,22,1,-1,-1,-1
60,-1,931,86,33,24,1,-1,-1,-1
60,-1,1082,70,30,26,1,-1,-1,-1
60,-1,1224,37,29,24,1,-1,-1,-1
61,-1,364,599,48,27,1,-1,-1,-1
61,-1,587,561,44,28,1,-1,-1,-1
61,-1,739,524,38,26,1,-1,-1,-1
61,-1,753,99,38,25,1,-1,-1,-1
61,-1,870,137,31,22,1,-1,-1,-1
61,-1,929,82,33,24,1,-1,-1,-1
61,-1,1079,72,30,26,1,-1,-1,-1
61,-1,1222,37,29,24,1,-1,-1,-1
62,-1,361,603,49,27,1,-1,-1,-1
62,-1,585,565,44,28,1,-1,-1,-1
62,-1,737,528,38,26,1,-1,-1,-1
62,-1,752,98,38,25,1,-1,-1,-1
62,-1,868,136,31,22,1,-1,-1,-1
62,-1,927,81,33,24,1,-1,-1,-1
62,-1,1077,70,30,26,1,-1,-1,-1
62,-1,1220,37,29,24,1,-1,-1,-1
63,-1,583,571,44,28,1,-1,-1,-1
63,-1,736,534,38,26,1,-1,-1,-1
63,-1,749,99,38,25,1,-1,-1,-1
63,-1,865,138,32,23,1,-1,-1,-1
63,-1,923,83,36,26,1,-1,-1,-1
63,-1,1074,73,30,26,1,-1,-1,-1
63,-1,1219,38,28,23,1,-1,-1,-1
64,-1,581,576,44,28,1,-1,-1,-1
64,-1,734,539,38,26,1,-1,-1,-1
64,-1,747,104,38,25,1,-1,-1,-1
64,-1,863,143,31,22,1,-1,-1,-1
64,-1,921,83,36,26,1,-1,-1,-1
64,-1,1072,73,30,26,1,-1,-1,-1
64,-1,1217,38,29,24,1,-1,-1,-1
65,-1,580,581,44,28,1,-1,-1,-1
65,-1,732,544,38,26,1,-1,-1,-1
65,-1,747,101,38,25,1,-1,-1,-1
65,-1,861,138,32,23,1,-1,-1,-1
65,-1,919,83,36,26,1,-1,-1,-1
65,-1,1070,73,30,26,1,-1,-1,-1
65,-1,1215,39,29,24,1,-1,-1,-1
66,-1,578,586,44,28,1,-1,-1,-1
66,-1,730,549,38,26,1,-1,-1,-1
66,-1,741,100,38,25,1,-1,-1,-1
66,-1,859,143,32,23,1,-1,-1,-1
66,-1,917,83,36,26,1,-1,-1,-1
66,-1,1068,73,30,26,1,-1,-1,-1
66,-1,1214,39,29,24,1,-1,-1,-1
67,-1,576,590,45,28,1,-1,-1,-1
67,-1,728,553,38,26,1,-1,-1,-1
67,-1,740,96,38,25,1,-1,-1,-1
67,-1,860,135,33,24,1,-1,-1,-1
67,-1,915,82,36,26,1,-1,-1,-1
67,-1,1066,72,30,26,1,-1,-1,-1
67,-1,1213,38,29,24,1,-1,-1,-1
68,-1,576,590,45,28,1,-1,-1,-1
68,-1,728,553,38,26,1,-1,-1,-1
68,-1,740,96,38,25,1,-1,-1,-1
68,-1,860,135,33,24,1,-1,-1,-1
68,-1,915,82,36,26,1,-1,-1,-1
68,-1,1066,72,30,26,1,-1,-1,-1
68,-1,1213,38,29,24,1,-1,-1,-1
69,-1,575,594,44,28,1,-1,-1,-1
69,-1,728,557,38,26,1,-1,-1,-1
69,-1,738,100,38,25,1,-1,-1,-1
69,-1,859,140,33,24,1,-1,-1,-1
69,-1,913,81,36,26,1,-1,-1,-1
69,-1,1065,72,29,25,1,-1,-1,-1
69,-1,1211,38,29,24,1,-1,-1,-1
70,-1,574,599,44,28,1,-1,-1,-1
70,-1,726,562,38,26,1,-1,-1,-1
70,-1,735,100,38,25,1,-1,-1,-1
70,-1,857,140,30,22,1,-1,-1,-1
70,-1,912,81,36,26,1,-1,-1,-1
70,-1,1064,71,30,26,1,-1,-1,-1
70,-1,1211,38,29,24,1,-1,-1,-1
71,-1,573,603,45,29,1,-1,-1,-1
71,-1,726,566,38,26,1,-1,-1,-1
71,-1,734,104,38,25,1,-1,-1,-1
71,-1,855,141,30,22,1,-1,-1,-1
71,-1,911,80,36,26,1,-1,-1,-1
71,-1,1063,71,30,26,1,-1,-1,-1
71,-1,1210,37,29,24,1,-1,-1,-1
72,-1,725,572,38,26,1,-1,-1,-1
72,-1,732,100,38,25,1,-1,-1,-1
72,-1,856,140,30,22,1,-1,-1,-1
72,-1,909,81,36,26,1,-1,-1,-1
72,-1,1062,71,30,26,1,-1,-1,-1
72,-1,1209,38,30,25,1,-1,-1,-1
73,-1,724,577,38,26,1,-1,-1,-1
73,-1,731,100,38,25,1,-1,-1,-1
73,-1,854,139,30,22,1,-1,-1,-1
73,-1,908,81,36,26,1,-1,-1,-1
73,-1,1061,71,30,26,1,-1,-1,-1
73,-1,1208,38,30,25,1,-1,-1,-1
74,-1,723,580,38,26,1,-1,-1,-1
74,-1,729,98,38,25,1,-1,-1,-1
74,-1,853,142,30,22,1,-1,-1,-1
74,-1,906,79,36,26,1,-1,-1,-1
74,-1,1060,70,30,26,1,-1,-1,-1
74,-1,1207,37,30,25,1,-1,-1,-1
75,-1,722,585,38,26,1,-1,-1,-1
75,-1,727,98,38,25,1,-1,-1,-1
75,-1,853,137,30,22,1,-1,-1,-1
75,-1,905,79,36,26,1,-1,-1,-1
75,-1,1059,69,33,24,1,-1,-1,-1
75,-1,1200,36,37,26,1,-1,-1,-1
76,-1,721,589,38,26,1,-1,-1,-1
76,-1,726,97,38,25,1,-1,-1,-1
76,-1,852,142,30,22,1,-1,-1,-1
76,-1,904,78,36,26,1,-1,-1,-1
76,-1,1058,69,33,24,1,-1,-1,-1
76,-1,1199,36,37,26,1,-1,-1,-1
77,-1,720,594,38,26,1,-1,-1,-1
77,-1,725,97,38,25,1,-1,-1,-1
77,-1,851,138,30,22,1,-1,-1,-1
77,-1,902,77,36,26,1,-1,-1,-1
77,-1,1057,68,33,24,1,-1,-1,-1
77,-1,1198,36,37,26,1,-1,-1,-1
78,-1,719,600,38,26,1,-1,-1,-1
78,-1,724,98,38,25,1,-1,-1,-1
78,-1,850,140,30,22,1,-1,-1,-1
78,-1,901,79,36,26,1,-1,-1,-1
78,-1,1056,70,33,24,1,-1,-1,-1
78,-1,1197,37,37,26,1,-1,-1,-1
79,-1,718,605,38,26,1,-1,-1,-1
79,-1,722,98,38,25,1,-1,-1,-1
79,-1,849,143,30,22,1,-1,-1,-1
79,-1,899,79,36,26,1,-1,-1,-1
79,-1,1055,70,34,24,1,-1,-1,-1
79,-1,1197,37,37,26,1,-1,-1,-1
80,-1,721,98,38,25,1,-1,-1,-1
80,-1,848,144,30,22,1,-1,-1,-1
80,-1,898,79,36,26,1,-1,-1,-1
80,-1,1054,71,33,24,1,-1,-1,-1
80,-1,1195,38,37,26,1,-1,-1,-1
81,-1,719,98,39,26,1,-1,-1,-1
81,-1,847,145,30,22,1,-1,-1,-1
81,-1,896,79,36,26,1,-1,-1,-1
81,-1,1053,71,33,24,1,-1,-1,-1
81,-1,1194,39,37,26,1,-1,-1,-1
82,-1,718,98,39,25,1,-1,-1,-1
82,-1,846,146,29,22,1,-1,-1,-1
82,-1,894,79,36,26,1,-1,-1,-1
82,-1,1052,72,33,24,1,-1,-1,-1
82,-1,1193,39,37,26,1,-1,-1,-1
83,-1,716,100,39,26,1,-1,-1,-1
83,-1,844,149,29,21,1,-1,-1,-1
83,-1,892,81,36,26,1,-1,-1,-1
83,-1,1050,74,33,24,1,-1,-1,-1
83,-1,1191,41,37,26,1,-1,-1,-1
84,-1,715,101,39,26,1,-1,-1,-1
84,-1,843,151,29,21,1,-1,-1,-1
84,-1,890,82,36,26,1,-1,-1,-1
84,-1,1049,75,33,24,1,-1,-1,-1
84,-1,1190,43,37,26,1,-1,-1,-1
85,-1,713,101,39,26,1,-1,-1,-1
85,-1,841,156,29,21,1,-1,-1,-1
85,-1,887,81,37,26,1,-1,-1,-1
85,-1,1047,75,33,24,1,-1,-1,-1
85,-1,1188,43,37,26,1,-1,-1,-1
86,-1,711,102,39,26,1,-1,-1,-1
86,-1,841,151,28,21,1,-1,-1,-1
86,-1,885,82,37,26,1,-1,-1,-1
86,-1,1045,77,33,24,1,-1,-1,-1
86,-1,1186,44,37,26,1,-1,-1,-1
87,-1,710,103,39,25,1,-1,-1,-1
87,-1,841,151,28,21,1,-1,-1,-1
87,-1,882,83,37,26,1,-1,-1,-1
87,-1,1044,78,33,24,1,-1,-1,-1
87,-1,1184,45,37,26,1,-1,-1,-1
88,-1,708,105,38,25,1,-1,-1,-1
88,-1,831,153,35,26,1,-1,-1,-1
88,-1,880,85,36,26,1,-1,-1,-1
88,-1,1042,80,33,24,1,-1,-1,-1
88,-1,1182,47,37,26,1,-1,-1,-1
89,-1,706,104,39,25,1,-1,-1,-1
89,-1,830,154,34,25,1,-1,-1,-1
89,-1,878,85,37,26,1,-1,-1,-1
89,-1,1040,81,33,24,1,-1,-1,-1
89,-1,1179,47,37,26,1,-1,-1,-1
90,-1,704,106,39,26,1,-1,-1,-1
90,-1,828,156,34,26,1,-1,-1,-1
90,-1,876,87,36,26,1,-1,-1,-1
90,-1,1039,83,33,24,1,-1,-1,-1
90,-1,1177,50,37,26,1,-1,-1,-1
91,-1,702,106,39,26,1,-1,-1,-1
91,-1,826,157,34,26,1,-1,-1,-1
91,-1,873,87,36,26,1,-1,-1,-1
91,-1,1037,84,33,24,1,-1,-1,-1
91,-1,1175,50,37,26,1,-1,-1,-1
92,-1,700,107,39,26,1,-1,-1,-1
92,-1,824,158,35,26,1,-1,-1,-1
92,-1,871,87,36,26,1,-1,-1,-1
92,-1,1036,85,33,24,1,-1,-1,-1
92,-1,1173,51,37,26,1,-1,-1,-1
93,-1,698,107,39,26,1,-1,-1,-1
93,-1,822,159,35,26,1,-1,-1,-1
93,-1,869,88,36,26,1,-1,-1,-1
93,-1,1035,86,33,24,1,-1,-1,-1
93,-1,1170,52,37,26,1,-1,-1,-1
94,-1,697,108,39,25,1,-1,-1,-1
94,-1,821,161,35,26,1,-1,-1,-1
94,-1,867,89,36,26,1,-1,-1,-1
94,-1,1033,87,33,24,1,-1,-1,-1
94,-1,1168,54,37,26,1,-1,-1,-1
95,-1,695,108,38,25,1,-1,-1,-1
95,-1,819,161,35,26,1,-1,-1,-1
95,-1,865,88,36,26,1,-1,-1,-1
95,-1,1032,87,33,24,1,-1,-1,-1
95,-1,1166,53,37,26,1,-1,-1,-1
96,-1,693,109,39,25,1,-1,-1,-1
96,-1,817,162,35,26,1,-1,-1,-1
96,-1,863,89,36,26,1,-1,-1,-1
96,-1,1031,89,33,24,1,-1,-1,-1
96,-1,1164,55,37,26,1,-1,-1,-1
97,-1,691,108,39,25,1,-1,-1,-1
97,-1,814,161,36,27,1,-1,-1,-1
97,-1,860,89,36,26,1,-1,-1,-1
97,-1,1030,89,33,24,1,-1,-1,-1
97,-1,1161,55,37,26,1,-1,-1,-1
98,-1,689,108,38,25,1,-1,-1,-1
98,-1,811,162,37,27,1,-1,-1,-1
98,-1,858,88,36,26,1,-1,-1,-1
98,-1,1028,89,33,24,1,-1,-1,-1
98,-1,1158,56,37,26,1,-1,-1,-1
99,-1,687,108,38,25,1,-1,-1,-1
99,-1,809,162,37,27,1,-1,-1,-1
99,-1,856,89,36,26,1,-1,-1,-1
99,-1,1026,90,33,24,1,-1,-1,-1
99,-1,1156,56,37,26,1,-1,-1,-1
100,-1,684,108,37,25,1,-1,-1,-1
100,-1,807,163,36,27,1,-1,-1,-1
100,-1,853,89,35,26,1,-1,-1,-1
100,-1,1025,90,33,24,1,-1,-1,-1
100,-1,1153,57,37,26,1,-1,-1,-1
101,-1,682,108,37,24,1,-1,-1,-1
101,-1,805,163,36,27,1,-1,-1,-1
101,-1,851,89,35,25,1,-1,-1,-1
101,-1,1023,91,33,24,1,-1,-1,-1
101,-1,1150,57,37,26,1,-1,-1,-1
102,-1,679,109,37,24,1,-1,-1,-1
102,-1,802,165,36,27,1,-1,-1,-1
102,-1,848,89,35,25,1,-1,-1,-1
102,-1,1021,92,33,24,1,-1,-1,-1
102,-1,1147,59,37,26,1,-1,-1,-1
103,-1,677,109,36,24,1,-1,-1,-1
103,-1,800,165,36,27,1,-1,-1,-1
103,-1,845,89,35,25,1,-1,-1,-1
103,-1,1019,92,33,24,1,-1,-1,-1
103,-1,1144,59,37,26,1,-1,-1,-1
104,-1,674,108,36,24,1,-1,-1,-1
104,-1,797,165,36,27,1,-1,-1,-1
104,-1,843,89,34,25,1,-1,-1,-1
104,-1,1017,92,33,24,1,-1,-1,-1
104,-1,1141,59,37,26,1,-1,-1,-1
105,-1,671,108,36,24,1,-1,-1,-1
105,-1,795,165,36,27,1,-1,-1,-1
105,-1,840,88,34,25,1,-1,-1,-1
105,-1,1015,92,33,24,1,-1,-1,-1
105,-1,1138,59,37,26,1,-1,-1,-1
106,-1,668,107,36,24,1,-1,-1,-1
106,-1,793,165,35,27,1,-1,-1,-1
106,-1,837,87,35,25,1,-1,-1,-1
106,-1,1013,92,33,24,1,-1,-1,-1
106,-1,1136,59,36,25,1,-1,-1,-1
107,-1,666,106,36,23,1,-1,-1,-1
107,-1,791,165,35,27,1,-1,-1,-1
107,-1,835,87,35,25,1,-1,-1,-1
107,-1,1011,92,32,23,1,-1,-1,-1
107,-1,1133,59,36,25,1,-1,-1,-1
108,-1,664,106,35,23,1,-1,-1,-1
108,-1,788,165,35,27,1,-1,-1,-1
108,-1,832,86,34,25,1,-1,-1,-1
108,-1,1009,92,32,23,1,-1,-1,-1
108,-1,1130,60,36,25,1,-1,-1,-1
109,-1,661,106,35,23,1,-1,-1,-1
109,-1,786,165,35,26,1,-1,-1,-1
109,-1,830,86,34,25,1,-1,-1,-1
109,-1,1007,92,32,23,1,-1,-1,-1
109,-1,1127,60,36,25,1,-1,-1,-1
110,-1,659,105,35,23,1,-1,-1,-1
110,-1,784,165,35,26,1,-1,-1,-1
110,-1,828,85,34,25,1,-1,-1,-1
110,-1,1005,92,32,23,1,-1,-1,-1
110,-1,1125,60,36,25,1,-1,-1,-1
111,-1,657,104,35,23,1,-1,-1,-1
111,-1,782,165,35,26,1,-1,-1,-1
111,-1,825,85,34,25,1,-1,-1,-1
111,-1,1004,92,31,23,1,-1,-1,-1
111,-1,1122,60,35,25,1,-1,-1,-1
112,-1,655,104,35,23,1,-1,-1,-1
112,-1,780,165,35,26,1,-1,-1,-1
112,-1,823,84,34,25,1,-1,-1,-1
112,-1,1002,92,31,23,1,-1,-1,-1
112,-1,1120,60,35,25,1,-1,-1,-1
113,-1,652,103,35,23,1,-1,-1,-1
113,-1,779,165,35,26,1,-1,-1,-1
113,-1,821,84,34,25,1,-1,-1,-1
113,-1,1000,92,31,23,1,-1,-1,-1
113,-1,1117,60,35,25,1,-1,-1,-1
114,-1,650,102,35,23,1,-1,-1,-1
114,-1,777,165,34,26,1,-1,-1,-1
114,-1,819,83,34,25,1,-1,-1,-1
114,-1,998,91,31,23,1,-1,-1,-1
114,-1,1115,60,35,25,1,-1,-1,-1
115,-1,648,102,35,23,1,-1,-1,-1
115,-1,775,166,34,26,1,-1,-1,-1
115,-1,817,83,34,25,1,-1,-1,-1
115,-1,996,92,31,22,1,-1,-1,-1
115,-1,1113,61,35,25,1,-1,-1,-1
116,-1,646,101,35,23,1,-1,-1,-1
116,-1,773,165,34,25,1,-1,-1,-1
116,-1,815,82,34,25,1,-1,-1,-1
116,-1,994,92,31,22,1,-1,-1,-1
116,-1,1110,60,35,25,1,-1,-1,-1
117,-1,644,100,34,23,1,-1,-1,-1
117,-1,771,165,34,25,1,-1,-1,-1
117,-1,813,81,34,25,1,-1,-1,-1
117,-1,993,91,31,22,1,-1,-1,-1
117,-1,1108,60,35,24,1,-1,-1,-1
118,-1,642,99,34,23,1,-1,-1,-1
118,-1,769,165,34,25,1,-1,-1,-1
118,-1,811,80,34,24,1,-1,-1,-1
118,-1,991,91,31,22,1,-1,-1,-1
118,-1,1106,60,35,24,1,-1,-1,-1
119,-1,639,98,34,23,1,-1,-1,-1
119,-1,767,164,34,25,1,-1,-1,-1
119,-1,809,80,34,24,1,-1,-1,-1
119,-1,989,90,30,22,1,-1,-1,-1
119,-1,1103,60,35,24,1,-1,-1,-1
120,-1,637,98,34,22,1,-1,-1,-1
120,-1,769,163,31,26,1,-1,-1,-1
120,-1,810,77,33,25,1,-1,-1,-1
120,-1,983,91,37,22,1,-1,-1,-1
120,-1,1101,60,34,24,1,-1,-1,-1
121,-1,635,97,34,23,1,-1,-1,-1
121,-1,767,163,31,26,1,-1,-1,-1
121,-1,808,76,33,25,1,-1,-1,-1
121,-1,981,91,37,22,1,-1,-1,-1
121,-1,1099,59,34,24,1,-1,-1,-1
122,-1,633,96,34,22,1,-1,-1,-1
122,-1,764,163,31,26,1,-1,-1,-1
122,-1,806,75,33,25,1,-1,-1,-1
122,-1,979,90,37,22,1,-1,-1,-1
122,-1,1096,59,34,24,1,-1,-1,-1
123,-1,631,95,34,22,1,-1,-1,-1
123,-1,762,162,31,26,1,-1,-1,-1
123,-1,804,75,33,25,1,-1,-1,-1
123,-1,977,90,37,22,1,-1,-1,-1
123,-1,1094,59,34,24,1,-1,-1,-1
124,-1,629,94,34,22,1,-1,-1,-1
124,-1,759,162,31,26,1,-1,-1,-1
124,-1,801,74,33,25,1,-1,-1,-1
124,-1,974,89,37,22,1,-1,-1,-1
124,-1,1091,59,34,24,1,-1,-1,-1
125,-1,626,94,34,22,1,-1,-1,-1
125,-1,757,162,31,26,1,-1,-1,-1
125,-1,799,73,33,25,1,-1,-1,-1
125,-1,972,89,37,22,1,-1,-1,-1
125,-1,1088,59,34,24,1,-1,-1,-1
126,-1,624,94,34,22,1,-1,-1,-1
126,-1,754,162,31,26,1,-1,-1,-1
126,-1,797,73,33,25,1,-1,-1,-1
126,-1,969,88,37,22,1,-1,-1,-1
126,-1,1086,59,34,24,1,-1,-1,-1
127,-1,621,93,33,22,1,-1,-1,-1
127,-1,751,163,30,26,1,-1,-1,-1
127,-1,794,72,33,25,1,-1,-1,-1
127,-1,967,88,37,22,1,-1,-1,-1
127,-1,1083,59,34,24,1,-1,-1,-1
128,-1,619,93,33,22,1,-1,-1,-1
128,-1,748,163,31,26,1,-1,-1,-1
128,-1,792,72,33,25,1,-1,-1,-1
128,-1,964,88,37,22,1,-1,-1,-1
128,-1,1080,59,34,24,1,-1,-1,-1
129,-1,617,91,33,22,1,-1,-1,-1
129,-1,745,162,30,25,1,-1,-1,-1
129,-1,789,70,33,25,1,-1,-1,-1
129,-1,961,86,37,22,1,-1,-1,-1
129,-1,1077,58,34,24,1,-1,-1,-1
130,-1,614,91,33,22,1,-1,-1,-1
130,-1,742,162,30,25,1,-1,-1,-1
130,-1,787,70,33,25,1,-1,-1,-1
130,-1,958,86,37,22,1,-1,-1,-1
130,-1,1074,58,34,24,1,-1,-1,-1
131,-1,612,92,33,21,1,-1,-1,-1
131,-1,739,163,30,25,1,-1,-1,-1
131,-1,784,71,33,25,1,-1,-1,-1
131,-1,955,87,37,22,1,-1,-1,-1
131,-1,1071,60,34,24,1,-1,-1,-1
132,-1,609,90,32,21,1,-1,-1,-1
132,-1,736,162,30,25,1,-1,-1,-1
132,-1,782,69,33,25,1,-1,-1,-1
132,-1,952,86,38,22,1,-1,-1,-1
132,-1,1068,59,34,24,1,-1,-1,-1
133,-1,607,90,32,21,1,-1,-1,-1
133,-1,733,163,30,25,1,-1,-1,-1
133,-1,779,69,33,25,1,-1,-1,-1
133,-1,949,86,37,22,1,-1,-1,-1
133,-1,1065,60,34,24,1,-1,-1,-1
134,-1,605,90,32,21,1,-1,-1,-1
134,-1,730,164,30,25,1,-1,-1,-1
134,-1,777,69,33,25,1,-1,-1,-1
134,-1,946,87,38,22,1,-1,-1,-1
134,-1,1062,60,34,24,1,-1,-1,-1
135,-1,602,91,32,21,1,-1,-1,-1
135,-1,727,165,30,25,1,-1,-1,-1
135,-1,774,69,32,25,1,-1,-1,-1
135,-1,944,87,37,22,1,-1,-1,-1
135,-1,1059,61,34,24,1,-1,-1,-1
136,-1,600,91,32,21,1,-1,-1,-1
136,-1,725,166,30,25,1,-1,-1,-1
136,-1,772,70,33,25,1,-1,-1,-1
136,-1,941,88,37,22,1,-1,-1,-1
136,-1,1056,62,34,24,1,-1,-1,-1
137,-1,598,91,32,21,1,-1,-1,-1
137,-1,722,167,30,25,1,-1,-1,-1
137,-1,770,70,32,24,1,-1,-1,-1
137,-1,938,89,37,22,1,-1,-1,-1
137,-1,1053,63,34,24,1,-1,-1,-1
138,-1,596,92,32,21,1,-1,-1,-1
138,-1,719,168,30,25,1,-1,-1,-1
138,-1,767,70,32,24,1,-1,-1,-1
138,-1,936,89,37,22,1,-1,-1,-1
138,-1,1050,64,34,24,1,-1,-1,-1
139,-1,594,92,32,21,1,-1,-1,-1
139,-1,717,169,30,25,1,-1,-1,-1
139,-1,765,70,32,24,1,-1,-1,-1
139,-1,933,90,37,22,1,-1,-1,-1
139,-1,1048,65,34,24,1,-1,-1,-1
140,-1,592,92,32,21,1,-1,-1,-1
140,-1,714,170,30,25,1,-1,-1,-1
140,-1,763,71,32,24,1,-1,-1,-1
140,-1,930,90,37,22,1,-1,-1,-1
140,-1,1046,66,34,24,1,-1,-1,-1
141,-1,590,93,32,21,1,-1,-1,-1
141,-1,712,171,29,25,1,-1,-1,-1
141,-1,761,71,32,24,1,-1,-1,-1
141,-1,928,91,37,22,1,-1,-1,-1
141,-1,1043,67,34,24,1,-1,-1,-1
142,-1,589,93,32,21,1,-1,-1,-1
142,-1,709,172,30,25,1,-1,-1,-1
142,-1,759,71,32,24,1,-1,-1,-1
142,-1,925,92,37,22,1,-1,-1,-1
142,-1,1041,68,34,24,1,-1,-1,-1
143,-1,587,95,32,21,1,-1,-1,-1
143,-1,707,175,29,25,1,-1,-1,-1
143,-1,758,73,32,24,1,-1,-1,-1
143,-1,923,94,37,22,1,-1,-1,-1
143,-1,1039,70,33,23,1,-1,-1,-1
144,-1,586,96,32,21,1,-1,-1,-1
144,-1,705,177,29,25,1,-1,-1,-1
144,-1,756,74,32,24,1,-1,-1,-1
144,-1,921,95,37,22,1,-1,-1,-1
144,-1,1036,72,33,24,1,-1,-1,-1
145,-1,584,96,32,21,1,-1,-1,-1
145,-1,702,178,29,25,1,-1,-1,-1
145,-1,754,74,32,25,1,-1,-1,-1
145,-1,919,96,37,22,1,-1,-1,-1
145,-1,1034,73,33,23,1,-1,-1,-1
146,-1,582,97,32,21,1,-1,-1,-1
146,-1,700,180,29,25,1,-1,-1,-1
146,-1,752,75,32,24,1,-1,-1,-1
146,-1,917,97,37,22,1,-1,-1,-1
146,-1,1032,74,33,23,1,-1,-1,-1
147,-1,581,97,32,21,1,-1,-1,-1
147,-1,698,181,29,25,1,-1,-1,-1
147,-1,751,75,32,24,1,-1,-1,-1
147,-1,914,97,37,22,1,-1,-1,-1
147,-1,1030,75,33,23,1,-1,-1,-1
148,-1,580,98,32,21,1,-1,-1,-1
148,-1,696,182,29,25,1,-1,-1,-1
148,-1,749,75,33,25,1,-1,-1,-1
148,-1,912,98,37,22,1,-1,-1,-1
148,-1,1028,76,33,23,1,-1,-1,-1
149,-1,578,100,32,21,1,-1,-1,-1
149,-1,694,185,30,25,1,-1,-1,-1
149,-1,748,77,32,24,1,-1,-1,-1
149,-1,910,101,37,22,1,-1,-1,-1
149,-1,1026,79,33,23,1,-1,-1,-1
150,-1,577,100,32,21,1,-1,-1,-1
150,-1,692,186,30,25,1,-1,-1,-1
150,-1,746,77,32,24,1,-1,-1,-1
150,-1,909,101,37,22,1,-1,-1,-1
150,-1,1024,79,33,23,1,-1,-1,-1
151,-1,576,101,32,21,1,-1,-1,-1
151,-1,690,188,30,25,1,-1,-1,-1
151,-1,745,78,32,24,1,-1,-1,-1
151,-1,907,102,37,22,1,-1,-1,-1
151,-1,1023,81,33,23,1,-1,-1,-1
152,-1,575,103,32,21,1,-1,-1,-1
152,-1,689,191,29,25,1,-1,-1,-1
152,-1,744,80,32,24,1,-1,-1,-1
152,-1,905,104,37,22,1,-1,-1,-1
152,-1,1021,84,33,23,1,-1,-1,-1
153,-1,574,104,32,21,1,-1,-1,-1
153,-1,687,194,29,25,1,-1,-1,-1
153,-1,742,82,32,24,1,-1,-1,-1
153,-1,904,106,37,22,1,-1,-1,-1
153,-1,1020,86,33,23,1,-1,-1,-1
154,-1,573,106,32,21,1,-1,-1,-1
154,-1,685,196,29,25,1,-1,-1,-1
154,-1,742,83,32,24,1,-1,-1,-1
154,-1,902,108,37,22,1,-1,-1,-1
154,-1,1018,88,33,23,1,-1,-1,-1
155,-1,572,108,32,21,1,-1,-1,-1
155,-1,684,199,29,25,1,-1,-1,-1
155,-1,741,85,32,24,1,-1,-1,-1
155,-1,901,110,37,22,1,-1,-1,-1
155,-1,1017,90,33,23,1,-1,-1,-1
156,-1,571,109,33,21,1,-1,-1,-1
156,-1,682,202,29,25,1,-1,-1,-1
156,-1,740,86,32,24,1,-1,-1,-1
156,-1,899,111,37,22,1,-1,-1,-1
156,-1,1015,92,33,23,1,-1,-1,-1
157,-1,571,111,32,21,1,-1,-1,-1
157,-1,681,205,29,25,1,-1,-1,-1
157,-1,739,89,32,24,1,-1,-1,-1
157,-1,898,113,36,22,1,-1,-1,-1
157,-1,1014,95,33,23,1,-1,-1,-1
158,-1,570,113,33,21,1,-1,-1,-1
158,-1,680,208,29,25,1,-1,-1,-1
158,-1,738,91,31,24,1,-1,-1,-1
158,-1,897,116,37,22,1,-1,-1,-1
158,-1,1013,98,33,23,1,-1,-1,-1
159,-1,569,117,32,21,1,-1,-1,-1
159,-1,679,213,29,25,1,-1,-1,-1
159,-1,737,94,31,24,1,-1,-1,-1
159,-1,896,119,36,22,1,-1,-1,-1
159,-1,1012,102,33,23,1,-1,-1,-1
160,-1,568,118,33,22,1,-1,-1,-1
160,-1,677,215,29,25,1,-1,-1,-1
160,-1,736,95,31,24,1,-1,-1,-1
160,-1,894,121,36,22,1,-1,-1,-1
160,-1,1011,103,33,23,1,-1,-1,-1
161,-1,568,120,33,21,1,-1,-1,-1
161,-1,677,219,29,25,1,-1,-1,-1
161,-1,735,97,31,24,1,-1,-1,-1
161,-1,893,123,36,22,1,-1,-1,-1
161,-1,1010,106,33,23,1,-1,-1,-1
162,-1,567,122,33,21,1,-1,-1,-1
162,-1,675,222,29,25,1,-1,-1,-1
162,-1,735,99,31,24,1,-1,-1,-1
162,-1,892,125,36,21,1,-1,-1,-1
162,-1,1009,109,33,23,1,-1,-1,-1
163,-1,567,124,32,21,1,-1,-1,-1
163,-1,674,225,29,25,1,-1,-1,-1
163,-1,734,101,32,24,1,-1,-1,-1
163,-1,891,127,36,21,1,-1,-1,-1
163,-1,1008,112,33,23,1,-1,-1,-1
164,-1,566,126,33,21,1,-1,-1,-1
164,-1,673,229,29,25,1,-1,-1,-1
164,-1,734,104,32,24,1,-1,-1,-1
164,-1,890,129,36,21,1,-1,-1,-1
164,-1,1007,114,33,23,1,-1,-1,-1
165,-1,566,128,33,21,1,-1,-1,-1
165,-1,672,233,29,24,1,-1,-1,-1
165,-1,733,106,31,24,1,-1,-1,-1
165,-1,889,132,36,21,1,-1,-1,-1
165,-1,1006,117,33,23,1,-1,-1,-1
166,-1,565,130,33,21,1,-1,-1,-1
166,-1,671,236,29,24,1,-1,-1,-1
166,-1,732,108,32,24,1,-1,-1,-1
166,-1,887,134,36,22,1,-1,-1,-1
166,-1,1005,120,33,23,1,-1,-1,-1
167,-1,564,132,33,21,1,-1,-1,-1
167,-1,670,240,29,24,1,-1,-1,-1
167,-1,732,110,32,24,1,-1,-1,-1
167,-1,886,136,36,21,1,-1,-1,-1
167,-1,1004,123,33,23,1,-1,-1,-1
168,-1,564,134,33,22,1,-1,-1,-1
168,-1,669,243,29,25,1,-1,-1,-1
168,-1,731,112,32,24,1,-1,-1,-1
168,-1,885,138,36,22,1,-1,-1,-1
168,-1,1003,125,33,23,1,-1,-1,-1
169,-1,563,135,33,21,1,-1,-1,-1
169,-1,668,247,29,24,1,-1,-1,-1
169,-1,730,114,32,24,1,-1,-1,-1
169,-1,884,140,36,22,1,-1,-1,-1
169,-1,1002,128,33,23,1,-1,-1,-1
170,-1,562,137,33,21,1,-1,-1,-1
170,-1,666,250,29,25,1,-1,-1,-1
170,-1,729,116,32,24,1,-1,-1,-1
170,-1,882,142,36,21,1,-1,-1,-1
170,-1,1001,130,33,23,1,-1,-1,-1
171,-1,561,138,32,21,1,-1,-1,-1
171,-1,665,253,29,25,1,-1,-1,-1
171,-1,728,117,32,24,1,-1,-1,-1
171,-1,881,144,36,21,1,-1,-1,-1
171,-1,999,132,33,23,1,-1,-1,-1
172,-1,560,140,32,21,1,-1,-1,-1
172,-1,664,256,29,24,1,-1,-1,-1
172,-1,727,119,32,24,1,-1,-1,-1
172,-1,879,145,36,22,1,-1,-1,-1
172,-1,998,134,33,23,1,-1,-1,-1
173,-1,559,141,32,21,1,-1,-1,-1
173,-1,662,259,29,24,1,-1,-1,-1
173,-1,726,120,32,24,1,-1,-1,-1
173,-1,878,147,36,21,1,-1,-1,-1
173,-1,997,136,33,23,1,-1,-1,-1
174,-1,557,142,32,21,1,-1,-1,-1
174,-1,661,262,29,24,1,-1,-1,-1
174,-1,725,121,32,24,1,-1,-1,-1
174,-1,876,148,36,21,1,-1,-1,-1
174,-1,995,138,33,23,1,-1,-1,-1
175,-1,556,142,32,21,1,-1,-1,-1
175,-1,659,265,29,24,1,-1,-1,-1
175,-1,723,122,32,24,1,-1,-1,-1
175,-1,874,149,37,22,1,-1,-1,-1
175,-1,993,140,33,23,1,-1,-1,-1
176,-1,555,143,32,21,1,-1,-1,-1
176,-1,658,268,29,24,1,-1,-1,-1
176,-1,722,123,32,24,1,-1,-1,-1
176,-1,872,150,36,22,1,-1,-1,-1
176,-1,992,141,33,23,1,-1,-1,-1
177,-1,553,144,32,21,1,-1,-1,-1
177,-1,656,271,29,24,1,-1,-1,-1
177,-1,721,125,32,24,1,-1,-1,-1
177,-1,870,152,36,22,1,-1,-1,-1
177,-1,990,143,33,23,1,-1,-1,-1
178,-1,552,143,32,21,1,-1,-1,-1
178,-1,654,273,29,24,1,-1,-1,-1
178,-1,719,124,32,24,1,-1,-1,-1
178,-1,868,151,36,22,1,-1,-1,-1
178,-1,988,143,33,24,1,-1,-1,-1
179,-1,550,145,32,21,1,-1,-1,-1
179,-1,652,276,29,24,1,-1,-1,-1
179,-1,718,126,32,24,1,-1,-1,-1
179,-1,866,153,36,21,1,-1,-1,-1
179,-1,986,145,34,24,1,-1,-1,-1
180,-1,549,145,32,21,1,-1,-1,-1
180,-1,651,279,29,24,1,-1,-1,-1
180,-1,716,126,32,24,1,-1,-1,-1
180,-1,864,154,36,22,1,-1,-1,-1
180,-1,985,147,33,24,1,-1,-1,-1
181,-1,547,144,32,21,1,-1,-1,-1
181,-1,649,281,29,24,1,-1,-1,-1
181,-1,714,126,32,24,1,-1,-1,-1
181,-1,862,154,36,22,1,-1,-1,-1
181,-1,983,147,33,23,1,-1,-1,-1
182,-1,546,145,32,21,1,-1,-1,-1
182,-1,647,284,29,24,1,-1,-1,-1
182,-1,713,127,32,24,1,-1,-1,-1
182,-1,860,155,36,22,1,-1,-1,-1
182,-1,981,149,33,23,1,-1,-1,-1
183,-1,544,144,32,21,1,-1,-1,-1
183,-1,645,286,29,24,1,-1,-1,-1
183,-1,711,126,32,24,1,-1,-1,-1
183,-1,858,154,37,22,1,-1,-1,-1
183,-1,979,148,33,23,1,-1,-1,-1
184,-1,542,144,32,21,1,-1,-1,-1
184,-1,643,288,29,24,1,-1,-1,-1
184,-1,709,126,32,24,1,-1,-1,-1
184,-1,855,155,36,22,1,-1,-1,-1
184,-1,977,149,33,23,1,-1,-1,-1
185,-1,540,144,32,21,1,-1,-1,-1
185,-1,641,291,29,24,1,-1,-1,-1
185,-1,707,126,32,24,1,-1,-1,-1
185,-1,853,155,36,21,1,-1,-1,-1
185,-1,975,150,33,23,1,-1,-1,-1
186,-1,539,144,32,21,1,-1,-1,-1
186,-1,639,294,29,24,1,-1,-1,-1
186,-1,706,127,32,24,1,-1,-1,-1
186,-1,851,156,36,21,1,-1,-1,-1
186,-1,973,151,33,23,1,-1,-1,-1
187,-1,537,144,32,21,1,-1,-1,-1
187,-1,637,296,29,24,1,-1,-1,-1
187,-1,704,127,32,24,1,-1,-1,-1
187,-1,849,156,36,22,1,-1,-1,-1
187,-1,971,152,33,23,1,-1,-1,-1
188,-1,535,144,32,21,1,-1,-1,-1
188,-1,635,299,29,24,1,-1,-1,-1
188,-1,702,127,32,24,1,-1,-1,-1
188,-1,846,157,36,22,1,-1,-1,-1
188,-1,969,153,33,23,1,-1,-1,-1
189,-1,533,144,32,21,1,-1,-1,-1
189,-1,633,302,29,24,1,-1,-1,-1
189,-1,700,127,32,24,1,-1,-1,-1
189,-1,844,157,36,22,1,-1,-1,-1
189,-1,967,154,33,23,1,-1,-1,-1
190,-1,532,143,32,21,1,-1,-1,-1
190,-1,631,304,29,24,1,-1,-1,-1
190,-1,698,127,32,24,1,-1,-1,-1
190,-1,842,157,36,22,1,-1,-1,-1
190,-1,965,155,33,23,1,-1,-1,-1
191,-1,530,143,32,21,1,-1,-1,-1
191,-1,630,307,29,24,1,-1,-1,-1
191,-1,696,127,32,24,1,-1,-1,-1
191,-1,840,157,36,21,1,-1,-1,-1
191,-1,963,155,33,23,1,-1,-1,-1
192,-1,528,144,32,21,1,-1,-1,-1
192,-1,628,311,29,24,1,-1,-1,-1
192,-1,695,128,32,24,1,-1,-1,-1
192,-1,838,159,36,22,1,-1,-1,-1
192,-1,961,158,32,23,1,-1,-1,-1
193,-1,527,143,32,21,1,-1,-1,-1
193,-1,626,313,29,24,1,-1,-1,-1
193,-1,693,127,32,24,1,-1,-1,-1
193,-1,836,158,36,21,1,-1,-1,-1
193,-1,959,158,33,23,1,-1,-1,-1
194,-1,525,143,32,21,1,-1,-1,-1
194,-1,625,317,29,24,1,-1,-1,-1
194,-1,691,128,32,24,1,-1,-1,-1
194,-1,834,159,36,22,1,-1,-1,-1
194,-1,958,159,33,23,1,-1,-1,-1
195,-1,524,144,31,21,1,-1,-1,-1
195,-1,623,321,29,24,1,-1,-1,-1
195,-1,690,129,32,24,1,-1,-1,-1
195,-1,832,161,36,21,1,-1,-1,-1
195,-1,956,161,33,23,1,-1,-1,-1
196,-1,523,143,32,21,1,-1,-1,-1
196,-1,622,324,29,24,1,-1,-1,-1
196,-1,688,129,32,24,1,-1,-1,-1
196,-1,830,160,36,21,1,-1,-1,-1
196,-1,955,162,33,23,1,-1,-1,-1
197,-1,522,143,32,21,1,-1,-1,-1
197,-1,621,327,29,24,1,-1,-1,-1
197,-1,687,129,32,24,1,-1,-1,-1
197,-1,829,161,36,22,1,-1,-1,-1
197,-1,953,163,32,23,1,-1,-1,-1
198,-1,521,143,32,21,1,-1,-1,-1
198,-1,620,331,29,24,1,-1,-1,-1
198,-1,685,130,32,24,1,-1,-1,-1
198,-1,827,162,36,21,1,-1,-1,-1
198,-1,952,165,32,23,1,-1,-1,-1
199,-1,520,144,32,21,1,-1,-1,-1
199,-1,619,335,29,24,1,-1,-1,-1
199,-1,684,131,32,24,1,-1,-1,-1
199,-1,826,163,36,21,1,-1,-1,-1
199,-1,951,167,32,23,1,-1,-1,-1
200,-1,519,145,32,21,1,-1,-1,-1
200,-1,618,340,29,24,1,-1,-1,-1
200,-1,683,132,32,24,1,-1,-1,-1
200,-1,824,165,36,21,1,-1,-1,-1
200,-1,950,169,32,23,1,-1,-1,-1
201,-1,518,146,32,21,1,-1,-1,-1
201,-1,617,344,29,24,1,-1,-1,-1
201,-1,682,134,32,24,1,-1,-1,-1
201,-1,823,166,36,21,1,-1,-1,-1
201,-1,949,171,32,23,1,-1,-1,-1
202,-1,517,147,32,21,1,-1,-1,-1
202,-1,616,349,29,24,1,-1,-1,-1
202,-1,681,135,32,24,1,-1,-1,-1
202,-1,822,168,36,21,1,-1,-1,-1
202,-1,948,174,32,23,1,-1,-1,-1
203,-1,517,148,32,21,1,-1,-1,-1
203,-1,615,354,29,24,1,-1,-1,-1
203,-1,680,137,32,24,1,-1,-1,-1
203,-1,821,170,36,21,1,-1,-1,-1
203,-1,947,176,32,23,1,-1,-1,-1
204,-1,516,149,32,21,1,-1,-1,-1
204,-1,615,359,29,24,1,-1,-1,-1
204,-1,679,139,32,24,1,-1,-1,-1
204,-1,820,172,36,21,1,-1,-1,-1
204,-1,946,178,32,23,1,-1,-1,-1
205,-1,516,150,32,21,1,-1,-1,-1
205,-1,614,364,29,24,1,-1,-1,-1
205,-1,678,140,32,24,1,-1,-1,-1
205,-1,819,174,36,21,1,-1,-1,-1
205,-1,945,181,32,23,1,-1,-1,-1
206,-1,515,151,32,21,1,-1,-1,-1
206,-1,614,369,29,24,1,-1,-1,-1
206,-1,677,142,32,24,1,-1,-1,-1
206,-1,819,176,36,21,1,-1,-1,-1
206,-1,944,183,32,23,1,-1,-1,-1
207,-1,515,152,32,21,1,-1,-1,-1
207,-1,613,374,29,25,1,-1,-1,-1
207,-1,677,143,32,24,1,-1,-1,-1
207,-1,818,177,36,21,1,-1,-1,-1
207,-1,943,185,32,23,1,-1,-1,-1
208,-1,515,152,32,21,1,-1,-1,-1
208,-1,613,378,29,24,1,-1,-1,-1
208,-1,676,144,32,24,1,-1,-1,-1
208,-1,817,179,36,21,1,-1,-1,-1
208,-1,943,187,32,23,1,-1,-1,-1
209,-1,514,153,32,21,1,-1,-1,-1
209,-1,612,383,29,25,1,-1,-1,-1
209,-1,675,145,32,24,1,-1,-1,-1
209,-1,817,180,36,21,1,-1,-1,-1
209,-1,942,189,32,23,1,-1,-1,-1
210,-1,514,153,32,21,1,-1,-1,-1
210,-1,612,387,29,24,1,-1,-1,-1
210,-1,675,146,32,24,1,-1,-1,-1
210,-1,816,182,36,21,1,-1,-1,-1
210,-1,942,190,32,23,1,-1,-1,-1
211,-1,514,153,32,21,1,-1,-1,-1
211,-1,612,391,29,25,1,-1,-1,-1
211,-1,675,147,32,24,1,-1,-1,-1
211,-1,816,183,36,21,1,-1,-1,-1
211,-1,941,192,33,23,1,-1,-1,-1
212,-1,514,153,32,21,1,-1,-1,-1
212,-1,612,396,29,24,1,-1,-1,-1
212,-1,674,147,32,24,1,-1,-1,-1
212,-1,815,184,36,21,1,-1,-1,-1
212,-1,941,193,32,22,1,-1,-1,-1
213,-1,513,153,32,21,1,-1,-1,-1
213,-1,612,400,29,24,1,-1,-1,-1
213,-1,674,147,32,24,1,-1,-1,-1
213,-1,815,184,36,21,1,-1,-1,-1
213,-1,941,194,32,23,1,-1,-1,-1
214,-1,513,148,34,26,1,-1,-1,-1
214,-1,611,404,29,25,1,-1,-1,-1
214,-1,673,147,32,24,1,-1,-1,-1
214,-1,814,185,36,21,1,-1,-1,-1
214,-1,940,195,32,23,1,-1,-1,-1
215,-1,513,147,34,26,1,-1,-1,-1
215,-1,611,408,29,25,1,-1,-1,-1
215,-1,673,147,32,24,1,-1,-1,-1
215,-1,814,185,36,21,1,-1,-1,-1
215,-1,940,196,32,23,1,-1,-1,-1
216,-1,513,147,34,26,1,-1,-1,-1
216,-1,611,411,30,25,1,-1,-1,-1
216,-1,673,147,32,24,1,-1,-1,-1
216,-1,814,186,36,21,1,-1,-1,-1
216,-1,939,197,32,23,1,-1,-1,-1
217,-1,513,146,34,26,1,-1,-1,-1
217,-1,611,415,29,25,1,-1,-1,-1
217,-1,672,147,32,24,1,-1,-1,-1
217,-1,813,186,36,21,1,-1,-1,-1
217,-1,939,198,32,23,1,-1,-1,-1
218,-1,512,145,34,26,1,-1,-1,-1
218,-1,611,419,29,25,1,-1,-1,-1
218,-1,672,146,32,24,1,-1,-1,-1
218,-1,813,186,36,21,1,-1,-1,-1
218,-1,939,198,32,23,1,-1,-1,-1
219,-1,512,145,34,26,1,-1,-1,-1
219,-1,611,422,29,25,1,-1,-1,-1
219,-1,672,146,32,24,1,-1,-1,-1
219,-1,813,186,36,22,1,-1,-1,-1
219,-1,939,199,32,22,1,-1,-1,-1
220,-1,512,144,34,26,1,-1,-1,-1
220,-1,611,426,29,25,1,-1,-1,-1
220,-1,671,145,32,24,1,-1,-1,-1
220,-1,813,186,36,21,1,-1,-1,-1
220,-1,938,199,32,23,1,-1,-1,-1
221,-1,512,143,34,26,1,-1,-1,-1
221,-1,611,429,30,25,1,-1,-1,-1
221,-1,671,144,32,24,1,-1,-1,-1
221,-1,812,185,36,21,1,-1,-1,-1
221,-1,938,199,33,23,1,-1,-1,-1
222,-1,512,141,34,26,1,-1,-1,-1
222,-1,611,433,30,25,1,-1,-1,-1
222,-1,671,143,32,24,1,-1,-1,-1
222,-1,812,185,36,21,1,-1,-1,-1
222,-1,938,199,32,23,1,-1,-1,-1
223,-1,512,140,34,26,1,-1,-1,-1
223,-1,611,436,30,25,1,-1,-1,-1
223,-1,671,142,32,24,1,-1,-1,-1
223,-1,812,184,36,21,1,-1,-1,-1
223,-1,937,199,32,23,1,-1,-1,-1
224,-1,511,138,34,26,1,-1,-1,-1
224,-1,611,439,30,25,1,-1,-1,-1
224,-1,670,141,32,24,1,-1,-1,-1
224,-1,812,183,36,21,1,-1,-1,-1
224,-1,937,199,32,23,1,-1,-1,-1
225,-1,511,137,34,26,1,-1,-1,-1
225,-1,611,442,30,25,1,-1,-1,-1
225,-1,670,139,32,24,1,-1,-1,-1
225,-1,812,183,36,21,1,-1,-1,-1
225,-1,937,198,32,23,1,-1,-1,-1
226,-1,511,135,34,26,1,-1,-1,-1
226,-1,611,444,30,25,1,-1,-1,-1
226,-1,670,138,32,24,1,-1,-1,-1
226,-1,811,181,36,21,1,-1,-1,-1
226,-1,936,197,33,23,1,-1,-1,-1
227,-1,511,133,34,26,1,-1,-1,-1
227,-1,611,447,30,25,1,-1,-1,-1
227,-1,670,136,32,24,1,-1,-1,-1
227,-1,811,180,36,21,1,-1,-1,-1
227,-1,936,197,32,23,1,-1,-1,-1
228,-1,511,131,34,26,1,-1,-1,-1
228,-1,611,450,30,25,1,-1,-1,-1
228,-1,669,134,32,24,1,-1,-1,-1
228,-1,811,179,36,21,1,-1,-1,-1
228,-1,936,196,33,23,1,-1,-1,-1
229,-1,511,129,34,26,1,-1,-1,-1
229,-1,611,453,30,25,1,-1,-1,-1
229,-1,669,133,32,24,1,-1,-1,-1
229,-1,811,178,36,21,1,-1,-1,-1
229,-1,936,196,33,23,1,-1,-1,-1
230,-1,511,127,34,26,1,-1,-1,-1
230,-1,611,455,30,25,1,-1,-1,-1
230,-1,669,131,32,24,1,-1,-1,-1
230,-1,811,177,36,21,1,-1,-1,-1
230,-1,936,195,32,23,1,-1,-1,-1
231,-1,511,125,34,26,1,-1,-1,-1
231,-1,611,458,30,25,1,-1,-1,-1
231,-1,669,129,32,24,1,-1,-1,-1
231,-1,811,175,36,21,1,-1,-1,-1
231,-1,936,194,32,23,1,-1,-1,-1
232,-1,511,123,34,26,1,-1,-1,-1
232,-1,611,460,30,25,1,-1,-1,-1
232,-1,669,127,32,24,1,-1,-1,-1
232,-1,811,174,36,21,1,-1,-1,-1
232,-1,936,193,32,23,1,-1,-1,-1
233,-1,511,121,34,26,1,-1,-1,-1
233,-1,611,463,30,25,1,-1,-1,-1
233,-1,669,125,32,24,1,-1,-1,-1
233,-1,811,172,36,21,1,-1,-1,-1
233,-1,936,193,32,23,1,-1,-1,-1
234,-1,511,119,34,26,1,-1,-1,-1
234,-1,612,466,29,25,1,-1,-1,-1
234,-1,669,123,32,24,1,-1,-1,-1
234,-1,811,171,36,21,1,-1,-1,-1
234,-1,936,192,32,22,1,-1,-1,-1
