1,-1,0.0,484.0,36.0,40.0,1.000000
1,-1,183.0,573.0,80.0,45.0,1.000000
1,-1,201.0,412.0,57.0,36.0,1.000000
1,-1,434.0,358.0,55.0,34.0,1.000000
1,-1,623.0,320.0,48.0,27.0,1.000000
1,-1,847.0,286.0,44.0,28.0,1.000000
1,-1,1002.0,251.0,38.0,26.0,1.000000
1,-1,1023.0,101.0,33.0,20.0,1.000000
1,-1,1163.0,91.0,31.0,19.0,1.000000
1,-1,1218.0,81.0,32.0,22.0,1.000000
2,-1,-6.0,490.0,36.0,40.0,1.000000
2,-1,177.0,579.0,80.0,45.0,1.000000
2,-1,195.0,418.0,57.0,36.0,1.000000
2,-1,428.0,364.0,55.0,34.0,1.000000
2,-1,617.0,325.0,48.0,27.0,1.000000
2,-1,841.0,292.0,44.0,28.0,1.000000
2,-1,996.0,256.0,38.0,26.0,1.000000
2,-1,1018.0,103.0,32.0,19.0,1.000000
2,-1,1157.0,93.0,31.0,19.0,1.000000
2,-1,1212.0,85.0,32.0,22.0,1.000000
3,-1,-7.0,496.0,30.0,40.0,1.000000
3,-1,170.0,585.0,80.0,39.0,1.000000
3,-1,188.0,424.0,57.0,36.0,1.000000
3,-1,422.0,370.0,55.0,34.0,1.000000
3,-1,610.0,331.0,48.0,27.0,1.000000
3,-1,834.0,298.0,44.0,28.0,1.000000
3,-1,989.0,262.0,38.0,26.0,1.000000
3,-1,1012.0,105.0,32.0,19.0,1.000000
3,-1,1150.0,96.0,31.0,19.0,1.000000
3,-1,1206.0,87.0,32.0,22.0,1.000000
4,-1,-15.0,504.0,31.0,41.0,1.000000
4,-1,163.0,593.0,80.0,39.0,1.000000
4,-1,181.0,432.0,57.0,36.0,1.000000
4,-1,414.0,377.0,55.0,34.0,1.000000
4,-1,603.0,338.0,48.0,27.0,1.000000
4,-1,827.0,305.0,44.0,28.0,1.000000
4,-1,982.0,269.0,38.0,26.0,1.000000
4,-1,1005.0,108.0,32.0,19.0,1.000000
4,-1,1143.0,99.0,31.0,19.0,1.000000
4,-1,1196.0,89.0,32.0,22.0,1.000000
5,-1,159.0,600.0,78.0,38.0,1.000000
5,-1,173.0,437.0,57.0,36.0,1.000000
5,-1,407.0,383.0,55.0,34.0,1.000000
5,-1,596.0,344.0,48.0,27.0,1.000000
5,-1,820.0,311.0,44.0,28.0,1.000000
5,-1,975.0,275.0,38.0,26.0,1.000000
5,-1,998.0,109.0,31.0,18.0,1.000000
5,-1,1135.0,105.0,30.0,19.0,1.000000
5,-1,1187.0,90.0,35.0,25.0,1.000000
6,-1,159.0,600.0,78.0,38.0,1.000000
6,-1,166.0,443.0,57.0,36.0,1.000000
6,-1,400.0,388.0,55.0,34.0,1.000000
6,-1,589.0,349.0,48.0,27.0,1.000000
6,-1,813.0,316.0,44.0,28.0,1.000000
6,-1,967.0,280.0,38.0,26.0,1.000000
6,-1,991.0,110.0,31.0,18.0,1.000000
6,-1,1127.0,104.0,30.0,18.0,1.000000
6,-1,1181.0,91.0,35.0,25.0,1.000000
7,-1,159.0,448.0,57.0,36.0,1.000000
7,-1,393.0,393.0,55.0,34.0,1.000000
7,-1,582.0,354.0,48.0,27.0,1.000000
7,-1,806.0,321.0,44.0,28.0,1.000000
7,-1,961.0,284.0,38.0,26.0,1.000000
7,-1,985.0,111.0,30.0,18.0,1.000000
7,-1,1120.0,106.0,29.0,17.0,1.000000
7,-1,1172.0,93.0,36.0,25.0,1.000000
8,-1,151.0,452.0,57.0,36.0,1.000000
8,-1,386.0,397.0,55.0,34.0,1.000000
8,-1,575.0,358.0,48.0,27.0,1.000000
8,-1,798.0,325.0,44.0,28.0,1.000000
8,-1,953.0,289.0,38.0,26.0,1.000000
8,-1,977.0,111.0,30.0,18.0,1.000000
8,-1,1113.0,110.0,29.0,17.0,1.000000
8,-1,1163.0,92.0,37.0,26.0,1.000000
9,-1,143.0,458.0,57.0,36.0,1.000000
9,-1,378.0,404.0,55.0,34.0,1.000000
9,-1,567.0,364.0,48.0,27.0,1.000000
9,-1,790.0,331.0,44.0,28.0,1.000000
9,-1,945.0,295.0,38.0,26.0,1.000000
9,-1,969.0,112.0,30.0,18.0,1.000000
9,-1,1105.0,108.0,28.0,17.0,1.000000
9,-1,1154.0,93.0,37.0,26.0,1.000000
10,-1,135.0,462.0,58.0,36.0,1.000000
10,-1,370.0,407.0,55.0,34.0,1.000000
10,-1,559.0,368.0,48.0,27.0,1.000000
10,-1,783.0,334.0,44.0,28.0,1.000000
10,-1,937.0,298.0,38.0,26.0,1.000000
10,-1,962.0,112.0,30.0,18.0,1.000000
10,-1,1097.0,110.0,29.0,18.0,1.000000
10,-1,1146.0,90.0,37.0,26.0,1.000000
11,-1,128.0,467.0,58.0,36.0,1.000000
11,-1,363.0,412.0,55.0,34.0,1.000000
11,-1,553.0,373.0,48.0,27.0,1.000000
11,-1,776.0,339.0,44.0,28.0,1.000000
11,-1,930.0,303.0,38.0,26.0,1.000000
11,-1,956.0,113.0,30.0,18.0,1.000000
11,-1,1090.0,112.0,27.0,16.0,1.000000
11,-1,1139.0,91.0,36.0,26.0,1.000000
12,-1,121.0,471.0,58.0,36.0,1.000000
12,-1,356.0,416.0,55.0,34.0,1.000000
12,-1,547.0,377.0,48.0,27.0,1.000000
12,-1,769.0,343.0,44.0,28.0,1.000000
12,-1,924.0,307.0,38.0,26.0,1.000000
12,-1,950.0,113.0,30.0,18.0,1.000000
12,-1,1083.0,113.0,27.0,16.0,1.000000
12,-1,1132.0,91.0,36.0,26.0,1.000000
13,-1,115.0,476.0,58.0,36.0,1.000000
13,-1,351.0,421.0,55.0,34.0,1.000000
13,-1,541.0,382.0,48.0,27.0,1.000000
13,-1,763.0,348.0,44.0,28.0,1.000000
13,-1,917.0,312.0,38.0,26.0,1.000000
13,-1,944.0,113.0,30.0,18.0,1.000000
13,-1,1077.0,114.0,26.0,15.0,1.000000
13,-1,1124.0,90.0,38.0,27.0,1.000000
14,-1,108.0,481.0,58.0,36.0,1.000000
14,-1,343.0,425.0,56.0,34.0,1.000000
14,-1,534.0,386.0,48.0,27.0,1.000000
14,-1,757.0,352.0,44.0,28.0,1.000000
14,-1,910.0,316.0,38.0,26.0,1.000000
14,-1,937.0,113.0,29.0,18.0,1.000000
14,-1,1063.0,112.0,33.0,23.0,1.000000
14,-1,1116.0,92.0,37.0,27.0,1.000000
15,-1,102.0,486.0,58.0,36.0,1.000000
15,-1,337.0,430.0,55.0,34.0,1.000000
15,-1,528.0,391.0,48.0,27.0,1.000000
15,-1,750.0,356.0,44.0,28.0,1.000000
15,-1,904.0,320.0,38.0,26.0,1.000000
15,-1,932.0,113.0,28.0,17.0,1.000000
15,-1,1056.0,113.0,33.0,23.0,1.000000
15,-1,1109.0,92.0,38.0,28.0,1.000000
16,-1,96.0,490.0,58.0,36.0,1.000000
16,-1,332.0,434.0,55.0,34.0,1.000000
16,-1,522.0,395.0,48.0,27.0,1.000000
16,-1,744.0,360.0,44.0,28.0,1.000000
16,-1,898.0,324.0,38.0,26.0,1.000000
16,-1,926.0,113.0,28.0,17.0,1.000000
16,-1,1050.0,114.0,32.0,23.0,1.000000
16,-1,1103.0,92.0,39.0,28.0,1.000000
17,-1,91.0,493.0,58.0,36.0,1.000000
17,-1,327.0,437.0,55.0,34.0,1.000000
17,-1,518.0,398.0,48.0,27.0,1.000000
17,-1,740.0,363.0,44.0,28.0,1.000000
17,-1,893.0,327.0,38.0,26.0,1.000000
17,-1,917.0,107.0,33.0,22.0,1.000000
17,-1,1046.0,114.0,31.0,22.0,1.000000
17,-1,1097.0,90.0,38.0,28.0,1.000000
17,-1,1262.0,70.0,17.0,24.0,1.000000
18,-1,86.0,499.0,58.0,36.0,1.000000
18,-1,322.0,442.0,55.0,34.0,1.000000
18,-1,513.0,403.0,48.0,27.0,1.000000
18,-1,735.0,368.0,44.0,28.0,1.000000
18,-1,888.0,332.0,38.0,26.0,1.000000
18,-1,912.0,108.0,33.0,22.0,1.000000
18,-1,1040.0,115.0,32.0,22.0,1.000000
18,-1,1092.0,91.0,38.0,28.0,1.000000
18,-1,1255.0,71.0,24.0,22.0,1.000000
19,-1,80.0,503.0,59.0,36.0,1.000000
19,-1,317.0,446.0,55.0,34.0,1.000000
19,-1,507.0,407.0,48.0,27.0,1.000000
19,-1,730.0,372.0,44.0,28.0,1.000000
19,-1,883.0,335.0,38.0,26.0,1.000000
19,-1,907.0,107.0,32.0,21.0,1.000000
19,-1,1035.0,115.0,31.0,22.0,1.000000
19,-1,1086.0,90.0,38.0,28.0,1.000000
19,-1,1249.0,71.0,24.0,22.0,1.000000
20,-1,75.0,507.0,58.0,36.0,1.000000
20,-1,312.0,451.0,55.0,34.0,1.000000
20,-1,503.0,411.0,48.0,27.0,1.000000
20,-1,725.0,376.0,44.0,28.0,1.000000
20,-1,878.0,340.0,38.0,26.0,1.000000
20,-1,902.0,107.0,32.0,21.0,1.000000
20,-1,1029.0,117.0,31.0,22.0,1.000000
20,-1,1080.0,91.0,37.0,27.0,1.000000
20,-1,1243.0,71.0,24.0,22.0,1.000000
21,-1,71.0,513.0,59.0,36.0,1.000000
21,-1,307.0,457.0,55.0,34.0,1.000000
21,-1,498.0,417.0,48.0,27.0,1.000000
21,-1,720.0,382.0,44.0,28.0,1.000000
21,-1,874.0,345.0,38.0,26.0,1.000000
21,-1,898.0,108.0,33.0,22.0,1.000000
21,-1,1024.0,119.0,31.0,22.0,1.000000
21,-1,1075.0,91.0,38.0,28.0,1.000000
21,-1,1238.0,73.0,24.0,22.0,1.000000
22,-1,66.0,518.0,59.0,36.0,1.000000
22,-1,303.0,461.0,55.0,34.0,1.000000
22,-1,494.0,421.0,48.0,27.0,1.000000
22,-1,716.0,386.0,44.0,28.0,1.000000
22,-1,869.0,350.0,38.0,26.0,1.000000
22,-1,893.0,108.0,33.0,22.0,1.000000
22,-1,1020.0,120.0,30.0,21.0,1.000000
22,-1,1070.0,91.0,38.0,28.0,1.000000
22,-1,1233.0,73.0,24.0,22.0,1.000000
23,-1,62.0,522.0,59.0,36.0,1.000000
23,-1,298.0,466.0,55.0,34.0,1.000000
23,-1,490.0,426.0,48.0,27.0,1.000000
23,-1,712.0,390.0,44.0,28.0,1.000000
23,-1,865.0,354.0,38.0,26.0,1.000000
23,-1,889.0,108.0,33.0,22.0,1.000000
23,-1,1015.0,124.0,31.0,22.0,1.000000
23,-1,1065.0,91.0,38.0,28.0,1.000000
23,-1,1228.0,73.0,26.0,23.0,1.000000
24,-1,57.0,527.0,59.0,36.0,1.000000
24,-1,293.0,470.0,55.0,34.0,1.000000
24,-1,485.0,430.0,48.0,27.0,1.000000
24,-1,707.0,394.0,44.0,28.0,1.000000
24,-1,860.0,359.0,38.0,26.0,1.000000
24,-1,884.0,108.0,33.0,22.0,1.000000
24,-1,1010.0,125.0,30.0,21.0,1.000000
24,-1,1059.0,91.0,38.0,28.0,1.000000
24,-1,1220.0,72.0,28.0,24.0,1.000000
25,-1,52.0,532.0,59.0,36.0,1.000000
25,-1,288.0,475.0,55.0,34.0,1.000000
25,-1,480.0,435.0,48.0,27.0,1.000000
25,-1,703.0,399.0,44.0,28.0,1.000000
25,-1,856.0,363.0,38.0,26.0,1.000000
25,-1,879.0,108.0,33.0,22.0,1.000000
25,-1,1000.0,121.0,37.0,22.0,1.000000
25,-1,1055.0,91.0,38.0,28.0,1.000000
25,-1,1218.0,73.0,30.0,22.0,1.000000
26,-1,48.0,535.0,59.0,36.0,1.000000
26,-1,284.0,479.0,55.0,34.0,1.000000
26,-1,476.0,439.0,48.0,27.0,1.000000
26,-1,698.0,402.0,44.0,28.0,1.000000
26,-1,851.0,366.0,38.0,26.0,1.000000
26,-1,875.0,107.0,33.0,22.0,1.000000
26,-1,996.0,121.0,36.0,22.0,1.000000
26,-1,1049.0,90.0,38.0,28.0,1.000000
26,-1,1214.0,76.0,30.0,22.0,1.000000
27,-1,44.0,541.0,59.0,36.0,1.000000
27,-1,280.0,485.0,55.0,34.0,1.000000
27,-1,473.0,444.0,48.0,27.0,1.000000
27,-1,695.0,408.0,44.0,28.0,1.000000
27,-1,847.0,372.0,38.0,26.0,1.000000
27,-1,871.0,108.0,33.0,22.0,1.000000
27,-1,991.0,123.0,37.0,22.0,1.000000
27,-1,1045.0,91.0,38.0,28.0,1.000000
27,-1,1208.0,71.0,30.0,22.0,1.000000
28,-1,40.0,546.0,59.0,36.0,1.000000
28,-1,276.0,489.0,55.0,34.0,1.000000
28,-1,469.0,449.0,48.0,27.0,1.000000
28,-1,691.0,412.0,44.0,28.0,1.000000
28,-1,844.0,376.0,38.0,26.0,1.000000
28,-1,867.0,108.0,33.0,22.0,1.000000
28,-1,986.0,123.0,38.0,23.0,1.000000
28,-1,1041.0,91.0,38.0,28.0,1.000000
28,-1,1203.0,71.0,30.0,22.0,1.000000
29,-1,35.0,551.0,59.0,36.0,1.000000
29,-1,272.0,494.0,55.0,34.0,1.000000
29,-1,465.0,454.0,48.0,27.0,1.000000
29,-1,686.0,417.0,44.0,28.0,1.000000
29,-1,839.0,381.0,38.0,26.0,1.000000
29,-1,862.0,108.0,33.0,22.0,1.000000
29,-1,982.0,128.0,38.0,23.0,1.000000
29,-1,1037.0,91.0,38.0,28.0,1.000000
29,-1,1202.0,72.0,30.0,22.0,1.000000
30,-1,31.0,556.0,59.0,36.0,1.000000
30,-1,268.0,499.0,56.0,34.0,1.000000
30,-1,460.0,458.0,48.0,27.0,1.000000
30,-1,682.0,422.0,44.0,28.0,1.000000
30,-1,835.0,386.0,38.0,26.0,1.000000
30,-1,858.0,108.0,36.0,24.0,1.000000
30,-1,976.0,127.0,38.0,23.0,1.000000
30,-1,1032.0,91.0,37.0,28.0,1.000000
30,-1,1196.0,74.0,30.0,22.0,1.000000
31,-1,27.0,561.0,59.0,36.0,1.000000
31,-1,264.0,504.0,55.0,34.0,1.000000
31,-1,456.0,463.0,48.0,27.0,1.000000
31,-1,679.0,427.0,44.0,28.0,1.000000
31,-1,832.0,391.0,38.0,26.0,1.000000
31,-1,854.0,108.0,37.0,24.0,1.000000
31,-1,972.0,128.0,38.0,23.0,1.000000
31,-1,1028.0,91.0,38.0,28.0,1.000000
31,-1,1195.0,74.0,30.0,22.0,1.000000
32,-1,23.0,565.0,59.0,36.0,1.000000
32,-1,260.0,508.0,55.0,34.0,1.000000
32,-1,453.0,467.0,48.0,27.0,1.000000
32,-1,675.0,431.0,44.0,28.0,1.000000
32,-1,828.0,394.0,38.0,26.0,1.000000
32,-1,850.0,107.0,36.0,24.0,1.000000
32,-1,968.0,125.0,38.0,23.0,1.000000
32,-1,1024.0,90.0,38.0,28.0,1.000000
32,-1,1190.0,74.0,30.0,22.0,1.000000
33,-1,19.0,570.0,59.0,36.0,1.000000
33,-1,256.0,513.0,56.0,34.0,1.000000
33,-1,449.0,472.0,48.0,27.0,1.000000
33,-1,671.0,435.0,44.0,28.0,1.000000
33,-1,824.0,399.0,38.0,26.0,1.000000
33,-1,847.0,108.0,36.0,24.0,1.000000
33,-1,964.0,127.0,38.0,23.0,1.000000
33,-1,1020.0,90.0,38.0,28.0,1.000000
34,-1,15.0,575.0,59.0,36.0,1.000000
34,-1,253.0,517.0,55.0,34.0,1.000000
34,-1,446.0,476.0,48.0,27.0,1.000000
34,-1,668.0,440.0,44.0,28.0,1.000000
34,-1,821.0,403.0,38.0,26.0,1.000000
34,-1,843.0,108.0,35.0,24.0,1.000000
34,-1,960.0,126.0,39.0,23.0,1.000000
34,-1,1016.0,90.0,37.0,27.0,1.000000
35,-1,11.0,580.0,59.0,36.0,1.000000
35,-1,249.0,523.0,56.0,34.0,1.000000
35,-1,442.0,482.0,48.0,27.0,1.000000
35,-1,664.0,445.0,44.0,28.0,1.000000
35,-1,817.0,409.0,38.0,26.0,1.000000
35,-1,839.0,109.0,36.0,24.0,1.000000
35,-1,955.0,128.0,40.0,24.0,1.000000
35,-1,1012.0,91.0,37.0,27.0,1.000000
36,-1,7.0,584.0,59.0,36.0,1.000000
36,-1,245.0,527.0,55.0,34.0,1.000000
36,-1,438.0,486.0,48.0,27.0,1.000000
36,-1,660.0,449.0,44.0,28.0,1.000000
36,-1,813.0,412.0,38.0,26.0,1.000000
36,-1,835.0,108.0,36.0,24.0,1.000000
36,-1,951.0,127.0,41.0,25.0,1.000000
36,-1,1008.0,90.0,37.0,28.0,1.000000
37,-1,3.0,589.0,60.0,36.0,1.000000
37,-1,241.0,531.0,55.0,34.0,1.000000
37,-1,434.0,490.0,48.0,27.0,1.000000
37,-1,657.0,453.0,44.0,28.0,1.000000
37,-1,809.0,417.0,38.0,26.0,1.000000
37,-1,831.0,108.0,36.0,24.0,1.000000
37,-1,947.0,128.0,41.0,25.0,1.000000
37,-1,1004.0,90.0,37.0,28.0,1.000000
37,-1,1167.0,78.0,28.0,19.0,1.000000
38,-1,-1.0,594.0,59.0,36.0,1.000000
38,-1,237.0,536.0,55.0,34.0,1.000000
38,-1,430.0,495.0,48.0,27.0,1.000000
38,-1,653.0,458.0,44.0,28.0,1.000000
38,-1,805.0,421.0,38.0,26.0,1.000000
38,-1,827.0,107.0,35.0,24.0,1.000000
38,-1,943.0,128.0,41.0,25.0,1.000000
38,-1,999.0,89.0,38.0,28.0,1.000000
38,-1,1161.0,77.0,28.0,19.0,1.000000
39,-1,-5.0,598.0,60.0,36.0,1.000000
39,-1,233.0,540.0,55.0,34.0,1.000000
39,-1,426.0,499.0,48.0,27.0,1.000000
39,-1,649.0,462.0,44.0,28.0,1.000000
39,-1,801.0,426.0,38.0,26.0,1.000000
39,-1,823.0,107.0,36.0,24.0,1.000000
39,-1,938.0,129.0,41.0,25.0,1.000000
39,-1,995.0,91.0,37.0,27.0,1.000000
39,-1,1156.0,77.0,28.0,19.0,1.000000
40,-1,-8.0,604.0,58.0,35.0,1.000000
40,-1,229.0,545.0,55.0,34.0,1.000000
40,-1,422.0,504.0,48.0,27.0,1.000000
40,-1,645.0,467.0,44.0,28.0,1.000000
40,-1,797.0,430.0,38.0,26.0,1.000000
40,-1,819.0,107.0,36.0,24.0,1.000000
40,-1,934.0,131.0,41.0,25.0,1.000000
40,-1,991.0,91.0,37.0,27.0,1.000000
40,-1,1151.0,76.0,28.0,19.0,1.000000
41,-1,-8.0,604.0,58.0,35.0,1.000000
41,-1,225.0,549.0,55.0,34.0,1.000000
41,-1,418.0,508.0,48.0,27.0,1.000000
41,-1,641.0,470.0,44.0,28.0,1.000000
41,-1,793.0,434.0,38.0,26.0,1.000000
41,-1,814.0,106.0,36.0,24.0,1.000000
41,-1,930.0,130.0,40.0,25.0,1.000000
41,-1,986.0,90.0,37.0,27.0,1.000000
41,-1,1146.0,76.0,29.0,25.0,1.000000
42,-1,221.0,553.0,55.0,34.0,1.000000
42,-1,414.0,512.0,48.0,27.0,1.000000
42,-1,637.0,475.0,44.0,28.0,1.000000
42,-1,789.0,438.0,38.0,26.0,1.000000
42,-1,810.0,105.0,37.0,24.0,1.000000
42,-1,925.0,130.0,41.0,25.0,1.000000
42,-1,983.0,87.0,37.0,27.0,1.000000
42,-1,1141.0,75.0,29.0,25.0,1.000000
43,-1,217.0,558.0,55.0,34.0,1.000000
43,-1,410.0,516.0,48.0,27.0,1.000000
43,-1,633.0,479.0,44.0,28.0,1.000000
43,-1,785.0,442.0,38.0,26.0,1.000000
43,-1,806.0,104.0,37.0,25.0,1.000000
43,-1,921.0,132.0,41.0,25.0,1.000000
43,-1,979.0,91.0,37.0,27.0,1.000000
43,-1,1135.0,74.0,29.0,25.0,1.000000
44,-1,213.0,562.0,55.0,34.0,1.000000
44,-1,406.0,520.0,48.0,27.0,1.000000
44,-1,629.0,483.0,44.0,28.0,1.000000
44,-1,781.0,446.0,38.0,26.0,1.000000
44,-1,802.0,104.0,37.0,25.0,1.000000
44,-1,916.0,130.0,42.0,26.0,1.000000
44,-1,975.0,87.0,37.0,27.0,1.000000
44,-1,1130.0,74.0,29.0,25.0,1.000000
45,-1,209.0,566.0,56.0,34.0,1.000000
45,-1,403.0,524.0,48.0,27.0,1.000000
45,-1,626.0,487.0,44.0,28.0,1.000000
45,-1,778.0,450.0,38.0,26.0,1.000000
45,-1,797.0,104.0,38.0,25.0,1.000000
45,-1,912.0,130.0,42.0,25.0,1.000000
45,-1,972.0,87.0,36.0,26.0,1.000000
45,-1,1124.0,74.0,29.0,25.0,1.000000
45,-1,1262.0,42.0,17.0,22.0,1.000000
46,-1,206.0,570.0,56.0,34.0,1.000000
46,-1,400.0,528.0,48.0,27.0,1.000000
46,-1,623.0,491.0,44.0,28.0,1.000000
46,-1,775.0,454.0,38.0,26.0,1.000000
46,-1,793.0,103.0,38.0,25.0,1.000000
46,-1,908.0,131.0,31.0,23.0,1.000000
46,-1,972.0,87.0,36.0,26.0,1.000000
46,-1,1121.0,74.0,29.0,25.0,1.000000
46,-1,1259.0,41.0,19.0,21.0,1.000000
47,-1,203.0,574.0,56.0,34.0,1.000000
47,-1,397.0,532.0,48.0,27.0,1.000000
47,-1,620.0,495.0,44.0,28.0,1.000000
47,-1,772.0,458.0,38.0,26.0,1.000000
47,-1,791.0,103.0,38.0,25.0,1.000000
47,-1,905.0,131.0,31.0,23.0,1.000000
47,-1,966.0,86.0,35.0,25.0,1.000000
47,-1,1117.0,73.0,29.0,25.0,1.000000
47,-1,1256.0,40.0,21.0,21.0,1.000000
48,-1,201.0,578.0,56.0,34.0,1.000000
48,-1,395.0,536.0,48.0,27.0,1.000000
48,-1,618.0,499.0,44.0,28.0,1.000000
48,-1,770.0,462.0,38.0,26.0,1.000000
48,-1,788.0,100.0,38.0,25.0,1.000000
48,-1,902.0,130.0,31.0,23.0,1.000000
48,-1,963.0,84.0,36.0,26.0,1.000000
48,-1,1114.0,72.0,29.0,25.0,1.000000
48,-1,1251.0,40.0,27.0,23.0,1.000000
49,-1,198.0,582.0,56.0,34.0,1.000000
49,-1,392.0,540.0,48.0,27.0,1.000000
49,-1,615.0,503.0,44.0,28.0,1.000000
49,-1,767.0,466.0,38.0,26.0,1.000000
49,-1,785.0,99.0,37.0,25.0,1.000000
49,-1,900.0,132.0,30.0,22.0,1.000000
49,-1,960.0,84.0,36.0,26.0,1.000000
49,-1,1112.0,72.0,29.0,25.0,1.000000
49,-1,1246.0,43.0,29.0,24.0,1.000000
50,-1,195.0,587.0,56.0,34.0,1.000000
50,-1,389.0,544.0,48.0,27.0,1.000000
50,-1,613.0,507.0,44.0,28.0,1.000000
50,-1,765.0,470.0,38.0,26.0,1.000000
50,-1,781.0,101.0,37.0,24.0,1.000000
50,-1,898.0,132.0,29.0,21.0,1.000000
50,-1,958.0,83.0,35.0,26.0,1.000000
50,-1,1109.0,71.0,30.0,26.0,1.000000
50,-1,1245.0,40.0,29.0,24.0,1.000000
51,-1,193.0,591.0,56.0,34.0,1.000000
51,-1,387.0,549.0,48.0,27.0,1.000000
51,-1,610.0,511.0,44.0,28.0,1.000000
51,-1,762.0,474.0,38.0,26.0,1.000000
51,-1,777.0,100.0,39.0,25.0,1.000000
51,-1,894.0,132.0,30.0,22.0,1.000000
51,-1,956.0,82.0,35.0,25.0,1.000000
51,-1,1107.0,71.0,29.0,25.0,1.000000
51,-1,1242.0,37.0,29.0,24.0,1.000000
52,-1,191.0,596.0,56.0,34.0,1.000000
52,-1,385.0,553.0,48.0,27.0,1.000000
52,-1,608.0,516.0,44.0,28.0,1.000000
52,-1,760.0,478.0,38.0,26.0,1.000000
52,-1,775.0,99.0,38.0,25.0,1.000000
52,-1,891.0,132.0,31.0,22.0,1.000000
52,-1,954.0,83.0,34.0,25.0,1.000000
52,-1,1102.0,70.0,30.0,26.0,1.000000
52,-1,1240.0,36.0,29.0,24.0,1.000000
53,-1,188.0,600.0,56.0,34.0,1.000000
53,-1,382.0,558.0,48.0,27.0,1.000000
53,-1,606.0,520.0,44.0,28.0,1.000000
53,-1,758.0,483.0,38.0,26.0,1.000000
53,-1,773.0,99.0,38.0,24.0,1.000000
53,-1,890.0,131.0,31.0,22.0,1.000000
53,-1,951.0,83.0,33.0,24.0,1.000000
53,-1,1099.0,71.0,30.0,26.0,1.000000
53,-1,1236.0,38.0,29.0,24.0,1.000000
54,-1,188.0,600.0,56.0,34.0,1.000000
54,-1,380.0,562.0,48.0,27.0,1.000000
54,-1,603.0,525.0,44.0,28.0,1.000000
54,-1,756.0,488.0,38.0,26.0,1.000000
54,-1,771.0,99.0,37.0,24.0,1.000000
54,-1,889.0,133.0,31.0,22.0,1.000000
54,-1,948.0,81.0,33.0,24.0,1.000000
54,-1,1095.0,69.0,30.0,26.0,1.000000
54,-1,1236.0,37.0,29.0,24.0,1.000000
55,-1,378.0,567.0,48.0,27.0,1.000000
55,-1,601.0,530.0,44.0,28.0,1.000000
55,-1,753.0,492.0,38.0,26.0,1.000000
55,-1,772.0,97.0,38.0,25.0,1.000000
55,-1,887.0,134.0,30.0,21.0,1.000000
55,-1,945.0,82.0,33.0,24.0,1.000000
55,-1,1090.0,69.0,30.0,26.0,1.000000
55,-1,1230.0,37.0,29.0,24.0,1.000000
56,-1,376.0,572.0,48.0,27.0,1.000000
56,-1,599.0,535.0,44.0,28.0,1.000000
56,-1,751.0,497.0,38.0,26.0,1.000000
56,-1,767.0,98.0,38.0,25.0,1.000000
56,-1,884.0,134.0,31.0,22.0,1.000000
56,-1,942.0,82.0,33.0,24.0,1.000000
56,-1,1091.0,69.0,30.0,26.0,1.000000
56,-1,1230.0,35.0,29.0,24.0,1.000000
57,-1,373.0,578.0,48.0,27.0,1.000000
57,-1,597.0,541.0,44.0,28.0,1.000000
57,-1,749.0,503.0,38.0,26.0,1.000000
57,-1,764.0,99.0,38.0,25.0,1.000000
57,-1,880.0,134.0,31.0,22.0,1.000000
57,-1,940.0,80.0,33.0,24.0,1.000000
57,-1,1087.0,69.0,30.0,26.0,1.000000
57,-1,1233.0,38.0,29.0,24.0,1.000000
58,-1,371.0,583.0,48.0,27.0,1.000000
58,-1,595.0,546.0,44.0,28.0,1.000000
58,-1,747.0,508.0,38.0,26.0,1.000000
58,-1,762.0,100.0,38.0,25.0,1.000000
58,-1,878.0,135.0,31.0,22.0,1.000000
58,-1,937.0,82.0,33.0,24.0,1.000000
58,-1,1085.0,72.0,30.0,26.0,1.000000
58,-1,1230.0,37.0,29.0,24.0,1.000000
59,-1,369.0,588.0,48.0,27.0,1.000000
59,-1,592.0,551.0,44.0,28.0,1.000000
59,-1,744.0,513.0,38.0,26.0,1.000000
59,-1,759.0,98.0,38.0,25.0,1.000000
59,-1,875.0,135.0,31.0,22.0,1.000000
59,-1,934.0,81.0,33.0,24.0,1.000000
59,-1,1080.0,67.0,30.0,26.0,1.000000
59,-1,1222.0,37.0,29.0,24.0,1.000000
60,-1,366.0,594.0,48.0,27.0,1.000000
60,-1,590.0,556.0,44.0,28.0,1.000000
60,-1,742.0,518.0,38.0,26.0,1.000000
60,-1,756.0,99.0,38.0,25.0,1.000000
60,-1,873.0,136.0,31.0,22.0,1.000000
60,-1,931.0,86.0,33.0,24.0,1.000000
60,-1,1082.0,70.0,30.0,26.0,1.000000
60,-1,1224.0,37.0,29.0,24.0,1.000000
61,-1,364.0,599.0,48.0,27.0,1.000000
61,-1,587.0,561.0,44.0,28.0,1.000000
61,-1,739.0,524.0,38.0,26.0,1.000000
61,-1,753.0,99.0,38.0,25.0,1.000000
61,-1,870.0,137.0,31.0,22.0,1.000000
61,-1,929.0,82.0,33.0,24.0,1.000000
61,-1,1079.0,72.0,30.0,26.0,1.000000
61,-1,1222.0,37.0,29.0,24.0,1.000000
62,-1,361.0,603.0,49.0,27.0,1.000000
62,-1,585.0,565.0,44.0,28.0,1.000000
62,-1,737.0,528.0,38.0,26.0,1.000000
62,-1,752.0,98.0,38.0,25.0,1.000000
62,-1,868.0,136.0,31.0,22.0,1.000000
62,-1,927.0,81.0,33.0,24.0,1.000000
62,-1,1077.0,70.0,30.0,26.0,1.000000
62,-1,1220.0,37.0,29.0,24.0,1.000000
63,-1,583.0,571.0,44.0,28.0,1.000000
63,-1,736.0,534.0,38.0,26.0,1.000000
63,-1,749.0,99.0,38.0,25.0,1.000000
63,-1,865.0,138.0,32.0,23.0,1.000000
63,-1,923.0,83.0,36.0,26.0,1.000000
63,-1,1074.0,73.0,30.0,26.0,1.000000
63,-1,1219.0,38.0,28.0,23.0,1.000000
64,-1,581.0,576.0,44.0,28.0,1.000000
64,-1,734.0,539.0,38.0,26.0,1.000000
64,-1,747.0,104.0,38.0,25.0,1.000000
64,-1,863.0,143.0,31.0,22.0,1.000000
64,-1,921.0,83.0,36.0,26.0,1.000000
64,-1,1072.0,73.0,30.0,26.0,1.000000
64,-1,1217.0,38.0,29.0,24.0,1.000000
65,-1,580.0,581.0,44.0,28.0,1.000000
65,-1,732.0,544.0,38.0,26.0,1.000000
65,-1,747.0,101.0,38.0,25.0,1.000000
65,-1,861.0,138.0,32.0,23.0,1.000000
65,-1,919.0,83.0,36.0,26.0,1.000000
65,-1,1070.0,73.0,30.0,26.0,1.000000
65,-1,1215.0,39.0,29.0,24.0,1.000000
66,-1,578.0,586.0,44.0,28.0,1.000000
66,-1,730.0,549.0,38.0,26.0,1.000000
66,-1,741.0,100.0,38.0,25.0,1.000000
66,-1,859.0,143.0,32.0,23.0,1.000000
66,-1,917.0,83.0,36.0,26.0,1.000000
66,-1,1068.0,73.0,30.0,26.0,1.000000
66,-1,1214.0,39.0,29.0,24.0,1.000000
67,-1,576.0,590.0,45.0,28.0,1.000000
67,-1,728.0,553.0,38.0,26.0,1.000000
67,-1,740.0,96.0,38.0,25.0,1.000000
67,-1,860.0,135.0,33.0,24.0,1.000000
67,-1,915.0,82.0,36.0,26.0,1.000000
67,-1,1066.0,72.0,30.0,26.0,1.000000
67,-1,1213.0,38.0,29.0,24.0,1.000000
68,-1,576.0,590.0,45.0,28.0,1.000000
68,-1,728.0,553.0,38.0,26.0,1.000000
68,-1,740.0,96.0,38.0,25.0,1.000000
68,-1,860.0,135.0,33.0,24.0,1.000000
68,-1,915.0,82.0,36.0,26.0,1.000000
68,-1,1066.0,72.0,30.0,26.0,1.000000
68,-1,1213.0,38.0,29.0,24.0,1.000000
69,-1,575.0,594.0,44.0,28.0,1.000000
69,-1,728.0,557.0,38.0,26.0,1.000000
69,-1,738.0,100.0,38.0,25.0,1.000000
69,-1,859.0,140.0,33.0,24.0,1.000000
69,-1,913.0,81.0,36.0,26.0,1.000000
69,-1,1065.0,72.0,29.0,25.0,1.000000
69,-1,1211.0,38.0,29.0,24.0,1.000000
70,-1,574.0,599.0,44.0,28.0,1.000000
70,-1,726.0,562.0,38.0,26.0,1.000000
70,-1,735.0,100.0,38.0,25.0,1.000000
70,-1,857.0,140.0,30.0,22.0,1.000000
70,-1,912.0,81.0,36.0,26.0,1.000000
70,-1,1064.0,71.0,30.0,26.0,1.000000
70,-1,1211.0,38.0,29.0,24.0,1.000000
71,-1,573.0,603.0,45.0,29.0,1.000000
71,-1,726.0,566.0,38.0,26.0,1.000000
71,-1,734.0,104.0,38.0,25.0,1.000000
71,-1,855.0,141.0,30.0,22.0,1.000000
71,-1,911.0,80.0,36.0,26.0,1.000000
71,-1,1063.0,71.0,30.0,26.0,1.000000
71,-1,1210.0,37.0,29.0,24.0,1.000000
72,-1,725.0,572.0,38.0,26.0,1.000000
72,-1,732.0,100.0,38.0,25.0,1.000000
72,-1,856.0,140.0,30.0,22.0,1.000000
72,-1,909.0,81.0,36.0,26.0,1.000000
72,-1,1062.0,71.0,30.0,26.0,1.000000
72,-1,1209.0,38.0,30.0,25.0,1.000000
73,-1,724.0,577.0,38.0,26.0,1.000000
73,-1,731.0,100.0,38.0,25.0,1.000000
73,-1,854.0,139.0,30.0,22.0,1.000000
73,-1,908.0,81.0,36.0,26.0,1.000000
73,-1,1061.0,71.0,30.0,26.0,1.000000
73,-1,1208.0,38.0,30.0,25.0,1.000000
74,-1,723.0,580.0,38.0,26.0,1.000000
74,-1,729.0,98.0,38.0,25.0,1.000000
74,-1,853.0,142.0,30.0,22.0,1.000000
74,-1,906.0,79.0,36.0,26.0,1.000000
74,-1,1060.0,70.0,30.0,26.0,1.000000
74,-1,1207.0,37.0,30.0,25.0,1.000000
75,-1,722.0,585.0,38.0,26.0,1.000000
75,-1,727.0,98.0,38.0,25.0,1.000000
75,-1,853.0,137.0,30.0,22.0,1.000000
75,-1,905.0,79.0,36.0,26.0,1.000000
75,-1,1059.0,69.0,33.0,24.0,1.000000
75,-1,1200.0,36.0,37.0,26.0,1.000000
76,-1,721.0,589.0,38.0,26.0,1.000000
76,-1,726.0,97.0,38.0,25.0,1.000000
76,-1,852.0,142.0,30.0,22.0,1.000000
76,-1,904.0,78.0,36.0,26.0,1.000000
76,-1,1058.0,69.0,33.0,24.0,1.000000
76,-1,1199.0,36.0,37.0,26.0,1.000000
77,-1,720.0,594.0,38.0,26.0,1.000000
77,-1,725.0,97.0,38.0,25.0,1.000000
77,-1,851.0,138.0,30.0,22.0,1.000000
77,-1,902.0,77.0,36.0,26.0,1.000000
77,-1,1057.0,68.0,33.0,24.0,1.000000
77,-1,1198.0,36.0,37.0,26.0,1.000000
78,-1,719.0,600.0,38.0,26.0,1.000000
78,-1,724.0,98.0,38.0,25.0,1.000000
78,-1,850.0,140.0,30.0,22.0,1.000000
78,-1,901.0,79.0,36.0,26.0,1.000000
78,-1,1056.0,70.0,33.0,24.0,1.000000
78,-1,1197.0,37.0,37.0,26.0,1.000000
79,-1,718.0,605.0,38.0,26.0,1.000000
79,-1,722.0,98.0,38.0,25.0,1.000000
79,-1,849.0,143.0,30.0,22.0,1.000000
79,-1,899.0,79.0,36.0,26.0,1.000000
79,-1,1055.0,70.0,34.0,24.0,1.000000
79,-1,1197.0,37.0,37.0,26.0,1.000000
80,-1,721.0,98.0,38.0,25.0,1.000000
80,-1,848.0,144.0,30.0,22.0,1.000000
80,-1,898.0,79.0,36.0,26.0,1.000000
80,-1,1054.0,71.0,33.0,24.0,1.000000
80,-1,1195.0,38.0,37.0,26.0,1.000000
81,-1,719.0,98.0,39.0,26.0,1.000000
81,-1,847.0,145.0,30.0,22.0,1.000000
81,-1,896.0,79.0,36.0,26.0,1.000000
81,-1,1053.0,71.0,33.0,24.0,1.000000
81,-1,1194.0,39.0,37.0,26.0,1.000000
82,-1,718.0,98.0,39.0,25.0,1.000000
82,-1,846.0,146.0,29.0,22.0,1.000000
82,-1,894.0,79.0,36.0,26.0,1.000000
82,-1,1052.0,72.0,33.0,24.0,1.000000
82,-1,1193.0,39.0,37.0,26.0,1.000000
83,-1,716.0,100.0,39.0,26.0,1.000000
83,-1,844.0,149.0,29.0,21.0,1.000000
83,-1,892.0,81.0,36.0,26.0,1.000000
83,-1,1050.0,74.0,33.0,24.0,1.000000
83,-1,1191.0,41.0,37.0,26.0,1.000000
84,-1,715.0,101.0,39.0,26.0,1.000000
84,-1,843.0,151.0,29.0,21.0,1.000000
84,-1,890.0,82.0,36.0,26.0,1.000000
84,-1,1049.0,75.0,33.0,24.0,1.000000
84,-1,1190.0,43.0,37.0,26.0,1.000000
85,-1,713.0,101.0,39.0,26.0,1.000000
85,-1,841.0,156.0,29.0,21.0,1.000000
85,-1,887.0,81.0,37.0,26.0,1.000000
85,-1,1047.0,75.0,33.0,24.0,1.000000
85,-1,1188.0,43.0,37.0,26.0,1.000000
86,-1,711.0,102.0,39.0,26.0,1.000000
86,-1,841.0,151.0,28.0,21.0,1.000000
86,-1,885.0,82.0,37.0,26.0,1.000000
86,-1,1045.0,77.0,33.0,24.0,1.000000
86,-1,1186.0,44.0,37.0,26.0,1.000000
87,-1,710.0,103.0,39.0,25.0,1.000000
87,-1,841.0,151.0,28.0,21.0,1.000000
87,-1,882.0,83.0,37.0,26.0,1.000000
87,-1,1044.0,78.0,33.0,24.0,1.000000
87,-1,1184.0,45.0,37.0,26.0,1.000000
88,-1,708.0,105.0,38.0,25.0,1.000000
88,-1,831.0,153.0,35.0,26.0,1.000000
88,-1,880.0,85.0,36.0,26.0,1.000000
88,-1,1042.0,80.0,33.0,24.0,1.000000
88,-1,1182.0,47.0,37.0,26.0,1.000000
89,-1,706.0,104.0,39.0,25.0,1.000000
89,-1,830.0,154.0,34.0,25.0,1.000000
89,-1,878.0,85.0,37.0,26.0,1.000000
89,-1,1040.0,81.0,33.0,24.0,1.000000
89,-1,1179.0,47.0,37.0,26.0,1.000000
90,-1,704.0,106.0,39.0,26.0,1.000000
90,-1,828.0,156.0,34.0,26.0,1.000000
90,-1,876.0,87.0,36.0,26.0,1.000000
90,-1,1039.0,83.0,33.0,24.0,1.000000
90,-1,1177.0,50.0,37.0,26.0,1.000000
91,-1,702.0,106.0,39.0,26.0,1.000000
91,-1,826.0,157.0,34.0,26.0,1.000000
91,-1,873.0,87.0,36.0,26.0,1.000000
91,-1,1037.0,84.0,33.0,24.0,1.000000
91,-1,1175.0,50.0,37.0,26.0,1.000000
92,-1,700.0,107.0,39.0,26.0,1.000000
92,-1,824.0,158.0,35.0,26.0,1.000000
92,-1,871.0,87.0,36.0,26.0,1.000000
92,-1,1036.0,85.0,33.0,24.0,1.000000
92,-1,1173.0,51.0,37.0,26.0,1.000000
93,-1,698.0,107.0,39.0,26.0,1.000000
93,-1,822.0,159.0,35.0,26.0,1.000000
93,-1,869.0,88.0,36.0,26.0,1.000000
93,-1,1035.0,86.0,33.0,24.0,1.000000
93,-1,1170.0,52.0,37.0,26.0,1.000000
94,-1,697.0,108.0,39.0,25.0,1.000000
94,-1,821.0,161.0,35.0,26.0,1.000000
94,-1,867.0,89.0,36.0,26.0,1.000000
94,-1,1033.0,87.0,33.0,24.0,1.000000
94,-1,1168.0,54.0,37.0,26.0,1.000000
95,-1,695.0,108.0,38.0,25.0,1.000000
95,-1,819.0,161.0,35.0,26.0,1.000000
95,-1,865.0,88.0,36.0,26.0,1.000000
95,-1,1032.0,87.0,33.0,24.0,1.000000
95,-1,1166.0,53.0,37.0,26.0,1.000000
96,-1,693.0,109.0,39.0,25.0,1.000000
96,-1,817.0,162.0,35.0,26.0,1.000000
96,-1,863.0,89.0,36.0,26.0,1.000000
96,-1,1031.0,89.0,33.0,24.0,1.000000
96,-1,1164.0,55.0,37.0,26.0,1.000000
97,-1,691.0,108.0,39.0,25.0,1.000000
97,-1,814.0,161.0,36.0,27.0,1.000000
97,-1,860.0,89.0,36.0,26.0,1.000000
97,-1,1030.0,89.0,33.0,24.0,1.000000
97,-1,1161.0,55.0,37.0,26.0,1.000000
98,-1,689.0,108.0,38.0,25.0,1.000000
98,-1,811.0,162.0,37.0,27.0,1.000000
98,-1,858.0,88.0,36.0,26.0,1.000000
98,-1,1028.0,89.0,33.0,24.0,1.000000
98,-1,1158.0,56.0,37.0,26.0,1.000000
99,-1,687.0,108.0,38.0,25.0,1.000000
99,-1,809.0,162.0,37.0,27.0,1.000000
99,-1,856.0,89.0,36.0,26.0,1.000000
99,-1,1026.0,90.0,33.0,24.0,1.000000
99,-1,1156.0,56.0,37.0,26.0,1.000000
100,-1,684.0,108.0,37.0,25.0,1.000000
100,-1,807.0,163.0,36.0,27.0,1.000000
100,-1,853.0,89.0,35.0,26.0,1.000000
100,-1,1025.0,90.0,33.0,24.0,1.000000
100,-1,1153.0,57.0,37.0,26.0,1.000000
101,-1,682.0,108.0,37.0,24.0,1.000000
101,-1,805.0,163.0,36.0,27.0,1.000000
101,-1,851.0,89.0,35.0,25.0,1.000000
101,-1,1023.0,91.0,33.0,24.0,1.000000
101,-1,1150.0,57.0,37.0,26.0,1.000000
102,-1,679.0,109.0,37.0,24.0,1.000000
102,-1,802.0,165.0,36.0,27.0,1.000000
102,-1,848.0,89.0,35.0,25.0,1.000000
102,-1,1021.0,92.0,33.0,24.0,1.000000
102,-1,1147.0,59.0,37.0,26.0,1.000000
103,-1,677.0,109.0,36.0,24.0,1.000000
103,-1,800.0,165.0,36.0,27.0,1.000000
103,-1,845.0,89.0,35.0,25.0,1.000000
103,-1,1019.0,92.0,33.0,24.0,1.000000
103,-1,1144.0,59.0,37.0,26.0,1.000000
104,-1,674.0,108.0,36.0,24.0,1.000000
104,-1,797.0,165.0,36.0,27.0,1.000000
104,-1,843.0,89.0,34.0,25.0,1.000000
104,-1,1017.0,92.0,33.0,24.0,1.000000
104,-1,1141.0,59.0,37.0,26.0,1.000000
105,-1,671.0,108.0,36.0,24.0,1.000000
105,-1,795.0,165.0,36.0,27.0,1.000000
105,-1,840.0,88.0,34.0,25.0,1.000000
105,-1,1015.0,92.0,33.0,24.0,1.000000
105,-1,1138.0,59.0,37.0,26.0,1.000000
106,-1,668.0,107.0,36.0,24.0,1.000000
106,-1,793.0,165.0,35.0,27.0,1.000000
106,-1,837.0,87.0,35.0,25.0,1.000000
106,-1,1013.0,92.0,33.0,24.0,1.000000
106,-1,1136.0,59.0,36.0,25.0,1.000000
107,-1,666.0,106.0,36.0,23.0,1.000000
107,-1,791.0,165.0,35.0,27.0,1.000000
107,-1,835.0,87.0,35.0,25.0,1.000000
107,-1,1011.0,92.0,32.0,23.0,1.000000
107,-1,1133.0,59.0,36.0,25.0,1.000000
108,-1,664.0,106.0,35.0,23.0,1.000000
108,-1,788.0,165.0,35.0,27.0,1.000000
108,-1,832.0,86.0,34.0,25.0,1.000000
108,-1,1009.0,92.0,32.0,23.0,1.000000
108,-1,1130.0,60.0,36.0,25.0,1.000000
109,-1,661.0,106.0,35.0,23.0,1.000000
109,-1,786.0,165.0,35.0,26.0,1.000000
109,-1,830.0,86.0,34.0,25.0,1.000000
109,-1,1007.0,92.0,32.0,23.0,1.000000
109,-1,1127.0,60.0,36.0,25.0,1.000000
110,-1,659.0,105.0,35.0,23.0,1.000000
110,-1,784.0,165.0,35.0,26.0,1.000000
110,-1,828.0,85.0,34.0,25.0,1.000000
110,-1,1005.0,92.0,32.0,23.0,1.000000
110,-1,1125.0,60.0,36.0,25.0,1.000000
111,-1,657.0,104.0,35.0,23.0,1.000000
111,-1,782.0,165.0,35.0,26.0,1.000000
111,-1,825.0,85.0,34.0,25.0,1.000000
111,-1,1004.0,92.0,31.0,23.0,1.000000
111,-1,1122.0,60.0,35.0,25.0,1.000000
112,-1,655.0,104.0,35.0,23.0,1.000000
112,-1,780.0,165.0,35.0,26.0,1.000000
112,-1,823.0,84.0,34.0,25.0,1.000000
112,-1,1002.0,92.0,31.0,23.0,1.000000
112,-1,1120.0,60.0,35.0,25.0,1.000000
113,-1,652.0,103.0,35.0,23.0,1.000000
113,-1,779.0,165.0,35.0,26.0,1.000000
113,-1,821.0,84.0,34.0,25.0,1.000000
113,-1,1000.0,92.0,31.0,23.0,1.000000
113,-1,1117.0,60.0,35.0,25.0,1.000000
114,-1,650.0,102.0,35.0,23.0,1.000000
114,-1,777.0,165.0,34.0,26.0,1.000000
114,-1,819.0,83.0,34.0,25.0,1.000000
114,-1,998.0,91.0,31.0,23.0,1.000000
114,-1,1115.0,60.0,35.0,25.0,1.000000
115,-1,648.0,102.0,35.0,23.0,1.000000
115,-1,775.0,166.0,34.0,26.0,1.000000
115,-1,817.0,83.0,34.0,25.0,1.000000
115,-1,996.0,92.0,31.0,22.0,1.000000
115,-1,1113.0,61.0,35.0,25.0,1.000000
116,-1,646.0,101.0,35.0,23.0,1.000000
116,-1,773.0,165.0,34.0,25.0,1.000000
116,-1,815.0,82.0,34.0,25.0,1.000000
116,-1,994.0,92.0,31.0,22.0,1.000000
116,-1,1110.0,60.0,35.0,25.0,1.000000
117,-1,644.0,100.0,34.0,23.0,1.000000
117,-1,771.0,165.0,34.0,25.0,1.000000
117,-1,813.0,81.0,34.0,25.0,1.000000
117,-1,993.0,91.0,31.0,22.0,1.000000
117,-1,1108.0,60.0,35.0,24.0,1.000000
118,-1,642.0,99.0,34.0,23.0,1.000000
118,-1,769.0,165.0,34.0,25.0,1.000000
118,-1,811.0,80.0,34.0,24.0,1.000000
118,-1,991.0,91.0,31.0,22.0,1.000000
118,-1,1106.0,60.0,35.0,24.0,1.000000
