1,1,150,40,21,20,1,1,1
2,1,149,40,21,20,1,1,1
3,1,149,40,21,20,1,1,1
4,1,148,40,21,20,1,1,1
5,1,147,40,21,20,1,1,1
6,1,147,40,21,20,1,1,1
7,1,146,40,21,20,1,1,1
8,1,146,41,21,20,1,1,1
9,1,145,40,21,20,1,1,1
10,1,144,41,21,20,1,1,1
11,1,143,41,21,20,1,1,1
12,1,143,41,21,20,1,1,1
13,1,142,41,21,20,1,1,1
14,1,142,41,21,20,1,1,1
15,1,141,41,21,20,1,1,1
16,1,140,41,21,20,1,1,1
17,1,139,41,21,20,1,1,1
18,1,139,41,21,20,1,1,1
19,1,139,41,21,20,1,1,1
20,1,138,41,21,20,1,1,1
21,1,137,41,21,20,1,1,1
22,1,137,41,21,20,1,1,1
23,1,135,41,21,20,1,1,1
24,1,135,41,21,20,1,1,1
25,1,135,41,21,20,1,1,1
26,1,134,41,21,20,1,1,1
27,1,134,41,22,21,1,1,1
28,1,133,41,21,20,1,1,1
29,1,132,41,21,20,1,1,1
30,1,132,41,21,20,1,1,1
31,1,131,41,21,20,1,1,1
32,1,131,41,21,20,1,1,1
33,1,130,41,21,20,1,1,1
34,1,129,41,21,20,1,1,1
35,1,128,41,21,20,1,1,1
36,1,128,41,21,20,1,1,1
37,1,127,41,22,20,1,1,1
38,1,127,41,22,20,1,1,1
39,1,126,41,21,20,1,1,1
40,1,125,41,21,20,1,1,1
41,1,124,41,21,20,1,1,1
42,1,124,41,21,20,1,1,1
43,1,124,41,22,21,1,1,1
44,1,123,41,21,20,1,1,1
45,1,122,41,22,21,1,1,1
46,1,122,41,22,21,1,1,1
47,1,121,41,22,21,1,1,1
48,1,121,41,22,21,1,1,1
49,1,120,41,22,21,1,1,1
50,1,120,41,22,21,1,1,1
51,1,119,41,22,21,1,1,1
52,1,118,41,22,21,1,1,1
53,1,117,41,21,20,1,1,1
54,1,117,41,21,20,1,1,1
55,1,116,40,22,21,1,1,1
56,1,116,40,22,21,1,1,1
57,1,115,40,22,21,1,1,1
58,1,115,40,22,21,1,1,1
59,1,114,40,22,21,1,1,1
60,1,114,40,22,21,1,1,1
61,1,113,40,22,20,1,1,1
62,1,113,40,22,21,1,1,1
63,1,112,40,22,21,1,1,1
64,1,111,40,22,21,1,1,1
65,1,110,40,22,21,1,1,1
66,1,110,40,22,21,1,1,1
67,1,110,40,22,21,1,1,1
68,1,109,40,22,21,1,1,1
69,1,109,40,22,21,1,1,1
70,1,108,40,21,20,1,1,1
71,1,107,40,21,20,1,1,1
72,1,107,40,21,20,1,1,1
73,1,107,40,22,21,1,1,1
74,1,106,40,22,21,1,1,1
75,1,106,40,22,21,1,1,1
76,1,105,40,22,21,1,1,1
77,1,104,40,22,21,1,1,1
78,1,104,40,22,21,1,1,1
79,1,104,40,22,21,1,1,1
80,1,103,40,22,21,1,1,1
81,1,103,40,22,21,1,1,1
82,1,102,40,22,21,1,1,1
83,1,101,40,22,21,1,1,1
84,1,101,40,22,21,1,1,1
85,1,101,40,22,21,1,1,1
86,1,100,40,22,21,1,1,1
87,1,100,40,22,21,1,1,1
88,1,99,40,22,21,1,1,1
89,1,98,40,22,21,1,1,1
90,1,98,40,22,21,1,1,1
91,1,98,40,22,21,1,1,1
92,1,97,40,22,21,1,1,1
93,1,97,40,22,21,1,1,1
94,1,96,40,22,21,1,1,1
95,1,96,40,22,21,1,1,1
96,1,96,40,22,21,1,1,1
97,1,95,40,22,21,1,1,1
98,1,95,40,22,21,1,1,1
99,1,94,40,22,21,1,1,1
100,1,94,40,22,21,1,1,1
101,1,93,40,22,21,1,1,1
102,1,93,40,22,21,1,1,1
103,1,92,40,22,21,1,1,1
104,1,92,40,22,21,1,1,1
105,1,91,40,22,21,1,1,1
106,1,91,40,22,21,1,1,1
107,1,91,40,22,21,1,1,1
108,1,91,40,22,21,1,1,1
109,1,90,40,22,21,1,1,1
110,1,89,39,22,21,1,1,1
111,1,89,39,22,21,1,1,1
112,1,88,39,22,21,1,1,1
113,1,88,39,22,21,1,1,1
114,1,88,39,22,21,1,1,1
115,1,87,39,22,21,1,1,1
116,1,87,39,22,21,1,1,1
117,1,86,39,22,21,1,1,1
118,1,86,39,22,21,1,1,1
119,1,85,39,22,21,1,1,1
120,1,85,39,22,21,1,1,1
121,1,85,39,22,21,1,1,1
122,1,84,39,22,21,1,1,1
123,1,83,39,22,21,1,1,1
124,1,83,39,22,21,1,1,1
125,1,83,39,22,21,1,1,1
126,1,83,39,22,21,1,1,1
127,1,82,39,22,21,1,1,1
128,1,81,40,22,21,1,1,1
129,1,81,40,22,21,1,1,1
130,1,80,40,22,21,1,1,1
131,1,80,39,22,21,1,1,1
132,1,80,39,22,21,1,1,1
133,1,79,40,22,21,1,1,1
134,1,79,40,22,21,1,1,1
135,1,78,40,22,21,1,1,1
136,1,78,40,22,21,1,1,1
137,1,77,40,22,21,1,1,1
138,1,77,40,22,21,1,1,1
139,1,76,40,22,21,1,1,1
140,1,76,40,22,21,1,1,1
141,1,75,40,22,21,1,1,1
142,1,75,40,22,21,1,1,1
143,1,74,40,22,21,1,1,1
144,1,74,40,22,21,1,1,1
145,1,73,40,22,21,1,1,1
146,1,73,40,22,21,1,1,1
147,1,73,40,22,21,1,1,1
148,1,72,40,22,21,1,1,1
149,1,72,40,22,21,1,1,1
150,1,72,40,22,21,1,1,1
151,1,71,40,22,21,1,1,1
152,1,71,40,22,21,1,1,1
1,2,361,140,26,23,1,1,1
2,2,361,140,26,23,1,1,1
3,2,361,140,26,23,1,1,1
4,2,361,140,26,23,1,1,1
5,2,362,141,26,23,1,1,1
6,2,362,141,26,23,1,1,1
7,2,362,141,26,23,1,1,1
8,2,362,141,26,23,1,1,1
9,2,362,141,26,23,1,1,1
10,2,362,141,26,23,1,1,1
11,2,362,141,26,23,1,1,1
12,2,362,141,26,23,1,1,1
13,2,362,141,26,23,1,1,1
14,2,362,141,26,23,1,1,1
15,2,362,141,26,23,1,1,1
16,2,362,141,26,23,1,1,1
17,2,362,142,26,23,1,1,1
18,2,362,142,26,23,1,1,1
19,2,362,142,26,23,1,1,1
20,2,362,142,26,23,1,1,1
21,2,362,142,26,23,1,1,1
22,2,362,142,26,23,1,1,1
23,2,363,142,26,23,1,1,1
24,2,363,142,26,23,1,1,1
25,2,363,142,26,23,1,1,1
26,2,363,142,26,23,1,1,1
27,2,363,142,26,23,1,1,1
28,2,363,142,26,23,1,1,1
29,2,363,142,26,23,1,1,1
30,2,363,142,26,23,1,1,1
31,2,363,142,26,23,1,1,1
32,2,363,143,26,23,1,1,1
33,2,363,143,26,23,1,1,1
34,2,363,143,26,23,1,1,1
35,2,363,143,26,23,1,1,1
36,2,363,143,26,23,1,1,1
37,2,363,143,26,23,1,1,1
38,2,363,143,26,23,1,1,1
39,2,364,143,26,23,1,1,1
40,2,364,143,26,23,1,1,1
41,2,364,143,26,23,1,1,1
42,2,364,143,26,23,1,1,1
43,2,364,143,26,23,1,1,1
44,2,364,143,26,23,1,1,1
45,2,364,143,26,23,1,1,1
46,2,364,143,26,23,1,1,1
47,2,364,143,26,23,1,1,1
48,2,364,143,26,23,1,1,1
49,2,364,143,26,23,1,1,1
50,2,364,143,26,23,1,1,1
51,2,364,143,26,23,1,1,1
52,2,364,143,26,23,1,1,1
53,2,364,143,26,23,1,1,1
54,2,365,143,26,23,1,1,1
55,2,365,143,26,23,1,1,1
56,2,365,143,26,23,1,1,1
57,2,365,143,26,23,1,1,1
58,2,365,143,26,23,1,1,1
59,2,365,143,26,23,1,1,1
60,2,365,143,26,23,1,1,1
61,2,365,143,26,23,1,1,1
62,2,365,143,26,23,1,1,1
63,2,365,143,26,23,1,1,1
64,2,365,143,26,23,1,1,1
65,2,366,143,26,23,1,1,1
66,2,366,143,26,23,1,1,1
67,2,366,143,26,23,1,1,1
68,2,366,143,26,23,1,1,1
69,2,366,143,26,23,1,1,1
70,2,366,143,26,23,1,1,1
71,2,366,144,26,23,1,1,1
72,2,366,144,26,23,1,1,1
73,2,366,144,26,23,1,1,1
74,2,366,144,26,23,1,1,1
75,2,367,144,26,23,1,1,1
76,2,367,144,26,23,1,1,1
77,2,367,144,26,23,1,1,1
78,2,367,144,26,23,1,1,1
79,2,367,144,26,23,1,1,1
80,2,367,144,26,23,1,1,1
81,2,367,144,26,23,1,1,1
82,2,368,144,26,23,1,1,1
83,2,368,144,26,23,1,1,1
84,2,368,144,26,23,1,1,1
85,2,368,144,26,23,1,1,1
86,2,368,145,26,23,1,1,1
87,2,368,144,26,23,1,1,1
88,2,368,144,26,23,1,1,1
89,2,369,145,26,23,1,1,1
90,2,369,145,26,23,1,1,1
91,2,369,145,26,23,1,1,1
92,2,369,145,26,23,1,1,1
93,2,369,145,26,23,1,1,1
94,2,369,145,26,23,1,1,1
95,2,370,145,26,23,1,1,1
96,2,370,145,26,23,1,1,1
97,2,370,145,26,23,1,1,1
98,2,370,145,26,23,1,1,1
99,2,370,145,26,23,1,1,1
100,2,371,145,26,23,1,1,1
101,2,371,145,26,23,1,1,1
102,2,371,145,26,23,1,1,1
103,2,371,145,26,23,1,1,1
104,2,371,145,26,23,1,1,1
105,2,371,145,26,23,1,1,1
106,2,371,145,26,23,1,1,1
107,2,372,145,26,23,1,1,1
108,2,372,145,26,23,1,1,1
109,2,372,145,26,23,1,1,1
110,2,372,145,26,23,1,1,1
111,2,372,145,26,23,1,1,1
112,2,372,145,26,23,1,1,1
113,2,373,145,26,23,1,1,1
114,2,373,145,26,23,1,1,1
115,2,373,145,26,23,1,1,1
116,2,373,145,26,23,1,1,1
117,2,373,146,26,23,1,1,1
118,2,373,146,26,23,1,1,1
119,2,374,146,26,23,1,1,1
120,2,374,146,26,23,1,1,1
121,2,374,146,26,23,1,1,1
122,2,374,146,26,23,1,1,1
123,2,374,146,26,23,1,1,1
124,2,374,146,26,23,1,1,1
125,2,374,146,26,23,1,1,1
126,2,374,146,26,23,1,1,1
127,2,375,146,26,23,1,1,1
128,2,375,147,26,23,1,1,1
129,2,375,147,26,23,1,1,1
130,2,375,147,26,23,1,1,1
131,2,375,147,26,23,1,1,1
132,2,375,147,26,23,1,1,1
133,2,375,147,26,23,1,1,1
134,2,375,147,26,23,1,1,1
135,2,376,147,26,23,1,1,1
136,2,376,147,26,23,1,1,1
137,2,376,147,26,23,1,1,1
138,2,376,147,26,23,1,1,1
139,2,376,148,26,23,1,1,1
140,2,376,148,26,23,1,1,1
141,2,376,148,26,23,1,1,1
142,2,377,148,26,23,1,1,1
143,2,377,148,26,23,1,1,1
144,2,377,148,26,23,1,1,1
145,2,377,148,26,23,1,1,1
146,2,377,148,26,23,1,1,1
147,2,377,148,26,23,1,1,1
148,2,377,148,26,23,1,1,1
149,2,378,149,26,23,1,1,1
150,2,378,149,26,23,1,1,1
151,2,378,149,26,23,1,1,1
152,2,378,149,26,23,1,1,1
1,3,563,30,25,21,1,1,1
2,3,563,30,25,21,1,1,1
3,3,563,30,25,21,1,1,1
4,3,563,30,25,21,1,1,1
5,3,562,30,25,21,1,1,1
6,3,562,30,25,21,1,1,1
7,3,562,30,25,21,1,1,1
8,3,562,30,25,21,1,1,1
9,3,562,30,25,21,1,1,1
10,3,561,30,25,21,1,1,1
11,3,561,30,25,21,1,1,1
12,3,561,30,25,21,1,1,1
13,3,561,30,25,21,1,1,1
14,3,561,30,25,21,1,1,1
15,3,560,30,25,21,1,1,1
16,3,560,30,25,21,1,1,1
17,3,560,30,25,21,1,1,1
18,3,560,30,25,21,1,1,1
19,3,560,30,25,21,1,1,1
20,3,559,30,25,21,1,1,1
21,3,559,30,25,21,1,1,1
22,3,559,30,25,21,1,1,1
23,3,559,30,25,21,1,1,1
24,3,559,30,25,21,1,1,1
25,3,558,30,25,21,1,1,1
26,3,558,30,25,21,1,1,1
27,3,558,30,25,21,1,1,1
28,3,558,30,25,21,1,1,1
29,3,558,29,25,21,1,1,1
30,3,558,29,25,21,1,1,1
31,3,557,29,25,21,1,1,1
32,3,557,29,25,21,1,1,1
33,3,557,29,25,21,1,1,1
34,3,557,29,25,21,1,1,1
35,3,556,29,25,21,1,1,1
36,3,556,29,25,21,1,1,1
37,3,556,29,25,21,1,1,1
38,3,556,29,25,21,1,1,1
39,3,556,29,25,21,1,1,1
40,3,555,29,25,21,1,1,1
41,3,555,28,25,21,1,1,1
42,3,555,28,25,21,1,1,1
43,3,555,28,25,21,1,1,1
44,3,555,28,25,21,1,1,1
45,3,554,28,25,21,1,1,1
46,3,554,28,25,21,1,1,1
47,3,554,28,25,21,1,1,1
48,3,554,28,25,21,1,1,1
49,3,554,28,25,21,1,1,1
50,3,553,27,25,21,1,1,1
51,3,553,27,25,21,1,1,1
52,3,553,27,25,21,1,1,1
53,3,553,27,25,21,1,1,1
54,3,553,27,25,21,1,1,1
55,3,552,27,25,21,1,1,1
56,3,552,27,25,21,1,1,1
57,3,552,27,25,21,1,1,1
58,3,552,27,25,21,1,1,1
59,3,552,26,25,21,1,1,1
60,3,552,26,25,21,1,1,1
61,3,551,26,25,21,1,1,1
62,3,551,26,25,21,1,1,1
63,3,551,26,25,21,1,1,1
64,3,551,26,25,21,1,1,1
65,3,550,26,25,21,1,1,1
66,3,550,26,25,21,1,1,1
67,3,550,26,25,21,1,1,1
68,3,550,26,25,21,1,1,1
69,3,550,26,25,21,1,1,1
70,3,550,26,25,21,1,1,1
71,3,549,25,25,21,1,1,1
72,3,549,25,25,21,1,1,1
73,3,549,25,25,21,1,1,1
74,3,549,25,25,21,1,1,1
75,3,549,25,25,21,1,1,1
76,3,549,25,25,21,1,1,1
77,3,548,25,25,21,1,1,1
78,3,548,25,25,21,1,1,1
79,3,548,25,25,21,1,1,1
80,3,548,25,25,21,1,1,1
81,3,548,25,25,21,1,1,1
82,3,548,25,25,21,1,1,1
83,3,547,24,25,21,1,1,1
84,3,547,24,25,21,1,1,1
85,3,547,24,25,21,1,1,1
86,3,547,24,25,21,1,1,1
87,3,547,24,25,21,1,1,1
88,3,547,24,25,21,1,1,1
89,3,547,24,25,21,1,1,1
90,3,547,24,25,21,1,1,1
91,3,546,24,25,21,1,1,1
92,3,546,24,26,21,1,1,1
93,3,546,24,25,21,1,1,1
94,3,546,24,25,21,1,1,1
95,3,546,24,25,21,1,1,1
96,3,546,24,25,21,1,1,1
97,3,546,23,25,21,1,1,1
98,3,545,23,25,21,1,1,1
99,3,545,23,25,21,1,1,1
100,3,545,23,26,21,1,1,1
101,3,545,23,25,21,1,1,1
102,3,545,23,25,21,1,1,1
103,3,545,23,26,21,1,1,1
104,3,544,23,26,22,1,1,1
105,3,545,23,25,21,1,1,1
106,3,544,22,25,21,1,1,1
107,3,544,22,26,21,1,1,1
108,3,544,22,26,21,1,1,1
109,3,544,22,26,22,1,1,1
110,3,544,22,26,22,1,1,1
111,3,544,22,26,21,1,1,1
112,3,544,22,25,21,1,1,1
113,3,543,22,25,21,1,1,1
114,3,543,22,26,21,1,1,1
115,3,543,22,25,21,1,1,1
116,3,543,21,25,21,1,1,1
117,3,543,21,25,21,1,1,1
118,3,543,21,25,21,1,1,1
119,3,543,21,25,21,1,1,1
120,3,543,21,25,21,1,1,1
121,3,542,21,25,21,1,1,1
122,3,542,21,26,21,1,1,1
123,3,542,21,26,22,1,1,1
124,3,542,21,25,21,1,1,1
125,3,541,21,25,21,1,1,1
126,3,541,21,26,22,1,1,1
127,3,541,21,26,22,1,1,1
128,3,541,21,25,21,1,1,1
129,3,541,21,26,22,1,1,1
130,3,541,21,25,21,1,1,1
131,3,540,21,25,21,1,1,1
132,3,540,21,25,21,1,1,1
133,3,540,21,25,21,1,1,1
134,3,540,21,25,21,1,1,1
135,3,540,21,25,21,1,1,1
136,3,539,21,25,21,1,1,1
137,3,539,20,25,21,1,1,1
138,3,539,20,25,21,1,1,1
139,3,539,20,25,21,1,1,1
140,3,538,20,25,21,1,1,1
141,3,538,20,25,21,1,1,1
142,3,538,20,25,21,1,1,1
143,3,538,20,26,22,1,1,1
144,3,538,20,26,21,1,1,1
145,3,538,20,25,21,1,1,1
146,3,537,20,26,21,1,1,1
147,3,537,20,26,21,1,1,1
148,3,537,20,25,21,1,1,1
149,3,537,20,25,21,1,1,1
150,3,537,20,25,21,1,1,1
151,3,536,20,26,22,1,1,1
152,3,536,20,26,22,1,1,1
1,4,131,210,15,13,1,1,1
2,4,127,210,15,13,1,1,1
3,4,124,210,15,13,1,1,1
4,4,121,210,15,13,1,1,1
5,4,113,210,15,13,1,1,1
6,4,113,210,15,13,1,1,1
7,4,110,210,14,13,1,1,1
8,4,107,210,14,12,1,1,1
9,4,103,210,15,13,1,1,1
10,4,100,210,15,13,1,1,1
11,4,93,210,15,13,1,1,1
12,4,93,210,15,13,1,1,1
13,4,89,210,15,13,1,1,1
14,4,86,210,15,13,1,1,1
15,4,82,210,15,13,1,1,1
16,4,79,210,15,13,1,1,1
17,4,72,210,15,13,1,1,1
18,4,72,210,15,13,1,1,1
19,4,68,210,14,13,1,1,1
20,4,65,211,14,12,1,1,1
21,4,61,211,15,13,1,1,1
22,4,58,210,15,13,1,1,1
23,4,51,211,14,12,1,1,1
24,4,51,211,14,12,1,1,1
25,4,47,211,14,12,1,1,1
26,4,44,211,14,12,1,1,1
27,4,40,211,14,12,1,1,1
28,4,36,210,14,12,1,1,1
29,4,29,211,14,12,1,1,1
30,4,29,211,14,12,1,1,1
31,4,26,210,15,13,1,1,1
32,4,22,210,15,13,1,1,1
33,4,18,210,15,13,1,1,1
34,4,14,210,15,13,1,1,1
35,4,7,210,15,13,1,1,1
36,4,7,210,15,13,1,1,1
37,4,4,210,15,13,1,1,1
38,4,0,210,15,13,1,1,1
39,4,-3,210,15,13,1,1,1
40,4,-7,210,15,13,1,1,1
1,5,111,278,14,10,1,1,1
2,5,111,278,14,10,1,1,1
3,5,111,278,14,10,1,1,1
4,5,111,278,14,10,1,1,1
5,5,111,278,14,10,1,1,1
6,5,111,278,14,10,1,1,1
7,5,111,278,14,10,1,1,1
8,5,111,278,14,10,1,1,1
9,5,111,278,14,10,1,1,1
10,5,111,278,14,10,1,1,1
11,5,111,278,14,10,1,1,1
12,5,111,278,14,10,1,1,1
13,5,111,278,14,10,1,1,1
14,5,111,278,14,10,1,1,1
15,5,111,278,14,10,1,1,1
16,5,111,278,14,10,1,1,1
17,5,111,278,14,10,1,1,1
18,5,111,278,14,10,1,1,1
19,5,111,278,14,10,1,1,1
20,5,111,278,14,10,1,1,1
21,5,111,278,14,10,1,1,1
22,5,111,278,14,10,1,1,1
23,5,111,278,14,10,1,1,1
24,5,111,278,14,10,1,1,1
25,5,111,278,14,10,1,1,1
26,5,111,278,14,10,1,1,1
27,5,111,278,14,10,1,1,1
28,5,111,278,14,10,1,1,1
29,5,111,278,14,10,1,1,1
30,5,111,278,14,10,1,1,1
31,5,111,278,14,10,1,1,1
32,5,111,278,14,10,1,1,1
33,5,111,278,14,10,1,1,1
34,5,111,278,14,10,1,1,1
35,5,111,278,14,10,1,1,1
36,5,111,278,14,10,1,1,1
37,5,111,278,14,10,1,1,1
38,5,111,278,14,10,1,1,1
39,5,111,278,14,10,1,1,1
40,5,111,278,14,10,1,1,1
41,5,111,278,14,10,1,1,1
42,5,111,278,14,10,1,1,1
43,5,111,278,14,10,1,1,1
44,5,111,278,14,10,1,1,1
45,5,111,278,14,10,1,1,1
46,5,111,278,14,10,1,1,1
47,5,111,278,14,10,1,1,1
48,5,111,278,14,10,1,1,1
49,5,111,278,14,10,1,1,1
50,5,111,278,14,10,1,1,1
51,5,111,278,14,10,1,1,1
52,5,111,278,14,10,1,1,1
53,5,111,278,14,10,1,1,1
54,5,111,278,14,10,1,1,1
55,5,111,278,14,10,1,1,1
56,5,111,278,14,10,1,1,1
57,5,111,278,14,10,1,1,1
58,5,111,278,14,10,1,1,1
59,5,111,278,14,10,1,1,1
60,5,111,278,14,10,1,1,1
61,5,111,278,14,10,1,1,1
62,5,111,278,14,10,1,1,1
63,5,111,278,14,10,1,1,1
64,5,111,278,14,10,1,1,1
65,5,111,278,14,10,1,1,1
66,5,111,278,14,10,1,1,1
67,5,111,278,14,10,1,1,1
68,5,111,278,14,10,1,1,1
69,5,111,278,14,10,1,1,1
70,5,111,278,14,10,1,1,1
71,5,111,278,14,10,1,1,1
72,5,111,278,14,10,1,1,1
73,5,111,278,14,10,1,1,1
74,5,111,278,14,10,1,1,1
75,5,111,278,14,10,1,1,1
76,5,111,278,14,10,1,1,1
77,5,111,278,14,10,1,1,1
78,5,111,278,14,10,1,1,1
79,5,111,278,14,10,1,1,1
80,5,111,278,14,10,1,1,1
81,5,111,278,14,10,1,1,1
82,5,111,278,14,10,1,1,1
83,5,111,278,14,10,1,1,1
84,5,111,278,14,10,1,1,1
85,5,111,278,14,10,1,1,1
86,5,111,278,14,10,1,1,1
87,5,111,278,14,10,1,1,1
88,5,111,278,14,10,1,1,1
89,5,111,278,14,10,1,1,1
90,5,111,278,14,10,1,1,1
91,5,111,278,14,10,1,1,1
92,5,111,278,14,10,1,1,1
93,5,111,278,14,10,1,1,1
94,5,111,278,14,10,1,1,1
95,5,111,278,14,10,1,1,1
96,5,111,278,14,10,1,1,1
97,5,111,278,14,10,1,1,1
98,5,111,278,14,10,1,1,1
99,5,111,278,14,10,1,1,1
100,5,111,278,14,10,1,1,1
101,5,111,278,14,10,1,1,1
102,5,111,278,14,10,1,1,1
103,5,111,278,14,10,1,1,1
104,5,111,278,14,10,1,1,1
105,5,111,278,14,10,1,1,1
106,5,111,278,14,10,1,1,1
107,5,111,278,14,10,1,1,1
108,5,111,278,14,10,1,1,1
109,5,111,278,14,10,1,1,1
110,5,111,278,14,10,1,1,1
111,5,111,278,14,10,1,1,1
112,5,111,278,14,10,1,1,1
113,5,111,278,14,10,1,1,1
114,5,111,278,14,10,1,1,1
115,5,111,278,14,10,1,1,1
116,5,111,278,14,10,1,1,1
117,5,111,278,14,10,1,1,1
118,5,111,278,14,10,1,1,1
119,5,111,278,14,10,1,1,1
120,5,111,278,14,10,1,1,1
121,5,111,278,14,10,1,1,1
122,5,111,278,14,10,1,1,1
123,5,111,278,14,10,1,1,1
124,5,111,278,14,10,1,1,1
125,5,111,278,14,10,1,1,1
126,5,111,278,14,10,1,1,1
127,5,111,278,14,10,1,1,1
128,5,111,278,14,10,1,1,1
129,5,111,278,14,10,1,1,1
130,5,111,278,14,10,1,1,1
131,5,111,278,14,10,1,1,1
132,5,111,278,14,10,1,1,1
133,5,111,278,14,10,1,1,1
134,5,111,278,14,10,1,1,1
135,5,111,278,14,10,1,1,1
136,5,111,278,14,10,1,1,1
137,5,111,278,14,10,1,1,1
138,5,111,278,14,10,1,1,1
139,5,111,278,14,10,1,1,1
140,5,111,278,14,10,1,1,1
141,5,111,278,14,10,1,1,1
142,5,111,278,14,10,1,1,1
143,5,111,278,14,10,1,1,1
144,5,111,278,14,10,1,1,1
145,5,111,278,14,10,1,1,1
146,5,111,278,14,10,1,1,1
147,5,111,278,14,10,1,1,1
148,5,111,278,14,10,1,1,1
149,5,111,278,14,10,1,1,1
150,5,111,278,14,10,1,1,1
151,5,111,278,14,10,1,1,1
152,5,111,278,14,10,1,1,1
1,6,449,244,14,15,1,1,1
2,6,445,244,14,15,1,1,1
3,6,442,244,14,15,1,1,1
4,6,438,244,14,15,1,1,1
5,6,431,244,14,15,1,1,1
6,6,431,244,14,15,1,1,1
7,6,428,244,14,15,1,1,1
8,6,424,244,14,15,1,1,1
9,6,421,244,14,15,1,1,1
10,6,417,244,14,15,1,1,1
11,6,410,245,14,15,1,1,1
12,6,410,245,14,15,1,1,1
13,6,406,244,14,15,1,1,1
14,6,402,244,14,15,1,1,1
15,6,399,244,14,15,1,1,1
16,6,396,245,14,15,1,1,1
17,6,388,245,14,15,1,1,1
18,6,388,245,14,15,1,1,1
19,6,385,245,14,15,1,1,1
20,6,381,245,14,15,1,1,1
21,6,377,245,14,15,1,1,1
22,6,374,245,14,15,1,1,1
23,6,367,245,14,15,1,1,1
24,6,367,245,14,15,1,1,1
25,6,363,245,14,15,1,1,1
26,6,359,245,14,15,1,1,1
27,6,355,245,14,15,1,1,1
28,6,352,245,14,15,1,1,1
29,6,345,245,15,16,1,1,1
30,6,345,245,15,16,1,1,1
31,6,341,245,15,16,1,1,1
32,6,337,245,15,16,1,1,1
33,6,334,245,14,16,1,1,1
34,6,330,245,14,15,1,1,1
35,6,323,245,14,15,1,1,1
36,6,323,245,14,15,1,1,1
37,6,319,245,14,15,1,1,1
38,6,316,245,14,15,1,1,1
39,6,312,245,14,15,1,1,1
40,6,308,245,14,15,1,1,1
41,6,301,244,15,16,1,1,1
42,6,301,244,15,16,1,1,1
43,6,297,245,14,15,1,1,1
44,6,294,244,14,15,1,1,1
45,6,290,244,14,15,1,1,1
46,6,287,244,14,15,1,1,1
47,6,279,244,14,15,1,1,1
48,6,279,244,14,15,1,1,1
49,6,276,244,14,15,1,1,1
50,6,272,244,14,15,1,1,1
51,6,268,244,14,15,1,1,1
52,6,265,244,14,15,1,1,1
53,6,257,244,14,15,1,1,1
54,6,257,244,14,15,1,1,1
55,6,254,244,14,15,1,1,1
56,6,250,244,14,15,1,1,1
57,6,246,244,14,15,1,1,1
58,6,242,243,14,15,1,1,1
59,6,235,244,14,15,1,1,1
60,6,235,244,14,15,1,1,1
61,6,232,244,13,14,1,1,1
62,6,228,243,14,15,1,1,1
63,6,224,243,14,15,1,1,1
64,6,220,243,14,15,1,1,1
65,6,213,243,14,15,1,1,1
66,6,213,243,14,15,1,1,1
67,6,209,243,14,15,1,1,1
68,6,205,243,15,16,1,1,1
69,6,202,243,14,15,1,1,1
70,6,198,243,14,15,1,1,1
71,6,191,243,14,15,1,1,1
72,6,191,243,14,15,1,1,1
73,6,188,243,14,15,1,1,1
74,6,183,243,14,15,1,1,1
75,6,180,243,14,15,1,1,1
76,6,176,243,14,15,1,1,1
77,6,168,243,14,16,1,1,1
78,6,168,243,14,16,1,1,1
79,6,165,243,14,15,1,1,1
80,6,161,243,14,15,1,1,1
81,6,157,243,14,15,1,1,1
82,6,154,243,14,15,1,1,1
83,6,146,243,14,15,1,1,1
84,6,146,243,14,15,1,1,1
85,6,143,243,14,15,1,1,1
86,6,139,243,14,15,1,1,1
87,6,135,243,14,15,1,1,1
88,6,132,243,14,15,1,1,1
89,6,124,243,14,15,1,1,1
90,6,124,243,14,15,1,1,1
91,6,121,243,14,15,1,1,1
92,6,116,243,14,15,1,1,1
93,6,113,242,14,15,1,1,1
94,6,109,242,14,15,1,1,1
95,6,105,242,14,15,1,1,1
96,6,105,242,14,15,1,1,1
97,6,98,243,14,15,1,1,1
98,6,94,243,14,15,1,1,1
99,6,91,242,14,15,1,1,1
100,6,87,242,14,15,1,1,1
101,6,83,242,14,15,1,1,1
102,6,83,242,14,15,1,1,1
103,6,75,242,14,15,1,1,1
104,6,71,242,14,15,1,1,1
105,6,68,242,14,15,1,1,1
106,6,65,242,14,15,1,1,1
107,6,61,242,14,15,1,1,1
108,6,61,242,14,15,1,1,1
109,6,53,242,14,15,1,1,1
110,6,49,241,14,15,1,1,1
111,6,45,242,14,15,1,1,1
112,6,41,241,14,15,1,1,1
113,6,38,241,14,15,1,1,1
114,6,38,241,14,15,1,1,1
115,6,30,241,15,16,1,1,1
116,6,26,241,15,16,1,1,1
117,6,22,241,15,16,1,1,1
118,6,18,241,15,16,1,1,1
119,6,14,240,15,16,1,1,1
120,6,14,240,15,17,1,1,1
121,6,7,240,15,16,1,1,1
122,6,3,241,15,16,1,1,1
123,6,-1,241,14,15,1,1,1
124,6,-5,241,14,15,1,1,1
125,6,-7,242,12,13,1,1,1
126,6,-7,242,12,13,1,1,1
1,7,509,87,13,12,1,1,1
2,7,505,87,13,12,1,1,1
3,7,502,87,13,12,1,1,1
4,7,498,87,13,12,1,1,1
5,7,491,87,13,12,1,1,1
6,7,491,87,13,12,1,1,1
7,7,488,87,13,12,1,1,1
8,7,484,88,13,12,1,1,1
9,7,481,88,13,12,1,1,1
10,7,477,88,13,12,1,1,1
11,7,470,87,13,12,1,1,1
12,7,470,87,13,12,1,1,1
13,7,466,87,13,12,1,1,1
14,7,463,88,13,12,1,1,1
15,7,459,87,13,12,1,1,1
16,7,456,87,14,13,1,1,1
17,7,448,88,13,12,1,1,1
18,7,448,88,13,12,1,1,1
19,7,445,88,13,12,1,1,1
20,7,441,88,13,12,1,1,1
21,7,437,88,13,12,1,1,1
22,7,434,88,13,12,1,1,1
23,7,427,88,13,12,1,1,1
24,7,427,88,13,12,1,1,1
25,7,423,88,13,12,1,1,1
26,7,419,88,13,12,1,1,1
27,7,416,88,13,12,1,1,1
28,7,412,88,13,12,1,1,1
29,7,405,87,13,12,1,1,1
30,7,405,87,13,12,1,1,1
31,7,401,87,13,12,1,1,1
32,7,398,88,13,12,1,1,1
33,7,394,88,13,12,1,1,1
34,7,390,87,13,12,1,1,1
35,7,384,87,13,12,1,1,1
36,7,384,87,13,12,1,1,1
37,7,380,87,13,12,1,1,1
38,7,376,87,13,12,1,1,1
39,7,372,87,13,12,1,1,1
40,7,369,87,14,13,1,1,1
41,7,361,87,13,12,1,1,1
42,7,361,87,13,12,1,1,1
43,7,358,87,13,12,1,1,1
44,7,354,87,13,12,1,1,1
45,7,350,87,13,12,1,1,1
46,7,347,87,13,12,1,1,1
47,7,339,86,13,12,1,1,1
48,7,339,86,13,12,1,1,1
49,7,336,86,13,12,1,1,1
50,7,332,86,13,12,1,1,1
51,7,328,86,13,12,1,1,1
52,7,325,86,13,12,1,1,1
53,7,317,86,14,13,1,1,1
54,7,317,86,14,13,1,1,1
55,7,313,86,14,13,1,1,1
56,7,310,85,13,12,1,1,1
57,7,306,85,13,12,1,1,1
58,7,303,85,13,12,1,1,1
59,7,295,85,13,12,1,1,1
60,7,295,85,13,12,1,1,1
61,7,292,85,13,12,1,1,1
62,7,288,85,13,12,1,1,1
63,7,284,85,13,12,1,1,1
64,7,280,85,13,12,1,1,1
65,7,273,85,13,12,1,1,1
66,7,273,85,13,12,1,1,1
67,7,269,85,13,12,1,1,1
68,7,266,84,13,12,1,1,1
69,7,262,84,13,12,1,1,1
70,7,258,84,13,12,1,1,1
71,7,252,85,13,12,1,1,1
72,7,252,85,13,12,1,1,1
73,7,247,84,14,13,1,1,1
74,7,244,84,14,13,1,1,1
75,7,240,84,13,12,1,1,1
76,7,236,84,13,12,1,1,1
77,7,229,84,13,12,1,1,1
78,7,229,84,13,12,1,1,1
79,7,225,84,13,12,1,1,1
80,7,221,84,14,13,1,1,1
81,7,218,84,13,12,1,1,1
82,7,214,84,13,12,1,1,1
83,7,207,84,13,12,1,1,1
84,7,207,84,13,12,1,1,1
85,7,203,83,13,12,1,1,1
86,7,199,83,13,12,1,1,1
87,7,195,83,13,12,1,1,1
88,7,192,83,13,12,1,1,1
89,7,185,83,13,12,1,1,1
90,7,185,83,13,12,1,1,1
91,7,181,83,13,12,1,1,1
92,7,177,83,14,13,1,1,1
93,7,173,83,14,13,1,1,1
94,7,169,83,14,13,1,1,1
95,7,166,83,14,13,1,1,1
96,7,166,83,14,13,1,1,1
97,7,158,82,14,13,1,1,1
98,7,155,83,13,12,1,1,1
99,7,151,83,13,12,1,1,1
100,7,148,82,14,13,1,1,1
101,7,144,82,14,13,1,1,1
102,7,144,82,14,13,1,1,1
103,7,136,82,13,12,1,1,1
104,7,133,82,13,12,1,1,1
105,7,129,82,13,12,1,1,1
106,7,126,82,13,12,1,1,1
107,7,121,82,13,12,1,1,1
108,7,121,82,13,12,1,1,1
109,7,113,81,14,13,1,1,1
110,7,110,81,14,13,1,1,1
111,7,106,81,14,12,1,1,1
112,7,102,81,14,13,1,1,1
113,7,98,81,14,13,1,1,1
114,7,98,81,14,13,1,1,1
115,7,91,81,13,12,1,1,1
116,7,88,80,14,13,1,1,1
117,7,83,80,14,13,1,1,1
118,7,80,80,13,12,1,1,1
119,7,76,80,13,12,1,1,1
120,7,76,80,13,12,1,1,1
121,7,68,80,14,13,1,1,1
122,7,65,80,14,12,1,1,1
123,7,61,80,14,12,1,1,1
124,7,57,80,14,12,1,1,1
125,7,53,80,13,12,1,1,1
126,7,53,80,13,12,1,1,1
127,7,46,80,13,12,1,1,1
128,7,42,80,13,12,1,1,1
129,7,38,80,13,12,1,1,1
130,7,34,80,14,12,1,1,1
131,7,30,79,13,12,1,1,1
132,7,30,79,13,12,1,1,1
133,7,22,80,13,12,1,1,1
134,7,19,79,13,12,1,1,1
135,7,15,79,13,12,1,1,1
136,7,11,79,13,12,1,1,1
137,7,8,79,13,12,1,1,1
138,7,8,79,13,12,1,1,1
139,7,-1,79,13,12,1,1,1
140,7,-5,79,13,12,1,1,1
1,8,563,220,17,14,1,1,1
2,8,559,220,17,14,1,1,1
3,8,556,220,17,14,1,1,1
4,8,552,220,17,14,1,1,1
5,8,545,220,16,13,1,1,1
6,8,545,220,16,13,1,1,1
7,8,542,220,16,13,1,1,1
8,8,538,220,17,14,1,1,1
9,8,534,220,16,13,1,1,1
10,8,530,220,16,13,1,1,1
11,8,523,220,16,13,1,1,1
12,8,523,220,16,13,1,1,1
13,8,520,221,16,13,1,1,1
14,8,516,221,15,13,1,1,1
15,8,513,221,15,13,1,1,1
16,8,509,221,16,13,1,1,1
17,8,502,220,16,13,1,1,1
18,8,502,220,16,13,1,1,1
19,8,498,221,16,13,1,1,1
20,8,494,220,16,13,1,1,1
21,8,491,221,16,13,1,1,1
22,8,487,220,16,13,1,1,1
23,8,480,221,16,13,1,1,1
24,8,480,221,16,13,1,1,1
25,8,476,221,16,13,1,1,1
26,8,473,221,16,13,1,1,1
27,8,469,221,16,13,1,1,1
28,8,465,221,16,13,1,1,1
29,8,458,221,16,13,1,1,1
30,8,458,221,16,13,1,1,1
31,8,455,221,16,13,1,1,1
32,8,451,221,16,13,1,1,1
33,8,447,221,16,13,1,1,1
34,8,444,221,16,13,1,1,1
35,8,436,221,16,13,1,1,1
36,8,436,221,16,13,1,1,1
37,8,433,220,16,13,1,1,1
38,8,429,220,16,13,1,1,1
39,8,426,220,16,13,1,1,1
40,8,421,220,16,13,1,1,1
41,8,414,220,16,13,1,1,1
42,8,414,220,16,13,1,1,1
43,8,411,220,16,13,1,1,1
44,8,407,220,16,13,1,1,1
45,8,403,220,16,13,1,1,1
46,8,399,220,16,13,1,1,1
47,8,392,220,16,13,1,1,1
48,8,392,220,16,13,1,1,1
49,8,388,220,16,13,1,1,1
50,8,385,220,16,13,1,1,1
51,8,381,220,16,13,1,1,1
52,8,377,219,16,13,1,1,1
53,8,370,219,16,13,1,1,1
54,8,370,219,16,13,1,1,1
55,8,366,219,16,13,1,1,1
56,8,362,219,16,13,1,1,1
57,8,359,219,16,13,1,1,1
58,8,355,219,16,13,1,1,1
59,8,348,219,16,13,1,1,1
60,8,348,219,16,13,1,1,1
61,8,344,219,16,13,1,1,1
62,8,341,219,16,13,1,1,1
63,8,337,219,16,13,1,1,1
64,8,332,219,17,14,1,1,1
65,8,325,218,16,13,1,1,1
66,8,325,218,16,13,1,1,1
67,8,321,218,16,13,1,1,1
68,8,318,218,16,14,1,1,1
69,8,314,219,16,13,1,1,1
70,8,310,219,16,13,1,1,1
71,8,303,218,15,13,1,1,1
72,8,303,218,15,13,1,1,1
73,8,300,219,15,13,1,1,1
74,8,296,218,15,13,1,1,1
75,8,293,219,16,13,1,1,1
76,8,288,218,16,13,1,1,1
77,8,281,218,15,12,1,1,1
78,8,281,218,15,12,1,1,1
79,8,277,218,16,13,1,1,1
80,8,274,218,16,13,1,1,1
81,8,270,218,16,13,1,1,1
82,8,267,218,15,13,1,1,1
83,8,259,218,15,12,1,1,1
84,8,259,218,15,12,1,1,1
85,8,255,218,16,13,1,1,1
86,8,252,218,15,12,1,1,1
87,8,248,218,15,12,1,1,1
88,8,244,218,15,12,1,1,1
89,8,237,218,16,13,1,1,1
90,8,237,218,16,13,1,1,1
91,8,233,218,15,13,1,1,1
92,8,229,218,15,12,1,1,1
93,8,225,218,15,12,1,1,1
94,8,222,218,15,12,1,1,1
95,8,218,218,15,12,1,1,1
96,8,218,218,15,12,1,1,1
97,8,210,217,15,12,1,1,1
98,8,207,217,15,12,1,1,1
99,8,204,217,15,12,1,1,1
100,8,200,217,15,12,1,1,1
101,8,196,217,15,12,1,1,1
102,8,196,217,15,12,1,1,1
103,8,188,217,15,12,1,1,1
104,8,185,217,15,12,1,1,1
105,8,181,217,15,12,1,1,1
106,8,177,217,15,12,1,1,1
107,8,173,216,15,12,1,1,1
108,8,173,216,15,12,1,1,1
109,8,166,216,14,12,1,1,1
110,8,162,217,14,12,1,1,1
111,8,159,217,14,12,1,1,1
112,8,155,216,14,12,1,1,1
113,8,152,217,13,11,1,1,1
114,8,152,217,13,11,1,1,1
115,8,144,217,14,11,1,1,1
116,8,140,217,14,11,1,1,1
117,8,136,217,14,11,1,1,1
118,8,132,216,14,11,1,1,1
119,8,129,216,14,12,1,1,1
120,8,129,216,14,12,1,1,1
121,8,121,216,14,11,1,1,1
122,8,117,216,14,11,1,1,1
123,8,113,216,13,11,1,1,1
124,8,109,216,14,11,1,1,1
125,8,105,216,14,11,1,1,1
126,8,105,216,14,11,1,1,1
127,8,98,216,13,11,1,1,1
128,8,94,216,14,11,1,1,1
129,8,90,216,14,11,1,1,1
130,8,86,216,14,11,1,1,1
131,8,82,216,14,11,1,1,1
132,8,82,216,14,11,1,1,1
133,8,75,216,14,11,1,1,1
134,8,71,216,14,11,1,1,1
135,8,67,216,14,11,1,1,1
136,8,63,216,14,11,1,1,1
137,8,59,216,14,11,1,1,1
138,8,59,216,14,11,1,1,1
139,8,51,216,13,11,1,1,1
140,8,47,216,14,11,1,1,1
141,8,44,216,14,11,1,1,1
142,8,40,216,14,11,1,1,1
143,8,35,216,14,12,1,1,1
144,8,35,216,14,12,1,1,1
145,8,28,216,14,12,1,1,1
146,8,24,216,14,11,1,1,1
147,8,20,216,14,11,1,1,1
148,8,17,216,14,11,1,1,1
149,8,13,215,14,11,1,1,1
150,8,13,215,14,11,1,1,1
151,8,5,215,14,12,1,1,1
152,8,1,215,14,12,1,1,1
51,9,614,256,11,13,1,1,1
52,9,610,256,11,13,1,1,1
53,9,603,256,16,12,1,1,1
54,9,603,256,16,12,1,1,1
55,9,599,256,16,12,1,1,1
56,9,595,256,16,12,1,1,1
57,9,591,256,16,12,1,1,1
58,9,588,256,16,12,1,1,1
59,9,580,255,16,12,1,1,1
60,9,580,255,16,12,1,1,1
61,9,576,255,16,12,1,1,1
62,9,573,255,16,12,1,1,1
63,9,569,255,16,12,1,1,1
64,9,565,255,16,12,1,1,1
65,9,558,255,16,12,1,1,1
66,9,558,255,16,12,1,1,1
67,9,554,255,16,12,1,1,1
68,9,550,255,16,12,1,1,1
69,9,546,255,16,12,1,1,1
70,9,542,255,16,12,1,1,1
71,9,535,255,16,12,1,1,1
72,9,535,255,16,12,1,1,1
73,9,531,255,16,12,1,1,1
74,9,527,255,16,12,1,1,1
75,9,523,254,16,12,1,1,1
76,9,519,254,16,12,1,1,1
77,9,512,254,16,12,1,1,1
78,9,512,254,16,12,1,1,1
79,9,509,254,16,12,1,1,1
80,9,505,254,16,12,1,1,1
81,9,501,254,16,12,1,1,1
82,9,497,254,16,12,1,1,1
83,9,490,254,16,12,1,1,1
84,9,490,254,16,12,1,1,1
85,9,486,254,16,12,1,1,1
86,9,482,254,16,12,1,1,1
87,9,478,254,16,12,1,1,1
88,9,475,254,16,12,1,1,1
89,9,467,253,15,12,1,1,1
90,9,467,253,15,12,1,1,1
91,9,463,253,15,12,1,1,1
92,9,460,253,16,12,1,1,1
93,9,456,253,15,12,1,1,1
94,9,452,253,16,12,1,1,1
95,9,448,253,16,12,1,1,1
96,9,448,253,16,12,1,1,1
97,9,441,253,16,12,1,1,1
98,9,437,253,16,12,1,1,1
99,9,433,253,16,12,1,1,1
100,9,430,253,16,12,1,1,1
101,9,426,253,16,12,1,1,1
102,9,426,253,16,12,1,1,1
103,9,418,252,16,12,1,1,1
104,9,415,252,16,12,1,1,1
105,9,411,252,16,12,1,1,1
106,9,407,252,16,12,1,1,1
107,9,403,252,16,12,1,1,1
108,9,403,252,16,12,1,1,1
109,9,395,252,16,12,1,1,1
110,9,392,252,16,12,1,1,1
111,9,388,252,16,12,1,1,1
112,9,384,252,16,12,1,1,1
113,9,381,251,16,12,1,1,1
114,9,381,251,16,12,1,1,1
115,9,372,251,16,12,1,1,1
116,9,369,251,16,12,1,1,1
117,9,365,251,16,12,1,1,1
118,9,361,251,16,12,1,1,1
119,9,357,251,16,12,1,1,1
120,9,357,251,16,12,1,1,1
121,9,350,251,15,11,1,1,1
122,9,346,251,15,12,1,1,1
123,9,342,250,16,12,1,1,1
124,9,338,250,16,12,1,1,1
125,9,334,250,16,12,1,1,1
126,9,334,250,16,12,1,1,1
127,9,327,250,16,12,1,1,1
128,9,323,250,16,12,1,1,1
129,9,319,250,16,12,1,1,1
130,9,315,250,16,12,1,1,1
131,9,311,250,16,12,1,1,1
132,9,311,250,16,12,1,1,1
133,9,304,250,16,12,1,1,1
134,9,300,250,16,12,1,1,1
135,9,296,250,16,12,1,1,1
136,9,292,250,16,12,1,1,1
137,9,288,250,16,12,1,1,1
138,9,288,250,16,12,1,1,1
139,9,280,250,16,12,1,1,1
140,9,277,250,16,12,1,1,1
141,9,273,250,16,12,1,1,1
142,9,269,250,16,12,1,1,1
143,9,265,250,16,12,1,1,1
144,9,265,250,16,12,1,1,1
145,9,257,250,16,12,1,1,1
146,9,253,250,16,12,1,1,1
147,9,249,250,16,12,1,1,1
148,9,245,250,16,12,1,1,1
149,9,241,250,16,12,1,1,1
150,9,241,250,16,12,1,1,1
151,9,234,250,16,12,1,1,1
152,9,230,250,16,12,1,1,1
60,10,607,125,16,14,1,1,1
61,10,603,125,16,14,1,1,1
62,10,599,125,16,14,1,1,1
63,10,596,125,16,14,1,1,1
64,10,592,125,16,14,1,1,1
65,10,585,125,15,13,1,1,1
66,10,585,125,15,13,1,1,1
67,10,581,125,15,13,1,1,1
68,10,577,125,15,13,1,1,1
69,10,573,125,15,14,1,1,1
70,10,569,125,16,14,1,1,1
71,10,562,124,16,14,1,1,1
72,10,562,124,16,14,1,1,1
73,10,558,124,16,14,1,1,1
74,10,554,124,16,14,1,1,1
75,10,550,124,16,14,1,1,1
76,10,547,125,15,13,1,1,1
77,10,539,124,16,14,1,1,1
78,10,539,124,16,14,1,1,1
79,10,535,124,16,14,1,1,1
80,10,532,124,16,14,1,1,1
81,10,528,124,16,14,1,1,1
82,10,524,124,16,14,1,1,1
83,10,516,124,16,14,1,1,1
84,10,516,124,16,14,1,1,1
85,10,512,124,16,14,1,1,1
86,10,509,124,16,14,1,1,1
87,10,505,123,16,14,1,1,1
88,10,502,124,16,14,1,1,1
89,10,494,123,15,13,1,1,1
90,10,494,123,15,13,1,1,1
91,10,490,124,15,13,1,1,1
92,10,486,123,16,14,1,1,1
93,10,482,123,16,14,1,1,1
94,10,478,123,16,14,1,1,1
95,10,475,123,16,14,1,1,1
96,10,475,123,16,14,1,1,1
97,10,468,123,16,14,1,1,1
98,10,464,123,15,13,1,1,1
99,10,460,123,15,13,1,1,1
100,10,457,123,16,14,1,1,1
101,10,452,122,16,14,1,1,1
102,10,452,122,16,14,1,1,1
103,10,445,122,16,14,1,1,1
104,10,441,122,16,14,1,1,1
105,10,437,122,16,14,1,1,1
106,10,434,122,16,14,1,1,1
107,10,430,122,16,14,1,1,1
108,10,430,122,16,14,1,1,1
109,10,423,122,16,14,1,1,1
110,10,419,122,16,14,1,1,1
111,10,415,121,16,14,1,1,1
112,10,411,121,16,14,1,1,1
113,10,407,121,16,14,1,1,1
114,10,407,121,16,14,1,1,1
115,10,400,121,16,14,1,1,1
116,10,396,121,16,14,1,1,1
117,10,392,121,16,14,1,1,1
118,10,388,121,16,14,1,1,1
119,10,384,121,16,14,1,1,1
120,10,384,121,16,14,1,1,1
121,10,377,121,16,14,1,1,1
122,10,373,121,15,14,1,1,1
123,10,370,121,15,13,1,1,1
124,10,366,121,15,13,1,1,1
125,10,361,120,16,14,1,1,1
126,10,361,120,16,14,1,1,1
127,10,354,120,16,14,1,1,1
128,10,350,120,16,14,1,1,1
129,10,346,120,16,14,1,1,1
130,10,342,120,16,14,1,1,1
131,10,338,120,16,14,1,1,1
132,10,338,120,16,14,1,1,1
133,10,331,120,16,14,1,1,1
134,10,327,120,16,14,1,1,1
135,10,323,120,16,14,1,1,1
136,10,319,120,16,14,1,1,1
137,10,315,120,16,14,1,1,1
138,10,315,120,16,14,1,1,1
139,10,307,120,16,14,1,1,1
140,10,303,120,16,14,1,1,1
141,10,300,120,16,14,1,1,1
142,10,295,120,16,14,1,1,1
143,10,292,119,16,14,1,1,1
144,10,292,119,16,14,1,1,1
145,10,284,119,16,14,1,1,1
146,10,280,119,16,14,1,1,1
147,10,276,119,16,14,1,1,1
148,10,272,119,16,14,1,1,1
149,10,269,119,16,14,1,1,1
150,10,269,119,16,14,1,1,1
151,10,261,119,16,14,1,1,1
152,10,257,119,16,14,1,1,1
112,11,612,219,13,12,1,1,1
113,11,609,219,13,12,1,1,1
114,11,609,219,13,12,1,1,1
115,11,601,219,13,12,1,1,1
116,11,597,219,13,12,1,1,1
117,11,593,219,13,12,1,1,1
118,11,589,219,13,12,1,1,1
119,11,585,218,13,12,1,1,1
120,11,585,218,13,12,1,1,1
121,11,577,218,13,12,1,1,1
122,11,574,218,13,12,1,1,1
123,11,570,218,13,12,1,1,1
124,11,565,218,13,12,1,1,1
125,11,562,218,13,12,1,1,1
126,11,562,218,13,12,1,1,1
127,11,554,218,13,12,1,1,1
128,11,550,218,12,11,1,1,1
129,11,547,218,13,12,1,1,1
130,11,543,218,13,12,1,1,1
131,11,539,218,13,12,1,1,1
132,11,539,218,13,12,1,1,1
133,11,531,218,13,12,1,1,1
134,11,527,218,13,12,1,1,1
135,11,523,218,13,12,1,1,1
136,11,519,218,13,12,1,1,1
137,11,516,218,13,12,1,1,1
138,11,516,218,13,12,1,1,1
139,11,507,218,13,12,1,1,1
140,11,503,218,13,12,1,1,1
141,11,500,217,13,12,1,1,1
142,11,496,217,13,12,1,1,1
143,11,492,218,13,12,1,1,1
144,11,492,218,13,12,1,1,1
145,11,484,217,13,12,1,1,1
146,11,480,217,13,12,1,1,1
147,11,476,217,13,12,1,1,1
148,11,472,217,13,12,1,1,1
149,11,469,217,13,12,1,1,1
150,11,469,217,13,12,1,1,1
151,11,461,217,13,12,1,1,1
152,11,457,217,13,12,1,1,1
119,12,612,195,13,12,1,1,1
120,12,612,195,13,12,1,1,1
121,12,604,195,12,12,1,1,1
122,12,600,195,12,11,1,1,1
123,12,597,195,12,11,1,1,1
124,12,592,195,12,11,1,1,1
125,12,589,195,12,11,1,1,1
126,12,589,195,12,11,1,1,1
127,12,581,195,13,12,1,1,1
128,12,577,195,13,12,1,1,1
129,12,573,195,13,12,1,1,1
130,12,570,195,12,11,1,1,1
131,12,566,195,12,11,1,1,1
132,12,566,195,12,11,1,1,1
133,12,558,195,13,12,1,1,1
134,12,554,195,13,12,1,1,1
135,12,550,195,13,12,1,1,1
136,12,546,195,13,12,1,1,1
137,12,542,195,13,12,1,1,1
138,12,542,195,13,12,1,1,1
139,12,534,195,13,12,1,1,1
140,12,530,195,13,12,1,1,1
141,12,526,195,13,12,1,1,1
142,12,522,195,13,12,1,1,1
143,12,519,195,12,11,1,1,1
144,12,519,195,12,11,1,1,1
145,12,511,195,13,12,1,1,1
146,12,507,195,12,11,1,1,1
147,12,503,195,13,12,1,1,1
148,12,499,195,13,12,1,1,1
149,12,496,195,13,12,1,1,1
150,12,496,195,13,12,1,1,1
151,12,487,195,13,12,1,1,1
152,12,483,195,13,12,1,1,1
