1,1,481,419,16,14,1,1,1
2,1,479,419,16,14,1,1,1
3,1,478,420,16,14,1,1,1
4,1,476,420,16,14,1,1,1
5,1,474,420,16,14,1,1,1
6,1,472,420,16,14,1,1,1
7,1,470,421,16,14,1,1,1
8,1,468,421,16,14,1,1,1
9,1,466,421,16,14,1,1,1
10,1,464,421,16,14,1,1,1
11,1,461,421,16,14,1,1,1
12,1,460,421,16,14,1,1,1
13,1,458,421,16,14,1,1,1
14,1,456,421,15,13,1,1,1
15,1,453,420,15,13,1,1,1
16,1,451,419,16,14,1,1,1
17,1,449,418,15,14,1,1,1
18,1,446,418,15,13,1,1,1
19,1,444,417,16,14,1,1,1
20,1,442,416,15,13,1,1,1
21,1,439,415,15,13,1,1,1
22,1,436,414,16,14,1,1,1
23,1,433,414,16,14,1,1,1
24,1,430,413,16,14,1,1,1
25,1,428,413,16,14,1,1,1
26,1,425,412,16,14,1,1,1
27,1,423,412,16,14,1,1,1
28,1,420,412,16,14,1,1,1
29,1,418,411,16,14,1,1,1
30,1,415,410,16,14,1,1,1
31,1,413,410,15,13,1,1,1
32,1,411,409,15,13,1,1,1
33,1,408,408,22,19,1,1,1
34,1,406,407,22,19,1,1,1
35,1,404,406,22,19,1,1,1
36,1,402,405,20,15,1,1,1
37,1,401,404,20,15,1,1,1
38,1,399,403,20,15,1,1,1
39,1,397,401,20,15,1,1,1
40,1,396,400,20,15,1,1,1
41,1,394,399,20,15,1,1,1
42,1,393,397,21,15,1,1,1
43,1,392,396,20,15,1,1,1
44,1,390,394,20,15,1,1,1
45,1,389,393,20,15,1,1,1
46,1,388,391,20,15,1,1,1
47,1,386,390,20,15,1,1,1
48,1,384,389,21,15,1,1,1
49,1,382,388,21,15,1,1,1
50,1,381,386,20,15,1,1,1
51,1,379,386,20,15,1,1,1
52,1,377,385,20,15,1,1,1
53,1,375,384,20,15,1,1,1
54,1,373,383,20,15,1,1,1
55,1,371,382,20,15,1,1,1
56,1,368,381,20,15,1,1,1
57,1,365,380,20,15,1,1,1
58,1,362,378,20,15,1,1,1
59,1,360,378,20,15,1,1,1
60,1,357,378,20,15,1,1,1
61,1,355,379,20,15,1,1,1
62,1,352,379,20,15,1,1,1
63,1,349,379,20,15,1,1,1
64,1,345,380,21,15,1,1,1
65,1,342,381,20,15,1,1,1
66,1,339,382,20,15,1,1,1
67,1,336,382,20,15,1,1,1
68,1,333,384,19,14,1,1,1
69,1,330,385,19,15,1,1,1
70,1,328,387,20,15,1,1,1
71,1,324,387,20,15,1,1,1
72,1,322,386,20,15,1,1,1
73,1,319,385,20,15,1,1,1
74,1,316,385,20,15,1,1,1
75,1,314,385,20,15,1,1,1
76,1,312,385,20,15,1,1,1
77,1,310,385,20,15,1,1,1
78,1,308,385,20,15,1,1,1
79,1,307,385,20,15,1,1,1
80,1,307,385,20,15,1,1,1
81,1,307,384,21,15,1,1,1
82,1,306,384,20,15,1,1,1
83,1,306,384,20,15,1,1,1
84,1,307,384,20,15,1,1,1
85,1,307,384,20,15,1,1,1
86,1,308,384,21,15,1,1,1
87,1,308,383,20,15,1,1,1
88,1,309,382,21,16,1,1,1
89,1,310,381,21,15,1,1,1
90,1,311,380,21,15,1,1,1
91,1,312,378,21,16,1,1,1
92,1,312,377,21,16,1,1,1
93,1,313,376,21,16,1,1,1
94,1,314,374,21,15,1,1,1
95,1,315,373,20,15,1,1,1
96,1,316,372,20,15,1,1,1
97,1,316,370,20,15,1,1,1
98,1,318,369,20,15,1,1,1
99,1,318,368,20,15,1,1,1
100,1,318,366,20,15,1,1,1
101,1,318,364,20,15,1,1,1
102,1,319,363,20,15,1,1,1
103,1,319,362,20,15,1,1,1
104,1,319,360,20,15,1,1,1
105,1,319,359,20,15,1,1,1
106,1,320,357,20,15,1,1,1
107,1,319,356,20,15,1,1,1
108,1,319,354,20,15,1,1,1
109,1,319,353,20,15,1,1,1
110,1,320,351,20,15,1,1,1
111,1,319,350,20,15,1,1,1
112,1,319,349,20,15,1,1,1
113,1,318,348,20,15,1,1,1
114,1,318,347,20,15,1,1,1
115,1,318,346,20,15,1,1,1
116,1,317,345,20,15,1,1,1
117,1,317,344,20,15,1,1,1
118,1,317,343,20,15,1,1,1
119,1,316,342,20,15,1,1,1
120,1,315,341,19,14,1,1,1
121,1,315,340,19,14,1,1,1
122,1,314,339,20,15,1,1,1
123,1,313,338,19,15,1,1,1
124,1,312,338,20,15,1,1,1
125,1,312,337,20,15,1,1,1
126,1,311,336,19,15,1,1,1
127,1,311,335,19,15,1,1,1
128,1,310,334,19,14,1,1,1
129,1,309,334,20,15,1,1,1
130,1,309,333,19,15,1,1,1
131,1,308,333,20,15,1,1,1
132,1,308,332,19,15,1,1,1
133,1,307,331,19,15,1,1,1
134,1,307,331,20,15,1,1,1
135,1,306,330,20,15,1,1,1
136,1,306,329,19,15,1,1,1
137,1,306,328,20,15,1,1,1
138,1,306,328,20,15,1,1,1
139,1,305,326,20,15,1,1,1
140,1,305,325,20,15,1,1,1
141,1,305,325,20,15,1,1,1
142,1,305,323,20,15,1,1,1
143,1,304,323,20,15,1,1,1
144,1,304,322,20,15,1,1,1
145,1,304,321,19,15,1,1,1
146,1,304,321,19,15,1,1,1
147,1,303,320,20,15,1,1,1
148,1,303,319,20,15,1,1,1
149,1,302,318,20,15,1,1,1
150,1,302,317,20,15,1,1,1
151,1,301,316,20,15,1,1,1
152,1,300,316,20,15,1,1,1
153,1,299,315,20,15,1,1,1
154,1,299,314,20,15,1,1,1
155,1,298,313,20,15,1,1,1
156,1,297,313,20,15,1,1,1
157,1,296,312,20,15,1,1,1
158,1,295,311,20,15,1,1,1
159,1,294,311,20,15,1,1,1
160,1,294,311,20,15,1,1,1
161,1,293,310,20,15,1,1,1
162,1,292,309,20,15,1,1,1
163,1,292,309,20,15,1,1,1
164,1,291,308,20,15,1,1,1
165,1,290,307,20,15,1,1,1
166,1,290,307,20,15,1,1,1
167,1,289,306,20,15,1,1,1
168,1,289,305,20,15,1,1,1
169,1,288,304,20,15,1,1,1
170,1,288,304,20,15,1,1,1
171,1,287,303,20,15,1,1,1
172,1,287,302,20,15,1,1,1
173,1,287,301,20,15,1,1,1
174,1,286,301,20,15,1,1,1
175,1,286,300,20,15,1,1,1
176,1,286,299,20,15,1,1,1
177,1,285,298,20,15,1,1,1
178,1,285,297,20,15,1,1,1
179,1,284,297,20,15,1,1,1
180,1,282,293,22,18,1,1,1
181,1,282,292,22,18,1,1,1
182,1,281,291,22,18,1,1,1
183,1,281,291,22,18,1,1,1
184,1,281,290,22,18,1,1,1
185,1,280,289,22,18,1,1,1
186,1,280,288,22,18,1,1,1
187,1,280,288,22,18,1,1,1
188,1,279,287,22,18,1,1,1
189,1,279,286,23,19,1,1,1
190,1,278,285,23,18,1,1,1
191,1,278,285,23,19,1,1,1
192,1,278,284,23,19,1,1,1
193,1,277,283,23,19,1,1,1
194,1,277,282,22,18,1,1,1
195,1,277,282,22,18,1,1,1
196,1,276,281,22,18,1,1,1
197,1,276,280,23,19,1,1,1
198,1,276,280,22,18,1,1,1
199,1,275,279,23,19,1,1,1
200,1,275,278,23,18,1,1,1
201,1,274,277,23,19,1,1,1
202,1,273,277,21,18,1,1,1
203,1,273,276,21,18,1,1,1
204,1,272,275,21,18,1,1,1
205,1,271,275,21,18,1,1,1
206,1,271,274,21,18,1,1,1
207,1,270,273,21,18,1,1,1
208,1,269,272,21,18,1,1,1
209,1,269,271,21,18,1,1,1
210,1,268,270,21,18,1,1,1
211,1,267,270,21,18,1,1,1
212,1,266,269,21,18,1,1,1
213,1,266,268,21,18,1,1,1
214,1,265,267,21,18,1,1,1
215,1,264,266,21,18,1,1,1
216,1,263,265,21,18,1,1,1
217,1,262,264,21,18,1,1,1
218,1,261,263,21,18,1,1,1
219,1,260,262,20,18,1,1,1
220,1,259,261,20,17,1,1,1
221,1,258,260,20,17,1,1,1
222,1,257,259,20,17,1,1,1
223,1,256,258,20,17,1,1,1
224,1,254,257,20,17,1,1,1
225,1,253,256,20,17,1,1,1
226,1,252,254,21,18,1,1,1
227,1,251,253,20,17,1,1,1
228,1,250,252,20,17,1,1,1
229,1,249,251,20,17,1,1,1
230,1,248,250,20,17,1,1,1
231,1,247,250,20,17,1,1,1
232,1,247,249,20,17,1,1,1
233,1,247,249,20,17,1,1,1
234,1,246,249,20,17,1,1,1
235,1,246,248,20,17,1,1,1
236,1,246,247,20,17,1,1,1
237,1,246,246,20,17,1,1,1
238,1,246,245,19,17,1,1,1
239,1,246,244,19,17,1,1,1
240,1,246,244,19,17,1,1,1
241,1,246,244,19,17,1,1,1
242,1,246,243,19,17,1,1,1
243,1,246,243,19,17,1,1,1
244,1,247,244,19,17,1,1,1
245,1,247,244,19,17,1,1,1
246,1,247,244,19,17,1,1,1
247,1,247,244,20,17,1,1,1
248,1,248,245,20,17,1,1,1
249,1,248,246,20,17,1,1,1
250,1,248,246,20,17,1,1,1
251,1,250,247,19,17,1,1,1
252,1,250,247,20,17,1,1,1
253,1,251,248,19,16,1,1,1
254,1,251,249,19,16,1,1,1
255,1,252,250,19,16,1,1,1
256,1,253,251,19,16,1,1,1
257,1,254,251,19,16,1,1,1
258,1,254,252,19,16,1,1,1
259,1,255,254,19,16,1,1,1
260,1,256,255,19,16,1,1,1
261,1,256,256,18,16,1,1,1
262,1,257,257,19,16,1,1,1
263,1,257,258,18,15,1,1,1
264,1,256,259,18,16,1,1,1
265,1,255,260,18,16,1,1,1
266,1,254,261,18,16,1,1,1
267,1,253,262,18,16,1,1,1
268,1,252,262,18,16,1,1,1
269,1,250,263,18,16,1,1,1
270,1,248,263,18,16,1,1,1
271,1,246,264,18,16,1,1,1
272,1,244,265,19,16,1,1,1
273,1,242,265,19,16,1,1,1
274,1,240,266,18,16,1,1,1
275,1,237,266,19,16,1,1,1
276,1,235,267,19,16,1,1,1
277,1,233,267,19,16,1,1,1
278,1,231,268,19,16,1,1,1
279,1,229,268,19,16,1,1,1
280,1,226,268,19,16,1,1,1
281,1,224,267,19,16,1,1,1
282,1,222,267,18,16,1,1,1
283,1,220,265,18,16,1,1,1
284,1,219,263,18,15,1,1,1
285,1,216,260,18,16,1,1,1
286,1,214,258,18,15,1,1,1
287,1,212,254,17,15,1,1,1
288,1,210,249,17,15,1,1,1
289,1,209,245,17,15,1,1,1
290,1,207,240,18,15,1,1,1
291,1,205,235,17,14,1,1,1
292,1,203,230,17,14,1,1,1
293,1,201,224,17,15,1,1,1
294,1,200,218,16,14,1,1,1
295,1,197,212,17,15,1,1,1
296,1,196,206,17,14,1,1,1
297,1,195,201,15,13,1,1,1
298,1,193,194,16,13,1,1,1
299,1,191,189,16,14,1,1,1
300,1,189,183,16,14,1,1,1
1,2,756,472,14,12,1,1,1
2,2,754,473,14,12,1,1,1
3,2,753,474,14,12,1,1,1
4,2,751,476,13,11,1,1,1
5,2,748,476,14,12,1,1,1
6,2,746,478,14,12,1,1,1
7,2,744,479,14,12,1,1,1
8,2,742,480,14,12,1,1,1
9,2,740,481,14,12,1,1,1
10,2,737,481,14,12,1,1,1
11,2,735,483,14,12,1,1,1
12,2,733,483,14,12,1,1,1
13,2,731,484,14,12,1,1,1
14,2,729,485,14,12,1,1,1
15,2,727,485,14,12,1,1,1
16,2,724,485,14,12,1,1,1
17,2,722,486,14,12,1,1,1
18,2,720,485,14,12,1,1,1
19,2,717,486,14,12,1,1,1
20,2,715,486,14,12,1,1,1
21,2,713,486,14,12,1,1,1
22,2,711,486,14,12,1,1,1
23,2,708,486,14,12,1,1,1
24,2,706,487,13,11,1,1,1
25,2,703,488,13,11,1,1,1
26,2,701,488,14,12,1,1,1
27,2,698,489,14,12,1,1,1
28,2,696,489,14,12,1,1,1
29,2,695,490,14,12,1,1,1
30,2,692,490,14,12,1,1,1
31,2,691,490,13,11,1,1,1
32,2,689,491,14,12,1,1,1
33,2,687,491,17,14,1,1,1
34,2,685,491,17,14,1,1,1
35,2,684,492,16,14,1,1,1
36,2,683,492,16,13,1,1,1
37,2,682,491,17,14,1,1,1
38,2,681,491,17,14,1,1,1
39,2,681,490,16,14,1,1,1
40,2,680,490,17,14,1,1,1
41,2,679,489,17,14,1,1,1
42,2,678,489,17,14,1,1,1
43,2,678,488,16,13,1,1,1
44,2,678,488,16,13,1,1,1
45,2,678,487,17,14,1,1,1
46,2,677,486,17,14,1,1,1
47,2,677,486,17,14,1,1,1
48,2,675,485,17,14,1,1,1
49,2,675,484,18,15,1,1,1
50,2,674,484,18,15,1,1,1
51,2,674,484,18,15,1,1,1
52,2,672,484,18,15,1,1,1
53,2,672,484,18,15,1,1,1
54,2,671,484,18,15,1,1,1
55,2,670,484,18,15,1,1,1
56,2,668,485,17,14,1,1,1
57,2,667,485,17,14,1,1,1
58,2,665,485,17,14,1,1,1
59,2,663,486,17,14,1,1,1
60,2,662,487,16,13,1,1,1
61,2,661,489,16,13,1,1,1
62,2,659,490,17,14,1,1,1
63,2,657,491,17,14,1,1,1
64,2,656,493,17,14,1,1,1
65,2,654,495,17,14,1,1,1
66,2,652,497,16,14,1,1,1
67,2,651,498,16,14,1,1,1
68,2,649,500,16,13,1,1,1
69,2,648,502,16,13,1,1,1
70,2,647,504,16,13,1,1,1
71,2,645,505,16,13,1,1,1
72,2,644,505,16,13,1,1,1
73,2,642,505,16,13,1,1,1
74,2,641,506,16,13,1,1,1
75,2,640,507,15,12,1,1,1
76,2,639,507,16,13,1,1,1
77,2,637,505,18,15,1,1,1
78,2,637,505,18,15,1,1,1
79,2,637,505,18,15,1,1,1
80,2,638,506,17,14,1,1,1
81,2,638,506,18,15,1,1,1
82,2,640,506,18,15,1,1,1
83,2,640,507,17,14,1,1,1
84,2,641,507,18,15,1,1,1
85,2,643,508,18,15,1,1,1
86,2,644,508,17,15,1,1,1
87,2,645,508,18,15,1,1,1
88,2,647,507,18,15,1,1,1
89,2,648,507,18,15,1,1,1
90,2,650,507,17,15,1,1,1
91,2,651,506,18,15,1,1,1
92,2,653,505,18,15,1,1,1
93,2,654,504,17,14,1,1,1
94,2,656,503,18,15,1,1,1
95,2,657,501,18,15,1,1,1
96,2,658,500,18,15,1,1,1
97,2,659,499,18,15,1,1,1
98,2,660,498,18,15,1,1,1
99,2,661,497,18,15,1,1,1
100,2,661,495,19,15,1,1,1
101,2,662,495,18,15,1,1,1
102,2,662,493,18,15,1,1,1
103,2,663,493,18,15,1,1,1
104,2,663,492,18,15,1,1,1
105,2,663,491,18,15,1,1,1
106,2,663,490,18,15,1,1,1
107,2,663,489,18,15,1,1,1
108,2,663,489,18,15,1,1,1
109,2,663,488,18,15,1,1,1
110,2,663,487,17,14,1,1,1
111,2,662,487,17,15,1,1,1
112,2,661,486,18,15,1,1,1
113,2,661,486,18,15,1,1,1
114,2,660,485,18,15,1,1,1
115,2,659,485,18,15,1,1,1
116,2,658,484,18,15,1,1,1
117,2,657,484,18,15,1,1,1
118,2,656,484,18,15,1,1,1
119,2,655,484,18,15,1,1,1
120,2,653,484,18,15,1,1,1
121,2,652,484,18,15,1,1,1
122,2,651,483,18,15,1,1,1
123,2,650,483,17,15,1,1,1
124,2,648,483,18,15,1,1,1
125,2,647,482,18,15,1,1,1
126,2,646,483,18,15,1,1,1
127,2,644,482,18,15,1,1,1
128,2,642,482,18,15,1,1,1
129,2,641,482,18,15,1,1,1
130,2,639,482,18,15,1,1,1
131,2,638,482,18,15,1,1,1
132,2,636,483,18,15,1,1,1
133,2,635,482,18,15,1,1,1
134,2,634,482,18,15,1,1,1
135,2,632,482,18,15,1,1,1
136,2,631,482,18,15,1,1,1
137,2,629,482,18,15,1,1,1
138,2,628,482,17,14,1,1,1
139,2,626,482,18,15,1,1,1
140,2,625,482,18,15,1,1,1
141,2,623,481,18,15,1,1,1
142,2,622,481,18,15,1,1,1
143,2,621,481,18,15,1,1,1
144,2,619,481,18,15,1,1,1
145,2,617,482,18,15,1,1,1
146,2,615,481,18,15,1,1,1
147,2,614,481,18,15,1,1,1
148,2,611,481,18,15,1,1,1
149,2,609,481,18,15,1,1,1
150,2,607,481,18,15,1,1,1
151,2,605,481,18,15,1,1,1
152,2,603,481,18,15,1,1,1
153,2,601,481,18,15,1,1,1
154,2,598,481,18,15,1,1,1
155,2,596,482,18,15,1,1,1
156,2,594,482,18,15,1,1,1
157,2,591,482,18,15,1,1,1
158,2,589,482,18,15,1,1,1
159,2,586,483,18,15,1,1,1
160,2,585,483,18,15,1,1,1
161,2,582,484,18,15,1,1,1
162,2,577,484,22,18,1,1,1
163,2,575,484,22,18,1,1,1
164,2,573,485,22,18,1,1,1
165,2,570,485,23,19,1,1,1
166,2,568,485,22,18,1,1,1
167,2,566,485,22,18,1,1,1
168,2,565,486,22,18,1,1,1
169,2,563,486,22,18,1,1,1
170,2,561,486,22,18,1,1,1
171,2,559,486,22,18,1,1,1
172,2,558,486,21,17,1,1,1
173,2,556,487,21,17,1,1,1
174,2,554,487,21,17,1,1,1
175,2,553,487,22,18,1,1,1
176,2,550,487,22,18,1,1,1
177,2,549,487,22,18,1,1,1
178,2,547,488,22,18,1,1,1
179,2,545,488,22,18,1,1,1
180,2,544,488,21,17,1,1,1
181,2,543,488,21,17,1,1,1
182,2,541,488,21,17,1,1,1
183,2,540,488,21,17,1,1,1
184,2,538,488,21,17,1,1,1
185,2,537,488,21,17,1,1,1
186,2,535,488,21,17,1,1,1
187,2,534,488,20,17,1,1,1
188,2,533,488,20,17,1,1,1
189,2,532,488,20,17,1,1,1
190,2,530,488,20,17,1,1,1
191,2,529,488,21,17,1,1,1
192,2,528,488,20,17,1,1,1
193,2,527,488,20,17,1,1,1
194,2,526,488,20,17,1,1,1
195,2,525,488,20,17,1,1,1
196,2,523,488,20,16,1,1,1
197,2,523,488,20,16,1,1,1
198,2,522,488,20,16,1,1,1
199,2,521,488,20,17,1,1,1
200,2,520,488,20,16,1,1,1
201,2,519,488,20,16,1,1,1
202,2,519,488,19,15,1,1,1
203,2,518,488,19,15,1,1,1
204,2,517,488,19,15,1,1,1
205,2,515,487,19,15,1,1,1
206,2,515,487,19,16,1,1,1
207,2,514,487,18,15,1,1,1
208,2,513,487,19,15,1,1,1
209,2,512,486,19,16,1,1,1
210,2,512,486,19,16,1,1,1
211,2,510,485,19,16,1,1,1
212,2,509,485,19,15,1,1,1
213,2,508,484,18,15,1,1,1
214,2,507,484,18,15,1,1,1
215,2,507,483,18,15,1,1,1
216,2,505,482,18,15,1,1,1
217,2,504,481,18,15,1,1,1
218,2,503,481,17,14,1,1,1
219,2,498,478,21,17,1,1,1
220,2,497,477,21,17,1,1,1
221,2,495,476,21,17,1,1,1
222,2,495,476,21,17,1,1,1
223,2,494,475,21,17,1,1,1
224,2,492,474,21,17,1,1,1
225,2,491,472,21,17,1,1,1
226,2,490,472,21,17,1,1,1
227,2,489,471,21,17,1,1,1
228,2,488,469,22,17,1,1,1
229,2,488,468,22,18,1,1,1
230,2,487,467,22,18,1,1,1
231,2,486,467,21,17,1,1,1
232,2,487,466,21,17,1,1,1
233,2,487,466,22,18,1,1,1
234,2,487,465,22,17,1,1,1
235,2,487,464,22,18,1,1,1
236,2,487,462,21,17,1,1,1
237,2,487,461,21,17,1,1,1
238,2,487,460,21,17,1,1,1
239,2,487,459,22,18,1,1,1
240,2,488,458,21,17,1,1,1
241,2,489,458,21,17,1,1,1
242,2,490,456,21,17,1,1,1
243,2,490,456,21,17,1,1,1
244,2,491,456,21,17,1,1,1
245,2,492,456,22,17,1,1,1
246,2,493,455,21,17,1,1,1
247,2,494,455,21,17,1,1,1
248,2,495,455,21,17,1,1,1
249,2,496,455,21,17,1,1,1
250,2,497,455,21,17,1,1,1
251,2,499,455,21,17,1,1,1
252,2,500,455,21,17,1,1,1
253,2,502,455,21,17,1,1,1
254,2,503,455,21,17,1,1,1
255,2,504,455,21,17,1,1,1
256,2,506,455,21,17,1,1,1
257,2,507,456,21,17,1,1,1
258,2,509,456,21,17,1,1,1
259,2,510,456,22,18,1,1,1
260,2,511,457,22,18,1,1,1
261,2,512,457,21,17,1,1,1
262,2,514,457,22,18,1,1,1
263,2,514,458,22,18,1,1,1
264,2,514,459,22,18,1,1,1
265,2,514,459,22,18,1,1,1
266,2,514,459,22,18,1,1,1
267,2,514,460,22,18,1,1,1
268,2,514,460,22,18,1,1,1
269,2,513,460,22,17,1,1,1
270,2,513,461,21,17,1,1,1
271,2,511,462,21,17,1,1,1
272,2,510,463,21,17,1,1,1
273,2,509,463,21,17,1,1,1
274,2,508,465,21,17,1,1,1
275,2,506,466,21,17,1,1,1
276,2,506,467,20,16,1,1,1
277,2,503,468,20,17,1,1,1
278,2,501,469,20,16,1,1,1
279,2,499,469,20,16,1,1,1
280,2,498,469,20,16,1,1,1
281,2,496,469,20,16,1,1,1
282,2,494,469,20,16,1,1,1
283,2,493,468,19,16,1,1,1
284,2,493,467,18,14,1,1,1
285,2,491,465,18,15,1,1,1
286,2,490,463,18,15,1,1,1
287,2,488,459,18,15,1,1,1
288,2,487,456,18,15,1,1,1
289,2,485,451,18,14,1,1,1
290,2,484,447,18,14,1,1,1
291,2,483,442,17,14,1,1,1
292,2,481,437,18,14,1,1,1
293,2,480,432,17,14,1,1,1
294,2,479,427,17,14,1,1,1
295,2,478,421,17,14,1,1,1
296,2,478,416,16,13,1,1,1
297,2,477,410,17,13,1,1,1
298,2,476,404,16,13,1,1,1
299,2,475,398,17,14,1,1,1
300,2,474,392,19,15,1,1,1
1,3,819,508,18,15,1,1,1
2,3,819,508,18,15,1,1,1
3,3,818,508,18,15,1,1,1
4,3,818,509,18,15,1,1,1
5,3,817,509,18,15,1,1,1
6,3,817,509,18,15,1,1,1
7,3,816,510,18,15,1,1,1
8,3,816,510,18,15,1,1,1
9,3,815,510,18,15,1,1,1
10,3,814,511,18,15,1,1,1
11,3,813,511,18,15,1,1,1
12,3,813,511,18,15,1,1,1
13,3,812,511,18,15,1,1,1
14,3,811,511,18,15,1,1,1
15,3,810,511,18,15,1,1,1
16,3,809,510,18,15,1,1,1
17,3,809,510,18,15,1,1,1
18,3,807,510,18,15,1,1,1
19,3,806,509,18,15,1,1,1
20,3,805,509,18,15,1,1,1
21,3,804,509,18,15,1,1,1
22,3,802,509,18,15,1,1,1
23,3,801,509,18,15,1,1,1
24,3,800,509,18,15,1,1,1
25,3,799,509,18,15,1,1,1
26,3,798,510,18,15,1,1,1
27,3,796,510,18,15,1,1,1
28,3,795,510,18,15,1,1,1
29,3,794,510,18,15,1,1,1
30,3,794,510,18,15,1,1,1
31,3,793,510,18,15,1,1,1
32,3,791,510,18,15,1,1,1
33,3,790,509,18,15,1,1,1
34,3,789,509,18,15,1,1,1
35,3,789,509,18,15,1,1,1
36,3,788,508,18,15,1,1,1
37,3,788,507,18,15,1,1,1
38,3,787,506,18,15,1,1,1
39,3,787,505,18,15,1,1,1
40,3,787,504,19,16,1,1,1
41,3,787,503,19,16,1,1,1
42,3,786,502,19,16,1,1,1
43,3,786,500,19,16,1,1,1
44,3,786,499,19,16,1,1,1
45,3,786,497,20,16,1,1,1
46,3,786,496,20,16,1,1,1
47,3,785,495,20,16,1,1,1
48,3,785,494,20,16,1,1,1
49,3,784,492,20,17,1,1,1
50,3,784,491,20,17,1,1,1
51,3,783,491,20,17,1,1,1
52,3,782,490,20,17,1,1,1
53,3,781,490,20,17,1,1,1
54,3,780,489,20,16,1,1,1
55,3,778,489,20,17,1,1,1
56,3,776,488,20,17,1,1,1
57,3,774,488,20,17,1,1,1
58,3,772,488,20,17,1,1,1
59,3,770,488,20,17,1,1,1
60,3,768,489,21,17,1,1,1
61,3,766,490,20,17,1,1,1
62,3,765,490,20,17,1,1,1
63,3,763,492,19,16,1,1,1
64,3,761,493,19,16,1,1,1
65,3,758,495,19,16,1,1,1
66,3,756,496,19,16,1,1,1
67,3,754,497,20,16,1,1,1
68,3,753,499,19,16,1,1,1
69,3,751,501,18,15,1,1,1
70,3,749,502,18,15,1,1,1
71,3,747,503,18,15,1,1,1
72,3,744,503,18,15,1,1,1
73,3,742,503,18,15,1,1,1
74,3,739,504,18,15,1,1,1
75,3,738,504,18,15,1,1,1
76,3,736,504,18,15,1,1,1
77,3,735,504,20,17,1,1,1
78,3,734,504,20,17,1,1,1
79,3,734,504,20,17,1,1,1
80,3,733,504,20,17,1,1,1
81,3,733,504,20,17,1,1,1
82,3,733,504,20,17,1,1,1
83,3,733,504,20,17,1,1,1
84,3,734,505,20,17,1,1,1
85,3,734,506,19,17,1,1,1
86,3,734,506,20,17,1,1,1
87,3,734,506,20,17,1,1,1
88,3,735,506,20,17,1,1,1
89,3,736,505,20,17,1,1,1
90,3,736,505,20,17,1,1,1
91,3,737,504,20,17,1,1,1
92,3,737,503,20,17,1,1,1
93,3,738,502,20,17,1,1,1
94,3,738,501,20,17,1,1,1
95,3,738,500,20,17,1,1,1
96,3,739,499,20,17,1,1,1
97,3,739,498,20,17,1,1,1
98,3,739,497,20,17,1,1,1
99,3,739,496,20,17,1,1,1
100,3,739,496,20,17,1,1,1
101,3,738,495,20,17,1,1,1
102,3,738,494,20,17,1,1,1
103,3,737,493,20,17,1,1,1
104,3,737,492,21,18,1,1,1
105,3,736,492,21,18,1,1,1
106,3,736,491,21,18,1,1,1
107,3,735,491,21,18,1,1,1
108,3,734,490,21,18,1,1,1
109,3,733,490,21,18,1,1,1
110,3,732,489,20,17,1,1,1
111,3,731,489,20,18,1,1,1
112,3,729,489,21,18,1,1,1
113,3,728,489,21,18,1,1,1
114,3,727,488,21,18,1,1,1
115,3,724,488,21,18,1,1,1
116,3,723,488,21,18,1,1,1
117,3,721,488,21,18,1,1,1
118,3,720,488,21,18,1,1,1
119,3,718,488,21,18,1,1,1
120,3,716,488,21,18,1,1,1
121,3,714,488,21,18,1,1,1
122,3,712,488,21,18,1,1,1
123,3,710,487,21,18,1,1,1
124,3,709,487,21,18,1,1,1
125,3,707,487,20,18,1,1,1
126,3,705,487,20,18,1,1,1
127,3,703,487,20,17,1,1,1
128,3,701,488,20,17,1,1,1
129,3,700,488,20,17,1,1,1
130,3,697,488,20,17,1,1,1
131,3,697,488,20,17,1,1,1
132,3,694,488,20,17,1,1,1
133,3,693,488,20,17,1,1,1
134,3,691,487,19,17,1,1,1
135,3,690,487,20,17,1,1,1
136,3,688,487,20,17,1,1,1
137,3,687,486,20,17,1,1,1
138,3,685,486,19,17,1,1,1
139,3,684,486,19,17,1,1,1
140,3,683,485,19,16,1,1,1
141,3,682,485,19,16,1,1,1
142,3,681,484,20,17,1,1,1
143,3,680,483,20,17,1,1,1
144,3,678,483,20,17,1,1,1
145,3,676,482,20,18,1,1,1
146,3,675,482,20,17,1,1,1
147,3,673,482,20,17,1,1,1
148,3,672,481,20,17,1,1,1
149,3,670,481,20,17,1,1,1
150,3,669,480,20,17,1,1,1
151,3,667,479,20,17,1,1,1
152,3,665,479,20,17,1,1,1
153,3,663,478,19,16,1,1,1
154,3,661,478,19,17,1,1,1
155,3,659,477,20,17,1,1,1
156,3,657,477,20,17,1,1,1
157,3,655,476,20,17,1,1,1
158,3,653,476,20,17,1,1,1
159,3,651,475,20,17,1,1,1
160,3,650,475,20,17,1,1,1
161,3,648,474,20,17,1,1,1
162,3,642,473,23,19,1,1,1
163,3,640,472,23,19,1,1,1
164,3,639,472,23,19,1,1,1
165,3,638,471,23,19,1,1,1
166,3,637,471,23,19,1,1,1
167,3,635,470,23,19,1,1,1
168,3,634,469,24,20,1,1,1
169,3,633,469,23,19,1,1,1
170,3,632,468,23,19,1,1,1
171,3,631,467,23,19,1,1,1
172,3,631,466,24,20,1,1,1
173,3,630,465,24,19,1,1,1
174,3,629,464,24,20,1,1,1
175,3,628,463,24,20,1,1,1
176,3,627,462,24,19,1,1,1
177,3,627,462,24,20,1,1,1
178,3,626,461,24,20,1,1,1
179,3,626,460,24,20,1,1,1
180,3,625,459,24,20,1,1,1
181,3,625,458,24,20,1,1,1
182,3,625,457,24,20,1,1,1
183,3,624,456,24,20,1,1,1
184,3,624,456,24,20,1,1,1
185,3,624,455,24,20,1,1,1
186,3,624,454,24,20,1,1,1
187,3,624,453,24,20,1,1,1
188,3,625,452,24,20,1,1,1
189,3,625,451,23,19,1,1,1
190,3,625,450,24,19,1,1,1
191,3,625,449,24,19,1,1,1
192,3,625,448,24,20,1,1,1
193,3,625,447,24,20,1,1,1
194,3,626,447,24,20,1,1,1
195,3,626,445,24,20,1,1,1
196,3,626,445,24,20,1,1,1
197,3,627,444,24,20,1,1,1
198,3,627,443,24,20,1,1,1
199,3,628,442,23,19,1,1,1
200,3,628,441,24,20,1,1,1
201,3,628,440,24,20,1,1,1
202,3,629,439,24,20,1,1,1
203,3,629,438,24,19,1,1,1
204,3,630,437,23,19,1,1,1
205,3,631,436,23,19,1,1,1
206,3,631,436,23,19,1,1,1
207,3,632,435,23,19,1,1,1
208,3,632,433,23,19,1,1,1
209,3,633,432,23,19,1,1,1
210,3,633,431,23,19,1,1,1
211,3,634,430,23,19,1,1,1
212,3,634,429,23,19,1,1,1
213,3,635,428,23,19,1,1,1
214,3,635,427,23,19,1,1,1
215,3,636,426,23,19,1,1,1
216,3,636,425,23,19,1,1,1
217,3,636,423,23,19,1,1,1
218,3,637,422,23,19,1,1,1
219,3,638,421,22,18,1,1,1
220,3,638,420,22,19,1,1,1
221,3,638,420,23,19,1,1,1
222,3,638,418,24,19,1,1,1
223,3,638,417,24,20,1,1,1
224,3,638,415,25,21,1,1,1
225,3,639,415,24,20,1,1,1
226,3,639,413,24,20,1,1,1
227,3,640,411,24,20,1,1,1
228,3,641,410,24,20,1,1,1
229,3,641,409,24,20,1,1,1
230,3,642,408,24,20,1,1,1
231,3,642,407,26,21,1,1,1
232,3,648,404,21,18,1,1,1
233,3,649,403,21,18,1,1,1
234,3,651,402,21,18,1,1,1
235,3,653,401,21,18,1,1,1
236,3,654,399,21,18,1,1,1
237,3,655,397,21,18,1,1,1
238,3,657,396,21,18,1,1,1
239,3,659,395,21,18,1,1,1
240,3,661,394,21,18,1,1,1
241,3,663,394,21,18,1,1,1
242,3,665,393,20,17,1,1,1
243,3,667,392,20,17,1,1,1
244,3,669,391,21,18,1,1,1
245,3,671,390,21,18,1,1,1
246,3,673,389,21,18,1,1,1
247,3,675,389,21,18,1,1,1
248,3,677,388,21,18,1,1,1
249,3,679,387,21,18,1,1,1
250,3,681,388,21,18,1,1,1
251,3,684,387,21,18,1,1,1
252,3,685,387,21,18,1,1,1
253,3,688,386,21,18,1,1,1
254,3,690,386,21,18,1,1,1
255,3,692,386,21,18,1,1,1
256,3,694,386,22,18,1,1,1
257,3,697,386,21,18,1,1,1
258,3,700,387,21,18,1,1,1
259,3,702,387,21,18,1,1,1
260,3,704,387,21,18,1,1,1
261,3,706,388,21,18,1,1,1
262,3,709,388,21,18,1,1,1
263,3,710,389,21,18,1,1,1
264,3,710,389,20,17,1,1,1
265,3,712,390,20,18,1,1,1
266,3,713,391,21,18,1,1,1
267,3,713,392,21,18,1,1,1
268,3,713,393,21,18,1,1,1
269,3,713,393,21,18,1,1,1
270,3,713,394,21,18,1,1,1
271,3,713,395,20,17,1,1,1
272,3,712,396,21,18,1,1,1
273,3,711,398,21,18,1,1,1
274,3,711,400,20,17,1,1,1
275,3,709,401,20,17,1,1,1
276,3,708,403,20,17,1,1,1
277,3,708,404,21,18,1,1,1
278,3,707,407,20,17,1,1,1
279,3,706,408,20,17,1,1,1
280,3,705,408,20,17,1,1,1
281,3,704,409,20,17,1,1,1
282,3,703,410,20,17,1,1,1
283,3,703,409,19,17,1,1,1
284,3,703,408,18,16,1,1,1
285,3,702,407,19,16,1,1,1
286,3,701,405,19,16,1,1,1
287,3,700,403,19,16,1,1,1
288,3,700,400,18,15,1,1,1
289,3,699,396,18,15,1,1,1
290,3,698,392,18,16,1,1,1
291,3,698,389,18,15,1,1,1
292,3,697,385,17,15,1,1,1
293,3,695,379,20,17,1,1,1
294,3,693,373,21,18,1,1,1
295,3,693,369,21,18,1,1,1
296,3,692,364,21,18,1,1,1
297,3,691,359,21,18,1,1,1
298,3,691,354,20,17,1,1,1
299,3,690,349,20,17,1,1,1
300,3,689,345,21,18,1,1,1
1,4,888,315,17,16,1,1,1
2,4,888,315,17,16,1,1,1
3,4,887,317,17,16,1,1,1
4,4,887,318,17,16,1,1,1
5,4,886,319,17,16,1,1,1
6,4,886,320,17,16,1,1,1
7,4,885,321,17,16,1,1,1
8,4,884,322,17,16,1,1,1
9,4,884,323,17,16,1,1,1
10,4,882,324,17,16,1,1,1
11,4,882,325,17,16,1,1,1
12,4,882,325,17,16,1,1,1
13,4,881,326,17,16,1,1,1
14,4,880,327,17,16,1,1,1
15,4,880,328,17,16,1,1,1
16,4,879,328,16,15,1,1,1
17,4,879,328,17,16,1,1,1
18,4,878,329,17,16,1,1,1
19,4,876,329,17,16,1,1,1
20,4,876,329,17,16,1,1,1
21,4,875,330,16,15,1,1,1
22,4,874,330,17,16,1,1,1
23,4,873,331,17,16,1,1,1
24,4,872,332,17,16,1,1,1
25,4,871,333,17,16,1,1,1
26,4,870,334,16,15,1,1,1
27,4,869,334,17,16,1,1,1
28,4,868,336,16,15,1,1,1
29,4,868,336,16,15,1,1,1
30,4,867,337,17,16,1,1,1
31,4,866,337,17,16,1,1,1
32,4,866,338,16,15,1,1,1
33,4,865,338,17,16,1,1,1
34,4,865,338,17,16,1,1,1
35,4,864,338,17,16,1,1,1
36,4,864,338,16,15,1,1,1
37,4,864,338,17,16,1,1,1
38,4,864,337,17,16,1,1,1
39,4,864,337,17,16,1,1,1
40,4,865,336,16,15,1,1,1
41,4,865,335,17,16,1,1,1
42,4,865,334,17,16,1,1,1
43,4,865,333,17,16,1,1,1
44,4,866,333,17,16,1,1,1
45,4,866,332,17,16,1,1,1
46,4,867,331,17,16,1,1,1
47,4,867,330,17,16,1,1,1
48,4,867,329,16,15,1,1,1
49,4,867,328,17,16,1,1,1
50,4,866,327,17,16,1,1,1
51,4,866,327,17,16,1,1,1
52,4,866,327,17,16,1,1,1
53,4,866,326,17,16,1,1,1
54,4,866,326,17,16,1,1,1
55,4,865,326,17,16,1,1,1
56,4,864,326,18,17,1,1,1
57,4,863,326,17,16,1,1,1
58,4,863,326,17,16,1,1,1
59,4,862,327,17,16,1,1,1
60,4,861,328,17,16,1,1,1
61,4,860,329,17,16,1,1,1
62,4,859,329,17,16,1,1,1
63,4,858,330,17,16,1,1,1
64,4,857,332,17,16,1,1,1
65,4,855,333,17,16,1,1,1
66,4,854,334,17,16,1,1,1
67,4,853,335,17,16,1,1,1
68,4,851,336,17,16,1,1,1
69,4,851,337,17,16,1,1,1
70,4,850,338,17,16,1,1,1
71,4,848,339,17,16,1,1,1
72,4,847,339,17,16,1,1,1
73,4,846,339,17,16,1,1,1
74,4,844,339,17,16,1,1,1
75,4,844,339,17,16,1,1,1
76,4,844,338,17,16,1,1,1
77,4,846,340,14,14,1,1,1
78,4,846,340,14,14,1,1,1
79,4,847,339,14,14,1,1,1
80,4,848,338,14,14,1,1,1
81,4,849,338,14,14,1,1,1
82,4,850,337,14,14,1,1,1
83,4,851,337,14,14,1,1,1
84,4,853,337,14,14,1,1,1
85,4,854,337,13,13,1,1,1
86,4,856,337,14,14,1,1,1
87,4,858,336,14,14,1,1,1
88,4,860,335,14,14,1,1,1
89,4,862,333,14,14,1,1,1
90,4,864,332,14,14,1,1,1
91,4,866,331,14,14,1,1,1
92,4,867,329,14,14,1,1,1
93,4,869,327,14,14,1,1,1
94,4,870,325,14,14,1,1,1
95,4,872,324,14,14,1,1,1
96,4,874,321,14,14,1,1,1
97,4,876,319,14,14,1,1,1
98,4,877,318,13,13,1,1,1
99,4,878,316,14,14,1,1,1
100,4,879,314,14,14,1,1,1
101,4,881,312,14,14,1,1,1
102,4,881,311,14,14,1,1,1
103,4,882,309,14,14,1,1,1
104,4,883,308,14,14,1,1,1
105,4,884,306,14,14,1,1,1
106,4,884,305,14,14,1,1,1
107,4,885,303,14,14,1,1,1
108,4,885,302,14,14,1,1,1
109,4,886,300,14,14,1,1,1
110,4,886,299,14,14,1,1,1
111,4,887,298,14,14,1,1,1
112,4,887,297,14,14,1,1,1
113,4,887,296,14,14,1,1,1
114,4,887,295,14,14,1,1,1
115,4,886,294,14,14,1,1,1
116,4,886,292,15,15,1,1,1
117,4,885,292,15,15,1,1,1
118,4,886,291,14,14,1,1,1
119,4,885,290,15,15,1,1,1
120,4,884,290,15,15,1,1,1
121,4,884,289,15,15,1,1,1
122,4,883,288,15,15,1,1,1
123,4,882,287,15,15,1,1,1
124,4,882,287,15,15,1,1,1
125,4,882,286,15,15,1,1,1
126,4,881,285,15,15,1,1,1
127,4,880,284,15,15,1,1,1
128,4,879,284,15,15,1,1,1
129,4,879,283,15,15,1,1,1
130,4,879,283,14,14,1,1,1
131,4,878,282,14,14,1,1,1
132,4,877,281,14,14,1,1,1
133,4,877,281,15,15,1,1,1
134,4,877,280,14,14,1,1,1
135,4,876,280,14,14,1,1,1
136,4,876,279,14,14,1,1,1
137,4,876,278,15,15,1,1,1
138,4,875,277,14,14,1,1,1
139,4,874,277,14,14,1,1,1
140,4,874,276,14,14,1,1,1
141,4,874,275,14,14,1,1,1
142,4,873,274,14,14,1,1,1
143,4,872,273,15,15,1,1,1
144,4,872,273,15,15,1,1,1
145,4,871,272,15,15,1,1,1
146,4,870,272,15,15,1,1,1
147,4,870,271,15,15,1,1,1
148,4,869,270,15,15,1,1,1
149,4,868,270,15,15,1,1,1
150,4,868,269,15,15,1,1,1
151,4,867,269,15,15,1,1,1
152,4,866,268,15,15,1,1,1
153,4,866,268,15,15,1,1,1
154,4,865,267,14,14,1,1,1
155,4,863,266,15,15,1,1,1
156,4,863,266,15,15,1,1,1
157,4,861,265,15,15,1,1,1
158,4,861,265,15,15,1,1,1
159,4,860,265,15,15,1,1,1
160,4,859,265,14,14,1,1,1
161,4,858,264,15,15,1,1,1
162,4,857,264,15,15,1,1,1
163,4,857,264,15,15,1,1,1
164,4,857,263,15,15,1,1,1
165,4,856,263,15,15,1,1,1
166,4,856,263,15,15,1,1,1
167,4,855,262,15,15,1,1,1
168,4,855,262,14,14,1,1,1
169,4,855,261,15,15,1,1,1
170,4,854,260,14,14,1,1,1
171,4,854,260,15,15,1,1,1
172,4,854,259,14,14,1,1,1
173,4,854,259,14,14,1,1,1
174,4,853,258,14,14,1,1,1
175,4,853,258,14,14,1,1,1
176,4,853,257,15,15,1,1,1
177,4,853,257,14,14,1,1,1
178,4,853,256,14,14,1,1,1
179,4,853,256,14,14,1,1,1
180,4,853,256,15,15,1,1,1
181,4,853,255,14,14,1,1,1
182,4,853,254,14,14,1,1,1
183,4,853,254,14,14,1,1,1
184,4,853,253,14,14,1,1,1
185,4,853,253,14,14,1,1,1
186,4,854,252,14,14,1,1,1
187,4,854,251,14,14,1,1,1
188,4,854,251,15,15,1,1,1
189,4,854,250,15,15,1,1,1
190,4,855,249,15,15,1,1,1
191,4,854,248,15,15,1,1,1
192,4,855,248,15,15,1,1,1
193,4,856,247,14,14,1,1,1
194,4,856,247,15,15,1,1,1
195,4,856,246,14,14,1,1,1
196,4,857,245,15,15,1,1,1
197,4,858,244,15,15,1,1,1
198,4,858,243,15,15,1,1,1
199,4,858,243,15,15,1,1,1
200,4,859,242,15,15,1,1,1
201,4,859,241,15,15,1,1,1
202,4,859,240,15,15,1,1,1
203,4,859,239,15,15,1,1,1
204,4,860,238,15,15,1,1,1
205,4,861,237,15,15,1,1,1
206,4,861,236,15,15,1,1,1
207,4,861,235,14,14,1,1,1
208,4,862,234,14,14,1,1,1
209,4,862,233,15,15,1,1,1
210,4,863,232,15,15,1,1,1
211,4,863,231,14,14,1,1,1
212,4,863,230,15,15,1,1,1
213,4,864,228,15,15,1,1,1
214,4,864,227,15,15,1,1,1
215,4,865,226,14,14,1,1,1
216,4,865,225,14,14,1,1,1
217,4,865,224,14,14,1,1,1
218,4,865,222,14,14,1,1,1
219,4,866,221,14,14,1,1,1
220,4,866,219,14,14,1,1,1
221,4,867,218,14,14,1,1,1
222,4,867,216,14,14,1,1,1
223,4,867,215,14,14,1,1,1
224,4,868,213,14,14,1,1,1
225,4,868,211,14,14,1,1,1
226,4,868,210,14,14,1,1,1
227,4,868,208,14,14,1,1,1
228,4,869,207,14,14,1,1,1
229,4,870,205,14,14,1,1,1
230,4,870,204,14,14,1,1,1
231,4,871,202,14,14,1,1,1
232,4,872,200,14,14,1,1,1
233,4,873,198,14,14,1,1,1
234,4,874,197,14,14,1,1,1
235,4,876,195,14,14,1,1,1
236,4,877,193,14,14,1,1,1
237,4,879,191,15,15,1,1,1
238,4,880,189,15,15,1,1,1
239,4,882,186,15,15,1,1,1
240,4,884,185,15,15,1,1,1
241,4,886,183,15,15,1,1,1
242,4,887,181,15,15,1,1,1
243,4,889,179,15,15,1,1,1
244,4,891,177,15,15,1,1,1
245,4,893,175,14,14,1,1,1
246,4,894,174,14,14,1,1,1
247,4,897,172,14,14,1,1,1
248,4,898,171,14,14,1,1,1
249,4,899,169,14,14,1,1,1
250,4,902,168,14,14,1,1,1
251,4,904,166,14,14,1,1,1
252,4,907,164,14,14,1,1,1
253,4,909,163,14,14,1,1,1
254,4,911,161,14,14,1,1,1
255,4,913,160,14,14,1,1,1
256,4,916,159,14,14,1,1,1
257,4,919,159,13,13,1,1,1
258,4,921,158,13,13,1,1,1
259,4,924,157,13,13,1,1,1
260,4,926,156,13,13,1,1,1
261,4,928,155,14,14,1,1,1
262,4,930,154,14,14,1,1,1
263,4,932,153,14,14,1,1,1
264,4,933,152,14,14,1,1,1
265,4,934,151,13,13,1,1,1
266,4,935,150,13,13,1,1,1
267,4,936,150,14,14,1,1,1
268,4,936,150,13,13,1,1,1
269,4,936,149,13,13,1,1,1
270,4,937,148,13,13,1,1,1
271,4,937,148,13,13,1,1,1
272,4,937,149,13,13,1,1,1
273,4,937,149,13,13,1,1,1
274,4,937,149,13,13,1,1,1
275,4,937,150,14,14,1,1,1
276,4,937,151,13,13,1,1,1
277,4,937,152,13,13,1,1,1
278,4,937,153,13,13,1,1,1
279,4,937,153,13,13,1,1,1
280,4,937,153,13,13,1,1,1
281,4,936,152,14,14,1,1,1
282,4,936,152,14,14,1,1,1
283,4,937,150,13,13,1,1,1
284,4,937,149,13,13,1,1,1
285,4,937,146,13,13,1,1,1
286,4,937,144,13,13,1,1,1
287,4,937,140,13,13,1,1,1
288,4,938,136,13,13,1,1,1
289,4,938,131,13,13,1,1,1
290,4,938,127,13,13,1,1,1
291,4,938,122,13,13,1,1,1
292,4,939,117,12,12,1,1,1
293,4,939,111,13,13,1,1,1
294,4,939,106,13,13,1,1,1
295,4,940,99,13,13,1,1,1
296,4,940,94,13,13,1,1,1
297,4,941,88,13,13,1,1,1
298,4,941,81,12,12,1,1,1
299,4,942,75,12,12,1,1,1
300,4,942,69,12,12,1,1,1
1,5,940,291,23,21,1,1,1
2,5,940,292,23,21,1,1,1
3,5,940,293,23,21,1,1,1
4,5,940,293,23,21,1,1,1
5,5,940,294,23,21,1,1,1
6,5,940,295,23,21,1,1,1
7,5,939,296,23,21,1,1,1
8,5,939,298,22,20,1,1,1
9,5,938,298,22,20,1,1,1
10,5,938,300,22,20,1,1,1
11,5,938,300,22,20,1,1,1
12,5,937,301,22,20,1,1,1
13,5,937,302,22,20,1,1,1
14,5,937,303,22,20,1,1,1
15,5,936,304,22,20,1,1,1
16,5,935,304,22,20,1,1,1
17,5,935,305,22,20,1,1,1
18,5,934,305,22,20,1,1,1
19,5,933,306,22,20,1,1,1
20,5,932,307,22,20,1,1,1
21,5,931,308,22,20,1,1,1
22,5,930,308,22,20,1,1,1
23,5,930,310,22,20,1,1,1
24,5,929,311,22,20,1,1,1
25,5,927,312,22,20,1,1,1
26,5,926,314,22,20,1,1,1
27,5,925,315,22,20,1,1,1
28,5,925,316,21,20,1,1,1
29,5,924,317,22,20,1,1,1
30,5,923,319,22,20,1,1,1
31,5,922,319,22,20,1,1,1
32,5,921,320,22,20,1,1,1
33,5,920,321,22,20,1,1,1
34,5,919,322,21,20,1,1,1
35,5,919,322,21,20,1,1,1
36,5,918,323,22,20,1,1,1
37,5,918,323,22,20,1,1,1
38,5,917,323,22,20,1,1,1
39,5,917,323,21,20,1,1,1
40,5,917,323,21,20,1,1,1
41,5,916,323,21,20,1,1,1
42,5,916,322,21,19,1,1,1
43,5,915,322,22,20,1,1,1
44,5,915,321,21,20,1,1,1
45,5,915,321,21,20,1,1,1
46,5,915,320,22,20,1,1,1
47,5,914,320,21,20,1,1,1
48,5,913,320,22,20,1,1,1
49,5,912,320,22,20,1,1,1
50,5,911,320,22,20,1,1,1
51,5,910,320,22,20,1,1,1
52,5,910,320,21,19,1,1,1
53,5,908,320,22,20,1,1,1
54,5,907,320,22,20,1,1,1
55,5,905,321,22,20,1,1,1
56,5,903,322,22,20,1,1,1
57,5,902,323,22,20,1,1,1
58,5,900,324,21,19,1,1,1
59,5,898,325,21,19,1,1,1
60,5,896,327,21,19,1,1,1
61,5,894,328,21,19,1,1,1
62,5,892,330,21,19,1,1,1
63,5,890,332,20,19,1,1,1
64,5,888,334,20,19,1,1,1
65,5,885,335,21,19,1,1,1
66,5,882,337,21,19,1,1,1
67,5,880,339,20,18,1,1,1
68,5,877,341,20,18,1,1,1
69,5,875,343,20,18,1,1,1
70,5,872,345,20,18,1,1,1
71,5,870,345,20,18,1,1,1
72,5,867,346,20,18,1,1,1
73,5,864,347,20,18,1,1,1
74,5,861,348,20,18,1,1,1
75,5,859,348,20,18,1,1,1
76,5,857,348,20,18,1,1,1
77,5,858,350,17,16,1,1,1
78,5,856,350,17,16,1,1,1
79,5,855,350,17,16,1,1,1
80,5,854,350,17,16,1,1,1
81,5,853,350,17,16,1,1,1
82,5,852,350,17,16,1,1,1
83,5,852,350,17,16,1,1,1
84,5,852,351,17,16,1,1,1
85,5,851,351,17,16,1,1,1
86,5,851,352,17,16,1,1,1
87,5,850,352,17,16,1,1,1
88,5,850,351,17,16,1,1,1
89,5,850,351,17,16,1,1,1
90,5,850,350,17,16,1,1,1
91,5,850,349,17,16,1,1,1
92,5,849,348,17,16,1,1,1
93,5,849,347,17,16,1,1,1
94,5,848,346,17,16,1,1,1
95,5,847,344,17,16,1,1,1
96,5,846,343,17,16,1,1,1
97,5,846,342,17,16,1,1,1
98,5,845,340,16,15,1,1,1
99,5,843,339,17,16,1,1,1
100,5,842,338,17,16,1,1,1
101,5,839,336,17,16,1,1,1
102,5,837,331,22,21,1,1,1
103,5,835,330,22,21,1,1,1
104,5,833,329,22,21,1,1,1
105,5,832,328,22,21,1,1,1
106,5,830,327,22,21,1,1,1
107,5,828,327,21,21,1,1,1
108,5,826,325,21,20,1,1,1
109,5,824,325,22,21,1,1,1
110,5,822,323,22,21,1,1,1
111,5,819,323,21,20,1,1,1
112,5,817,323,21,20,1,1,1
113,5,814,322,22,21,1,1,1
114,5,812,322,21,20,1,1,1
115,5,808,321,23,22,1,1,1
116,5,805,321,22,21,1,1,1
117,5,802,320,22,21,1,1,1
118,5,799,320,22,21,1,1,1
119,5,796,320,22,21,1,1,1
120,5,793,320,22,21,1,1,1
121,5,790,320,22,21,1,1,1
122,5,786,319,22,21,1,1,1
123,5,784,320,21,20,1,1,1
124,5,780,319,22,21,1,1,1
125,5,777,319,22,21,1,1,1
126,5,773,318,23,22,1,1,1
127,5,770,318,23,22,1,1,1
128,5,766,318,23,22,1,1,1
129,5,763,318,23,22,1,1,1
130,5,759,317,23,22,1,1,1
131,5,756,317,23,22,1,1,1
132,5,753,317,23,22,1,1,1
133,5,749,317,23,22,1,1,1
134,5,746,317,23,22,1,1,1
135,5,743,317,23,22,1,1,1
136,5,739,316,23,22,1,1,1
137,5,736,316,24,23,1,1,1
138,5,733,316,24,23,1,1,1
139,5,730,315,23,22,1,1,1
140,5,727,315,24,23,1,1,1
141,5,724,314,24,22,1,1,1
142,5,721,314,23,22,1,1,1
143,5,718,314,23,22,1,1,1
144,5,715,314,23,22,1,1,1
145,5,711,314,23,22,1,1,1
146,5,708,314,24,23,1,1,1
147,5,704,313,24,23,1,1,1
148,5,701,313,24,23,1,1,1
149,5,698,313,24,23,1,1,1
150,5,694,312,24,23,1,1,1
151,5,690,312,24,23,1,1,1
152,5,687,312,24,23,1,1,1
153,5,683,312,25,24,1,1,1
154,5,679,312,25,24,1,1,1
155,5,675,312,25,24,1,1,1
156,5,671,312,25,24,1,1,1
157,5,667,312,25,24,1,1,1
158,5,663,312,25,24,1,1,1
159,5,660,312,25,24,1,1,1
160,5,656,312,25,24,1,1,1
161,5,652,312,25,24,1,1,1
162,5,649,312,25,24,1,1,1
163,5,645,312,25,24,1,1,1
164,5,642,312,26,25,1,1,1
165,5,638,312,26,25,1,1,1
166,5,635,312,26,24,1,1,1
167,5,631,312,26,25,1,1,1
168,5,628,312,26,25,1,1,1
169,5,624,312,26,25,1,1,1
170,5,621,312,25,24,1,1,1
171,5,617,312,26,25,1,1,1
172,5,614,311,26,25,1,1,1
173,5,612,312,24,23,1,1,1
174,5,607,311,26,25,1,1,1
175,5,604,311,26,25,1,1,1
176,5,601,311,26,25,1,1,1
177,5,597,311,26,25,1,1,1
178,5,594,310,26,25,1,1,1
179,5,591,310,26,25,1,1,1
180,5,587,310,26,25,1,1,1
181,5,585,310,26,25,1,1,1
182,5,582,310,26,24,1,1,1
183,5,578,310,26,25,1,1,1
184,5,575,310,26,25,1,1,1
185,5,572,310,26,25,1,1,1
186,5,569,310,26,25,1,1,1
187,5,566,310,26,25,1,1,1
188,5,562,310,26,25,1,1,1
189,5,559,310,26,25,1,1,1
190,5,556,310,26,25,1,1,1
191,5,553,309,27,25,1,1,1
192,5,550,309,28,27,1,1,1
193,5,547,309,28,27,1,1,1
194,5,544,309,28,27,1,1,1
195,5,541,309,28,27,1,1,1
196,5,539,310,26,25,1,1,1
197,5,536,309,27,26,1,1,1
198,5,533,309,27,25,1,1,1
199,5,531,309,27,26,1,1,1
200,5,527,309,27,26,1,1,1
201,5,525,309,27,26,1,1,1
202,5,522,309,25,23,1,1,1
203,5,519,309,25,23,1,1,1
204,5,516,308,25,23,1,1,1
205,5,513,308,25,23,1,1,1
206,5,510,308,25,23,1,1,1
207,5,507,307,25,23,1,1,1
208,5,504,307,25,23,1,1,1
209,5,501,306,25,23,1,1,1
210,5,497,306,26,24,1,1,1
211,5,495,305,25,23,1,1,1
212,5,491,305,25,23,1,1,1
213,5,489,304,25,23,1,1,1
214,5,485,303,25,23,1,1,1
215,5,482,303,26,24,1,1,1
216,5,479,302,26,24,1,1,1
217,5,475,301,26,24,1,1,1
218,5,472,301,26,24,1,1,1
219,5,468,300,25,23,1,1,1
220,5,465,299,26,24,1,1,1
221,5,462,298,26,24,1,1,1
222,5,458,298,26,24,1,1,1
223,5,455,297,26,24,1,1,1
224,5,452,296,26,24,1,1,1
225,5,449,295,26,24,1,1,1
226,5,446,294,26,24,1,1,1
227,5,442,293,26,24,1,1,1
228,5,439,292,25,23,1,1,1
229,5,436,292,26,24,1,1,1
230,5,433,290,26,24,1,1,1
231,5,430,290,26,24,1,1,1
232,5,428,290,26,24,1,1,1
233,5,426,289,26,24,1,1,1
234,5,423,289,26,24,1,1,1
235,5,421,288,26,24,1,1,1
236,5,419,287,26,24,1,1,1
237,5,417,286,26,24,1,1,1
238,5,415,285,26,24,1,1,1
239,5,413,284,26,24,1,1,1
240,5,411,284,26,24,1,1,1
241,5,410,284,25,23,1,1,1
242,5,408,283,27,25,1,1,1
243,5,406,282,27,25,1,1,1
244,5,404,282,27,25,1,1,1
245,5,403,282,27,25,1,1,1
246,5,401,282,27,25,1,1,1
247,5,400,283,27,25,1,1,1
248,5,398,283,26,24,1,1,1
249,5,397,284,26,24,1,1,1
250,5,396,284,26,24,1,1,1
251,5,394,285,26,24,1,1,1
252,5,393,285,26,24,1,1,1
253,5,392,286,26,24,1,1,1
254,5,391,286,26,24,1,1,1
255,5,390,287,26,24,1,1,1
256,5,389,288,26,24,1,1,1
257,5,388,288,26,24,1,1,1
258,5,387,289,27,25,1,1,1
259,5,386,290,27,24,1,1,1
260,5,385,291,26,24,1,1,1
261,5,383,292,27,25,1,1,1
262,5,383,293,27,25,1,1,1
263,5,380,294,27,25,1,1,1
264,5,378,294,27,24,1,1,1
265,5,376,295,27,24,1,1,1
266,5,373,296,27,25,1,1,1
267,5,370,297,26,24,1,1,1
268,5,367,298,26,24,1,1,1
269,5,363,298,26,24,1,1,1
270,5,360,299,26,24,1,1,1
271,5,356,300,26,24,1,1,1
272,5,353,301,26,24,1,1,1
273,5,349,302,26,24,1,1,1
274,5,344,303,26,24,1,1,1
275,5,340,304,26,24,1,1,1
276,5,336,305,26,24,1,1,1
277,5,332,306,26,24,1,1,1
278,5,328,307,26,24,1,1,1
279,5,324,308,25,23,1,1,1
280,5,320,308,25,23,1,1,1
281,5,315,307,26,24,1,1,1
282,5,311,307,26,24,1,1,1
283,5,307,305,26,24,1,1,1
284,5,303,304,26,24,1,1,1
285,5,299,302,25,23,1,1,1
286,5,295,299,26,23,1,1,1
287,5,291,296,26,23,1,1,1
288,5,288,292,25,23,1,1,1
289,5,284,288,26,24,1,1,1
290,5,281,283,25,23,1,1,1
291,5,277,279,23,22,1,1,1
292,5,273,272,26,24,1,1,1
293,5,269,267,25,23,1,1,1
294,5,265,261,25,23,1,1,1
295,5,261,255,25,23,1,1,1
296,5,256,248,25,23,1,1,1
297,5,253,243,25,23,1,1,1
298,5,250,240,21,20,1,1,1
299,5,247,235,21,19,1,1,1
300,5,243,229,21,19,1,1,1
1,6,962,355,15,15,1,1,1
2,6,961,356,15,15,1,1,1
3,6,961,357,15,15,1,1,1
4,6,960,358,15,15,1,1,1
5,6,959,359,15,15,1,1,1
6,6,959,360,15,15,1,1,1
7,6,958,361,15,15,1,1,1
8,6,957,362,15,15,1,1,1
9,6,956,363,15,15,1,1,1
10,6,955,364,15,15,1,1,1
11,6,954,365,15,15,1,1,1
12,6,954,365,15,15,1,1,1
13,6,953,366,15,15,1,1,1
14,6,952,366,15,15,1,1,1
15,6,951,367,15,15,1,1,1
16,6,950,367,15,15,1,1,1
17,6,950,368,15,15,1,1,1
18,6,949,368,15,15,1,1,1
19,6,948,368,15,15,1,1,1
20,6,947,368,15,15,1,1,1
21,6,945,369,15,15,1,1,1
22,6,944,369,15,15,1,1,1
23,6,943,370,15,15,1,1,1
24,6,943,371,15,15,1,1,1
25,6,941,372,15,15,1,1,1
26,6,940,372,15,15,1,1,1
27,6,939,373,15,15,1,1,1
28,6,939,374,15,15,1,1,1
29,6,938,374,15,15,1,1,1
30,6,937,375,15,15,1,1,1
31,6,937,375,15,15,1,1,1
32,6,936,375,15,15,1,1,1
33,6,935,376,15,15,1,1,1
34,6,935,376,15,15,1,1,1
35,6,935,376,15,15,1,1,1
36,6,935,375,15,15,1,1,1
37,6,935,375,15,15,1,1,1
38,6,935,374,15,15,1,1,1
39,6,935,374,15,15,1,1,1
40,6,935,373,15,15,1,1,1
41,6,935,372,15,15,1,1,1
42,6,936,371,15,15,1,1,1
43,6,936,370,15,15,1,1,1
44,6,936,369,15,15,1,1,1
45,6,937,368,15,15,1,1,1
46,6,938,367,15,15,1,1,1
47,6,938,365,15,15,1,1,1
48,6,938,364,15,15,1,1,1
49,6,938,363,15,15,1,1,1
50,6,938,362,15,15,1,1,1
51,6,938,362,15,15,1,1,1
52,6,938,361,15,15,1,1,1
53,6,938,361,15,15,1,1,1
54,6,938,360,15,15,1,1,1
55,6,937,360,15,15,1,1,1
56,6,937,360,15,15,1,1,1
57,6,936,360,15,15,1,1,1
58,6,935,360,15,15,1,1,1
59,6,934,361,15,15,1,1,1
60,6,933,361,15,15,1,1,1
61,6,933,362,15,15,1,1,1
62,6,932,362,15,15,1,1,1
63,6,931,363,15,15,1,1,1
64,6,930,365,15,15,1,1,1
65,6,929,366,15,15,1,1,1
66,6,928,367,15,15,1,1,1
67,6,927,368,15,15,1,1,1
68,6,926,369,15,15,1,1,1
69,6,925,370,15,15,1,1,1
70,6,924,371,15,15,1,1,1
71,6,923,371,15,15,1,1,1
72,6,922,371,15,15,1,1,1
73,6,921,371,15,15,1,1,1
74,6,920,371,15,15,1,1,1
75,6,920,370,15,15,1,1,1
76,6,920,369,15,15,1,1,1
77,6,920,369,15,15,1,1,1
78,6,920,368,15,15,1,1,1
79,6,921,367,15,15,1,1,1
80,6,922,366,15,15,1,1,1
81,6,923,365,15,15,1,1,1
82,6,924,364,15,15,1,1,1
83,6,926,364,15,15,1,1,1
84,6,928,364,15,15,1,1,1
85,6,930,363,15,15,1,1,1
86,6,932,363,15,15,1,1,1
87,6,934,362,15,15,1,1,1
88,6,936,361,15,15,1,1,1
89,6,938,360,15,15,1,1,1
90,6,941,358,15,15,1,1,1
91,6,942,357,15,15,1,1,1
92,6,944,354,15,15,1,1,1
93,6,946,353,15,15,1,1,1
94,6,948,351,15,15,1,1,1
95,6,950,349,15,15,1,1,1
96,6,952,346,15,15,1,1,1
97,6,953,344,15,15,1,1,1
98,6,955,342,15,15,1,1,1
99,6,956,340,15,15,1,1,1
100,6,957,339,15,15,1,1,1
101,6,958,337,15,15,1,1,1
102,6,959,336,15,15,1,1,1
103,6,960,334,16,16,1,1,1
104,6,961,332,16,16,1,1,1
105,6,962,331,15,15,1,1,1
106,6,963,330,15,15,1,1,1
107,6,963,328,15,15,1,1,1
108,6,964,327,15,15,1,1,1
109,6,964,325,15,15,1,1,1
110,6,965,324,15,15,1,1,1
111,6,965,323,15,15,1,1,1
112,6,965,322,15,15,1,1,1
113,6,965,321,15,15,1,1,1
114,6,965,320,15,15,1,1,1
115,6,965,319,15,15,1,1,1
116,6,964,318,15,15,1,1,1
117,6,964,317,15,15,1,1,1
118,6,964,317,15,15,1,1,1
119,6,964,316,15,15,1,1,1
120,6,963,315,15,15,1,1,1
121,6,963,315,15,15,1,1,1
122,6,962,314,15,15,1,1,1
123,6,962,313,15,15,1,1,1
124,6,961,313,15,15,1,1,1
125,6,961,312,15,15,1,1,1
126,6,960,311,15,15,1,1,1
127,6,959,310,15,15,1,1,1
128,6,959,310,15,15,1,1,1
129,6,958,310,15,15,1,1,1
130,6,958,309,15,15,1,1,1
131,6,957,308,15,15,1,1,1
132,6,957,308,15,15,1,1,1
133,6,956,307,15,15,1,1,1
134,6,956,306,15,15,1,1,1
135,6,955,306,15,15,1,1,1
136,6,955,305,15,15,1,1,1
137,6,954,304,15,15,1,1,1
138,6,954,304,15,15,1,1,1
139,6,954,303,15,15,1,1,1
140,6,953,302,15,15,1,1,1
141,6,953,301,15,15,1,1,1
142,6,952,300,16,16,1,1,1
143,6,951,300,16,16,1,1,1
144,6,951,299,16,16,1,1,1
145,6,951,299,16,16,1,1,1
146,6,950,298,16,16,1,1,1
147,6,950,298,16,16,1,1,1
148,6,949,297,16,16,1,1,1
149,6,949,297,16,16,1,1,1
150,6,948,296,16,16,1,1,1
151,6,947,295,16,16,1,1,1
152,6,946,295,16,16,1,1,1
153,6,945,294,16,16,1,1,1
154,6,944,294,16,16,1,1,1
155,6,943,293,16,16,1,1,1
156,6,942,293,16,16,1,1,1
157,6,942,293,16,16,1,1,1
158,6,941,293,16,16,1,1,1
159,6,940,292,16,16,1,1,1
160,6,939,292,16,16,1,1,1
161,6,938,291,16,16,1,1,1
162,6,938,291,16,16,1,1,1
163,6,937,291,16,16,1,1,1
164,6,937,291,16,16,1,1,1
165,6,936,291,16,16,1,1,1
166,6,935,291,16,16,1,1,1
167,6,936,290,16,16,1,1,1
168,6,935,289,16,16,1,1,1
169,6,935,289,16,16,1,1,1
170,6,934,289,16,16,1,1,1
171,6,934,288,16,16,1,1,1
172,6,934,288,16,16,1,1,1
173,6,934,287,16,16,1,1,1
174,6,933,287,16,16,1,1,1
175,6,933,286,16,16,1,1,1
176,6,933,286,16,16,1,1,1
177,6,933,286,16,16,1,1,1
178,6,933,285,16,16,1,1,1
179,6,933,285,16,16,1,1,1
180,6,933,284,16,16,1,1,1
181,6,933,284,16,16,1,1,1
182,6,933,283,16,16,1,1,1
183,6,933,283,16,16,1,1,1
184,6,933,282,16,16,1,1,1
185,6,933,281,16,16,1,1,1
186,6,933,281,16,16,1,1,1
187,6,934,280,16,16,1,1,1
188,6,934,280,16,16,1,1,1
189,6,934,279,16,16,1,1,1
190,6,934,278,16,16,1,1,1
191,6,935,278,16,16,1,1,1
192,6,935,277,16,16,1,1,1
193,6,935,277,16,16,1,1,1
194,6,935,277,16,16,1,1,1
195,6,936,276,16,16,1,1,1
196,6,936,275,16,16,1,1,1
197,6,937,275,16,16,1,1,1
198,6,937,274,16,16,1,1,1
199,6,937,273,16,16,1,1,1
200,6,938,272,16,16,1,1,1
201,6,938,271,16,16,1,1,1
202,6,938,271,16,16,1,1,1
203,6,939,270,17,17,1,1,1
204,6,939,269,17,17,1,1,1
205,6,939,269,17,17,1,1,1
206,6,939,268,17,17,1,1,1
207,6,940,267,16,16,1,1,1
208,6,940,266,16,16,1,1,1
209,6,941,265,16,16,1,1,1
210,6,941,264,16,16,1,1,1
211,6,941,263,16,16,1,1,1
212,6,942,262,16,16,1,1,1
213,6,942,261,16,16,1,1,1
214,6,942,260,16,16,1,1,1
215,6,942,259,16,16,1,1,1
216,6,943,258,16,16,1,1,1
217,6,943,257,16,16,1,1,1
218,6,944,256,16,16,1,1,1
219,6,944,255,16,16,1,1,1
220,6,944,254,15,15,1,1,1
221,6,944,252,15,15,1,1,1
222,6,944,251,15,15,1,1,1
223,6,945,250,15,15,1,1,1
224,6,945,248,15,15,1,1,1
225,6,945,247,16,16,1,1,1
226,6,946,245,15,15,1,1,1
227,6,946,243,15,15,1,1,1
228,6,946,242,15,15,1,1,1
229,6,946,240,16,16,1,1,1
230,6,947,239,15,15,1,1,1
231,6,948,237,16,16,1,1,1
232,6,949,236,16,16,1,1,1
233,6,951,234,16,16,1,1,1
234,6,952,232,15,15,1,1,1
235,6,953,231,15,15,1,1,1
236,6,955,229,15,15,1,1,1
237,6,956,227,15,15,1,1,1
238,6,958,225,15,15,1,1,1
239,6,959,223,16,16,1,1,1
240,6,961,221,15,15,1,1,1
241,6,963,219,15,15,1,1,1
242,6,964,217,15,15,1,1,1
243,6,966,215,16,16,1,1,1
244,6,968,213,16,16,1,1,1
245,6,969,211,16,16,1,1,1
246,6,972,209,15,15,1,1,1
247,6,973,207,16,16,1,1,1
248,6,975,206,16,16,1,1,1
249,6,977,204,16,16,1,1,1
250,6,979,202,16,16,1,1,1
251,6,981,200,16,16,1,1,1
252,6,983,198,16,16,1,1,1
253,6,985,197,16,16,1,1,1
254,6,988,195,16,16,1,1,1
255,6,990,193,16,16,1,1,1
256,6,993,192,16,16,1,1,1
257,6,995,192,16,16,1,1,1
258,6,998,191,16,16,1,1,1
259,6,1000,189,16,16,1,1,1
260,6,1002,188,16,16,1,1,1
261,6,1005,187,15,15,1,1,1
262,6,1007,186,16,16,1,1,1
263,6,1008,186,15,15,1,1,1
264,6,1009,185,15,15,1,1,1
265,6,1010,184,15,15,1,1,1
266,6,1012,182,15,15,1,1,1
267,6,1012,182,15,15,1,1,1
268,6,1012,181,16,16,1,1,1
269,6,1012,181,16,16,1,1,1
270,6,1012,180,15,15,1,1,1
271,6,1013,180,15,15,1,1,1
272,6,1013,181,15,15,1,1,1
273,6,1012,181,15,15,1,1,1
274,6,1012,181,15,15,1,1,1
275,6,1012,182,15,15,1,1,1
276,6,1011,183,15,15,1,1,1
277,6,1012,184,15,15,1,1,1
278,6,1011,184,15,15,1,1,1
279,6,1011,185,15,15,1,1,1
280,6,1010,185,15,15,1,1,1
281,6,1011,185,15,15,1,1,1
282,6,1011,185,15,15,1,1,1
283,6,1011,183,15,15,1,1,1
284,6,1011,181,15,15,1,1,1
285,6,1011,178,15,15,1,1,1
286,6,1011,176,15,15,1,1,1
287,6,1011,172,15,15,1,1,1
288,6,1012,168,15,15,1,1,1
289,6,1012,163,15,15,1,1,1
290,6,1012,159,15,15,1,1,1
291,6,1012,154,15,15,1,1,1
292,6,1013,148,15,15,1,1,1
293,6,1013,143,15,15,1,1,1
294,6,1013,137,15,15,1,1,1
295,6,1013,131,15,15,1,1,1
296,6,1014,125,15,15,1,1,1
297,6,1014,119,15,15,1,1,1
298,6,1015,112,15,15,1,1,1
299,6,1015,106,15,15,1,1,1
300,6,1016,99,15,15,1,1,1
1,7,1016,460,12,13,1,1,1
2,7,1015,461,12,13,1,1,1
3,7,1015,462,12,13,1,1,1
4,7,1014,463,12,13,1,1,1
5,7,1013,465,12,13,1,1,1
6,7,1012,466,12,13,1,1,1
7,7,1011,468,12,13,1,1,1
8,7,1010,470,12,13,1,1,1
9,7,1010,471,12,13,1,1,1
10,7,1009,471,12,13,1,1,1
11,7,1008,473,12,13,1,1,1
12,7,1007,474,12,13,1,1,1
13,7,1007,475,12,13,1,1,1
14,7,1005,476,12,13,1,1,1
15,7,1005,477,12,13,1,1,1
16,7,1004,478,12,13,1,1,1
17,7,1003,478,12,13,1,1,1
18,7,1002,480,12,13,1,1,1
19,7,1001,480,12,13,1,1,1
20,7,1000,481,12,13,1,1,1
21,7,999,482,12,13,1,1,1
22,7,997,483,12,13,1,1,1
23,7,996,484,12,13,1,1,1
24,7,995,486,12,13,1,1,1
25,7,994,487,12,13,1,1,1
26,7,993,489,12,13,1,1,1
27,7,992,490,12,13,1,1,1
28,7,992,492,12,13,1,1,1
29,7,991,493,12,13,1,1,1
30,7,991,495,12,13,1,1,1
31,7,990,496,12,13,1,1,1
32,7,990,497,12,13,1,1,1
33,7,989,498,12,13,1,1,1
34,7,988,499,12,13,1,1,1
35,7,988,499,12,12,1,1,1
36,7,988,500,12,13,1,1,1
37,7,988,500,12,13,1,1,1
38,7,988,500,12,13,1,1,1
39,7,989,501,12,13,1,1,1
40,7,990,501,12,13,1,1,1
41,7,990,501,12,13,1,1,1
42,7,991,500,12,13,1,1,1
43,7,991,500,12,13,1,1,1
44,7,992,500,11,12,1,1,1
45,7,993,499,11,12,1,1,1
46,7,993,499,11,12,1,1,1
47,7,994,499,11,12,1,1,1
48,7,994,499,11,12,1,1,1
49,7,994,499,11,12,1,1,1
50,7,995,499,11,12,1,1,1
51,7,995,499,11,12,1,1,1
52,7,995,500,11,12,1,1,1
53,7,996,500,11,12,1,1,1
54,7,996,500,11,12,1,1,1
55,7,996,501,11,12,1,1,1
56,7,995,502,11,12,1,1,1
57,7,994,503,11,12,1,1,1
58,7,993,505,11,12,1,1,1
59,7,993,506,11,12,1,1,1
60,7,992,508,11,12,1,1,1
61,7,992,510,11,12,1,1,1
62,7,991,511,11,12,1,1,1
63,7,991,513,11,12,1,1,1
64,7,990,515,11,12,1,1,1
65,7,989,517,11,12,1,1,1
66,7,988,520,11,12,1,1,1
67,7,988,521,11,12,1,1,1
68,7,987,524,10,11,1,1,1
69,7,987,526,10,11,1,1,1
70,7,987,527,11,12,1,1,1
71,7,986,528,11,12,1,1,1
72,7,986,529,11,12,1,1,1
73,7,985,530,11,12,1,1,1
74,7,985,531,11,12,1,1,1
75,7,985,532,11,12,1,1,1
76,7,985,532,11,12,1,1,1
77,7,986,532,11,12,1,1,1
78,7,983,531,18,14,1,1,1
79,7,984,531,18,14,1,1,1
80,7,986,531,18,14,1,1,1
81,7,988,531,18,14,1,1,1
82,7,990,531,18,14,1,1,1
83,7,992,531,18,14,1,1,1
84,7,995,533,18,14,1,1,1
85,7,997,534,18,14,1,1,1
86,7,999,534,18,14,1,1,1
87,7,1002,534,18,14,1,1,1
88,7,1005,534,18,14,1,1,1
89,7,1007,534,18,14,1,1,1
90,7,1010,534,18,14,1,1,1
91,7,1013,533,18,14,1,1,1
92,7,1016,532,18,14,1,1,1
93,7,1018,531,18,14,1,1,1
94,7,1021,530,18,14,1,1,1
95,7,1023,529,18,14,1,1,1
96,7,1026,528,18,14,1,1,1
97,7,1028,527,18,14,1,1,1
98,7,1031,525,17,14,1,1,1
99,7,1032,525,17,13,1,1,1
100,7,1034,524,17,13,1,1,1
101,7,1036,523,17,14,1,1,1
102,7,1037,523,17,13,1,1,1
103,7,1038,522,18,14,1,1,1
104,7,1040,521,17,14,1,1,1
105,7,1041,520,18,14,1,1,1
106,7,1042,519,18,14,1,1,1
107,7,1043,519,18,14,1,1,1
108,7,1044,518,18,14,1,1,1
109,7,1046,518,18,14,1,1,1
110,7,1047,518,18,14,1,1,1
111,7,1047,518,18,14,1,1,1
112,7,1048,518,18,14,1,1,1
113,7,1048,518,18,14,1,1,1
114,7,1048,518,18,14,1,1,1
115,7,1048,518,18,14,1,1,1
116,7,1049,518,18,14,1,1,1
117,7,1049,518,18,14,1,1,1
118,7,1049,518,18,14,1,1,1
119,7,1049,518,18,14,1,1,1
120,7,1049,519,18,14,1,1,1
121,7,1049,519,18,14,1,1,1
122,7,1049,519,18,14,1,1,1
123,7,1049,520,18,14,1,1,1
124,7,1049,520,18,14,1,1,1
125,7,1049,520,17,14,1,1,1
126,7,1049,520,17,14,1,1,1
127,7,1048,520,17,13,1,1,1
128,7,1048,521,17,14,1,1,1
129,7,1048,521,17,13,1,1,1
130,7,1048,522,17,13,1,1,1
131,7,1048,522,16,13,1,1,1
132,7,1048,522,16,13,1,1,1
133,7,1048,523,16,13,1,1,1
134,7,1048,523,16,13,1,1,1
135,7,1048,523,17,13,1,1,1
136,7,1048,523,16,13,1,1,1
137,7,1048,524,16,13,1,1,1
138,7,1047,525,16,13,1,1,1
139,7,1048,525,16,13,1,1,1
140,7,1048,525,16,13,1,1,1
141,7,1048,525,16,13,1,1,1
142,7,1048,525,16,13,1,1,1
143,7,1048,526,16,13,1,1,1
144,7,1047,527,16,12,1,1,1
145,7,1047,528,16,12,1,1,1
146,7,1047,528,16,12,1,1,1
147,7,1047,529,16,12,1,1,1
148,7,1046,530,16,12,1,1,1
149,7,1045,531,16,12,1,1,1
150,7,1045,531,16,12,1,1,1
151,7,1044,532,16,12,1,1,1
152,7,1044,532,16,12,1,1,1
153,7,1044,533,16,12,1,1,1
154,7,1043,534,16,12,1,1,1
155,7,1042,535,16,12,1,1,1
156,7,1041,536,16,12,1,1,1
157,7,1040,537,16,12,1,1,1
158,7,1039,537,16,12,1,1,1
159,7,1039,538,16,12,1,1,1
160,7,1039,539,15,12,1,1,1
161,7,1038,540,16,12,1,1,1
162,7,1038,541,16,12,1,1,1
163,7,1038,542,15,11,1,1,1
164,7,1037,544,15,11,1,1,1
165,7,1038,544,15,11,1,1,1
166,7,1037,546,14,11,1,1,1
167,7,1038,547,14,10,1,1,1
168,7,1037,548,14,10,1,1,1
169,7,1037,549,13,10,1,1,1
170,7,1037,550,13,10,1,1,1
171,7,1037,551,16,14,1,1,1
172,7,1037,552,16,14,1,1,1
173,7,1037,553,16,14,1,1,1
174,7,1037,554,16,14,1,1,1
175,7,1037,555,16,14,1,1,1
176,7,1037,556,16,14,1,1,1
177,7,1038,557,15,13,1,1,1
178,7,1038,558,15,13,1,1,1
179,7,1037,559,15,14,1,1,1
180,7,1037,560,15,14,1,1,1
181,7,1038,561,15,13,1,1,1
182,7,1038,562,15,13,1,1,1
183,7,1038,563,14,12,1,1,1
184,7,1039,563,14,12,1,1,1
185,7,1040,564,14,12,1,1,1
186,7,1040,565,14,12,1,1,1
187,7,1040,566,14,12,1,1,1
188,7,1041,566,14,12,1,1,1
189,7,1041,567,14,12,1,1,1
190,7,1042,568,14,12,1,1,1
191,7,1043,570,13,11,1,1,1
192,7,1044,570,13,11,1,1,1
193,7,1045,571,13,11,1,1,1
194,7,1046,572,13,11,1,1,1
195,7,1046,573,13,11,1,1,1
196,7,1046,573,13,11,1,1,1
197,7,1048,574,12,10,1,1,1
198,7,1048,575,12,10,1,1,1
199,7,1049,575,11,10,1,1,1
200,7,1050,576,11,10,1,1,1
201,7,1051,576,11,10,1,1,1
202,7,1052,577,11,10,1,1,1
203,7,1052,577,12,10,1,1,1
204,7,1053,578,11,10,1,1,1
205,7,1053,578,11,10,1,1,1
206,7,1054,579,11,10,1,1,1
207,7,1055,579,11,10,1,1,1
208,7,1056,579,11,10,1,1,1
209,7,1057,579,11,10,1,1,1
210,7,1058,579,11,10,1,1,1
211,7,1059,579,11,10,1,1,1
212,7,1060,580,11,10,1,1,1
213,7,1060,580,11,10,1,1,1
214,7,1061,580,11,10,1,1,1
215,7,1062,580,11,10,1,1,1
216,7,1062,580,11,10,1,1,1
217,7,1064,580,12,10,1,1,1
218,7,1064,580,12,10,1,1,1
219,7,1064,576,17,15,1,1,1
220,7,1064,576,17,15,1,1,1
221,7,1065,576,16,15,1,1,1
222,7,1067,576,16,14,1,1,1
223,7,1068,576,15,13,1,1,1
224,7,1069,576,15,13,1,1,1
225,7,1070,576,14,12,1,1,1
226,7,1070,576,13,11,1,1,1
1,8,1115,152,14,14,1,1,1
2,8,1115,153,14,14,1,1,1
3,8,1114,154,14,14,1,1,1
4,8,1114,155,14,14,1,1,1
5,8,1113,157,14,14,1,1,1
6,8,1112,159,14,14,1,1,1
7,8,1111,160,14,14,1,1,1
8,8,1111,161,14,14,1,1,1
9,8,1110,162,14,14,1,1,1
10,8,1109,164,14,14,1,1,1
11,8,1109,164,14,14,1,1,1
12,8,1108,165,14,14,1,1,1
13,8,1107,166,14,14,1,1,1
14,8,1107,167,14,14,1,1,1
15,8,1106,168,14,14,1,1,1
16,8,1105,168,14,14,1,1,1
17,8,1105,169,14,14,1,1,1
18,8,1104,170,14,14,1,1,1
19,8,1104,170,14,14,1,1,1
20,8,1103,171,14,14,1,1,1
21,8,1102,172,14,14,1,1,1
22,8,1101,173,14,14,1,1,1
23,8,1100,173,14,14,1,1,1
24,8,1099,175,14,14,1,1,1
25,8,1098,176,14,14,1,1,1
26,8,1097,177,14,14,1,1,1
27,8,1097,178,14,14,1,1,1
28,8,1097,179,14,14,1,1,1
29,8,1096,180,14,14,1,1,1
30,8,1096,182,14,14,1,1,1
31,8,1095,182,14,14,1,1,1
32,8,1095,182,14,14,1,1,1
33,8,1094,183,14,14,1,1,1
34,8,1094,183,14,14,1,1,1
35,8,1094,183,14,14,1,1,1
36,8,1094,183,14,14,1,1,1
37,8,1094,182,14,14,1,1,1
38,8,1094,182,14,14,1,1,1
39,8,1094,181,14,14,1,1,1
40,8,1095,180,14,14,1,1,1
41,8,1095,179,14,14,1,1,1
42,8,1096,179,14,14,1,1,1
43,8,1096,177,14,14,1,1,1
44,8,1097,176,14,14,1,1,1
45,8,1097,175,14,14,1,1,1
46,8,1098,173,14,14,1,1,1
47,8,1098,173,14,14,1,1,1
48,8,1098,171,14,14,1,1,1
49,8,1098,170,14,14,1,1,1
50,8,1098,170,14,14,1,1,1
51,8,1098,169,15,15,1,1,1
52,8,1098,168,14,14,1,1,1
53,8,1097,168,14,14,1,1,1
54,8,1098,167,14,14,1,1,1
55,8,1098,167,14,14,1,1,1
56,8,1097,168,14,14,1,1,1
57,8,1096,168,15,15,1,1,1
58,8,1095,168,15,15,1,1,1
59,8,1095,168,14,14,1,1,1
60,8,1094,169,15,15,1,1,1
61,8,1093,169,15,15,1,1,1
62,8,1092,170,14,14,1,1,1
63,8,1091,171,15,15,1,1,1
64,8,1090,172,14,14,1,1,1
65,8,1089,173,15,15,1,1,1
66,8,1088,174,15,15,1,1,1
67,8,1086,176,14,14,1,1,1
68,8,1085,176,14,14,1,1,1
69,8,1084,177,14,14,1,1,1
70,8,1083,178,14,14,1,1,1
71,8,1082,178,14,14,1,1,1
72,8,1080,178,14,14,1,1,1
73,8,1079,178,14,14,1,1,1
74,8,1078,178,14,14,1,1,1
75,8,1077,177,14,14,1,1,1
76,8,1077,176,14,14,1,1,1
77,8,1076,175,14,14,1,1,1
78,8,1076,174,14,14,1,1,1
79,8,1076,173,14,14,1,1,1
80,8,1077,172,14,14,1,1,1
81,8,1079,170,14,14,1,1,1
82,8,1079,169,14,14,1,1,1
83,8,1081,169,14,14,1,1,1
84,8,1083,168,14,14,1,1,1
85,8,1085,168,14,14,1,1,1
86,8,1087,168,14,14,1,1,1
87,8,1089,166,14,14,1,1,1
88,8,1091,164,14,14,1,1,1
89,8,1093,163,14,14,1,1,1
90,8,1095,162,14,14,1,1,1
91,8,1097,160,14,14,1,1,1
92,8,1099,157,14,14,1,1,1
93,8,1101,155,14,14,1,1,1
94,8,1103,153,14,14,1,1,1
95,8,1105,150,14,14,1,1,1
96,8,1106,148,14,14,1,1,1
97,8,1108,146,14,14,1,1,1
98,8,1110,143,14,14,1,1,1
99,8,1112,142,14,14,1,1,1
100,8,1113,140,14,14,1,1,1
101,8,1114,138,14,14,1,1,1
102,8,1115,136,15,15,1,1,1
103,8,1116,134,14,14,1,1,1
104,8,1118,133,14,14,1,1,1
105,8,1119,131,15,15,1,1,1
106,8,1120,129,15,15,1,1,1
107,8,1121,128,15,15,1,1,1
108,8,1122,127,15,15,1,1,1
109,8,1122,125,15,15,1,1,1
110,8,1123,123,15,15,1,1,1
111,8,1123,123,15,15,1,1,1
112,8,1123,121,15,15,1,1,1
113,8,1124,120,15,15,1,1,1
114,8,1124,120,15,15,1,1,1
115,8,1124,119,15,15,1,1,1
116,8,1124,118,15,15,1,1,1
117,8,1124,117,15,15,1,1,1
118,8,1124,116,15,15,1,1,1
119,8,1124,116,15,15,1,1,1
120,8,1123,115,15,15,1,1,1
121,8,1123,115,15,15,1,1,1
122,8,1122,114,15,15,1,1,1
123,8,1122,114,15,15,1,1,1
124,8,1121,113,15,15,1,1,1
125,8,1121,112,15,15,1,1,1
126,8,1120,112,15,15,1,1,1
127,8,1120,111,15,15,1,1,1
128,8,1119,111,15,15,1,1,1
129,8,1118,110,15,15,1,1,1
130,8,1118,110,15,15,1,1,1
131,8,1117,110,15,15,1,1,1
132,8,1117,109,15,15,1,1,1
133,8,1116,108,15,15,1,1,1
134,8,1116,108,15,15,1,1,1
135,8,1116,107,15,15,1,1,1
136,8,1115,107,15,15,1,1,1
137,8,1115,106,15,15,1,1,1
138,8,1115,106,15,15,1,1,1
139,8,1114,105,15,15,1,1,1
140,8,1114,105,15,15,1,1,1
141,8,1114,104,15,15,1,1,1
142,8,1113,103,15,15,1,1,1
143,8,1113,103,15,15,1,1,1
144,8,1113,102,15,15,1,1,1
145,8,1112,102,15,15,1,1,1
146,8,1112,102,15,15,1,1,1
147,8,1111,102,15,15,1,1,1
148,8,1110,102,15,15,1,1,1
149,8,1109,102,15,15,1,1,1
150,8,1109,101,15,15,1,1,1
151,8,1108,101,15,15,1,1,1
152,8,1107,101,15,15,1,1,1
153,8,1106,101,15,15,1,1,1
154,8,1105,100,15,15,1,1,1
155,8,1104,100,15,15,1,1,1
156,8,1103,100,15,15,1,1,1
157,8,1102,100,15,15,1,1,1
158,8,1101,100,15,15,1,1,1
159,8,1100,100,15,15,1,1,1
160,8,1099,100,15,15,1,1,1
161,8,1098,100,15,15,1,1,1
162,8,1098,100,15,15,1,1,1
163,8,1097,100,15,15,1,1,1
164,8,1097,100,15,15,1,1,1
165,8,1096,100,15,15,1,1,1
166,8,1096,100,15,15,1,1,1
167,8,1096,100,15,15,1,1,1
168,8,1095,100,15,15,1,1,1
169,8,1095,99,15,15,1,1,1
170,8,1095,99,15,15,1,1,1
171,8,1094,99,14,14,1,1,1
172,8,1094,99,15,15,1,1,1
173,8,1094,99,15,15,1,1,1
174,8,1094,98,15,15,1,1,1
175,8,1094,98,15,15,1,1,1
176,8,1094,98,15,15,1,1,1
177,8,1094,98,15,15,1,1,1
178,8,1094,98,15,15,1,1,1
179,8,1094,98,15,15,1,1,1
180,8,1094,98,15,15,1,1,1
181,8,1094,97,15,15,1,1,1
182,8,1094,97,15,15,1,1,1
183,8,1094,97,15,15,1,1,1
184,8,1095,96,15,15,1,1,1
185,8,1095,96,15,15,1,1,1
186,8,1095,95,15,15,1,1,1
187,8,1095,95,15,15,1,1,1
188,8,1095,95,15,15,1,1,1
189,8,1096,94,15,15,1,1,1
190,8,1096,93,15,15,1,1,1
191,8,1096,93,15,15,1,1,1
192,8,1097,92,15,15,1,1,1
193,8,1098,92,15,15,1,1,1
194,8,1097,92,15,15,1,1,1
195,8,1098,91,15,15,1,1,1
196,8,1099,90,15,15,1,1,1
197,8,1099,90,15,15,1,1,1
198,8,1100,89,15,15,1,1,1
199,8,1100,88,15,15,1,1,1
200,8,1100,87,15,15,1,1,1
201,8,1101,87,15,15,1,1,1
202,8,1101,86,15,15,1,1,1
203,8,1102,85,15,15,1,1,1
204,8,1102,84,15,15,1,1,1
205,8,1103,83,15,15,1,1,1
206,8,1103,83,15,15,1,1,1
207,8,1104,82,15,15,1,1,1
208,8,1104,80,15,15,1,1,1
209,8,1104,79,15,15,1,1,1
210,8,1105,78,16,16,1,1,1
211,8,1105,77,16,16,1,1,1
212,8,1106,76,16,16,1,1,1
213,8,1106,75,16,16,1,1,1
214,8,1107,74,16,16,1,1,1
215,8,1107,73,16,16,1,1,1
216,8,1107,72,16,16,1,1,1
217,8,1107,70,16,16,1,1,1
218,8,1108,69,16,16,1,1,1
219,8,1108,67,16,16,1,1,1
220,8,1108,66,16,16,1,1,1
221,8,1108,64,16,16,1,1,1
222,8,1109,63,16,16,1,1,1
223,8,1109,61,16,16,1,1,1
224,8,1109,59,16,16,1,1,1
225,8,1109,58,16,16,1,1,1
226,8,1110,56,16,16,1,1,1
227,8,1110,55,16,16,1,1,1
228,8,1111,53,16,16,1,1,1
229,8,1111,51,16,16,1,1,1
230,8,1112,49,16,16,1,1,1
231,8,1113,47,17,17,1,1,1
232,8,1113,45,17,17,1,1,1
233,8,1115,43,17,17,1,1,1
234,8,1116,40,17,17,1,1,1
235,8,1117,38,17,17,1,1,1
236,8,1119,36,17,17,1,1,1
237,8,1120,33,18,14,1,1,1
238,8,1122,31,18,14,1,1,1
239,8,1123,29,18,14,1,1,1
240,8,1125,26,18,14,1,1,1
241,8,1127,23,18,14,1,1,1
242,8,1128,20,20,15,1,1,1
243,8,1129,18,20,15,1,1,1
244,8,1131,15,20,15,1,1,1
245,8,1132,13,20,15,1,1,1
246,8,1135,10,18,14,1,1,1
247,8,1137,8,18,14,1,1,1
248,8,1138,6,18,14,1,1,1
249,8,1139,5,18,14,1,1,1
1,9,1151,334,15,14,1,1,1
2,9,1150,335,15,14,1,1,1
3,9,1150,336,15,14,1,1,1
4,9,1149,338,15,14,1,1,1
5,9,1148,339,15,14,1,1,1
6,9,1148,340,15,14,1,1,1
7,9,1146,342,15,14,1,1,1
8,9,1146,343,15,14,1,1,1
9,9,1145,344,14,13,1,1,1
10,9,1144,346,15,14,1,1,1
11,9,1143,346,15,14,1,1,1
12,9,1142,347,15,14,1,1,1
13,9,1141,349,15,14,1,1,1
14,9,1140,349,15,14,1,1,1
15,9,1140,350,15,14,1,1,1
16,9,1139,351,15,14,1,1,1
17,9,1138,351,14,13,1,1,1
18,9,1137,352,15,14,1,1,1
19,9,1136,352,15,14,1,1,1
20,9,1135,353,15,14,1,1,1
21,9,1134,353,15,14,1,1,1
22,9,1132,354,15,14,1,1,1
23,9,1131,356,15,14,1,1,1
24,9,1130,357,15,14,1,1,1
25,9,1129,358,15,14,1,1,1
26,9,1127,359,15,14,1,1,1
27,9,1127,360,15,14,1,1,1
28,9,1126,361,15,14,1,1,1
29,9,1125,362,15,14,1,1,1
30,9,1124,363,15,14,1,1,1
31,9,1124,363,15,14,1,1,1
32,9,1123,364,15,14,1,1,1
33,9,1122,364,15,14,1,1,1
34,9,1122,365,15,14,1,1,1
35,9,1121,364,15,14,1,1,1
36,9,1121,364,15,14,1,1,1
37,9,1121,364,15,14,1,1,1
38,9,1121,363,15,14,1,1,1
39,9,1122,363,15,14,1,1,1
40,9,1122,362,15,14,1,1,1
41,9,1122,361,15,14,1,1,1
42,9,1123,360,15,14,1,1,1
43,9,1123,358,15,14,1,1,1
44,9,1124,357,15,14,1,1,1
45,9,1125,356,15,14,1,1,1
46,9,1125,355,15,14,1,1,1
47,9,1125,354,15,14,1,1,1
48,9,1125,353,15,14,1,1,1
49,9,1125,351,15,14,1,1,1
50,9,1126,350,15,14,1,1,1
51,9,1126,350,15,14,1,1,1
52,9,1125,349,15,14,1,1,1
53,9,1125,348,15,14,1,1,1
54,9,1125,348,15,14,1,1,1
55,9,1125,348,15,14,1,1,1
56,9,1124,348,15,14,1,1,1
57,9,1123,349,15,14,1,1,1
58,9,1122,349,15,14,1,1,1
59,9,1121,350,15,14,1,1,1
60,9,1121,350,16,14,1,1,1
61,9,1120,350,16,15,1,1,1
62,9,1119,351,15,14,1,1,1
63,9,1118,353,15,14,1,1,1
64,9,1117,353,15,14,1,1,1
65,9,1115,355,15,14,1,1,1
66,9,1114,356,15,14,1,1,1
67,9,1113,356,16,15,1,1,1
68,9,1112,357,16,14,1,1,1
69,9,1111,358,15,14,1,1,1
70,9,1110,358,16,15,1,1,1
71,9,1109,358,16,15,1,1,1
72,9,1108,359,15,14,1,1,1
73,9,1107,359,15,14,1,1,1
74,9,1106,359,15,14,1,1,1
75,9,1106,358,15,14,1,1,1
76,9,1106,358,15,14,1,1,1
77,9,1105,356,15,14,1,1,1
78,9,1105,355,15,14,1,1,1
79,9,1106,354,15,14,1,1,1
80,9,1107,353,15,14,1,1,1
81,9,1109,351,15,14,1,1,1
82,9,1110,350,15,14,1,1,1
83,9,1112,350,15,14,1,1,1
84,9,1114,350,15,14,1,1,1
85,9,1116,349,15,14,1,1,1
86,9,1118,349,15,14,1,1,1
87,9,1120,348,15,14,1,1,1
88,9,1122,347,15,14,1,1,1
89,9,1124,346,15,14,1,1,1
90,9,1127,344,15,14,1,1,1
91,9,1129,342,15,14,1,1,1
92,9,1131,340,14,13,1,1,1
93,9,1133,338,15,14,1,1,1
94,9,1135,336,15,14,1,1,1
95,9,1137,334,15,14,1,1,1
96,9,1139,331,15,14,1,1,1
97,9,1140,329,15,14,1,1,1
98,9,1143,327,15,14,1,1,1
99,9,1144,325,15,14,1,1,1
100,9,1145,323,15,14,1,1,1
101,9,1146,321,15,14,1,1,1
102,9,1147,320,15,14,1,1,1
103,9,1148,319,15,14,1,1,1
104,9,1150,317,15,14,1,1,1
105,9,1150,316,15,14,1,1,1
106,9,1151,314,15,14,1,1,1
107,9,1152,313,15,14,1,1,1
108,9,1153,312,15,14,1,1,1
109,9,1153,310,15,14,1,1,1
110,9,1154,309,15,14,1,1,1
111,9,1154,308,15,14,1,1,1
112,9,1155,307,15,14,1,1,1
113,9,1154,306,15,14,1,1,1
114,9,1155,306,15,14,1,1,1
115,9,1155,305,15,14,1,1,1
116,9,1154,304,15,14,1,1,1
117,9,1154,303,15,14,1,1,1
118,9,1154,302,15,14,1,1,1
119,9,1154,301,15,14,1,1,1
120,9,1153,301,15,14,1,1,1
121,9,1153,301,15,14,1,1,1
122,9,1152,300,15,14,1,1,1
123,9,1152,300,15,14,1,1,1
124,9,1151,299,15,14,1,1,1
125,9,1150,298,15,14,1,1,1
126,9,1150,297,15,14,1,1,1
127,9,1149,297,15,14,1,1,1
128,9,1149,296,15,14,1,1,1
129,9,1148,296,15,14,1,1,1
130,9,1147,295,15,14,1,1,1
131,9,1147,295,15,14,1,1,1
132,9,1146,294,15,14,1,1,1
133,9,1146,294,15,14,1,1,1
134,9,1145,293,15,14,1,1,1
135,9,1145,293,15,14,1,1,1
136,9,1144,293,15,14,1,1,1
137,9,1144,292,15,14,1,1,1
138,9,1143,291,15,14,1,1,1
139,9,1143,290,15,14,1,1,1
140,9,1143,290,15,14,1,1,1
141,9,1142,289,15,14,1,1,1
142,9,1142,288,15,14,1,1,1
143,9,1141,288,15,14,1,1,1
144,9,1141,288,15,14,1,1,1
145,9,1140,288,15,14,1,1,1
146,9,1140,287,15,14,1,1,1
147,9,1139,287,15,14,1,1,1
148,9,1139,286,15,14,1,1,1
149,9,1138,286,15,14,1,1,1
150,9,1137,285,15,14,1,1,1
151,9,1136,285,15,14,1,1,1
152,9,1135,285,15,14,1,1,1
153,9,1135,284,15,14,1,1,1
154,9,1133,284,15,14,1,1,1
155,9,1132,283,15,14,1,1,1
156,9,1131,283,15,14,1,1,1
157,9,1130,283,15,14,1,1,1
158,9,1129,283,15,14,1,1,1
159,9,1128,283,15,14,1,1,1
160,9,1127,283,15,14,1,1,1
161,9,1126,282,15,14,1,1,1
162,9,1125,282,14,13,1,1,1
163,9,1125,282,15,14,1,1,1
164,9,1124,282,15,14,1,1,1
165,9,1124,282,15,14,1,1,1
166,9,1123,282,15,14,1,1,1
167,9,1122,282,15,14,1,1,1
168,9,1122,281,15,14,1,1,1
169,9,1121,281,15,14,1,1,1
170,9,1121,281,15,14,1,1,1
171,9,1121,280,15,14,1,1,1
172,9,1121,280,15,14,1,1,1
173,9,1120,280,15,14,1,1,1
174,9,1120,279,15,14,1,1,1
175,9,1120,279,15,14,1,1,1
176,9,1120,279,15,14,1,1,1
177,9,1119,279,15,14,1,1,1
178,9,1119,278,15,14,1,1,1
179,9,1119,278,15,14,1,1,1
180,9,1119,278,15,14,1,1,1
181,9,1119,277,15,14,1,1,1
182,9,1119,277,15,14,1,1,1
183,9,1119,276,15,14,1,1,1
184,9,1120,276,15,14,1,1,1
185,9,1120,275,15,14,1,1,1
186,9,1120,275,15,14,1,1,1
187,9,1120,274,15,14,1,1,1
188,9,1120,273,15,14,1,1,1
189,9,1121,273,15,14,1,1,1
190,9,1120,272,15,14,1,1,1
191,9,1120,272,15,14,1,1,1
192,9,1121,271,15,14,1,1,1
193,9,1121,271,15,14,1,1,1
194,9,1121,270,15,14,1,1,1
195,9,1122,269,15,14,1,1,1
196,9,1122,269,15,14,1,1,1
197,9,1123,267,15,14,1,1,1
198,9,1123,267,15,14,1,1,1
199,9,1123,266,15,14,1,1,1
200,9,1123,265,15,14,1,1,1
201,9,1124,264,15,14,1,1,1
202,9,1124,263,15,14,1,1,1
203,9,1125,263,15,14,1,1,1
204,9,1125,261,15,14,1,1,1
205,9,1126,261,15,14,1,1,1
206,9,1126,260,14,14,1,1,1
207,9,1127,259,14,13,1,1,1
208,9,1127,258,14,13,1,1,1
209,9,1127,257,14,13,1,1,1
210,9,1127,255,14,13,1,1,1
211,9,1128,254,14,13,1,1,1
212,9,1128,253,14,13,1,1,1
213,9,1128,252,14,13,1,1,1
214,9,1129,251,14,13,1,1,1
215,9,1129,249,14,13,1,1,1
216,9,1129,248,14,13,1,1,1
217,9,1129,246,14,13,1,1,1
218,9,1129,245,14,13,1,1,1
219,9,1129,243,14,13,1,1,1
220,9,1130,241,14,13,1,1,1
221,9,1130,240,14,13,1,1,1
222,9,1130,238,15,14,1,1,1
223,9,1130,236,14,13,1,1,1
224,9,1130,234,14,13,1,1,1
225,9,1130,232,14,13,1,1,1
226,9,1130,230,14,13,1,1,1
227,9,1131,228,14,13,1,1,1
228,9,1131,227,14,13,1,1,1
229,9,1131,225,14,13,1,1,1
230,9,1132,223,14,13,1,1,1
231,9,1133,221,14,13,1,1,1
232,9,1134,219,14,13,1,1,1
233,9,1135,216,15,14,1,1,1
234,9,1136,213,15,14,1,1,1
235,9,1138,212,15,14,1,1,1
236,9,1139,210,14,13,1,1,1
237,9,1141,207,15,14,1,1,1
238,9,1143,204,15,14,1,1,1
239,9,1145,202,14,13,1,1,1
240,9,1146,200,14,13,1,1,1
241,9,1147,197,15,14,1,1,1
242,9,1149,195,15,14,1,1,1
243,9,1151,192,15,14,1,1,1
244,9,1153,189,15,14,1,1,1
245,9,1156,187,14,13,1,1,1
246,9,1158,184,14,13,1,1,1
247,9,1160,182,14,13,1,1,1
248,9,1162,179,14,13,1,1,1
249,9,1164,177,14,13,1,1,1
250,9,1166,174,14,13,1,1,1
251,9,1168,172,14,13,1,1,1
252,9,1171,169,15,14,1,1,1
253,9,1173,167,15,14,1,1,1
254,9,1175,164,15,14,1,1,1
255,9,1177,162,15,14,1,1,1
256,9,1180,160,15,14,1,1,1
257,9,1183,158,15,14,1,1,1
258,9,1185,157,15,14,1,1,1
259,9,1188,155,15,14,1,1,1
260,9,1191,153,15,14,1,1,1
261,9,1193,152,15,14,1,1,1
262,9,1196,150,15,14,1,1,1
263,9,1197,148,15,14,1,1,1
264,9,1199,147,15,14,1,1,1
265,9,1200,145,15,14,1,1,1
266,9,1201,144,15,14,1,1,1
267,9,1202,143,15,14,1,1,1
268,9,1202,142,15,14,1,1,1
269,9,1202,141,15,14,1,1,1
270,9,1203,141,15,14,1,1,1
271,9,1203,141,15,14,1,1,1
272,9,1203,141,15,14,1,1,1
273,9,1202,141,15,14,1,1,1
274,9,1202,141,15,14,1,1,1
275,9,1202,142,15,14,1,1,1
276,9,1202,143,15,14,1,1,1
277,9,1202,144,15,14,1,1,1
278,9,1201,145,15,14,1,1,1
279,9,1201,145,15,14,1,1,1
280,9,1201,145,15,14,1,1,1
281,9,1201,145,14,13,1,1,1
282,9,1201,145,15,14,1,1,1
283,9,1201,144,14,13,1,1,1
284,9,1201,142,14,13,1,1,1
285,9,1201,139,14,13,1,1,1
286,9,1202,137,14,13,1,1,1
287,9,1202,133,15,14,1,1,1
288,9,1202,128,15,14,1,1,1
289,9,1203,124,15,14,1,1,1
290,9,1203,119,15,14,1,1,1
291,9,1203,114,15,14,1,1,1
292,9,1204,110,14,14,1,1,1
293,9,1205,104,14,13,1,1,1
294,9,1205,98,14,13,1,1,1
295,9,1206,93,14,14,1,1,1
296,9,1206,87,14,13,1,1,1
297,9,1207,81,14,13,1,1,1
298,9,1208,74,14,14,1,1,1
299,9,1209,68,14,13,1,1,1
300,9,1210,61,14,14,1,1,1
1,10,1151,364,21,18,1,1,1
2,10,1150,365,21,18,1,1,1
3,10,1150,366,21,18,1,1,1
4,10,1149,368,21,18,1,1,1
5,10,1149,369,21,18,1,1,1
6,10,1147,370,21,18,1,1,1
7,10,1147,372,21,18,1,1,1
8,10,1146,373,21,18,1,1,1
9,10,1145,374,21,18,1,1,1
10,10,1144,375,21,18,1,1,1
11,10,1143,376,21,18,1,1,1
12,10,1142,377,21,18,1,1,1
13,10,1141,378,21,18,1,1,1
14,10,1140,379,21,18,1,1,1
15,10,1139,379,21,18,1,1,1
16,10,1139,380,20,18,1,1,1
17,10,1138,381,20,17,1,1,1
18,10,1137,381,20,17,1,1,1
19,10,1136,382,20,17,1,1,1
20,10,1134,383,20,17,1,1,1
21,10,1133,383,20,17,1,1,1
22,10,1132,384,20,17,1,1,1
23,10,1130,385,21,18,1,1,1
24,10,1129,386,20,17,1,1,1
25,10,1128,387,21,18,1,1,1
26,10,1127,389,20,17,1,1,1
27,10,1125,390,20,18,1,1,1
28,10,1124,390,20,17,1,1,1
29,10,1124,391,21,18,1,1,1
30,10,1122,393,20,17,1,1,1
31,10,1121,393,21,18,1,1,1
32,10,1121,393,21,18,1,1,1
33,10,1120,394,21,18,1,1,1
34,10,1119,394,21,18,1,1,1
35,10,1118,394,21,18,1,1,1
36,10,1118,394,21,18,1,1,1
37,10,1118,394,21,18,1,1,1
38,10,1117,393,21,18,1,1,1
39,10,1118,392,21,18,1,1,1
40,10,1118,392,21,18,1,1,1
41,10,1118,391,21,18,1,1,1
42,10,1118,390,21,18,1,1,1
43,10,1118,389,21,18,1,1,1
44,10,1118,388,21,18,1,1,1
45,10,1119,387,21,18,1,1,1
46,10,1119,385,21,18,1,1,1
47,10,1119,385,21,18,1,1,1
48,10,1118,383,21,18,1,1,1
49,10,1119,383,21,18,1,1,1
50,10,1119,382,21,18,1,1,1
51,10,1118,381,21,18,1,1,1
52,10,1118,381,21,18,1,1,1
53,10,1118,380,21,18,1,1,1
54,10,1118,379,21,18,1,1,1
55,10,1117,379,22,18,1,1,1
56,10,1115,380,21,18,1,1,1
57,10,1114,380,21,18,1,1,1
58,10,1113,381,21,18,1,1,1
59,10,1112,381,21,18,1,1,1
60,10,1111,382,21,18,1,1,1
61,10,1111,383,21,18,1,1,1
62,10,1109,384,21,18,1,1,1
63,10,1108,385,21,18,1,1,1
64,10,1107,386,21,18,1,1,1
65,10,1106,387,21,18,1,1,1
66,10,1104,389,21,18,1,1,1
67,10,1103,389,21,18,1,1,1
68,10,1102,390,21,18,1,1,1
69,10,1101,391,21,18,1,1,1
70,10,1100,391,21,18,1,1,1
71,10,1099,391,21,18,1,1,1
72,10,1097,391,21,18,1,1,1
73,10,1096,391,21,18,1,1,1
74,10,1094,391,21,18,1,1,1
75,10,1094,390,21,18,1,1,1
76,10,1094,389,21,18,1,1,1
77,10,1094,388,21,18,1,1,1
78,10,1093,387,21,18,1,1,1
79,10,1094,385,21,18,1,1,1
80,10,1096,384,21,18,1,1,1
81,10,1097,383,21,18,1,1,1
82,10,1098,382,21,18,1,1,1
83,10,1100,381,21,18,1,1,1
84,10,1101,381,21,18,1,1,1
85,10,1103,381,21,18,1,1,1
86,10,1105,380,22,18,1,1,1
87,10,1107,379,21,18,1,1,1
88,10,1110,378,21,18,1,1,1
89,10,1112,377,22,19,1,1,1
90,10,1114,375,22,18,1,1,1
91,10,1116,373,22,18,1,1,1
92,10,1118,371,21,18,1,1,1
93,10,1120,369,21,18,1,1,1
94,10,1123,367,21,18,1,1,1
95,10,1124,365,21,18,1,1,1
96,10,1126,362,21,18,1,1,1
97,10,1128,360,22,19,1,1,1
98,10,1130,357,22,19,1,1,1
99,10,1131,356,22,19,1,1,1
100,10,1132,354,22,18,1,1,1
101,10,1133,352,22,18,1,1,1
102,10,1135,351,21,18,1,1,1
103,10,1136,349,21,18,1,1,1
104,10,1136,347,22,19,1,1,1
105,10,1138,346,22,19,1,1,1
106,10,1139,344,22,19,1,1,1
107,10,1139,343,22,19,1,1,1
108,10,1140,341,22,19,1,1,1
109,10,1141,340,22,19,1,1,1
110,10,1141,338,22,19,1,1,1
111,10,1142,338,22,19,1,1,1
112,10,1142,337,22,19,1,1,1
113,10,1142,336,22,19,1,1,1
114,10,1142,335,22,19,1,1,1
115,10,1141,333,22,19,1,1,1
116,10,1141,332,22,19,1,1,1
117,10,1141,331,22,19,1,1,1
118,10,1141,330,23,20,1,1,1
119,10,1140,329,22,19,1,1,1
120,10,1140,329,22,19,1,1,1
121,10,1139,328,22,19,1,1,1
122,10,1139,327,22,19,1,1,1
123,10,1138,327,22,19,1,1,1
124,10,1138,325,22,19,1,1,1
125,10,1137,325,22,19,1,1,1
126,10,1137,324,22,19,1,1,1
127,10,1136,323,22,19,1,1,1
128,10,1135,323,22,19,1,1,1
129,10,1135,322,22,19,1,1,1
130,10,1134,321,22,19,1,1,1
131,10,1134,320,22,19,1,1,1
132,10,1133,319,22,19,1,1,1
133,10,1133,318,22,19,1,1,1
134,10,1132,318,22,19,1,1,1
135,10,1132,317,22,19,1,1,1
136,10,1131,316,22,19,1,1,1
137,10,1131,315,22,19,1,1,1
138,10,1131,314,22,19,1,1,1
139,10,1130,314,22,19,1,1,1
140,10,1130,313,22,19,1,1,1
141,10,1129,312,23,19,1,1,1
142,10,1129,311,22,19,1,1,1
143,10,1129,310,22,19,1,1,1
144,10,1128,310,22,19,1,1,1
145,10,1128,309,22,19,1,1,1
146,10,1128,308,22,19,1,1,1
147,10,1127,308,22,19,1,1,1
148,10,1126,307,23,20,1,1,1
149,10,1126,307,20,19,1,1,1
150,10,1125,307,20,19,1,1,1
151,10,1125,306,19,18,1,1,1
152,10,1124,306,19,19,1,1,1
153,10,1123,305,20,19,1,1,1
154,10,1123,304,20,19,1,1,1
155,10,1122,304,20,19,1,1,1
156,10,1121,304,20,19,1,1,1
157,10,1120,304,20,19,1,1,1
158,10,1120,303,20,19,1,1,1
159,10,1119,303,20,19,1,1,1
160,10,1118,303,20,19,1,1,1
161,10,1118,302,19,18,1,1,1
162,10,1118,302,20,19,1,1,1
163,10,1117,302,20,19,1,1,1
164,10,1117,302,19,19,1,1,1
165,10,1117,302,19,18,1,1,1
166,10,1117,302,20,19,1,1,1
167,10,1117,302,20,19,1,1,1
168,10,1117,302,20,19,1,1,1
169,10,1117,301,20,19,1,1,1
170,10,1116,301,20,19,1,1,1
171,10,1117,301,20,19,1,1,1
172,10,1117,301,19,18,1,1,1
173,10,1117,300,19,18,1,1,1
174,10,1117,300,19,18,1,1,1
175,10,1117,300,20,19,1,1,1
176,10,1117,300,20,19,1,1,1
177,10,1117,299,20,19,1,1,1
178,10,1117,299,20,19,1,1,1
179,10,1117,299,20,19,1,1,1
180,10,1117,299,20,19,1,1,1
181,10,1118,298,20,19,1,1,1
182,10,1118,298,20,19,1,1,1
183,10,1118,298,20,19,1,1,1
184,10,1118,297,20,19,1,1,1
185,10,1119,297,20,19,1,1,1
186,10,1119,296,20,19,1,1,1
187,10,1120,296,20,19,1,1,1
188,10,1120,296,19,18,1,1,1
189,10,1120,295,20,19,1,1,1
190,10,1121,295,20,19,1,1,1
191,10,1121,294,20,19,1,1,1
192,10,1122,294,20,19,1,1,1
193,10,1122,293,20,19,1,1,1
194,10,1123,293,19,18,1,1,1
195,10,1123,292,20,19,1,1,1
196,10,1124,292,20,19,1,1,1
197,10,1124,291,20,19,1,1,1
198,10,1125,290,20,19,1,1,1
199,10,1125,290,20,19,1,1,1
200,10,1126,289,19,18,1,1,1
201,10,1126,288,19,18,1,1,1
202,10,1127,288,19,18,1,1,1
203,10,1127,287,19,18,1,1,1
204,10,1127,286,20,19,1,1,1
205,10,1128,286,19,18,1,1,1
206,10,1128,285,19,18,1,1,1
207,10,1128,284,19,18,1,1,1
208,10,1129,283,19,18,1,1,1
209,10,1129,282,19,18,1,1,1
210,10,1129,281,19,18,1,1,1
211,10,1130,280,19,18,1,1,1
212,10,1130,279,19,18,1,1,1
213,10,1130,278,19,18,1,1,1
214,10,1131,277,19,18,1,1,1
215,10,1131,276,19,18,1,1,1
216,10,1131,275,20,19,1,1,1
217,10,1131,274,20,19,1,1,1
218,10,1131,273,20,19,1,1,1
219,10,1131,271,19,18,1,1,1
220,10,1131,270,19,18,1,1,1
221,10,1131,269,19,18,1,1,1
222,10,1131,267,19,18,1,1,1
223,10,1131,266,19,18,1,1,1
224,10,1131,265,19,18,1,1,1
225,10,1132,263,19,18,1,1,1
226,10,1132,261,20,19,1,1,1
227,10,1132,260,20,19,1,1,1
228,10,1132,258,20,19,1,1,1
229,10,1133,257,20,19,1,1,1
230,10,1133,255,20,19,1,1,1
231,10,1134,254,20,19,1,1,1
232,10,1135,252,20,19,1,1,1
233,10,1136,250,20,19,1,1,1
234,10,1137,248,20,19,1,1,1
235,10,1138,246,20,19,1,1,1
236,10,1140,243,20,19,1,1,1
237,10,1141,241,20,19,1,1,1
238,10,1143,239,20,19,1,1,1
239,10,1144,237,20,19,1,1,1
240,10,1146,235,20,19,1,1,1
241,10,1148,233,20,19,1,1,1
242,10,1149,230,20,19,1,1,1
243,10,1151,228,20,19,1,1,1
244,10,1153,226,20,19,1,1,1
245,10,1154,223,20,19,1,1,1
246,10,1156,221,20,19,1,1,1
247,10,1158,219,20,19,1,1,1
248,10,1159,217,21,20,1,1,1
249,10,1161,215,20,19,1,1,1
250,10,1163,212,21,20,1,1,1
251,10,1165,210,21,20,1,1,1
252,10,1167,208,21,20,1,1,1
253,10,1169,206,21,20,1,1,1
254,10,1171,204,21,20,1,1,1
255,10,1173,202,21,20,1,1,1
256,10,1176,202,20,19,1,1,1
257,10,1178,200,20,19,1,1,1
258,10,1180,199,20,19,1,1,1
259,10,1183,197,20,19,1,1,1
260,10,1185,196,20,19,1,1,1
261,10,1187,195,20,19,1,1,1
262,10,1189,194,20,19,1,1,1
263,10,1190,192,20,19,1,1,1
264,10,1191,191,20,19,1,1,1
265,10,1192,190,20,19,1,1,1
266,10,1193,189,20,19,1,1,1
267,10,1193,188,20,19,1,1,1
268,10,1193,187,20,19,1,1,1
269,10,1192,186,22,20,1,1,1
270,10,1193,185,21,20,1,1,1
271,10,1192,185,21,20,1,1,1
272,10,1192,186,21,20,1,1,1
273,10,1191,187,21,20,1,1,1
274,10,1191,187,21,20,1,1,1
275,10,1190,188,21,20,1,1,1
276,10,1190,189,21,20,1,1,1
277,10,1189,190,21,20,1,1,1
278,10,1188,191,21,20,1,1,1
279,10,1188,191,21,20,1,1,1
280,10,1188,191,21,20,1,1,1
281,10,1187,192,21,20,1,1,1
282,10,1187,192,21,20,1,1,1
283,10,1187,190,21,20,1,1,1
284,10,1187,188,21,20,1,1,1
285,10,1187,186,21,20,1,1,1
286,10,1186,183,21,20,1,1,1
287,10,1187,180,21,20,1,1,1
288,10,1187,175,21,20,1,1,1
289,10,1187,171,21,20,1,1,1
290,10,1187,166,21,20,1,1,1
291,10,1187,161,21,20,1,1,1
292,10,1187,156,21,20,1,1,1
293,10,1187,150,21,20,1,1,1
294,10,1188,145,21,20,1,1,1
295,10,1188,139,21,20,1,1,1
296,10,1189,133,21,20,1,1,1
297,10,1189,127,21,20,1,1,1
298,10,1190,120,21,20,1,1,1
299,10,1191,113,21,20,1,1,1
300,10,1191,106,21,20,1,1,1
1,11,1261,564,18,21,1,1,1
2,11,1259,565,18,21,1,1,1
3,11,1258,566,17,20,1,1,1
4,11,1255,568,20,19,1,1,1
5,11,1252,569,20,19,1,1,1
6,11,1250,570,21,19,1,1,1
7,11,1247,571,20,19,1,1,1
8,11,1245,573,20,19,1,1,1
9,11,1242,574,20,19,1,1,1
10,11,1240,575,20,19,1,1,1
11,11,1237,576,20,19,1,1,1
12,11,1235,576,21,20,1,1,1
13,11,1232,577,21,20,1,1,1
14,11,1230,579,19,18,1,1,1
15,11,1226,579,21,20,1,1,1
16,11,1224,580,20,19,1,1,1
17,11,1220,581,20,19,1,1,1
18,11,1217,582,20,19,1,1,1
19,11,1214,582,21,20,1,1,1
20,11,1212,583,20,19,1,1,1
21,11,1208,584,20,19,1,1,1
22,11,1205,585,19,18,1,1,1
23,11,1202,586,19,18,1,1,1
24,11,1199,587,19,18,1,1,1
25,11,1196,589,19,18,1,1,1
26,11,1192,591,19,18,1,1,1
27,11,1190,592,19,18,1,1,1
28,11,1186,592,20,19,1,1,1
29,11,1185,595,18,17,1,1,1
30,11,1181,596,19,18,1,1,1
31,11,1178,597,19,18,1,1,1
32,11,1176,597,20,19,1,1,1
33,11,1173,599,20,19,1,1,1
34,11,1170,600,20,19,1,1,1
35,11,1169,600,20,19,1,1,1
36,11,1167,600,19,18,1,1,1
37,11,1165,600,20,19,1,1,1
38,11,1164,600,20,19,1,1,1
39,11,1161,599,20,19,1,1,1
40,11,1160,598,21,20,1,1,1
41,11,1159,598,21,20,1,1,1
42,11,1158,597,21,20,1,1,1
43,11,1157,597,21,20,1,1,1
44,11,1156,596,21,20,1,1,1
45,11,1155,595,21,20,1,1,1
46,11,1154,594,21,20,1,1,1
47,11,1153,594,21,20,1,1,1
48,11,1152,594,20,19,1,1,1
49,11,1151,594,21,20,1,1,1
50,11,1149,593,21,20,1,1,1
51,11,1148,593,21,20,1,1,1
52,11,1147,593,21,20,1,1,1
53,11,1146,593,21,20,1,1,1
54,11,1145,593,21,20,1,1,1
55,11,1143,594,21,20,1,1,1
56,11,1140,595,21,20,1,1,1
57,11,1138,596,20,19,1,1,1
58,11,1136,598,19,18,1,1,1
59,11,1135,599,19,18,1,1,1
60,11,1133,601,19,18,1,1,1
61,11,1131,602,19,18,1,1,1
62,11,1130,604,19,18,1,1,1
63,11,1128,606,20,19,1,1,1
64,11,1126,607,19,18,1,1,1
65,11,1124,609,19,18,1,1,1
66,11,1122,612,19,18,1,1,1
67,11,1121,613,19,18,1,1,1
68,11,1120,615,19,18,1,1,1
69,11,1119,616,19,18,1,1,1
70,11,1118,618,19,18,1,1,1
71,11,1117,619,18,17,1,1,1
72,11,1115,620,18,17,1,1,1
73,11,1114,620,18,17,1,1,1
74,11,1113,622,17,16,1,1,1
75,11,1113,622,17,16,1,1,1
76,11,1113,622,17,16,1,1,1
77,11,1113,622,17,16,1,1,1
78,11,1113,622,17,16,1,1,1
79,11,1115,621,17,16,1,1,1
80,11,1117,621,17,16,1,1,1
81,11,1119,621,16,16,1,1,1
82,11,1121,621,16,15,1,1,1
83,11,1123,621,16,15,1,1,1
84,11,1126,623,16,15,1,1,1
85,11,1128,623,16,15,1,1,1
86,11,1132,624,16,15,1,1,1
87,11,1134,624,16,15,1,1,1
88,11,1137,623,16,15,1,1,1
89,11,1140,623,16,15,1,1,1
90,11,1143,622,16,15,1,1,1
91,11,1146,621,16,15,1,1,1
92,11,1149,619,16,15,1,1,1
93,11,1152,618,16,15,1,1,1
94,11,1155,616,16,15,1,1,1
95,11,1159,614,17,16,1,1,1
96,11,1163,611,18,17,1,1,1
97,11,1166,609,17,16,1,1,1
98,11,1170,607,16,16,1,1,1
99,11,1169,606,19,17,1,1,1
100,11,1171,605,19,17,1,1,1
101,11,1173,605,18,16,1,1,1
157,11,1243,549,20,19,1,1,1
158,11,1243,548,20,19,1,1,1
159,11,1243,547,20,19,1,1,1
160,11,1243,546,21,20,1,1,1
161,11,1243,546,21,20,1,1,1
162,11,1247,543,20,18,1,1,1
163,11,1247,543,20,18,1,1,1
164,11,1248,542,20,18,1,1,1
165,11,1248,540,21,19,1,1,1
166,11,1248,538,22,20,1,1,1
167,11,1248,537,23,20,1,1,1
168,11,1248,536,23,21,1,1,1
169,11,1248,533,26,23,1,1,1
170,11,1249,532,26,23,1,1,1
171,11,1249,530,26,23,1,1,1
172,11,1249,529,27,24,1,1,1
173,11,1250,528,26,24,1,1,1
174,11,1250,527,27,24,1,1,1
175,11,1250,526,27,24,1,1,1
176,11,1249,524,28,25,1,1,1
177,11,1249,523,28,25,1,1,1
178,11,1255,522,22,21,1,1,1
179,11,1255,521,22,21,1,1,1
180,11,1256,519,23,22,1,1,1
181,11,1257,518,23,22,1,1,1
182,11,1257,516,23,22,1,1,1
183,11,1257,515,23,22,1,1,1
184,11,1258,514,23,22,1,1,1
185,11,1258,512,24,23,1,1,1
186,11,1259,511,24,20,1,1,1
187,11,1260,509,20,20,1,1,1
188,11,1260,508,20,20,1,1,1
189,11,1260,506,20,20,1,1,1
190,11,1261,504,20,20,1,1,1
191,11,1260,502,21,21,1,1,1
192,11,1260,501,21,21,1,1,1
193,11,1260,500,21,21,1,1,1
194,11,1260,498,21,21,1,1,1
195,11,1264,497,18,18,1,1,1
196,11,1264,495,15,18,1,1,1
197,11,1264,493,15,18,1,1,1
198,11,1265,492,15,18,1,1,1
199,11,1265,490,15,18,1,1,1
200,11,1264,488,15,18,1,1,1
201,11,1265,486,15,18,1,1,1
202,11,1264,484,16,19,1,1,1
203,11,1264,483,15,18,1,1,1
204,11,1264,481,15,18,1,1,1
205,11,1263,480,15,18,1,1,1
206,11,1263,478,16,19,1,1,1
207,11,1262,476,15,18,1,1,1
208,11,1261,474,15,18,1,1,1
209,11,1261,472,16,19,1,1,1
210,11,1260,470,16,19,1,1,1
211,11,1259,468,16,19,1,1,1
212,11,1258,466,16,19,1,1,1
213,11,1257,464,16,19,1,1,1
214,11,1256,462,20,20,1,1,1
215,11,1254,460,20,20,1,1,1
216,11,1253,458,20,20,1,1,1
217,11,1251,456,21,21,1,1,1
218,11,1250,454,20,20,1,1,1
219,11,1248,452,20,20,1,1,1
220,11,1247,450,20,20,1,1,1
221,11,1245,448,20,20,1,1,1
222,11,1243,446,20,20,1,1,1
223,11,1241,444,20,20,1,1,1
224,11,1240,442,20,20,1,1,1
225,11,1237,439,20,20,1,1,1
226,11,1236,437,20,20,1,1,1
227,11,1234,435,20,20,1,1,1
228,11,1232,433,20,20,1,1,1
229,11,1229,431,21,21,1,1,1
230,11,1227,429,21,21,1,1,1
231,11,1227,428,20,20,1,1,1
232,11,1225,425,21,21,1,1,1
233,11,1224,422,21,21,1,1,1
234,11,1223,420,21,21,1,1,1
235,11,1222,417,21,21,1,1,1
236,11,1221,415,22,22,1,1,1
237,11,1220,412,22,22,1,1,1
238,11,1220,410,22,22,1,1,1
239,11,1219,408,22,22,1,1,1
240,11,1218,405,22,22,1,1,1
241,11,1218,403,22,22,1,1,1
242,11,1218,401,22,22,1,1,1
243,11,1217,398,22,22,1,1,1
244,11,1217,396,22,22,1,1,1
245,11,1217,394,22,22,1,1,1
246,11,1217,392,21,21,1,1,1
247,11,1216,390,22,22,1,1,1
248,11,1217,389,21,21,1,1,1
249,11,1216,386,22,22,1,1,1
250,11,1216,385,21,21,1,1,1
251,11,1216,384,21,21,1,1,1
252,11,1216,381,22,22,1,1,1
253,11,1216,380,21,21,1,1,1
254,11,1216,378,22,22,1,1,1
255,11,1217,378,20,20,1,1,1
256,11,1218,377,21,21,1,1,1
257,11,1218,377,21,21,1,1,1
258,11,1218,376,21,21,1,1,1
259,11,1219,376,21,21,1,1,1
260,11,1219,376,21,21,1,1,1
261,11,1220,377,19,19,1,1,1
262,11,1221,376,19,19,1,1,1
263,11,1220,376,19,19,1,1,1
264,11,1220,376,19,19,1,1,1
265,11,1219,376,19,19,1,1,1
266,11,1218,376,19,19,1,1,1
267,11,1217,377,18,18,1,1,1
268,11,1215,374,23,22,1,1,1
269,11,1214,375,23,22,1,1,1
270,11,1213,376,22,21,1,1,1
271,11,1211,377,22,21,1,1,1
272,11,1208,379,22,21,1,1,1
273,11,1207,381,22,21,1,1,1
274,11,1205,383,22,21,1,1,1
275,11,1203,385,22,21,1,1,1
276,11,1202,388,22,21,1,1,1
277,11,1200,390,22,21,1,1,1
278,11,1198,392,22,21,1,1,1
279,11,1197,394,21,20,1,1,1
280,11,1196,396,21,20,1,1,1
281,11,1196,397,20,19,1,1,1
282,11,1194,399,20,19,1,1,1
283,11,1193,399,20,19,1,1,1
284,11,1192,398,20,19,1,1,1
285,11,1191,397,21,20,1,1,1
286,11,1190,397,20,19,1,1,1
287,11,1189,394,20,20,1,1,1
288,11,1188,391,21,20,1,1,1
289,11,1187,388,22,21,1,1,1
290,11,1186,385,22,21,1,1,1
291,11,1186,381,22,21,1,1,1
292,11,1185,378,22,21,1,1,1
293,11,1184,374,22,21,1,1,1
294,11,1183,370,22,21,1,1,1
295,11,1184,366,22,21,1,1,1
296,11,1183,361,22,21,1,1,1
297,11,1183,358,21,20,1,1,1
298,11,1183,353,21,20,1,1,1
299,11,1183,348,21,20,1,1,1
300,11,1184,343,21,20,1,1,1
6,12,585,0,22,13,1,1,1
7,12,586,2,19,11,1,1,1
8,12,584,1,23,15,1,1,1
9,12,584,2,23,15,1,1,1
10,12,584,1,22,18,1,1,1
11,12,583,1,23,19,1,1,1
12,12,581,2,26,20,1,1,1
13,12,581,3,26,20,1,1,1
14,12,579,3,28,21,1,1,1
15,12,579,3,28,21,1,1,1
16,12,578,4,29,21,1,1,1
17,12,579,4,28,21,1,1,1
18,12,579,5,28,21,1,1,1
19,12,578,6,28,21,1,1,1
20,12,578,7,27,20,1,1,1
21,12,577,7,28,21,1,1,1
22,12,577,8,27,20,1,1,1
23,12,577,9,28,21,1,1,1
24,12,576,10,28,21,1,1,1
25,12,576,11,28,21,1,1,1
26,12,575,12,28,21,1,1,1
27,12,573,9,32,27,1,1,1
28,12,572,10,33,28,1,1,1
29,12,572,10,33,28,1,1,1
30,12,572,12,33,28,1,1,1
31,12,572,12,33,27,1,1,1
32,12,572,13,33,28,1,1,1
33,12,572,14,33,28,1,1,1
34,12,572,15,32,27,1,1,1
35,12,571,15,32,27,1,1,1
36,12,571,15,32,27,1,1,1
37,12,571,16,32,27,1,1,1
38,12,571,16,32,27,1,1,1
39,12,572,17,32,27,1,1,1
40,12,572,17,32,27,1,1,1
41,12,572,17,33,28,1,1,1
42,12,572,17,33,28,1,1,1
43,12,572,16,33,28,1,1,1
44,12,573,16,33,28,1,1,1
45,12,573,16,33,28,1,1,1
46,12,573,16,33,28,1,1,1
47,12,573,16,33,28,1,1,1
48,12,573,16,33,28,1,1,1
49,12,573,16,34,29,1,1,1
50,12,573,16,34,28,1,1,1
51,12,573,16,33,28,1,1,1
52,12,573,17,33,28,1,1,1
53,12,572,18,33,28,1,1,1
54,12,573,19,33,28,1,1,1
55,12,572,19,34,28,1,1,1
56,12,571,19,34,29,1,1,1
57,12,571,20,34,29,1,1,1
58,12,570,21,34,29,1,1,1
59,12,570,23,34,29,1,1,1
60,12,569,24,34,29,1,1,1
61,12,568,26,34,29,1,1,1
62,12,567,27,34,29,1,1,1
63,12,567,30,34,29,1,1,1
64,12,566,32,34,28,1,1,1
65,12,565,33,35,29,1,1,1
66,12,563,36,34,29,1,1,1
67,12,562,38,35,30,1,1,1
68,12,560,41,35,29,1,1,1
69,12,559,43,35,30,1,1,1
70,12,558,46,35,29,1,1,1
71,12,557,47,35,29,1,1,1
72,12,555,48,35,30,1,1,1
73,12,554,49,35,30,1,1,1
74,12,553,50,36,30,1,1,1
75,12,552,50,35,30,1,1,1
76,12,551,52,35,30,1,1,1
77,12,552,53,34,30,1,1,1
78,12,550,53,36,31,1,1,1
79,12,551,55,35,30,1,1,1
80,12,552,55,35,30,1,1,1
81,12,552,56,35,30,1,1,1
82,12,553,57,35,30,1,1,1
83,12,555,58,35,30,1,1,1
84,12,556,59,36,30,1,1,1
85,12,558,61,36,31,1,1,1
86,12,560,62,35,30,1,1,1
87,12,561,62,36,31,1,1,1
88,12,563,62,36,31,1,1,1
89,12,565,62,37,32,1,1,1
90,12,566,62,37,32,1,1,1
91,12,569,62,35,30,1,1,1
92,12,571,62,35,30,1,1,1
93,12,572,61,36,31,1,1,1
94,12,574,61,37,31,1,1,1
95,12,575,61,36,31,1,1,1
96,12,577,61,36,31,1,1,1
97,12,578,60,36,31,1,1,1
98,12,579,60,36,31,1,1,1
99,12,580,60,36,31,1,1,1
100,12,582,60,36,31,1,1,1
101,12,583,60,36,30,1,1,1
102,12,584,59,36,31,1,1,1
103,12,585,59,36,31,1,1,1
104,12,586,59,36,31,1,1,1
105,12,586,59,37,31,1,1,1
106,12,587,59,37,31,1,1,1
107,12,588,59,37,31,1,1,1
108,12,588,59,36,31,1,1,1
109,12,589,59,37,31,1,1,1
110,12,589,59,37,31,1,1,1
111,12,589,60,37,31,1,1,1
112,12,590,60,37,31,1,1,1
113,12,590,61,37,31,1,1,1
114,12,590,61,37,31,1,1,1
115,12,590,62,37,31,1,1,1
116,12,589,63,37,31,1,1,1
117,12,589,63,38,31,1,1,1
118,12,589,64,37,31,1,1,1
119,12,588,65,37,31,1,1,1
120,12,588,66,38,32,1,1,1
121,12,588,67,37,31,1,1,1
122,12,587,68,37,31,1,1,1
123,12,587,69,38,31,1,1,1
124,12,586,70,38,31,1,1,1
125,12,586,71,37,31,1,1,1
126,12,585,72,37,31,1,1,1
127,12,585,73,38,32,1,1,1
128,12,583,74,38,32,1,1,1
129,12,583,76,38,32,1,1,1
130,12,582,77,38,32,1,1,1
131,12,582,78,39,32,1,1,1
132,12,581,80,38,32,1,1,1
133,12,581,81,38,32,1,1,1
134,12,580,82,39,33,1,1,1
135,12,580,83,38,32,1,1,1
136,12,580,84,39,33,1,1,1
137,12,580,85,39,33,1,1,1
138,12,579,87,38,32,1,1,1
139,12,579,88,39,32,1,1,1
140,12,579,89,39,32,1,1,1
141,12,578,90,39,33,1,1,1
142,12,578,91,39,32,1,1,1
143,12,578,93,39,33,1,1,1
144,12,578,95,39,32,1,1,1
145,12,577,96,39,32,1,1,1
146,12,576,98,40,33,1,1,1
147,12,576,99,39,33,1,1,1
148,12,575,101,39,33,1,1,1
149,12,574,102,39,33,1,1,1
150,12,573,104,39,33,1,1,1
151,12,572,106,40,34,1,1,1
152,12,572,108,39,33,1,1,1
153,12,570,109,39,33,1,1,1
154,12,570,111,40,34,1,1,1
155,12,569,113,39,33,1,1,1
156,12,567,115,40,34,1,1,1
157,12,567,117,39,33,1,1,1
158,12,565,118,40,34,1,1,1
159,12,564,120,40,34,1,1,1
160,12,563,122,40,34,1,1,1
161,12,563,124,40,34,1,1,1
162,12,562,126,40,34,1,1,1
163,12,561,128,40,34,1,1,1
164,12,561,130,40,34,1,1,1
165,12,560,132,40,34,1,1,1
166,12,560,134,41,34,1,1,1
167,12,560,136,40,34,1,1,1
168,12,559,138,41,34,1,1,1
169,12,559,139,41,34,1,1,1
170,12,558,141,41,34,1,1,1
171,12,558,143,40,34,1,1,1
172,12,557,145,42,35,1,1,1
173,12,557,147,41,35,1,1,1
174,12,557,148,42,35,1,1,1
175,12,557,151,41,34,1,1,1
176,12,556,153,41,35,1,1,1
177,12,557,155,40,34,1,1,1
178,12,555,157,42,35,1,1,1
179,12,556,158,41,35,1,1,1
180,12,555,160,42,35,1,1,1
181,12,555,162,42,36,1,1,1
182,12,554,163,43,36,1,1,1
183,12,555,166,42,35,1,1,1
184,12,555,168,42,36,1,1,1
185,12,555,170,42,35,1,1,1
186,12,555,172,42,35,1,1,1
187,12,555,173,42,36,1,1,1
188,12,555,175,43,36,1,1,1
189,12,555,177,43,36,1,1,1
190,12,555,179,43,36,1,1,1
191,12,555,181,42,36,1,1,1
192,12,555,183,43,36,1,1,1
193,12,555,185,43,36,1,1,1
194,12,555,187,42,36,1,1,1
195,12,554,189,43,36,1,1,1
196,12,554,191,43,37,1,1,1
197,12,554,194,43,36,1,1,1
198,12,553,196,43,37,1,1,1
199,12,553,198,43,37,1,1,1
200,12,552,200,44,37,1,1,1
201,12,552,201,45,38,1,1,1
202,12,552,204,44,37,1,1,1
203,12,552,205,44,37,1,1,1
204,12,552,207,45,38,1,1,1
205,12,552,208,45,38,1,1,1
206,12,552,210,44,38,1,1,1
207,12,553,212,44,37,1,1,1
208,12,553,213,45,38,1,1,1
209,12,553,215,44,37,1,1,1
210,12,553,217,44,38,1,1,1
211,12,553,218,45,38,1,1,1
212,12,553,220,45,38,1,1,1
213,12,553,222,45,38,1,1,1
214,12,553,224,44,37,1,1,1
215,12,553,226,43,36,1,1,1
216,12,552,227,45,38,1,1,1
217,12,551,228,45,38,1,1,1
218,12,551,230,45,38,1,1,1
219,12,551,232,44,37,1,1,1
220,12,550,233,45,38,1,1,1
221,12,549,235,46,39,1,1,1
222,12,549,236,46,39,1,1,1
223,12,548,238,46,39,1,1,1
224,12,548,239,46,39,1,1,1
225,12,548,240,46,39,1,1,1
226,12,548,241,46,39,1,1,1
227,12,549,243,46,39,1,1,1
228,12,549,244,46,39,1,1,1
229,12,549,245,46,39,1,1,1
230,12,550,246,47,39,1,1,1
231,12,551,248,46,39,1,1,1
232,12,552,250,46,39,1,1,1
233,12,553,251,46,39,1,1,1
234,12,555,253,46,39,1,1,1
235,12,556,253,47,40,1,1,1
236,12,558,255,47,40,1,1,1
237,12,560,255,47,40,1,1,1
238,12,561,256,48,41,1,1,1
239,12,563,258,48,41,1,1,1
240,12,565,259,48,41,1,1,1
241,12,567,261,48,40,1,1,1
242,12,569,262,48,41,1,1,1
243,12,571,264,48,41,1,1,1
244,12,573,265,49,41,1,1,1
245,12,575,267,49,41,1,1,1
246,12,577,269,49,42,1,1,1
247,12,580,271,48,41,1,1,1
248,12,583,274,48,41,1,1,1
249,12,585,276,48,41,1,1,1
250,12,588,278,48,41,1,1,1
251,12,591,280,48,41,1,1,1
252,12,594,282,49,42,1,1,1
253,12,597,284,49,42,1,1,1
254,12,600,286,49,42,1,1,1
255,12,604,289,49,41,1,1,1
256,12,607,292,49,42,1,1,1
257,12,610,295,50,42,1,1,1
258,12,613,297,50,42,1,1,1
259,12,616,300,50,42,1,1,1
260,12,620,304,50,42,1,1,1
261,12,624,307,49,42,1,1,1
262,12,626,310,50,42,1,1,1
263,12,629,313,49,42,1,1,1
264,12,630,316,50,42,1,1,1
265,12,632,319,50,42,1,1,1
266,12,634,322,51,43,1,1,1
267,12,635,326,51,43,1,1,1
268,12,636,329,51,43,1,1,1
269,12,637,333,51,43,1,1,1
270,12,639,337,51,43,1,1,1
271,12,639,341,51,43,1,1,1
272,12,639,345,52,44,1,1,1
273,12,641,350,51,43,1,1,1
274,12,642,355,50,42,1,1,1
275,12,642,360,50,42,1,1,1
276,12,642,364,52,44,1,1,1
277,12,643,369,51,43,1,1,1
278,12,643,374,51,43,1,1,1
279,12,643,379,52,44,1,1,1
280,12,643,382,52,44,1,1,1
281,12,644,386,52,44,1,1,1
282,12,643,390,53,45,1,1,1
283,12,644,393,53,44,1,1,1
284,12,645,395,52,44,1,1,1
285,12,646,398,51,43,1,1,1
286,12,646,400,51,43,1,1,1
287,12,646,401,51,43,1,1,1
288,12,647,401,50,43,1,1,1
289,12,647,402,50,43,1,1,1
290,12,648,402,50,42,1,1,1
291,12,648,402,50,42,1,1,1
292,12,649,402,50,42,1,1,1
293,12,649,401,50,42,1,1,1
294,12,649,400,50,43,1,1,1
295,12,649,399,51,43,1,1,1
296,12,649,398,51,43,1,1,1
297,12,650,397,51,43,1,1,1
298,12,651,396,50,43,1,1,1
299,12,651,395,51,43,1,1,1
300,12,652,394,51,43,1,1,1
173,13,855,637,29,18,1,1,1
174,13,855,637,28,18,1,1,1
175,13,855,636,28,18,1,1,1
176,13,854,636,28,17,1,1,1
177,13,853,636,29,18,1,1,1
178,13,853,635,29,18,1,1,1
179,13,852,634,29,18,1,1,1
180,13,851,634,30,22,1,1,1
181,13,851,633,30,21,1,1,1
182,13,850,633,30,21,1,1,1
183,13,850,632,30,21,1,1,1
184,13,850,631,30,21,1,1,1
185,13,849,630,30,21,1,1,1
186,13,849,630,31,25,1,1,1
187,13,849,629,31,25,1,1,1
188,13,848,628,31,25,1,1,1
189,13,848,628,31,25,1,1,1
190,13,848,627,31,25,1,1,1
191,13,848,627,31,25,1,1,1
192,13,848,626,31,25,1,1,1
193,13,848,626,31,25,1,1,1
194,13,848,625,31,25,1,1,1
195,13,848,624,31,30,1,1,1
196,13,848,623,31,30,1,1,1
197,13,848,623,32,31,1,1,1
198,13,848,622,31,30,1,1,1
199,13,848,621,31,30,1,1,1
200,13,848,620,31,30,1,1,1
201,13,848,619,31,30,1,1,1
202,13,848,619,31,30,1,1,1
203,13,848,618,31,30,1,1,1
204,13,848,617,31,30,1,1,1
205,13,848,616,31,30,1,1,1
206,13,848,615,31,30,1,1,1
207,13,849,614,31,30,1,1,1
208,13,849,613,31,30,1,1,1
209,13,849,611,31,30,1,1,1
210,13,849,610,31,30,1,1,1
211,13,850,609,30,30,1,1,1
212,13,850,608,31,30,1,1,1
213,13,850,607,31,30,1,1,1
214,13,851,605,31,30,1,1,1
215,13,851,604,31,30,1,1,1
216,13,851,603,31,30,1,1,1
217,13,851,601,31,30,1,1,1
218,13,852,600,30,29,1,1,1
219,13,852,599,31,30,1,1,1
220,13,853,597,30,29,1,1,1
221,13,853,595,30,29,1,1,1
222,13,853,594,30,29,1,1,1
223,13,853,592,31,30,1,1,1
224,13,854,591,31,30,1,1,1
225,13,854,589,30,29,1,1,1
226,13,855,587,30,30,1,1,1
227,13,855,585,31,30,1,1,1
228,13,856,584,31,30,1,1,1
229,13,857,582,31,30,1,1,1
230,13,857,581,30,29,1,1,1
231,13,859,579,30,29,1,1,1
232,13,861,577,30,29,1,1,1
233,13,862,575,31,30,1,1,1
234,13,864,574,30,29,1,1,1
235,13,866,572,30,29,1,1,1
236,13,868,570,30,29,1,1,1
237,13,869,568,31,30,1,1,1
238,13,871,566,30,29,1,1,1
239,13,874,564,30,29,1,1,1
240,13,875,561,31,30,1,1,1
241,13,878,560,30,29,1,1,1
242,13,880,558,30,29,1,1,1
243,13,882,556,31,30,1,1,1
244,13,885,554,31,30,1,1,1
245,13,888,552,30,29,1,1,1
246,13,890,550,31,30,1,1,1
247,13,893,549,31,30,1,1,1
248,13,896,547,30,29,1,1,1
249,13,899,546,30,29,1,1,1
250,13,902,544,30,29,1,1,1
251,13,904,542,30,30,1,1,1
252,13,907,541,30,29,1,1,1
253,13,910,539,31,30,1,1,1
254,13,913,537,31,30,1,1,1
255,13,916,536,31,30,1,1,1
256,13,919,535,31,30,1,1,1
257,13,923,534,30,29,1,1,1
258,13,926,533,31,30,1,1,1
259,13,929,533,30,29,1,1,1
260,13,932,532,30,29,1,1,1
261,13,935,531,31,30,1,1,1
262,13,938,530,30,29,1,1,1
263,13,940,529,30,29,1,1,1
264,13,941,528,31,30,1,1,1
265,13,943,527,31,30,1,1,1
266,13,945,526,31,30,1,1,1
267,13,945,525,31,30,1,1,1
268,13,946,525,31,30,1,1,1
269,13,947,525,30,29,1,1,1
270,13,947,524,30,29,1,1,1
271,13,947,524,30,29,1,1,1
272,13,947,524,30,29,1,1,1
273,13,947,524,31,30,1,1,1
274,13,947,525,30,29,1,1,1
275,13,946,525,31,30,1,1,1
276,13,946,526,30,29,1,1,1
277,13,946,527,30,29,1,1,1
278,13,946,527,30,29,1,1,1
279,13,945,527,31,30,1,1,1
280,13,945,527,30,29,1,1,1
281,13,945,527,30,29,1,1,1
282,13,944,527,31,30,1,1,1
283,13,944,524,31,30,1,1,1
284,13,944,522,30,29,1,1,1
285,13,944,519,31,30,1,1,1
286,13,943,516,31,30,1,1,1
287,13,943,512,30,30,1,1,1
288,13,943,507,31,30,1,1,1
289,13,942,502,31,30,1,1,1
290,13,942,497,31,30,1,1,1
291,13,941,492,31,30,1,1,1
292,13,941,486,31,30,1,1,1
293,13,941,480,30,29,1,1,1
294,13,940,474,30,29,1,1,1
295,13,940,468,30,29,1,1,1
296,13,940,461,31,30,1,1,1
297,13,940,455,30,29,1,1,1
298,13,940,448,30,29,1,1,1
299,13,940,441,31,30,1,1,1
300,13,940,435,30,29,1,1,1
