1,-1,208,173,26,21,1,-1,-1,-1
1,-1,379,45,45,31,1,-1,-1,-1
2,-1,207,173,26,21,1,-1,-1,-1
2,-1,379,45,45,31,1,-1,-1,-1
3,-1,207,173,26,21,1,-1,-1,-1
3,-1,379,45,45,31,1,-1,-1,-1
4,-1,206,173,26,21,1,-1,-1,-1
4,-1,380,45,45,31,1,-1,-1,-1
5,-1,206,173,26,21,1,-1,-1,-1
5,-1,380,45,45,31,1,-1,-1,-1
6,-1,205,174,26,21,1,-1,-1,-1
6,-1,381,45,45,31,1,-1,-1,-1
7,-1,205,174,26,21,1,-1,-1,-1
7,-1,381,45,45,31,1,-1,-1,-1
8,-1,204,174,26,21,1,-1,-1,-1
8,-1,381,45,45,31,1,-1,-1,-1
9,-1,204,174,26,21,1,-1,-1,-1
9,-1,381,45,45,31,1,-1,-1,-1
10,-1,203,174,26,21,1,-1,-1,-1
10,-1,382,45,45,31,1,-1,-1,-1
11,-1,203,174,26,21,1,-1,-1,-1
11,-1,382,45,45,31,1,-1,-1,-1
12,-1,202,174,26,21,1,-1,-1,-1
12,-1,382,45,45,31,1,-1,-1,-1
13,-1,202,174,26,21,1,-1,-1,-1
13,-1,382,45,45,31,1,-1,-1,-1
14,-1,201,174,26,21,1,-1,-1,-1
14,-1,383,45,45,31,1,-1,-1,-1
15,-1,200,174,26,21,1,-1,-1,-1
15,-1,383,45,45,31,1,-1,-1,-1
16,-1,200,174,26,21,1,-1,-1,-1
16,-1,383,45,45,31,1,-1,-1,-1
17,-1,199,174,26,21,1,-1,-1,-1
17,-1,383,45,45,31,1,-1,-1,-1
18,-1,199,174,26,21,1,-1,-1,-1
18,-1,383,45,45,31,1,-1,-1,-1
19,-1,198,175,26,21,1,-1,-1,-1
19,-1,386,42,42,34,1,-1,-1,-1
20,-1,198,175,26,21,1,-1,-1,-1
20,-1,386,42,42,34,1,-1,-1,-1
21,-1,196,175,26,21,1,-1,-1,-1
21,-1,386,42,42,34,1,-1,-1,-1
22,-1,196,175,26,21,1,-1,-1,-1
22,-1,386,42,42,34,1,-1,-1,-1
23,-1,195,175,26,21,1,-1,-1,-1
23,-1,386,42,42,34,1,-1,-1,-1
24,-1,195,175,26,21,1,-1,-1,-1
24,-1,386,42,42,34,1,-1,-1,-1
25,-1,194,175,26,21,1,-1,-1,-1
25,-1,386,42,42,34,1,-1,-1,-1
26,-1,194,175,26,21,1,-1,-1,-1
26,-1,386,42,42,34,1,-1,-1,-1
27,-1,192,175,26,21,1,-1,-1,-1
27,-1,386,42,42,34,1,-1,-1,-1
28,-1,192,175,26,21,1,-1,-1,-1
28,-1,386,42,42,34,1,-1,-1,-1
29,-1,191,175,26,21,1,-1,-1,-1
29,-1,386,41,42,34,1,-1,-1,-1
30,-1,191,175,25,21,1,-1,-1,-1
30,-1,386,41,42,34,1,-1,-1,-1
31,-1,190,175,26,21,1,-1,-1,-1
31,-1,387,41,42,34,1,-1,-1,-1
32,-1,190,175,26,21,1,-1,-1,-1
32,-1,387,41,42,34,1,-1,-1,-1
33,-1,188,175,26,21,1,-1,-1,-1
33,-1,387,41,42,34,1,-1,-1,-1
34,-1,188,175,26,21,1,-1,-1,-1
34,-1,387,41,42,34,1,-1,-1,-1
35,-1,187,175,26,21,1,-1,-1,-1
35,-1,387,41,42,34,1,-1,-1,-1
36,-1,187,175,26,21,1,-1,-1,-1
36,-1,387,41,42,34,1,-1,-1,-1
37,-1,186,175,25,21,1,-1,-1,-1
37,-1,387,40,42,34,1,-1,-1,-1
38,-1,186,175,26,21,1,-1,-1,-1
38,-1,387,40,42,34,1,-1,-1,-1
39,-1,186,175,26,21,1,-1,-1,-1
39,-1,388,40,42,34,1,-1,-1,-1
40,-1,186,175,26,21,1,-1,-1,-1
40,-1,388,40,42,34,1,-1,-1,-1
41,-1,185,175,26,21,1,-1,-1,-1
41,-1,388,40,42,34,1,-1,-1,-1
42,-1,185,175,25,21,1,-1,-1,-1
42,-1,388,40,42,34,1,-1,-1,-1
43,-1,185,175,26,21,1,-1,-1,-1
43,-1,388,39,42,34,1,-1,-1,-1
44,-1,185,175,26,21,1,-1,-1,-1
44,-1,389,41,42,32,1,-1,-1,-1
45,-1,185,176,26,21,1,-1,-1,-1
45,-1,389,41,42,32,1,-1,-1,-1
46,-1,185,176,25,21,1,-1,-1,-1
46,-1,389,41,42,32,1,-1,-1,-1
47,-1,185,176,26,21,1,-1,-1,-1
47,-1,389,41,42,32,1,-1,-1,-1
48,-1,185,176,26,21,1,-1,-1,-1
48,-1,390,41,42,32,1,-1,-1,-1
49,-1,185,176,26,21,1,-1,-1,-1
49,-1,390,41,42,32,1,-1,-1,-1
50,-1,185,176,26,21,1,-1,-1,-1
50,-1,391,41,42,32,1,-1,-1,-1
51,-1,185,176,26,21,1,-1,-1,-1
51,-1,391,41,42,32,1,-1,-1,-1
52,-1,186,177,26,21,1,-1,-1,-1
52,-1,391,41,42,32,1,-1,-1,-1
53,-1,186,177,25,21,1,-1,-1,-1
53,-1,391,41,42,32,1,-1,-1,-1
54,-1,187,177,26,21,1,-1,-1,-1
54,-1,392,41,42,32,1,-1,-1,-1
55,-1,187,177,26,21,1,-1,-1,-1
55,-1,392,41,42,32,1,-1,-1,-1
56,-1,188,178,26,21,1,-1,-1,-1
56,-1,392,41,42,32,1,-1,-1,-1
57,-1,188,178,26,21,1,-1,-1,-1
57,-1,392,41,42,32,1,-1,-1,-1
58,-1,189,178,25,20,1,-1,-1,-1
58,-1,393,41,42,32,1,-1,-1,-1
59,-1,189,178,25,20,1,-1,-1,-1
59,-1,393,41,42,32,1,-1,-1,-1
60,-1,190,179,25,20,1,-1,-1,-1
60,-1,393,41,42,32,1,-1,-1,-1
61,-1,189,179,25,20,1,-1,-1,-1
61,-1,393,41,42,32,1,-1,-1,-1
62,-1,190,179,25,20,1,-1,-1,-1
62,-1,394,41,42,32,1,-1,-1,-1
63,-1,190,179,25,21,1,-1,-1,-1
63,-1,394,41,42,32,1,-1,-1,-1
64,-1,191,180,25,21,1,-1,-1,-1
64,-1,394,42,42,32,1,-1,-1,-1
65,-1,191,180,25,21,1,-1,-1,-1
65,-1,394,42,42,32,1,-1,-1,-1
66,-1,192,179,26,23,1,-1,-1,-1
66,-1,395,42,41,31,1,-1,-1,-1
67,-1,192,179,26,23,1,-1,-1,-1
67,-1,395,42,41,31,1,-1,-1,-1
68,-1,193,180,26,23,1,-1,-1,-1
68,-1,395,42,41,31,1,-1,-1,-1
69,-1,193,180,26,23,1,-1,-1,-1
69,-1,395,42,41,32,1,-1,-1,-1
70,-1,193,180,26,23,1,-1,-1,-1
70,-1,395,42,42,32,1,-1,-1,-1
71,-1,193,180,26,23,1,-1,-1,-1
71,-1,395,42,42,32,1,-1,-1,-1
72,-1,193,181,26,23,1,-1,-1,-1
72,-1,395,42,42,32,1,-1,-1,-1
73,-1,194,182,26,23,1,-1,-1,-1
73,-1,396,42,41,32,1,-1,-1,-1
74,-1,194,182,26,23,1,-1,-1,-1
74,-1,396,42,42,32,1,-1,-1,-1
75,-1,194,183,26,23,1,-1,-1,-1
75,-1,395,42,42,32,1,-1,-1,-1
76,-1,193,183,26,23,1,-1,-1,-1
76,-1,395,42,42,32,1,-1,-1,-1
77,-1,194,183,26,23,1,-1,-1,-1
77,-1,396,43,41,32,1,-1,-1,-1
78,-1,194,183,26,23,1,-1,-1,-1
78,-1,396,43,41,32,1,-1,-1,-1
79,-1,193,184,26,23,1,-1,-1,-1
79,-1,396,43,41,31,1,-1,-1,-1
80,-1,193,184,26,23,1,-1,-1,-1
80,-1,396,43,41,31,1,-1,-1,-1
81,-1,193,185,26,23,1,-1,-1,-1
81,-1,396,43,41,31,1,-1,-1,-1
82,-1,193,185,26,23,1,-1,-1,-1
82,-1,396,43,41,32,1,-1,-1,-1
83,-1,193,185,26,23,1,-1,-1,-1
83,-1,396,43,41,32,1,-1,-1,-1
84,-1,193,186,26,23,1,-1,-1,-1
84,-1,396,43,41,32,1,-1,-1,-1
85,-1,193,186,26,23,1,-1,-1,-1
85,-1,396,43,42,32,1,-1,-1,-1
86,-1,193,186,26,23,1,-1,-1,-1
86,-1,396,43,42,32,1,-1,-1,-1
87,-1,193,187,26,23,1,-1,-1,-1
87,-1,396,43,41,31,1,-1,-1,-1
88,-1,193,187,26,23,1,-1,-1,-1
88,-1,396,43,41,31,1,-1,-1,-1
89,-1,193,187,26,23,1,-1,-1,-1
89,-1,395,44,41,32,1,-1,-1,-1
90,-1,193,187,26,23,1,-1,-1,-1
90,-1,395,44,41,32,1,-1,-1,-1
91,-1,193,188,26,23,1,-1,-1,-1
91,-1,394,44,42,33,1,-1,-1,-1
92,-1,193,188,26,23,1,-1,-1,-1
92,-1,395,44,42,32,1,-1,-1,-1
93,-1,193,189,26,23,1,-1,-1,-1
93,-1,395,45,41,32,1,-1,-1,-1
94,-1,193,189,26,23,1,-1,-1,-1
94,-1,394,44,42,33,1,-1,-1,-1
95,-1,194,189,26,23,1,-1,-1,-1
95,-1,395,46,41,32,1,-1,-1,-1
96,-1,194,189,26,23,1,-1,-1,-1
96,-1,395,45,41,32,1,-1,-1,-1
97,-1,195,190,26,23,1,-1,-1,-1
97,-1,396,46,41,32,1,-1,-1,-1
98,-1,195,190,26,23,1,-1,-1,-1
98,-1,396,46,41,32,1,-1,-1,-1
99,-1,196,191,26,23,1,-1,-1,-1
99,-1,396,47,41,32,1,-1,-1,-1
100,-1,196,191,26,23,1,-1,-1,-1
100,-1,396,47,41,32,1,-1,-1,-1
101,-1,197,192,26,23,1,-1,-1,-1
101,-1,397,47,41,32,1,-1,-1,-1
102,-1,197,192,26,23,1,-1,-1,-1
102,-1,397,48,41,32,1,-1,-1,-1
103,-1,197,192,26,23,1,-1,-1,-1
103,-1,397,48,41,32,1,-1,-1,-1
104,-1,198,193,26,23,1,-1,-1,-1
104,-1,398,49,40,32,1,-1,-1,-1
105,-1,198,193,26,23,1,-1,-1,-1
105,-1,398,49,40,32,1,-1,-1,-1
106,-1,199,194,26,23,1,-1,-1,-1
106,-1,399,50,40,31,1,-1,-1,-1
107,-1,199,194,26,23,1,-1,-1,-1
107,-1,399,50,40,31,1,-1,-1,-1
108,-1,201,194,25,23,1,-1,-1,-1
108,-1,400,51,40,32,1,-1,-1,-1
109,-1,201,194,25,23,1,-1,-1,-1
109,-1,400,51,40,32,1,-1,-1,-1
110,-1,202,195,25,22,1,-1,-1,-1
110,-1,401,51,40,32,1,-1,-1,-1
111,-1,202,195,25,22,1,-1,-1,-1
111,-1,401,51,40,32,1,-1,-1,-1
112,-1,203,196,25,23,1,-1,-1,-1
112,-1,402,52,40,32,1,-1,-1,-1
113,-1,203,196,25,23,1,-1,-1,-1
113,-1,402,52,40,32,1,-1,-1,-1
114,-1,204,196,25,22,1,-1,-1,-1
114,-1,403,53,40,32,1,-1,-1,-1
115,-1,204,196,25,22,1,-1,-1,-1
115,-1,403,53,40,32,1,-1,-1,-1
116,-1,205,197,25,22,1,-1,-1,-1
116,-1,405,54,40,32,1,-1,-1,-1
117,-1,205,197,25,22,1,-1,-1,-1
117,-1,405,54,40,32,1,-1,-1,-1
118,-1,206,197,26,23,1,-1,-1,-1
118,-1,406,54,40,32,1,-1,-1,-1
119,-1,206,197,26,23,1,-1,-1,-1
119,-1,406,54,40,32,1,-1,-1,-1
120,-1,208,197,25,22,1,-1,-1,-1
120,-1,408,55,39,32,1,-1,-1,-1
121,-1,208,197,25,22,1,-1,-1,-1
121,-1,408,55,39,32,1,-1,-1,-1
122,-1,208,197,26,23,1,-1,-1,-1
122,-1,410,56,39,31,1,-1,-1,-1
123,-1,208,197,26,23,1,-1,-1,-1
123,-1,410,56,39,31,1,-1,-1,-1
124,-1,210,198,25,22,1,-1,-1,-1
124,-1,411,56,40,32,1,-1,-1,-1
125,-1,210,198,25,22,1,-1,-1,-1
125,-1,411,56,40,32,1,-1,-1,-1
126,-1,211,198,25,22,1,-1,-1,-1
126,-1,413,57,40,32,1,-1,-1,-1
127,-1,211,198,25,22,1,-1,-1,-1
127,-1,413,57,40,32,1,-1,-1,-1
128,-1,213,198,25,22,1,-1,-1,-1
128,-1,415,58,40,32,1,-1,-1,-1
129,-1,213,198,25,22,1,-1,-1,-1
129,-1,415,58,40,32,1,-1,-1,-1
130,-1,215,198,25,22,1,-1,-1,-1
130,-1,417,58,40,32,1,-1,-1,-1
131,-1,216,199,25,22,1,-1,-1,-1
131,-1,418,59,38,31,1,-1,-1,-1
132,-1,216,198,25,22,1,-1,-1,-1
132,-1,418,59,38,31,1,-1,-1,-1
133,-1,218,199,25,22,1,-1,-1,-1
133,-1,420,60,38,31,1,-1,-1,-1
134,-1,218,199,25,22,1,-1,-1,-1
134,-1,420,60,38,31,1,-1,-1,-1
135,-1,220,199,25,22,1,-1,-1,-1
135,-1,422,60,38,31,1,-1,-1,-1
136,-1,220,199,25,22,1,-1,-1,-1
136,-1,422,60,38,31,1,-1,-1,-1
137,-1,221,198,25,23,1,-1,-1,-1
137,-1,424,61,38,31,1,-1,-1,-1
138,-1,222,199,25,22,1,-1,-1,-1
138,-1,424,61,38,31,1,-1,-1,-1
139,-1,224,199,25,22,1,-1,-1,-1
139,-1,427,61,38,31,1,-1,-1,-1
140,-1,224,199,25,22,1,-1,-1,-1
140,-1,427,61,38,31,1,-1,-1,-1
141,-1,226,199,25,22,1,-1,-1,-1
141,-1,429,61,38,31,1,-1,-1,-1
142,-1,226,199,25,22,1,-1,-1,-1
142,-1,429,61,38,31,1,-1,-1,-1
143,-1,229,199,25,22,1,-1,-1,-1
143,-1,431,62,38,31,1,-1,-1,-1
144,-1,229,199,25,22,1,-1,-1,-1
144,-1,431,62,37,30,1,-1,-1,-1
145,-1,231,199,25,22,1,-1,-1,-1
145,-1,432,61,39,30,1,-1,-1,-1
146,-1,231,199,25,22,1,-1,-1,-1
146,-1,432,61,39,30,1,-1,-1,-1
147,-1,234,199,24,21,1,-1,-1,-1
147,-1,434,61,39,30,1,-1,-1,-1
148,-1,234,199,24,21,1,-1,-1,-1
148,-1,434,61,39,30,1,-1,-1,-1
149,-1,236,199,25,22,1,-1,-1,-1
149,-1,436,61,40,31,1,-1,-1,-1
150,-1,236,199,25,22,1,-1,-1,-1
150,-1,436,61,40,31,1,-1,-1,-1
151,-1,238,199,25,22,1,-1,-1,-1
151,-1,438,61,39,30,1,-1,-1,-1
152,-1,238,199,25,22,1,-1,-1,-1
152,-1,438,61,39,30,1,-1,-1,-1
153,-1,241,199,24,22,1,-1,-1,-1
153,-1,440,61,39,30,1,-1,-1,-1
154,-1,241,199,24,22,1,-1,-1,-1
154,-1,440,61,39,30,1,-1,-1,-1
155,-1,243,199,25,22,1,-1,-1,-1
155,-1,442,61,39,30,1,-1,-1,-1
156,-1,243,199,25,22,1,-1,-1,-1
156,-1,442,61,39,30,1,-1,-1,-1
157,-1,245,199,24,22,1,-1,-1,-1
157,-1,444,61,40,30,1,-1,-1,-1
158,-1,73,196,19,18,1,-1,-1,-1
158,-1,245,199,24,22,1,-1,-1,-1
158,-1,444,61,40,30,1,-1,-1,-1
159,-1,73,196,19,18,1,-1,-1,-1
159,-1,247,199,24,22,1,-1,-1,-1
159,-1,446,61,40,30,1,-1,-1,-1
160,-1,73,195,23,18,1,-1,-1,-1
160,-1,248,199,24,22,1,-1,-1,-1
160,-1,447,61,40,30,1,-1,-1,-1
161,-1,73,195,23,18,1,-1,-1,-1
161,-1,248,199,24,22,1,-1,-1,-1
161,-1,447,61,40,30,1,-1,-1,-1
162,-1,73,195,23,18,1,-1,-1,-1
162,-1,250,199,24,22,1,-1,-1,-1
162,-1,449,61,39,29,1,-1,-1,-1
163,-1,73,195,23,18,1,-1,-1,-1
163,-1,250,199,24,22,1,-1,-1,-1
163,-1,449,61,39,29,1,-1,-1,-1
164,-1,75,195,20,16,1,-1,-1,-1
164,-1,249,198,27,23,1,-1,-1,-1
164,-1,450,62,40,30,1,-1,-1,-1
165,-1,75,195,20,16,1,-1,-1,-1
165,-1,249,198,27,23,1,-1,-1,-1
165,-1,450,62,40,30,1,-1,-1,-1
166,-1,76,194,20,16,1,-1,-1,-1
166,-1,252,197,27,23,1,-1,-1,-1
166,-1,450,62,41,30,1,-1,-1,-1
167,-1,76,194,20,16,1,-1,-1,-1
167,-1,252,197,27,23,1,-1,-1,-1
167,-1,450,62,41,30,1,-1,-1,-1
168,-1,77,194,18,15,1,-1,-1,-1
168,-1,254,197,27,23,1,-1,-1,-1
168,-1,451,62,41,30,1,-1,-1,-1
169,-1,76,194,19,16,1,-1,-1,-1
169,-1,254,197,27,23,1,-1,-1,-1
169,-1,451,62,41,30,1,-1,-1,-1
170,-1,79,192,20,16,1,-1,-1,-1
170,-1,256,197,27,23,1,-1,-1,-1
170,-1,453,63,41,30,1,-1,-1,-1
171,-1,79,192,20,16,1,-1,-1,-1
171,-1,256,197,27,23,1,-1,-1,-1
171,-1,451,61,43,31,1,-1,-1,-1
172,-1,80,191,20,16,1,-1,-1,-1
172,-1,259,199,25,21,1,-1,-1,-1
172,-1,456,63,39,30,1,-1,-1,-1
173,-1,80,191,20,16,1,-1,-1,-1
173,-1,259,199,25,21,1,-1,-1,-1
173,-1,456,63,39,30,1,-1,-1,-1
174,-1,80,191,20,16,1,-1,-1,-1
174,-1,260,199,25,21,1,-1,-1,-1
174,-1,457,63,40,31,1,-1,-1,-1
175,-1,82,189,20,16,1,-1,-1,-1
175,-1,260,199,25,21,1,-1,-1,-1
175,-1,456,63,40,31,1,-1,-1,-1
176,-1,84,189,20,16,1,-1,-1,-1
176,-1,262,199,25,21,1,-1,-1,-1
176,-1,458,64,39,30,1,-1,-1,-1
177,-1,84,189,20,16,1,-1,-1,-1
177,-1,262,199,25,21,1,-1,-1,-1
177,-1,458,64,39,30,1,-1,-1,-1
178,-1,83,189,20,16,1,-1,-1,-1
178,-1,263,199,25,21,1,-1,-1,-1
178,-1,459,64,39,30,1,-1,-1,-1
179,-1,85,189,20,16,1,-1,-1,-1
179,-1,263,199,25,21,1,-1,-1,-1
179,-1,459,64,39,30,1,-1,-1,-1
180,-1,87,189,20,16,1,-1,-1,-1
180,-1,264,199,25,21,1,-1,-1,-1
180,-1,460,64,39,30,1,-1,-1,-1
181,-1,87,189,20,16,1,-1,-1,-1
181,-1,264,199,25,21,1,-1,-1,-1
181,-1,460,64,39,30,1,-1,-1,-1
182,-1,85,188,21,16,1,-1,-1,-1
182,-1,265,199,25,21,1,-1,-1,-1
182,-1,460,65,39,30,1,-1,-1,-1
183,-1,85,188,21,17,1,-1,-1,-1
183,-1,265,199,25,21,1,-1,-1,-1
183,-1,460,65,39,30,1,-1,-1,-1
184,-1,88,187,20,16,1,-1,-1,-1
184,-1,266,198,25,21,1,-1,-1,-1
184,-1,461,65,39,30,1,-1,-1,-1
185,-1,88,187,20,16,1,-1,-1,-1
185,-1,266,198,25,21,1,-1,-1,-1
185,-1,461,65,38,30,1,-1,-1,-1
186,-1,89,186,20,16,1,-1,-1,-1
186,-1,266,198,25,21,1,-1,-1,-1
186,-1,462,66,38,29,1,-1,-1,-1
187,-1,89,186,20,16,1,-1,-1,-1
187,-1,266,198,25,21,1,-1,-1,-1
187,-1,462,66,38,29,1,-1,-1,-1
188,-1,91,185,20,16,1,-1,-1,-1
188,-1,267,198,25,21,1,-1,-1,-1
188,-1,462,66,38,29,1,-1,-1,-1
189,-1,91,184,20,16,1,-1,-1,-1
189,-1,267,198,25,21,1,-1,-1,-1
189,-1,461,66,38,29,1,-1,-1,-1
190,-1,91,184,20,16,1,-1,-1,-1
190,-1,267,198,25,21,1,-1,-1,-1
190,-1,461,66,38,29,1,-1,-1,-1
191,-1,92,184,20,16,1,-1,-1,-1
191,-1,267,198,25,21,1,-1,-1,-1
191,-1,461,67,38,29,1,-1,-1,-1
192,-1,92,184,20,16,1,-1,-1,-1
192,-1,267,198,25,21,1,-1,-1,-1
192,-1,461,67,38,29,1,-1,-1,-1
193,-1,92,182,20,16,1,-1,-1,-1
193,-1,267,198,25,21,1,-1,-1,-1
193,-1,461,67,38,29,1,-1,-1,-1
194,-1,92,182,20,16,1,-1,-1,-1
194,-1,267,198,25,21,1,-1,-1,-1
194,-1,461,67,38,29,1,-1,-1,-1
195,-1,92,181,20,16,1,-1,-1,-1
195,-1,267,198,25,21,1,-1,-1,-1
195,-1,462,68,38,29,1,-1,-1,-1
196,-1,92,181,20,16,1,-1,-1,-1
196,-1,267,198,25,21,1,-1,-1,-1
196,-1,462,68,38,29,1,-1,-1,-1
197,-1,93,180,20,16,1,-1,-1,-1
197,-1,266,198,25,21,1,-1,-1,-1
197,-1,461,68,38,29,1,-1,-1,-1
198,-1,93,180,20,16,1,-1,-1,-1
198,-1,266,198,25,21,1,-1,-1,-1
198,-1,461,68,38,29,1,-1,-1,-1
199,-1,93,179,20,16,1,-1,-1,-1
199,-1,266,198,25,21,1,-1,-1,-1
199,-1,461,69,38,29,1,-1,-1,-1
200,-1,93,179,20,16,1,-1,-1,-1
200,-1,266,198,25,21,1,-1,-1,-1
200,-1,461,69,38,29,1,-1,-1,-1
201,-1,94,178,20,16,1,-1,-1,-1
201,-1,265,198,25,21,1,-1,-1,-1
201,-1,461,69,38,29,1,-1,-1,-1
202,-1,93,178,20,16,1,-1,-1,-1
202,-1,265,198,25,21,1,-1,-1,-1
202,-1,461,69,38,29,1,-1,-1,-1
203,-1,94,177,20,16,1,-1,-1,-1
203,-1,264,198,25,21,1,-1,-1,-1
203,-1,460,70,38,29,1,-1,-1,-1
204,-1,94,177,20,16,1,-1,-1,-1
204,-1,264,198,25,21,1,-1,-1,-1
204,-1,460,70,38,29,1,-1,-1,-1
205,-1,94,176,20,16,1,-1,-1,-1
205,-1,264,197,24,21,1,-1,-1,-1
205,-1,460,70,37,29,1,-1,-1,-1
206,-1,94,176,20,16,1,-1,-1,-1
206,-1,264,197,25,21,1,-1,-1,-1
206,-1,460,70,37,29,1,-1,-1,-1
207,-1,94,175,20,16,1,-1,-1,-1
207,-1,263,197,24,20,1,-1,-1,-1
207,-1,460,71,37,29,1,-1,-1,-1
208,-1,94,175,20,16,1,-1,-1,-1
208,-1,263,197,24,20,1,-1,-1,-1
208,-1,460,71,37,29,1,-1,-1,-1
209,-1,95,173,20,16,1,-1,-1,-1
209,-1,262,197,24,20,1,-1,-1,-1
209,-1,460,71,38,29,1,-1,-1,-1
210,-1,95,173,20,16,1,-1,-1,-1
210,-1,262,197,24,20,1,-1,-1,-1
210,-1,460,71,38,29,1,-1,-1,-1
211,-1,95,172,20,16,1,-1,-1,-1
211,-1,262,197,24,20,1,-1,-1,-1
211,-1,460,72,38,29,1,-1,-1,-1
212,-1,95,172,20,16,1,-1,-1,-1
212,-1,262,197,24,20,1,-1,-1,-1
212,-1,460,72,38,29,1,-1,-1,-1
213,-1,96,171,20,16,1,-1,-1,-1
213,-1,261,197,25,21,1,-1,-1,-1
213,-1,460,73,37,29,1,-1,-1,-1
214,-1,96,171,20,16,1,-1,-1,-1
214,-1,261,197,25,21,1,-1,-1,-1
214,-1,460,73,37,29,1,-1,-1,-1
215,-1,96,170,20,16,1,-1,-1,-1
215,-1,260,197,24,20,1,-1,-1,-1
215,-1,459,74,37,28,1,-1,-1,-1
216,-1,96,170,20,16,1,-1,-1,-1
216,-1,260,197,24,20,1,-1,-1,-1
216,-1,460,74,37,28,1,-1,-1,-1
217,-1,96,169,20,16,1,-1,-1,-1
217,-1,260,196,24,20,1,-1,-1,-1
217,-1,459,74,37,29,1,-1,-1,-1
218,-1,96,169,20,16,1,-1,-1,-1
218,-1,260,196,24,20,1,-1,-1,-1
218,-1,459,74,38,29,1,-1,-1,-1
219,-1,96,169,20,16,1,-1,-1,-1
219,-1,260,196,24,20,1,-1,-1,-1
219,-1,459,75,37,29,1,-1,-1,-1
220,-1,96,168,20,16,1,-1,-1,-1
220,-1,260,196,24,20,1,-1,-1,-1
220,-1,460,75,37,29,1,-1,-1,-1
221,-1,96,168,20,16,1,-1,-1,-1
221,-1,260,196,24,20,1,-1,-1,-1
221,-1,460,75,37,29,1,-1,-1,-1
222,-1,96,167,20,16,1,-1,-1,-1
222,-1,260,196,24,20,1,-1,-1,-1
222,-1,459,76,37,29,1,-1,-1,-1
223,-1,96,167,20,16,1,-1,-1,-1
223,-1,260,196,24,20,1,-1,-1,-1
223,-1,459,76,37,29,1,-1,-1,-1
224,-1,96,166,19,16,1,-1,-1,-1
224,-1,260,196,24,20,1,-1,-1,-1
224,-1,459,76,37,28,1,-1,-1,-1
225,-1,96,166,19,16,1,-1,-1,-1
225,-1,260,196,24,20,1,-1,-1,-1
225,-1,459,76,37,28,1,-1,-1,-1
226,-1,96,166,20,16,1,-1,-1,-1
226,-1,260,196,24,20,1,-1,-1,-1
226,-1,460,77,36,29,1,-1,-1,-1
227,-1,96,166,20,16,1,-1,-1,-1
227,-1,260,196,24,20,1,-1,-1,-1
227,-1,460,77,36,29,1,-1,-1,-1
228,-1,96,165,20,16,1,-1,-1,-1
228,-1,260,196,24,20,1,-1,-1,-1
228,-1,459,77,36,29,1,-1,-1,-1
229,-1,96,165,20,16,1,-1,-1,-1
229,-1,260,196,24,20,1,-1,-1,-1
229,-1,459,77,37,29,1,-1,-1,-1
230,-1,96,165,20,16,1,-1,-1,-1
230,-1,260,196,24,20,1,-1,-1,-1
230,-1,459,77,37,30,1,-1,-1,-1
231,-1,96,165,20,16,1,-1,-1,-1
231,-1,260,196,24,20,1,-1,-1,-1
231,-1,459,77,37,30,1,-1,-1,-1
232,-1,96,164,20,16,1,-1,-1,-1
232,-1,260,196,24,20,1,-1,-1,-1
232,-1,459,78,37,30,1,-1,-1,-1
233,-1,96,164,20,16,1,-1,-1,-1
233,-1,260,196,24,20,1,-1,-1,-1
233,-1,459,78,37,30,1,-1,-1,-1
234,-1,96,164,20,16,1,-1,-1,-1
234,-1,260,196,24,20,1,-1,-1,-1
234,-1,458,78,38,30,1,-1,-1,-1
235,-1,96,164,20,16,1,-1,-1,-1
235,-1,260,196,24,20,1,-1,-1,-1
235,-1,458,78,37,30,1,-1,-1,-1
236,-1,96,164,20,16,1,-1,-1,-1
236,-1,260,197,24,20,1,-1,-1,-1
236,-1,458,78,37,30,1,-1,-1,-1
237,-1,96,163,20,16,1,-1,-1,-1
237,-1,260,197,24,20,1,-1,-1,-1
237,-1,458,78,37,30,1,-1,-1,-1
238,-1,97,161,19,18,1,-1,-1,-1
238,-1,260,197,24,20,1,-1,-1,-1
238,-1,459,79,35,28,1,-1,-1,-1
239,-1,97,161,19,18,1,-1,-1,-1
239,-1,261,197,24,20,1,-1,-1,-1
239,-1,459,79,35,28,1,-1,-1,-1
240,-1,97,160,19,18,1,-1,-1,-1
240,-1,261,197,24,20,1,-1,-1,-1
240,-1,458,79,36,29,1,-1,-1,-1
241,-1,97,160,19,18,1,-1,-1,-1
241,-1,261,197,24,20,1,-1,-1,-1
241,-1,458,79,36,29,1,-1,-1,-1
242,-1,98,160,19,18,1,-1,-1,-1
242,-1,261,197,24,20,1,-1,-1,-1
242,-1,459,79,35,28,1,-1,-1,-1
243,-1,98,160,19,18,1,-1,-1,-1
243,-1,261,197,24,20,1,-1,-1,-1
243,-1,459,79,35,28,1,-1,-1,-1
244,-1,98,160,19,18,1,-1,-1,-1
244,-1,261,197,24,20,1,-1,-1,-1
244,-1,459,79,35,28,1,-1,-1,-1
245,-1,98,160,19,18,1,-1,-1,-1
245,-1,262,198,24,20,1,-1,-1,-1
245,-1,459,79,35,28,1,-1,-1,-1
246,-1,98,160,19,18,1,-1,-1,-1
246,-1,262,198,24,20,1,-1,-1,-1
246,-1,459,79,35,28,1,-1,-1,-1
247,-1,99,159,19,18,1,-1,-1,-1
247,-1,262,198,24,20,1,-1,-1,-1
247,-1,459,80,35,28,1,-1,-1,-1
248,-1,99,159,19,18,1,-1,-1,-1
248,-1,262,198,24,20,1,-1,-1,-1
248,-1,459,80,35,28,1,-1,-1,-1
249,-1,99,159,19,18,1,-1,-1,-1
249,-1,262,198,24,20,1,-1,-1,-1
249,-1,459,80,35,28,1,-1,-1,-1
250,-1,100,158,19,18,1,-1,-1,-1
250,-1,262,199,24,20,1,-1,-1,-1
250,-1,459,80,35,28,1,-1,-1,-1
251,-1,100,158,19,18,1,-1,-1,-1
251,-1,262,199,24,20,1,-1,-1,-1
251,-1,459,80,35,28,1,-1,-1,-1
252,-1,100,158,19,18,1,-1,-1,-1
252,-1,262,199,24,20,1,-1,-1,-1
252,-1,459,80,34,28,1,-1,-1,-1
253,-1,100,158,19,18,1,-1,-1,-1
253,-1,262,199,24,20,1,-1,-1,-1
253,-1,459,80,34,28,1,-1,-1,-1
254,-1,101,157,19,18,1,-1,-1,-1
254,-1,263,199,23,20,1,-1,-1,-1
254,-1,459,80,35,28,1,-1,-1,-1
255,-1,101,157,19,18,1,-1,-1,-1
255,-1,263,199,23,20,1,-1,-1,-1
255,-1,459,80,35,28,1,-1,-1,-1
256,-1,101,157,19,18,1,-1,-1,-1
256,-1,263,200,24,20,1,-1,-1,-1
256,-1,459,80,35,28,1,-1,-1,-1
257,-1,101,157,19,18,1,-1,-1,-1
257,-1,263,200,24,20,1,-1,-1,-1
257,-1,459,80,35,28,1,-1,-1,-1
258,-1,102,157,19,18,1,-1,-1,-1
258,-1,263,200,24,20,1,-1,-1,-1
258,-1,459,81,34,27,1,-1,-1,-1
259,-1,102,157,19,18,1,-1,-1,-1
259,-1,263,200,24,20,1,-1,-1,-1
259,-1,459,81,34,27,1,-1,-1,-1
260,-1,103,156,19,18,1,-1,-1,-1
260,-1,263,200,23,20,1,-1,-1,-1
260,-1,458,80,35,28,1,-1,-1,-1
261,-1,103,156,19,18,1,-1,-1,-1
261,-1,263,200,23,20,1,-1,-1,-1
261,-1,458,80,35,28,1,-1,-1,-1
262,-1,104,156,19,18,1,-1,-1,-1
262,-1,263,201,23,19,1,-1,-1,-1
262,-1,458,81,34,28,1,-1,-1,-1
263,-1,104,156,19,18,1,-1,-1,-1
263,-1,263,201,23,19,1,-1,-1,-1
263,-1,458,81,34,28,1,-1,-1,-1
264,-1,105,156,19,18,1,-1,-1,-1
264,-1,263,201,23,19,1,-1,-1,-1
264,-1,457,81,35,28,1,-1,-1,-1
265,-1,105,156,19,18,1,-1,-1,-1
265,-1,263,201,23,19,1,-1,-1,-1
265,-1,457,81,35,28,1,-1,-1,-1
266,-1,106,156,19,18,1,-1,-1,-1
266,-1,263,201,23,19,1,-1,-1,-1
266,-1,457,81,35,28,1,-1,-1,-1
267,-1,106,156,19,18,1,-1,-1,-1
267,-1,263,202,23,19,1,-1,-1,-1
267,-1,456,81,35,28,1,-1,-1,-1
268,-1,107,155,19,18,1,-1,-1,-1
268,-1,263,202,23,19,1,-1,-1,-1
268,-1,458,80,33,30,1,-1,-1,-1
269,-1,107,155,19,18,1,-1,-1,-1
269,-1,263,202,23,19,1,-1,-1,-1
269,-1,458,80,33,30,1,-1,-1,-1
270,-1,108,155,19,18,1,-1,-1,-1
270,-1,263,202,23,19,1,-1,-1,-1
270,-1,458,80,33,30,1,-1,-1,-1
271,-1,108,155,19,18,1,-1,-1,-1
271,-1,263,202,23,19,1,-1,-1,-1
271,-1,457,80,33,30,1,-1,-1,-1
272,-1,109,155,19,18,1,-1,-1,-1
272,-1,262,203,23,19,1,-1,-1,-1
272,-1,457,81,33,30,1,-1,-1,-1
273,-1,109,155,19,18,1,-1,-1,-1
273,-1,262,203,23,19,1,-1,-1,-1
273,-1,457,81,33,30,1,-1,-1,-1
274,-1,110,155,19,18,1,-1,-1,-1
274,-1,262,203,23,19,1,-1,-1,-1
274,-1,457,82,33,30,1,-1,-1,-1
275,-1,110,155,19,18,1,-1,-1,-1
275,-1,262,203,23,19,1,-1,-1,-1
275,-1,457,81,33,30,1,-1,-1,-1
276,-1,111,155,18,17,1,-1,-1,-1
276,-1,262,204,23,19,1,-1,-1,-1
276,-1,457,82,33,30,1,-1,-1,-1
277,-1,112,155,18,17,1,-1,-1,-1
277,-1,261,204,23,19,1,-1,-1,-1
277,-1,457,82,33,30,1,-1,-1,-1
278,-1,112,155,18,17,1,-1,-1,-1
278,-1,261,204,23,19,1,-1,-1,-1
278,-1,457,82,33,30,1,-1,-1,-1
279,-1,113,155,18,17,1,-1,-1,-1
279,-1,261,204,23,19,1,-1,-1,-1
279,-1,457,83,33,30,1,-1,-1,-1
280,-1,113,155,18,17,1,-1,-1,-1
280,-1,261,204,23,19,1,-1,-1,-1
280,-1,457,83,33,30,1,-1,-1,-1
281,-1,114,155,18,17,1,-1,-1,-1
281,-1,261,205,23,19,1,-1,-1,-1
281,-1,457,84,33,30,1,-1,-1,-1
282,-1,114,155,18,17,1,-1,-1,-1
282,-1,261,205,23,19,1,-1,-1,-1
282,-1,457,84,33,30,1,-1,-1,-1
283,-1,115,155,18,17,1,-1,-1,-1
283,-1,261,205,23,19,1,-1,-1,-1
283,-1,456,85,32,29,1,-1,-1,-1
284,-1,115,155,18,17,1,-1,-1,-1
284,-1,261,205,23,19,1,-1,-1,-1
284,-1,456,85,32,29,1,-1,-1,-1
285,-1,116,155,18,17,1,-1,-1,-1
285,-1,261,206,23,19,1,-1,-1,-1
285,-1,456,87,34,26,1,-1,-1,-1
286,-1,116,155,18,17,1,-1,-1,-1
286,-1,261,206,23,19,1,-1,-1,-1
286,-1,456,87,34,26,1,-1,-1,-1
287,-1,116,155,18,17,1,-1,-1,-1
287,-1,261,206,23,19,1,-1,-1,-1
287,-1,456,88,33,25,1,-1,-1,-1
288,-1,116,155,18,17,1,-1,-1,-1
288,-1,261,206,23,19,1,-1,-1,-1
288,-1,456,88,33,26,1,-1,-1,-1
289,-1,117,155,18,17,1,-1,-1,-1
289,-1,261,206,23,19,1,-1,-1,-1
289,-1,456,89,33,25,1,-1,-1,-1
290,-1,117,155,18,17,1,-1,-1,-1
290,-1,261,206,23,19,1,-1,-1,-1
290,-1,456,89,33,25,1,-1,-1,-1
291,-1,118,155,18,17,1,-1,-1,-1
291,-1,261,207,23,19,1,-1,-1,-1
291,-1,456,90,33,25,1,-1,-1,-1
292,-1,118,155,18,17,1,-1,-1,-1
292,-1,261,207,23,19,1,-1,-1,-1
292,-1,456,90,33,25,1,-1,-1,-1
293,-1,119,155,18,17,1,-1,-1,-1
293,-1,260,207,23,19,1,-1,-1,-1
293,-1,456,90,33,25,1,-1,-1,-1
294,-1,119,155,18,17,1,-1,-1,-1
294,-1,260,207,23,19,1,-1,-1,-1
294,-1,456,90,33,25,1,-1,-1,-1
295,-1,119,155,18,17,1,-1,-1,-1
295,-1,260,207,23,19,1,-1,-1,-1
295,-1,456,91,32,25,1,-1,-1,-1
296,-1,119,155,18,18,1,-1,-1,-1
296,-1,260,207,23,19,1,-1,-1,-1
296,-1,456,91,32,25,1,-1,-1,-1
297,-1,119,155,19,18,1,-1,-1,-1
297,-1,260,208,23,19,1,-1,-1,-1
297,-1,456,92,32,25,1,-1,-1,-1
298,-1,120,155,18,17,1,-1,-1,-1
298,-1,260,208,23,19,1,-1,-1,-1
298,-1,456,92,32,25,1,-1,-1,-1
299,-1,120,155,18,17,1,-1,-1,-1
299,-1,260,208,23,19,1,-1,-1,-1
299,-1,456,93,32,24,1,-1,-1,-1
300,-1,120,155,18,17,1,-1,-1,-1
300,-1,260,208,23,19,1,-1,-1,-1
300,-1,456,93,32,24,1,-1,-1,-1
301,-1,120,155,18,17,1,-1,-1,-1
301,-1,260,208,23,19,1,-1,-1,-1
301,-1,456,94,32,24,1,-1,-1,-1
302,-1,120,155,18,17,1,-1,-1,-1
302,-1,260,208,23,19,1,-1,-1,-1
302,-1,456,94,32,24,1,-1,-1,-1
303,-1,121,155,18,17,1,-1,-1,-1
303,-1,260,209,23,19,1,-1,-1,-1
303,-1,456,94,31,24,1,-1,-1,-1
304,-1,121,155,18,17,1,-1,-1,-1
304,-1,260,209,23,19,1,-1,-1,-1
304,-1,456,94,31,24,1,-1,-1,-1
305,-1,121,155,18,17,1,-1,-1,-1
305,-1,260,209,23,19,1,-1,-1,-1
305,-1,456,95,31,24,1,-1,-1,-1
306,-1,121,155,18,17,1,-1,-1,-1
306,-1,260,209,23,19,1,-1,-1,-1
306,-1,456,95,31,24,1,-1,-1,-1
307,-1,121,155,18,17,1,-1,-1,-1
307,-1,260,209,23,19,1,-1,-1,-1
307,-1,456,95,31,24,1,-1,-1,-1
308,-1,121,155,18,17,1,-1,-1,-1
308,-1,260,209,23,19,1,-1,-1,-1
308,-1,456,96,31,25,1,-1,-1,-1
309,-1,121,154,18,17,1,-1,-1,-1
309,-1,260,209,23,19,1,-1,-1,-1
309,-1,456,96,31,25,1,-1,-1,-1
310,-1,121,154,18,17,1,-1,-1,-1
310,-1,259,209,24,20,1,-1,-1,-1
310,-1,456,96,31,25,1,-1,-1,-1
311,-1,121,154,18,17,1,-1,-1,-1
311,-1,259,209,24,20,1,-1,-1,-1
311,-1,456,96,31,25,1,-1,-1,-1
312,-1,121,154,18,17,1,-1,-1,-1
312,-1,259,209,24,20,1,-1,-1,-1
312,-1,455,96,32,25,1,-1,-1,-1
313,-1,121,154,18,17,1,-1,-1,-1
313,-1,259,209,24,20,1,-1,-1,-1
313,-1,455,96,32,25,1,-1,-1,-1
314,-1,121,154,18,17,1,-1,-1,-1
314,-1,258,209,25,21,1,-1,-1,-1
314,-1,456,97,31,25,1,-1,-1,-1
315,-1,121,154,18,17,1,-1,-1,-1
315,-1,258,209,25,21,1,-1,-1,-1
315,-1,456,97,31,25,1,-1,-1,-1
316,-1,122,154,18,17,1,-1,-1,-1
316,-1,261,209,25,20,1,-1,-1,-1
316,-1,456,97,31,25,1,-1,-1,-1
317,-1,122,154,18,17,1,-1,-1,-1
317,-1,261,209,25,20,1,-1,-1,-1
317,-1,456,97,31,25,1,-1,-1,-1
318,-1,122,154,18,17,1,-1,-1,-1
318,-1,261,209,25,20,1,-1,-1,-1
318,-1,456,98,31,25,1,-1,-1,-1
319,-1,122,154,18,17,1,-1,-1,-1
319,-1,261,209,25,20,1,-1,-1,-1
319,-1,456,98,31,25,1,-1,-1,-1
320,-1,121,153,18,17,1,-1,-1,-1
320,-1,262,209,25,20,1,-1,-1,-1
320,-1,456,98,31,25,1,-1,-1,-1
321,-1,121,153,18,17,1,-1,-1,-1
321,-1,262,209,25,20,1,-1,-1,-1
321,-1,456,98,31,25,1,-1,-1,-1
322,-1,121,153,18,17,1,-1,-1,-1
322,-1,262,209,25,20,1,-1,-1,-1
322,-1,455,98,31,25,1,-1,-1,-1
323,-1,121,153,18,17,1,-1,-1,-1
323,-1,262,209,25,20,1,-1,-1,-1
323,-1,455,98,31,25,1,-1,-1,-1
324,-1,121,152,19,18,1,-1,-1,-1
324,-1,262,209,25,20,1,-1,-1,-1
324,-1,457,98,31,25,1,-1,-1,-1
325,-1,121,152,19,18,1,-1,-1,-1
325,-1,262,209,25,20,1,-1,-1,-1
325,-1,457,98,31,25,1,-1,-1,-1
326,-1,121,152,18,17,1,-1,-1,-1
326,-1,262,209,25,20,1,-1,-1,-1
326,-1,457,98,31,25,1,-1,-1,-1
327,-1,121,152,18,17,1,-1,-1,-1
327,-1,262,209,25,20,1,-1,-1,-1
327,-1,457,98,31,25,1,-1,-1,-1
328,-1,120,152,19,18,1,-1,-1,-1
328,-1,263,209,25,20,1,-1,-1,-1
328,-1,456,99,31,25,1,-1,-1,-1
329,-1,120,152,19,18,1,-1,-1,-1
329,-1,263,209,25,20,1,-1,-1,-1
329,-1,456,99,31,25,1,-1,-1,-1
330,-1,120,151,18,17,1,-1,-1,-1
330,-1,263,209,25,20,1,-1,-1,-1
330,-1,456,99,31,25,1,-1,-1,-1
331,-1,120,151,18,17,1,-1,-1,-1
331,-1,263,209,25,20,1,-1,-1,-1
331,-1,456,99,31,25,1,-1,-1,-1
332,-1,119,151,18,17,1,-1,-1,-1
332,-1,265,210,24,19,1,-1,-1,-1
332,-1,456,99,31,25,1,-1,-1,-1
333,-1,119,151,18,17,1,-1,-1,-1
333,-1,265,210,24,19,1,-1,-1,-1
333,-1,456,99,31,25,1,-1,-1,-1
334,-1,119,150,18,17,1,-1,-1,-1
334,-1,265,210,24,19,1,-1,-1,-1
334,-1,455,99,31,25,1,-1,-1,-1
335,-1,118,150,18,17,1,-1,-1,-1
335,-1,265,210,24,19,1,-1,-1,-1
335,-1,455,100,31,25,1,-1,-1,-1
336,-1,118,150,18,17,1,-1,-1,-1
336,-1,265,210,24,19,1,-1,-1,-1
336,-1,455,100,31,25,1,-1,-1,-1
337,-1,117,149,18,17,1,-1,-1,-1
337,-1,265,210,24,19,1,-1,-1,-1
337,-1,454,100,31,25,1,-1,-1,-1
338,-1,118,149,18,17,1,-1,-1,-1
338,-1,265,210,24,19,1,-1,-1,-1
338,-1,454,100,31,25,1,-1,-1,-1
339,-1,117,148,18,17,1,-1,-1,-1
339,-1,266,210,24,19,1,-1,-1,-1
339,-1,454,100,31,25,1,-1,-1,-1
340,-1,117,148,18,17,1,-1,-1,-1
340,-1,266,210,22,20,1,-1,-1,-1
340,-1,454,100,31,25,1,-1,-1,-1
341,-1,116,148,18,17,1,-1,-1,-1
341,-1,266,210,22,20,1,-1,-1,-1
341,-1,453,101,31,25,1,-1,-1,-1
342,-1,116,148,18,17,1,-1,-1,-1
342,-1,266,210,22,20,1,-1,-1,-1
342,-1,453,101,31,25,1,-1,-1,-1
343,-1,115,147,18,17,1,-1,-1,-1
343,-1,266,210,22,20,1,-1,-1,-1
343,-1,453,101,31,25,1,-1,-1,-1
344,-1,115,147,18,17,1,-1,-1,-1
344,-1,266,210,22,20,1,-1,-1,-1
344,-1,453,101,31,25,1,-1,-1,-1
345,-1,114,147,18,17,1,-1,-1,-1
345,-1,261,210,22,20,1,-1,-1,-1
345,-1,452,101,30,25,1,-1,-1,-1
346,-1,114,147,18,17,1,-1,-1,-1
346,-1,261,210,22,20,1,-1,-1,-1
346,-1,452,101,31,25,1,-1,-1,-1
347,-1,112,145,20,19,1,-1,-1,-1
347,-1,266,209,22,20,1,-1,-1,-1
347,-1,451,101,31,25,1,-1,-1,-1
348,-1,112,145,20,19,1,-1,-1,-1
348,-1,266,209,22,20,1,-1,-1,-1
348,-1,451,101,31,25,1,-1,-1,-1
349,-1,111,144,20,19,1,-1,-1,-1
349,-1,266,209,22,20,1,-1,-1,-1
349,-1,451,101,31,25,1,-1,-1,-1
350,-1,111,144,20,19,1,-1,-1,-1
350,-1,266,209,22,20,1,-1,-1,-1
350,-1,451,101,31,25,1,-1,-1,-1
351,-1,110,144,20,19,1,-1,-1,-1
351,-1,266,209,22,20,1,-1,-1,-1
351,-1,451,102,31,25,1,-1,-1,-1
352,-1,110,144,20,19,1,-1,-1,-1
352,-1,266,209,22,20,1,-1,-1,-1
352,-1,451,102,31,25,1,-1,-1,-1
353,-1,110,144,20,19,1,-1,-1,-1
353,-1,267,209,22,20,1,-1,-1,-1
353,-1,451,102,31,25,1,-1,-1,-1
354,-1,110,144,20,19,1,-1,-1,-1
354,-1,267,209,22,20,1,-1,-1,-1
354,-1,451,102,31,25,1,-1,-1,-1
355,-1,109,143,20,19,1,-1,-1,-1
355,-1,268,212,22,17,1,-1,-1,-1
355,-1,453,104,28,23,1,-1,-1,-1
356,-1,109,143,20,19,1,-1,-1,-1
356,-1,268,212,22,17,1,-1,-1,-1
356,-1,453,104,28,23,1,-1,-1,-1
357,-1,108,143,20,19,1,-1,-1,-1
357,-1,269,212,22,17,1,-1,-1,-1
357,-1,453,104,28,23,1,-1,-1,-1
358,-1,108,143,20,19,1,-1,-1,-1
358,-1,268,212,22,17,1,-1,-1,-1
358,-1,453,104,28,23,1,-1,-1,-1
359,-1,108,143,20,19,1,-1,-1,-1
359,-1,269,212,22,17,1,-1,-1,-1
359,-1,454,105,28,23,1,-1,-1,-1
360,-1,108,143,20,19,1,-1,-1,-1
360,-1,269,212,22,17,1,-1,-1,-1
360,-1,454,105,28,23,1,-1,-1,-1
361,-1,108,143,20,19,1,-1,-1,-1
361,-1,269,212,22,17,1,-1,-1,-1
361,-1,454,105,28,23,1,-1,-1,-1
362,-1,108,143,20,19,1,-1,-1,-1
362,-1,269,212,22,17,1,-1,-1,-1
362,-1,454,105,28,23,1,-1,-1,-1
363,-1,107,143,20,19,1,-1,-1,-1
363,-1,271,211,22,17,1,-1,-1,-1
363,-1,455,105,27,23,1,-1,-1,-1
364,-1,107,143,20,19,1,-1,-1,-1
364,-1,271,211,22,17,1,-1,-1,-1
364,-1,456,105,28,23,1,-1,-1,-1
365,-1,107,143,20,19,1,-1,-1,-1
365,-1,271,211,22,17,1,-1,-1,-1
365,-1,456,105,28,23,1,-1,-1,-1
366,-1,107,143,20,19,1,-1,-1,-1
366,-1,273,211,22,17,1,-1,-1,-1
366,-1,454,105,32,25,1,-1,-1,-1
367,-1,108,143,20,19,1,-1,-1,-1
367,-1,273,211,22,17,1,-1,-1,-1
367,-1,454,105,32,25,1,-1,-1,-1
368,-1,108,143,20,19,1,-1,-1,-1
368,-1,274,212,21,16,1,-1,-1,-1
368,-1,455,105,32,25,1,-1,-1,-1
369,-1,108,143,20,19,1,-1,-1,-1
369,-1,274,212,21,16,1,-1,-1,-1
369,-1,455,105,32,25,1,-1,-1,-1
370,-1,108,143,20,19,1,-1,-1,-1
370,-1,275,212,21,16,1,-1,-1,-1
370,-1,456,105,32,25,1,-1,-1,-1
371,-1,108,143,20,19,1,-1,-1,-1
371,-1,275,212,20,16,1,-1,-1,-1
371,-1,457,105,32,25,1,-1,-1,-1
372,-1,108,143,20,19,1,-1,-1,-1
372,-1,277,212,20,15,1,-1,-1,-1
372,-1,458,106,32,25,1,-1,-1,-1
373,-1,108,143,20,19,1,-1,-1,-1
373,-1,277,212,20,16,1,-1,-1,-1
373,-1,458,106,32,25,1,-1,-1,-1
374,-1,107,144,22,21,1,-1,-1,-1
374,-1,459,106,32,25,1,-1,-1,-1
375,-1,107,144,22,21,1,-1,-1,-1
375,-1,459,106,32,25,1,-1,-1,-1
376,-1,108,144,22,21,1,-1,-1,-1
376,-1,461,106,32,25,1,-1,-1,-1
377,-1,108,144,22,21,1,-1,-1,-1
377,-1,461,106,32,25,1,-1,-1,-1
378,-1,108,144,22,21,1,-1,-1,-1
378,-1,462,106,31,25,1,-1,-1,-1
379,-1,108,144,22,21,1,-1,-1,-1
379,-1,462,106,31,24,1,-1,-1,-1
380,-1,108,144,22,21,1,-1,-1,-1
380,-1,464,107,31,24,1,-1,-1,-1
381,-1,108,144,22,21,1,-1,-1,-1
381,-1,464,107,31,25,1,-1,-1,-1
382,-1,108,144,22,21,1,-1,-1,-1
382,-1,465,107,31,24,1,-1,-1,-1
383,-1,108,144,22,21,1,-1,-1,-1
383,-1,465,107,31,24,1,-1,-1,-1
384,-1,108,145,22,21,1,-1,-1,-1
384,-1,466,107,31,24,1,-1,-1,-1
385,-1,108,145,22,21,1,-1,-1,-1
385,-1,466,107,31,24,1,-1,-1,-1
386,-1,109,145,22,21,1,-1,-1,-1
386,-1,467,107,31,24,1,-1,-1,-1
387,-1,109,145,22,21,1,-1,-1,-1
387,-1,467,107,31,24,1,-1,-1,-1
388,-1,109,145,22,21,1,-1,-1,-1
388,-1,468,108,31,24,1,-1,-1,-1
389,-1,109,145,22,21,1,-1,-1,-1
389,-1,468,108,31,24,1,-1,-1,-1
390,-1,109,145,22,21,1,-1,-1,-1
390,-1,469,108,31,25,1,-1,-1,-1
391,-1,109,145,22,21,1,-1,-1,-1
391,-1,469,108,31,25,1,-1,-1,-1
392,-1,109,146,22,21,1,-1,-1,-1
392,-1,470,108,31,24,1,-1,-1,-1
393,-1,109,146,22,21,1,-1,-1,-1
393,-1,471,108,31,24,1,-1,-1,-1
394,-1,109,146,22,21,1,-1,-1,-1
394,-1,471,108,31,24,1,-1,-1,-1
395,-1,109,146,22,21,1,-1,-1,-1
395,-1,472,108,31,24,1,-1,-1,-1
396,-1,109,146,21,20,1,-1,-1,-1
396,-1,472,108,31,24,1,-1,-1,-1
397,-1,108,146,22,21,1,-1,-1,-1
397,-1,473,109,31,24,1,-1,-1,-1
398,-1,109,146,22,21,1,-1,-1,-1
398,-1,473,109,31,24,1,-1,-1,-1
399,-1,108,146,22,21,1,-1,-1,-1
399,-1,473,109,31,24,1,-1,-1,-1
400,-1,108,146,22,21,1,-1,-1,-1
400,-1,473,109,31,24,1,-1,-1,-1
401,-1,108,147,22,21,1,-1,-1,-1
401,-1,474,109,31,24,1,-1,-1,-1
402,-1,108,147,22,21,1,-1,-1,-1
402,-1,474,109,31,24,1,-1,-1,-1
403,-1,107,147,22,21,1,-1,-1,-1
403,-1,474,109,31,24,1,-1,-1,-1
404,-1,107,147,22,21,1,-1,-1,-1
404,-1,474,109,31,24,1,-1,-1,-1
405,-1,107,147,22,21,1,-1,-1,-1
405,-1,475,110,31,24,1,-1,-1,-1
406,-1,107,147,22,21,1,-1,-1,-1
406,-1,475,110,31,24,1,-1,-1,-1
407,-1,107,148,22,21,1,-1,-1,-1
407,-1,475,110,31,24,1,-1,-1,-1
408,-1,107,148,22,21,1,-1,-1,-1
408,-1,475,110,31,24,1,-1,-1,-1
409,-1,106,148,22,21,1,-1,-1,-1
409,-1,475,110,31,24,1,-1,-1,-1
410,-1,106,148,22,21,1,-1,-1,-1
410,-1,475,110,31,24,1,-1,-1,-1
411,-1,106,149,22,21,1,-1,-1,-1
411,-1,475,110,31,24,1,-1,-1,-1
412,-1,106,149,22,21,1,-1,-1,-1
412,-1,475,110,31,24,1,-1,-1,-1
413,-1,105,150,22,21,1,-1,-1,-1
413,-1,476,110,31,24,1,-1,-1,-1
414,-1,106,150,22,21,1,-1,-1,-1
414,-1,476,110,31,24,1,-1,-1,-1
415,-1,105,151,22,21,1,-1,-1,-1
415,-1,476,110,31,24,1,-1,-1,-1
416,-1,105,151,22,21,1,-1,-1,-1
416,-1,476,110,31,24,1,-1,-1,-1
417,-1,105,151,22,21,1,-1,-1,-1
417,-1,476,110,31,24,1,-1,-1,-1
418,-1,105,151,22,21,1,-1,-1,-1
418,-1,476,110,31,24,1,-1,-1,-1
419,-1,105,152,22,21,1,-1,-1,-1
419,-1,477,111,30,24,1,-1,-1,-1
420,-1,105,152,22,21,1,-1,-1,-1
420,-1,477,111,30,24,1,-1,-1,-1
421,-1,105,153,22,21,1,-1,-1,-1
421,-1,477,110,31,24,1,-1,-1,-1
422,-1,105,153,22,21,1,-1,-1,-1
422,-1,477,110,31,24,1,-1,-1,-1
423,-1,105,153,22,21,1,-1,-1,-1
423,-1,477,110,31,24,1,-1,-1,-1
424,-1,105,154,22,21,1,-1,-1,-1
424,-1,478,110,30,24,1,-1,-1,-1
425,-1,105,154,22,21,1,-1,-1,-1
425,-1,478,110,30,24,1,-1,-1,-1
426,-1,104,154,22,21,1,-1,-1,-1
426,-1,478,110,30,24,1,-1,-1,-1
427,-1,104,154,22,21,1,-1,-1,-1
427,-1,478,110,30,24,1,-1,-1,-1
428,-1,104,154,23,22,1,-1,-1,-1
428,-1,478,109,30,24,1,-1,-1,-1
429,-1,104,154,23,20,1,-1,-1,-1
429,-1,478,109,30,24,1,-1,-1,-1
430,-1,104,154,23,20,1,-1,-1,-1
430,-1,479,109,30,24,1,-1,-1,-1
431,-1,104,154,23,20,1,-1,-1,-1
431,-1,479,109,30,24,1,-1,-1,-1
432,-1,104,155,23,20,1,-1,-1,-1
432,-1,479,108,30,24,1,-1,-1,-1
433,-1,104,155,23,20,1,-1,-1,-1
433,-1,479,108,30,24,1,-1,-1,-1
434,-1,103,155,23,20,1,-1,-1,-1
434,-1,480,108,30,24,1,-1,-1,-1
435,-1,103,155,23,20,1,-1,-1,-1
435,-1,480,108,30,24,1,-1,-1,-1
436,-1,103,155,23,20,1,-1,-1,-1
436,-1,481,107,30,23,1,-1,-1,-1
437,-1,103,155,23,20,1,-1,-1,-1
437,-1,481,107,30,23,1,-1,-1,-1
438,-1,103,155,23,20,1,-1,-1,-1
438,-1,482,107,29,23,1,-1,-1,-1
439,-1,103,155,23,20,1,-1,-1,-1
439,-1,482,107,29,23,1,-1,-1,-1
440,-1,102,155,23,20,1,-1,-1,-1
440,-1,482,106,30,23,1,-1,-1,-1
441,-1,102,155,23,20,1,-1,-1,-1
441,-1,482,106,30,23,1,-1,-1,-1
442,-1,102,156,23,20,1,-1,-1,-1
442,-1,483,106,29,23,1,-1,-1,-1
443,-1,102,156,23,20,1,-1,-1,-1
443,-1,483,106,29,23,1,-1,-1,-1
444,-1,101,156,23,20,1,-1,-1,-1
444,-1,483,105,30,23,1,-1,-1,-1
445,-1,101,156,23,20,1,-1,-1,-1
445,-1,483,105,30,23,1,-1,-1,-1
446,-1,101,156,23,20,1,-1,-1,-1
446,-1,484,105,29,23,1,-1,-1,-1
447,-1,101,156,23,20,1,-1,-1,-1
447,-1,484,105,29,23,1,-1,-1,-1
448,-1,100,157,23,20,1,-1,-1,-1
448,-1,484,105,30,23,1,-1,-1,-1
449,-1,100,157,23,20,1,-1,-1,-1
449,-1,484,105,30,23,1,-1,-1,-1
450,-1,99,157,23,20,1,-1,-1,-1
450,-1,485,105,29,23,1,-1,-1,-1
451,-1,99,158,22,19,1,-1,-1,-1
451,-1,485,104,29,23,1,-1,-1,-1
452,-1,99,158,22,19,1,-1,-1,-1
452,-1,485,104,29,23,1,-1,-1,-1
453,-1,98,158,23,20,1,-1,-1,-1
453,-1,486,104,29,23,1,-1,-1,-1
454,-1,98,158,23,20,1,-1,-1,-1
454,-1,486,104,29,23,1,-1,-1,-1
455,-1,97,158,22,19,1,-1,-1,-1
455,-1,486,104,29,23,1,-1,-1,-1
456,-1,97,158,23,20,1,-1,-1,-1
456,-1,486,104,29,23,1,-1,-1,-1
457,-1,96,159,22,20,1,-1,-1,-1
457,-1,486,104,29,23,1,-1,-1,-1
458,-1,96,159,22,19,1,-1,-1,-1
458,-1,486,104,29,23,1,-1,-1,-1
459,-1,95,159,22,19,1,-1,-1,-1
459,-1,486,103,29,22,1,-1,-1,-1
460,-1,95,159,22,19,1,-1,-1,-1
460,-1,486,103,29,22,1,-1,-1,-1
461,-1,94,159,22,20,1,-1,-1,-1
461,-1,486,103,29,22,1,-1,-1,-1
462,-1,94,159,22,20,1,-1,-1,-1
462,-1,486,103,29,22,1,-1,-1,-1
463,-1,93,160,22,19,1,-1,-1,-1
463,-1,487,103,29,23,1,-1,-1,-1
464,-1,93,160,22,19,1,-1,-1,-1
464,-1,487,103,29,23,1,-1,-1,-1
465,-1,92,160,22,19,1,-1,-1,-1
465,-1,487,103,29,23,1,-1,-1,-1
466,-1,92,160,22,19,1,-1,-1,-1
466,-1,487,103,29,23,1,-1,-1,-1
467,-1,92,160,22,19,1,-1,-1,-1
467,-1,487,103,29,23,1,-1,-1,-1
468,-1,92,160,22,19,1,-1,-1,-1
468,-1,487,103,29,22,1,-1,-1,-1
469,-1,91,160,22,19,1,-1,-1,-1
469,-1,487,103,29,23,1,-1,-1,-1
470,-1,91,160,22,19,1,-1,-1,-1
470,-1,487,103,29,23,1,-1,-1,-1
471,-1,90,160,22,19,1,-1,-1,-1
471,-1,487,103,29,23,1,-1,-1,-1
472,-1,90,160,22,19,1,-1,-1,-1
472,-1,487,103,29,23,1,-1,-1,-1
473,-1,89,159,22,19,1,-1,-1,-1
473,-1,485,101,32,25,1,-1,-1,-1
474,-1,89,159,22,19,1,-1,-1,-1
474,-1,488,104,29,22,1,-1,-1,-1
475,-1,88,159,22,19,1,-1,-1,-1
475,-1,488,104,29,22,1,-1,-1,-1
476,-1,88,159,22,19,1,-1,-1,-1
476,-1,488,104,29,22,1,-1,-1,-1
477,-1,87,159,22,19,1,-1,-1,-1
477,-1,489,104,29,22,1,-1,-1,-1
478,-1,87,159,22,19,1,-1,-1,-1
478,-1,489,104,29,22,1,-1,-1,-1
479,-1,87,158,22,19,1,-1,-1,-1
479,-1,489,104,29,22,1,-1,-1,-1
480,-1,86,158,22,19,1,-1,-1,-1
480,-1,489,104,28,22,1,-1,-1,-1
481,-1,86,158,22,19,1,-1,-1,-1
481,-1,489,104,28,22,1,-1,-1,-1
482,-1,85,158,22,19,1,-1,-1,-1
482,-1,489,104,28,22,1,-1,-1,-1
483,-1,85,158,22,19,1,-1,-1,-1
483,-1,489,104,28,22,1,-1,-1,-1
484,-1,84,158,21,19,1,-1,-1,-1
484,-1,489,104,28,21,1,-1,-1,-1
485,-1,84,158,21,19,1,-1,-1,-1
485,-1,489,104,28,21,1,-1,-1,-1
486,-1,83,157,22,19,1,-1,-1,-1
486,-1,489,105,28,21,1,-1,-1,-1
487,-1,83,157,22,19,1,-1,-1,-1
487,-1,489,105,28,21,1,-1,-1,-1
488,-1,83,157,22,19,1,-1,-1,-1
488,-1,489,104,28,21,1,-1,-1,-1
489,-1,83,157,21,19,1,-1,-1,-1
489,-1,489,105,28,21,1,-1,-1,-1
490,-1,82,157,21,18,1,-1,-1,-1
490,-1,489,105,28,21,1,-1,-1,-1
491,-1,82,157,21,18,1,-1,-1,-1
491,-1,489,105,28,21,1,-1,-1,-1
492,-1,81,157,21,18,1,-1,-1,-1
492,-1,489,105,28,22,1,-1,-1,-1
493,-1,81,157,21,18,1,-1,-1,-1
493,-1,489,105,28,21,1,-1,-1,-1
494,-1,80,157,21,19,1,-1,-1,-1
494,-1,489,105,28,21,1,-1,-1,-1
495,-1,80,157,21,19,1,-1,-1,-1
495,-1,489,105,28,21,1,-1,-1,-1
496,-1,80,157,21,19,1,-1,-1,-1
496,-1,489,106,28,21,1,-1,-1,-1
497,-1,80,157,21,19,1,-1,-1,-1
497,-1,489,106,28,21,1,-1,-1,-1
498,-1,79,156,21,19,1,-1,-1,-1
498,-1,488,106,28,21,1,-1,-1,-1
499,-1,79,156,22,19,1,-1,-1,-1
499,-1,488,106,28,21,1,-1,-1,-1
500,-1,78,156,21,19,1,-1,-1,-1
500,-1,488,106,28,21,1,-1,-1,-1
501,-1,78,156,21,19,1,-1,-1,-1
501,-1,488,106,28,21,1,-1,-1,-1
502,-1,77,156,22,19,1,-1,-1,-1
502,-1,487,106,28,21,1,-1,-1,-1
503,-1,77,156,22,19,1,-1,-1,-1
503,-1,487,106,28,21,1,-1,-1,-1
504,-1,76,156,21,19,1,-1,-1,-1
504,-1,487,107,27,21,1,-1,-1,-1
505,-1,76,156,21,19,1,-1,-1,-1
505,-1,486,107,27,21,1,-1,-1,-1
506,-1,75,156,22,19,1,-1,-1,-1
506,-1,486,107,27,20,1,-1,-1,-1
507,-1,75,156,22,19,1,-1,-1,-1
507,-1,486,107,27,20,1,-1,-1,-1
508,-1,74,156,22,19,1,-1,-1,-1
508,-1,485,108,27,21,1,-1,-1,-1
509,-1,73,156,22,19,1,-1,-1,-1
509,-1,484,108,27,21,1,-1,-1,-1
510,-1,73,156,22,19,1,-1,-1,-1
510,-1,484,108,27,21,1,-1,-1,-1
511,-1,72,156,22,19,1,-1,-1,-1
511,-1,483,108,27,21,1,-1,-1,-1
512,-1,72,156,22,19,1,-1,-1,-1
512,-1,483,108,27,21,1,-1,-1,-1
513,-1,71,156,22,19,1,-1,-1,-1
513,-1,482,108,27,21,1,-1,-1,-1
514,-1,71,156,22,19,1,-1,-1,-1
514,-1,482,108,27,21,1,-1,-1,-1
515,-1,70,156,22,19,1,-1,-1,-1
515,-1,480,108,27,21,1,-1,-1,-1
516,-1,70,156,22,19,1,-1,-1,-1
516,-1,480,109,27,21,1,-1,-1,-1
517,-1,69,156,22,19,1,-1,-1,-1
517,-1,479,109,27,20,1,-1,-1,-1
518,-1,69,156,21,19,1,-1,-1,-1
518,-1,479,109,27,20,1,-1,-1,-1
519,-1,68,156,21,18,1,-1,-1,-1
519,-1,478,109,27,20,1,-1,-1,-1
520,-1,68,156,21,18,1,-1,-1,-1
520,-1,478,109,27,20,1,-1,-1,-1
521,-1,67,156,21,18,1,-1,-1,-1
521,-1,477,110,27,20,1,-1,-1,-1
522,-1,67,156,21,18,1,-1,-1,-1
522,-1,477,110,27,20,1,-1,-1,-1
523,-1,66,156,20,18,1,-1,-1,-1
523,-1,475,110,27,21,1,-1,-1,-1
524,-1,66,156,20,18,1,-1,-1,-1
524,-1,475,110,27,21,1,-1,-1,-1
525,-1,66,156,20,17,1,-1,-1,-1
525,-1,474,110,27,21,1,-1,-1,-1
526,-1,66,156,20,17,1,-1,-1,-1
526,-1,474,110,27,21,1,-1,-1,-1
527,-1,65,156,19,17,1,-1,-1,-1
527,-1,473,111,27,21,1,-1,-1,-1
528,-1,65,156,19,17,1,-1,-1,-1
528,-1,473,111,27,21,1,-1,-1,-1
529,-1,65,156,19,16,1,-1,-1,-1
529,-1,472,111,28,21,1,-1,-1,-1
530,-1,65,156,19,16,1,-1,-1,-1
530,-1,472,111,28,21,1,-1,-1,-1
531,-1,64,156,19,16,1,-1,-1,-1
531,-1,471,111,28,21,1,-1,-1,-1
532,-1,64,156,23,18,1,-1,-1,-1
532,-1,471,111,28,21,1,-1,-1,-1
533,-1,64,156,23,18,1,-1,-1,-1
533,-1,470,112,28,21,1,-1,-1,-1
534,-1,64,156,23,18,1,-1,-1,-1
534,-1,470,112,28,21,1,-1,-1,-1
535,-1,64,156,23,18,1,-1,-1,-1
535,-1,470,112,28,21,1,-1,-1,-1
536,-1,63,156,23,18,1,-1,-1,-1
536,-1,470,112,28,21,1,-1,-1,-1
537,-1,64,156,23,18,1,-1,-1,-1
537,-1,469,112,27,21,1,-1,-1,-1
538,-1,64,155,23,18,1,-1,-1,-1
538,-1,469,112,27,21,1,-1,-1,-1
539,-1,64,155,23,18,1,-1,-1,-1
539,-1,469,112,27,21,1,-1,-1,-1
540,-1,64,155,23,18,1,-1,-1,-1
540,-1,468,113,27,21,1,-1,-1,-1
541,-1,66,154,20,21,1,-1,-1,-1
541,-1,472,114,23,20,1,-1,-1,-1
542,-1,66,153,20,21,1,-1,-1,-1
542,-1,471,114,23,20,1,-1,-1,-1
543,-1,66,154,20,21,1,-1,-1,-1
543,-1,471,114,23,20,1,-1,-1,-1
544,-1,67,153,20,21,1,-1,-1,-1
544,-1,471,115,23,20,1,-1,-1,-1
545,-1,67,153,20,21,1,-1,-1,-1
545,-1,471,115,23,20,1,-1,-1,-1
546,-1,67,153,20,21,1,-1,-1,-1
546,-1,471,115,23,20,1,-1,-1,-1
547,-1,67,153,20,21,1,-1,-1,-1
547,-1,471,115,23,20,1,-1,-1,-1
548,-1,68,153,20,21,1,-1,-1,-1
548,-1,471,115,23,20,1,-1,-1,-1
549,-1,68,153,20,21,1,-1,-1,-1
549,-1,470,115,23,20,1,-1,-1,-1
550,-1,68,152,20,21,1,-1,-1,-1
550,-1,470,115,23,20,1,-1,-1,-1
551,-1,68,152,20,21,1,-1,-1,-1
551,-1,470,115,23,20,1,-1,-1,-1
552,-1,68,152,20,21,1,-1,-1,-1
552,-1,470,116,23,20,1,-1,-1,-1
553,-1,68,152,20,21,1,-1,-1,-1
553,-1,470,116,23,20,1,-1,-1,-1
554,-1,69,151,20,21,1,-1,-1,-1
554,-1,469,116,23,20,1,-1,-1,-1
555,-1,69,151,19,20,1,-1,-1,-1
555,-1,469,116,23,20,1,-1,-1,-1
556,-1,69,151,19,20,1,-1,-1,-1
556,-1,469,116,23,20,1,-1,-1,-1
557,-1,69,151,19,20,1,-1,-1,-1
557,-1,469,116,23,20,1,-1,-1,-1
558,-1,68,150,20,21,1,-1,-1,-1
558,-1,468,117,23,20,1,-1,-1,-1
559,-1,68,150,20,21,1,-1,-1,-1
559,-1,468,117,23,20,1,-1,-1,-1
560,-1,69,149,20,21,1,-1,-1,-1
560,-1,468,117,23,20,1,-1,-1,-1
561,-1,69,149,20,21,1,-1,-1,-1
561,-1,468,117,23,20,1,-1,-1,-1
562,-1,68,148,20,21,1,-1,-1,-1
562,-1,467,117,23,20,1,-1,-1,-1
563,-1,68,148,20,21,1,-1,-1,-1
563,-1,467,117,23,20,1,-1,-1,-1
564,-1,68,147,21,22,1,-1,-1,-1
564,-1,467,117,23,20,1,-1,-1,-1
565,-1,68,147,21,22,1,-1,-1,-1
565,-1,467,117,23,20,1,-1,-1,-1
566,-1,68,147,20,21,1,-1,-1,-1
566,-1,466,118,23,20,1,-1,-1,-1
567,-1,68,147,20,21,1,-1,-1,-1
567,-1,466,118,23,20,1,-1,-1,-1
568,-1,68,147,20,21,1,-1,-1,-1
568,-1,466,118,23,20,1,-1,-1,-1
569,-1,71,146,20,21,1,-1,-1,-1
569,-1,466,118,23,20,1,-1,-1,-1
570,-1,71,146,20,21,1,-1,-1,-1
570,-1,466,118,23,20,1,-1,-1,-1
571,-1,71,145,20,21,1,-1,-1,-1
571,-1,465,118,24,21,1,-1,-1,-1
572,-1,71,145,20,21,1,-1,-1,-1
572,-1,465,118,24,21,1,-1,-1,-1
573,-1,72,145,20,21,1,-1,-1,-1
573,-1,464,118,24,21,1,-1,-1,-1
574,-1,72,145,20,21,1,-1,-1,-1
574,-1,464,118,23,20,1,-1,-1,-1
575,-1,72,145,20,21,1,-1,-1,-1
575,-1,464,119,24,21,1,-1,-1,-1
576,-1,72,145,20,21,1,-1,-1,-1
576,-1,464,119,24,20,1,-1,-1,-1
577,-1,72,144,20,21,1,-1,-1,-1
577,-1,463,119,24,21,1,-1,-1,-1
578,-1,72,144,20,21,1,-1,-1,-1
578,-1,463,119,24,21,1,-1,-1,-1
579,-1,73,144,20,21,1,-1,-1,-1
579,-1,462,120,23,20,1,-1,-1,-1
580,-1,73,147,20,18,1,-1,-1,-1
580,-1,462,120,23,20,1,-1,-1,-1
581,-1,73,147,20,18,1,-1,-1,-1
581,-1,462,120,23,20,1,-1,-1,-1
582,-1,73,147,20,18,1,-1,-1,-1
582,-1,462,120,23,20,1,-1,-1,-1
583,-1,73,146,20,18,1,-1,-1,-1
583,-1,461,120,22,19,1,-1,-1,-1
584,-1,73,147,20,18,1,-1,-1,-1
584,-1,461,120,22,19,1,-1,-1,-1
585,-1,74,146,20,18,1,-1,-1,-1
585,-1,461,120,22,19,1,-1,-1,-1
586,-1,74,146,20,18,1,-1,-1,-1
586,-1,461,120,22,19,1,-1,-1,-1
587,-1,74,146,20,18,1,-1,-1,-1
587,-1,460,121,22,19,1,-1,-1,-1
588,-1,74,146,20,18,1,-1,-1,-1
588,-1,460,121,22,19,1,-1,-1,-1
589,-1,74,146,20,18,1,-1,-1,-1
589,-1,460,121,22,19,1,-1,-1,-1
590,-1,74,146,20,18,1,-1,-1,-1
590,-1,460,121,21,19,1,-1,-1,-1
591,-1,74,146,20,18,1,-1,-1,-1
591,-1,459,123,25,18,1,-1,-1,-1
592,-1,74,146,20,18,1,-1,-1,-1
592,-1,459,123,25,18,1,-1,-1,-1
593,-1,75,146,20,18,1,-1,-1,-1
593,-1,459,123,25,18,1,-1,-1,-1
594,-1,75,146,20,18,1,-1,-1,-1
594,-1,459,123,25,18,1,-1,-1,-1
595,-1,75,147,20,18,1,-1,-1,-1
595,-1,458,123,24,17,1,-1,-1,-1
596,-1,75,146,20,18,1,-1,-1,-1
596,-1,458,123,25,18,1,-1,-1,-1
597,-1,75,147,20,18,1,-1,-1,-1
597,-1,458,123,25,18,1,-1,-1,-1
598,-1,75,147,20,18,1,-1,-1,-1
598,-1,459,125,22,16,1,-1,-1,-1
599,-1,75,147,20,17,1,-1,-1,-1
600,-1,75,147,20,17,1,-1,-1,-1
601,-1,75,147,20,17,1,-1,-1,-1
602,-1,75,147,20,17,1,-1,-1,-1
603,-1,75,147,20,17,1,-1,-1,-1
604,-1,76,147,20,17,1,-1,-1,-1
605,-1,76,147,20,17,1,-1,-1,-1
606,-1,77,147,20,17,1,-1,-1,-1
607,-1,77,147,20,17,1,-1,-1,-1
608,-1,78,147,20,17,1,-1,-1,-1
609,-1,78,147,20,17,1,-1,-1,-1
610,-1,79,147,20,17,1,-1,-1,-1
611,-1,79,147,20,17,1,-1,-1,-1
612,-1,80,147,20,17,1,-1,-1,-1
613,-1,80,147,19,16,1,-1,-1,-1
614,-1,82,147,19,16,1,-1,-1,-1
615,-1,82,147,19,16,1,-1,-1,-1
616,-1,84,147,19,16,1,-1,-1,-1
617,-1,84,147,19,16,1,-1,-1,-1
618,-1,85,147,20,17,1,-1,-1,-1
619,-1,85,147,20,17,1,-1,-1,-1
620,-1,86,147,20,17,1,-1,-1,-1
621,-1,86,147,20,17,1,-1,-1,-1
622,-1,87,146,20,17,1,-1,-1,-1
623,-1,89,146,20,17,1,-1,-1,-1
624,-1,90,146,20,17,1,-1,-1,-1
625,-1,91,146,20,17,1,-1,-1,-1
626,-1,90,145,21,17,1,-1,-1,-1
627,-1,91,145,21,18,1,-1,-1,-1
628,-1,94,146,21,18,1,-1,-1,-1
629,-1,95,146,21,18,1,-1,-1,-1
630,-1,95,146,20,18,1,-1,-1,-1
631,-1,97,146,21,18,1,-1,-1,-1
632,-1,97,146,21,18,1,-1,-1,-1
633,-1,98,146,21,18,1,-1,-1,-1
634,-1,98,146,21,18,1,-1,-1,-1
635,-1,98,146,21,18,1,-1,-1,-1
636,-1,98,146,21,18,1,-1,-1,-1
637,-1,97,146,21,18,1,-1,-1,-1
638,-1,97,147,20,18,1,-1,-1,-1
639,-1,101,148,20,18,1,-1,-1,-1
640,-1,101,148,20,18,1,-1,-1,-1
641,-1,100,148,20,18,1,-1,-1,-1
642,-1,100,148,20,18,1,-1,-1,-1
643,-1,100,149,20,18,1,-1,-1,-1
644,-1,102,151,18,16,1,-1,-1,-1
645,-1,102,152,18,16,1,-1,-1,-1
646,-1,102,152,18,16,1,-1,-1,-1
647,-1,101,152,18,16,1,-1,-1,-1
648,-1,104,152,18,16,1,-1,-1,-1
649,-1,104,153,18,16,1,-1,-1,-1
650,-1,104,153,17,16,1,-1,-1,-1
651,-1,102,153,18,16,1,-1,-1,-1
652,-1,103,153,17,16,1,-1,-1,-1
653,-1,101,153,18,16,1,-1,-1,-1
