1,1,95,81,22,17,1,1,1
2,1,94,82,22,17,1,1,1
3,1,91,84,22,17,1,1,1
4,1,91,87,22,17,1,1,1
5,1,91,87,21,17,1,1,1
6,1,90,88,21,16,1,1,1
7,1,90,89,21,16,1,1,1
8,1,89,91,22,17,1,1,1
9,1,91,95,22,17,1,1,1
10,1,91,95,22,17,1,1,1
11,1,92,96,21,16,1,1,1
12,1,90,97,22,17,1,1,1
13,1,88,97,22,17,1,1,1
14,1,86,98,21,17,1,1,1
15,1,86,98,21,17,1,1,1
16,1,86,100,22,17,1,1,1
17,1,85,101,22,17,1,1,1
18,1,82,102,22,17,1,1,1
19,1,80,104,22,17,1,1,1
20,1,80,104,22,17,1,1,1
21,1,79,105,21,17,1,1,1
22,1,77,106,21,16,1,1,1
23,1,74,107,21,16,1,1,1
24,1,75,109,21,16,1,1,1
25,1,75,109,21,16,1,1,1
26,1,74,111,21,16,1,1,1
27,1,71,112,21,16,1,1,1
28,1,69,112,21,17,1,1,1
29,1,69,113,22,17,1,1,1
30,1,69,113,22,17,1,1,1
31,1,67,114,22,17,1,1,1
32,1,65,115,21,17,1,1,1
33,1,65,117,21,16,1,1,1
34,1,65,119,21,16,1,1,1
35,1,65,119,21,16,1,1,1
36,1,63,120,21,16,1,1,1
37,1,60,121,22,17,1,1,1
38,1,60,122,21,16,1,1,1
39,1,61,125,22,17,1,1,1
40,1,61,125,22,17,1,1,1
41,1,59,126,21,17,1,1,1
42,1,58,126,21,16,1,1,1
43,1,58,128,21,16,1,1,1
44,1,55,131,21,16,1,1,1
45,1,55,131,21,16,1,1,1
46,1,54,132,21,16,1,1,1
47,1,56,134,21,16,1,1,1
48,1,56,135,21,16,1,1,1
49,1,54,134,21,16,1,1,1
50,1,54,134,21,17,1,1,1
51,1,55,135,21,16,1,1,1
52,1,55,137,21,16,1,1,1
53,1,54,139,21,16,1,1,1
54,1,53,142,21,16,1,1,1
55,1,53,142,21,16,1,1,1
56,1,54,145,21,16,1,1,1
57,1,53,147,21,16,1,1,1
58,1,53,148,20,16,1,1,1
59,1,51,149,21,16,1,1,1
60,1,51,149,21,16,1,1,1
61,1,47,150,20,16,1,1,1
62,1,43,152,20,15,1,1,1
63,1,40,152,20,15,1,1,1
64,1,41,152,20,15,1,1,1
65,1,41,152,20,15,1,1,1
66,1,42,153,20,15,1,1,1
67,1,41,155,20,15,1,1,1
68,1,40,155,21,16,1,1,1
69,1,42,156,20,15,1,1,1
70,1,42,156,20,15,1,1,1
71,1,42,157,20,15,1,1,1
72,1,43,159,20,15,1,1,1
73,1,43,160,20,15,1,1,1
74,1,44,162,20,15,1,1,1
75,1,44,162,20,15,1,1,1
76,1,46,164,20,15,1,1,1
77,1,47,165,20,15,1,1,1
78,1,46,168,20,15,1,1,1
79,1,45,171,20,15,1,1,1
80,1,45,171,20,15,1,1,1
81,1,47,172,20,15,1,1,1
82,1,46,173,20,15,1,1,1
83,1,44,173,20,15,1,1,1
84,1,46,174,20,15,1,1,1
85,1,46,174,20,15,1,1,1
86,1,45,174,20,15,1,1,1
87,1,44,175,20,15,1,1,1
88,1,43,176,20,15,1,1,1
89,1,43,176,20,15,1,1,1
90,1,43,176,20,15,1,1,1
91,1,43,177,20,15,1,1,1
92,1,42,179,20,15,1,1,1
93,1,44,181,20,15,1,1,1
94,1,44,181,20,15,1,1,1
95,1,44,181,20,15,1,1,1
96,1,44,181,19,15,1,1,1
97,1,44,182,20,15,1,1,1
98,1,41,182,20,15,1,1,1
99,1,41,182,20,15,1,1,1
100,1,41,182,20,15,1,1,1
101,1,40,183,19,15,1,1,1
102,1,40,183,20,15,1,1,1
103,1,40,186,20,15,1,1,1
104,1,39,187,20,15,1,1,1
105,1,39,187,20,15,1,1,1
106,1,40,188,20,15,1,1,1
107,1,39,188,19,14,1,1,1
108,1,37,191,20,15,1,1,1
109,1,37,192,19,14,1,1,1
110,1,37,192,19,14,1,1,1
111,1,37,192,20,15,1,1,1
112,1,36,192,19,14,1,1,1
113,1,35,194,19,14,1,1,1
114,1,34,195,19,14,1,1,1
115,1,34,195,19,14,1,1,1
116,1,35,195,19,15,1,1,1
117,1,36,196,19,15,1,1,1
118,1,34,196,20,15,1,1,1
119,1,33,197,20,15,1,1,1
120,1,33,197,20,15,1,1,1
121,1,35,197,20,15,1,1,1
122,1,35,198,20,15,1,1,1
123,1,33,199,20,15,1,1,1
124,1,33,200,20,15,1,1,1
125,1,33,200,20,15,1,1,1
126,1,34,201,20,15,1,1,1
127,1,35,202,20,15,1,1,1
128,1,34,205,20,15,1,1,1
129,1,35,205,20,15,1,1,1
130,1,35,205,20,15,1,1,1
131,1,36,205,20,15,1,1,1
132,1,36,206,20,15,1,1,1
133,1,36,207,20,15,1,1,1
134,1,38,207,20,15,1,1,1
135,1,38,207,20,15,1,1,1
136,1,38,207,20,15,1,1,1
137,1,36,207,20,15,1,1,1
138,1,37,208,20,15,1,1,1
139,1,40,210,20,15,1,1,1
140,1,40,210,20,15,1,1,1
141,1,42,213,20,15,1,1,1
142,1,42,215,19,14,1,1,1
143,1,44,220,20,15,1,1,1
144,1,45,222,20,15,1,1,1
145,1,45,222,20,15,1,1,1
146,1,44,224,20,14,1,1,1
147,1,45,226,20,15,1,1,1
148,1,50,229,20,15,1,1,1
149,1,51,230,20,15,1,1,1
150,1,51,230,20,15,1,1,1
151,1,51,231,20,14,1,1,1
152,1,51,232,20,15,1,1,1
153,1,51,233,20,14,1,1,1
154,1,53,233,20,14,1,1,1
155,1,53,233,20,14,1,1,1
156,1,53,234,20,14,1,1,1
157,1,54,235,19,14,1,1,1
158,1,54,236,20,14,1,1,1
159,1,55,237,20,14,1,1,1
160,1,55,237,20,14,1,1,1
1,2,29,113,16,15,1,1,1
2,2,28,114,16,15,1,1,1
3,2,27,115,16,15,1,1,1
4,2,28,119,16,15,1,1,1
5,2,28,119,16,15,1,1,1
6,2,28,120,16,15,1,1,1
7,2,29,121,16,15,1,1,1
8,2,30,123,16,15,1,1,1
9,2,33,127,16,15,1,1,1
10,2,33,127,16,15,1,1,1
11,2,35,127,16,15,1,1,1
12,2,35,129,16,15,1,1,1
13,2,33,129,16,15,1,1,1
14,2,33,131,16,15,1,1,1
15,2,33,131,16,15,1,1,1
16,2,35,132,16,15,1,1,1
17,2,34,133,16,15,1,1,1
18,2,32,134,16,15,1,1,1
19,2,32,136,16,15,1,1,1
20,2,32,136,16,15,1,1,1
21,2,32,137,16,15,1,1,1
22,2,30,138,16,15,1,1,1
23,2,28,140,16,15,1,1,1
24,2,31,142,16,15,1,1,1
25,2,31,142,16,15,1,1,1
26,2,31,144,15,14,1,1,1
27,2,29,145,15,14,1,1,1
28,2,28,145,16,15,1,1,1
29,2,30,146,16,15,1,1,1
30,2,30,146,16,15,1,1,1
31,2,28,147,15,14,1,1,1
32,2,27,148,16,15,1,1,1
33,2,29,150,15,15,1,1,1
34,2,30,153,15,14,1,1,1
35,2,30,153,15,14,1,1,1
36,2,29,153,15,14,1,1,1
37,2,27,154,16,15,1,1,1
38,2,28,155,16,15,1,1,1
39,2,30,158,15,14,1,1,1
40,2,30,158,15,14,1,1,1
41,2,29,159,16,15,1,1,1
42,2,29,160,15,14,1,1,1
43,2,30,161,16,15,1,1,1
44,2,29,165,15,15,1,1,1
45,2,29,165,15,15,1,1,1
46,2,29,167,15,14,1,1,1
47,2,32,169,15,14,1,1,1
48,2,33,170,15,14,1,1,1
49,2,33,168,15,14,1,1,1
50,2,33,168,15,14,1,1,1
51,2,34,169,15,14,1,1,1
52,2,35,171,15,14,1,1,1
53,2,35,173,15,14,1,1,1
54,2,36,176,15,14,1,1,1
55,2,36,176,15,14,1,1,1
56,2,37,178,15,14,1,1,1
57,2,37,180,15,14,1,1,1
58,2,38,181,15,14,1,1,1
59,2,38,183,15,14,1,1,1
60,2,38,183,15,14,1,1,1
61,2,34,184,15,14,1,1,1
62,2,31,187,15,14,1,1,1
63,2,29,187,15,14,1,1,1
64,2,32,187,15,14,1,1,1
65,2,32,187,15,14,1,1,1
66,2,34,188,15,14,1,1,1
67,2,33,190,15,14,1,1,1
68,2,34,191,15,14,1,1,1
69,2,37,192,15,14,1,1,1
70,2,37,192,15,14,1,1,1
71,2,38,193,15,14,1,1,1
72,2,40,194,15,14,1,1,1
73,2,41,195,15,14,1,1,1
74,2,43,198,15,14,1,1,1
75,2,43,198,15,14,1,1,1
76,2,45,199,15,14,1,1,1
77,2,48,201,15,14,1,1,1
78,2,47,203,15,14,1,1,1
79,2,47,206,15,14,1,1,1
80,2,47,206,15,14,1,1,1
81,2,50,207,15,14,1,1,1
82,2,50,208,15,14,1,1,1
83,2,49,209,15,14,1,1,1
84,2,52,210,15,14,1,1,1
85,2,52,210,15,14,1,1,1
86,2,52,210,15,14,1,1,1
87,2,51,211,15,14,1,1,1
88,2,52,212,15,14,1,1,1
89,2,53,213,15,14,1,1,1
90,2,53,213,15,14,1,1,1
91,2,53,213,15,14,1,1,1
92,2,53,215,14,13,1,1,1
93,2,56,217,15,14,1,1,1
94,2,57,217,15,14,1,1,1
95,2,57,217,15,14,1,1,1
96,2,58,217,15,14,1,1,1
97,2,58,218,15,14,1,1,1
98,2,56,218,15,14,1,1,1
99,2,57,218,15,14,1,1,1
100,2,57,218,15,14,1,1,1
101,2,57,218,15,14,1,1,1
102,2,57,219,15,14,1,1,1
103,2,58,222,15,14,1,1,1
104,2,58,223,15,14,1,1,1
105,2,58,223,15,14,1,1,1
106,2,60,224,15,14,1,1,1
107,2,60,224,15,14,1,1,1
108,2,58,227,15,14,1,1,1
109,2,60,228,15,14,1,1,1
110,2,60,228,15,14,1,1,1
111,2,60,228,15,14,1,1,1
112,2,60,228,15,14,1,1,1
113,2,60,230,15,14,1,1,1
114,2,60,231,15,14,1,1,1
115,2,60,231,15,14,1,1,1
116,2,61,231,15,14,1,1,1
117,2,63,232,15,14,1,1,1
118,2,62,233,15,14,1,1,1
119,2,62,233,15,14,1,1,1
120,2,62,233,15,14,1,1,1
121,2,64,234,15,14,1,1,1
122,2,65,234,15,14,1,1,1
123,2,64,235,15,14,1,1,1
124,2,66,236,14,14,1,1,1
125,2,66,236,14,14,1,1,1
126,2,67,236,15,14,1,1,1
127,2,68,237,15,14,1,1,1
128,2,69,239,15,14,1,1,1
129,2,70,239,15,14,1,1,1
130,2,70,239,15,14,1,1,1
131,2,71,240,15,14,1,1,1
132,2,72,240,15,14,1,1,1
133,2,74,240,15,14,1,1,1
134,2,76,241,15,14,1,1,1
135,2,76,241,15,14,1,1,1
136,2,76,240,15,14,1,1,1
137,2,75,240,15,14,1,1,1
138,2,77,242,15,14,1,1,1
139,2,81,243,15,14,1,1,1
140,2,81,243,15,14,1,1,1
141,2,83,246,15,14,1,1,1
142,2,83,248,15,14,1,1,1
143,2,86,253,15,14,1,1,1
144,2,88,255,15,14,1,1,1
145,2,88,255,15,14,1,1,1
146,2,88,257,15,14,1,1,1
147,2,90,258,15,14,1,1,1
148,2,96,260,15,14,1,1,1
149,2,97,261,15,14,1,1,1
150,2,97,261,15,14,1,1,1
151,2,97,262,15,14,1,1,1
152,2,98,263,15,14,1,1,1
153,2,99,263,15,14,1,1,1
154,2,101,264,15,14,1,1,1
155,2,101,264,15,14,1,1,1
156,2,102,264,15,14,1,1,1
157,2,103,265,15,14,1,1,1
158,2,105,266,15,14,1,1,1
159,2,106,266,15,14,1,1,1
160,2,106,266,15,14,1,1,1
1,3,262,108,20,18,1,1,1
2,3,261,108,20,18,1,1,1
3,3,259,109,20,18,1,1,1
4,3,257,111,20,18,1,1,1
5,3,257,111,20,18,1,1,1
6,3,257,111,20,18,1,1,1
7,3,256,111,20,18,1,1,1
8,3,256,112,20,18,1,1,1
9,3,257,114,20,18,1,1,1
10,3,257,114,20,18,1,1,1
11,3,257,114,21,19,1,1,1
12,3,256,114,21,19,1,1,1
13,3,254,114,20,18,1,1,1
14,3,252,114,20,18,1,1,1
15,3,252,114,20,18,1,1,1
16,3,251,115,20,18,1,1,1
17,3,250,115,20,18,1,1,1
18,3,247,116,20,18,1,1,1
19,3,245,116,20,18,1,1,1
20,3,245,116,20,18,1,1,1
21,3,244,117,20,18,1,1,1
22,3,241,117,21,18,1,1,1
23,3,238,118,20,18,1,1,1
24,3,238,119,21,19,1,1,1
25,3,238,119,20,18,1,1,1
26,3,237,120,20,18,1,1,1
27,3,234,121,20,18,1,1,1
28,3,232,121,21,19,1,1,1
29,3,232,121,20,18,1,1,1
30,3,232,121,20,18,1,1,1
31,3,229,121,20,18,1,1,1
32,3,227,122,21,19,1,1,1
33,3,227,123,20,18,1,1,1
34,3,226,125,21,18,1,1,1
35,3,226,125,21,18,1,1,1
36,3,223,125,20,18,1,1,1
37,3,221,126,20,18,1,1,1
38,3,220,126,20,18,1,1,1
39,3,220,128,20,18,1,1,1
40,3,220,128,20,18,1,1,1
41,3,219,129,20,18,1,1,1
42,3,217,128,20,18,1,1,1
43,3,217,130,20,18,1,1,1
44,3,213,132,20,18,1,1,1
45,3,213,132,20,18,1,1,1
46,3,213,133,20,18,1,1,1
47,3,214,134,20,18,1,1,1
48,3,213,135,21,19,1,1,1
49,3,211,132,20,18,1,1,1
50,3,211,132,20,18,1,1,1
51,3,211,133,20,18,1,1,1
52,3,210,134,21,18,1,1,1
53,3,209,136,21,19,1,1,1
54,3,208,138,20,18,1,1,1
55,3,208,138,20,18,1,1,1
56,3,208,140,21,19,1,1,1
57,3,206,142,21,19,1,1,1
58,3,206,142,21,19,1,1,1
59,3,203,142,21,19,1,1,1
60,3,203,142,21,19,1,1,1
61,3,199,143,21,19,1,1,1
62,3,195,145,20,18,1,1,1
63,3,192,145,20,18,1,1,1
64,3,192,144,20,18,1,1,1
65,3,192,144,20,18,1,1,1
66,3,192,145,20,18,1,1,1
67,3,191,146,20,18,1,1,1
68,3,190,146,20,18,1,1,1
69,3,189,146,20,18,1,1,1
70,3,189,146,20,18,1,1,1
71,3,189,147,20,18,1,1,1
72,3,189,148,20,18,1,1,1
73,3,189,148,20,18,1,1,1
74,3,188,149,20,18,1,1,1
75,3,188,149,20,18,1,1,1
76,3,190,151,19,17,1,1,1
77,3,190,152,20,18,1,1,1
78,3,188,153,20,18,1,1,1
79,3,186,155,20,18,1,1,1
80,3,186,155,20,18,1,1,1
81,3,187,156,20,18,1,1,1
82,3,186,157,20,18,1,1,1
83,3,184,157,20,18,1,1,1
84,3,184,157,20,18,1,1,1
85,3,184,157,20,18,1,1,1
86,3,183,157,20,18,1,1,1
87,3,181,158,19,18,1,1,1
88,3,179,158,20,18,1,1,1
89,3,179,158,20,18,1,1,1
90,3,179,158,20,18,1,1,1
91,3,177,158,20,18,1,1,1
92,3,175,159,20,18,1,1,1
93,3,176,161,20,18,1,1,1
94,3,176,161,20,18,1,1,1
95,3,176,161,20,18,1,1,1
96,3,175,161,20,18,1,1,1
97,3,174,161,20,18,1,1,1
98,3,170,161,20,18,1,1,1
99,3,170,161,20,18,1,1,1
100,3,170,161,20,18,1,1,1
101,3,168,161,20,18,1,1,1
102,3,167,161,20,18,1,1,1
103,3,166,163,19,18,1,1,1
104,3,165,164,20,18,1,1,1
105,3,165,164,20,18,1,1,1
106,3,165,164,19,18,1,1,1
107,3,164,164,20,18,1,1,1
108,3,160,166,20,18,1,1,1
109,3,160,167,20,18,1,1,1
110,3,160,167,20,18,1,1,1
111,3,160,167,20,18,1,1,1
112,3,158,167,20,18,1,1,1
113,3,156,168,20,18,1,1,1
114,3,155,169,20,18,1,1,1
115,3,155,169,20,18,1,1,1
116,3,155,169,19,17,1,1,1
117,3,155,169,20,18,1,1,1
118,3,153,170,20,18,1,1,1
119,3,151,170,20,18,1,1,1
120,3,151,170,20,18,1,1,1
121,3,152,170,20,18,1,1,1
122,3,152,170,20,18,1,1,1
123,3,148,171,20,18,1,1,1
124,3,149,172,20,18,1,1,1
125,3,149,172,20,18,1,1,1
126,3,149,172,20,18,1,1,1
127,3,149,173,20,18,1,1,1
128,3,148,175,20,18,1,1,1
129,3,148,175,20,18,1,1,1
130,3,148,175,20,18,1,1,1
131,3,148,175,20,18,1,1,1
132,3,147,175,20,18,1,1,1
133,3,147,175,20,18,1,1,1
134,3,147,176,20,18,1,1,1
135,3,147,176,20,18,1,1,1
136,3,147,176,20,18,1,1,1
137,3,145,175,20,18,1,1,1
138,3,144,176,21,19,1,1,1
139,3,147,178,20,18,1,1,1
140,3,147,178,20,18,1,1,1
141,3,148,180,20,18,1,1,1
142,3,147,182,20,18,1,1,1
143,3,148,187,20,18,1,1,1
144,3,148,189,20,18,1,1,1
145,3,148,189,20,18,1,1,1
146,3,147,190,20,18,1,1,1
147,3,147,192,20,18,1,1,1
148,3,151,194,20,18,1,1,1
149,3,151,194,20,18,1,1,1
150,3,151,194,20,18,1,1,1
151,3,150,195,20,18,1,1,1
152,3,150,196,20,18,1,1,1
153,3,149,196,20,18,1,1,1
154,3,149,196,20,18,1,1,1
155,3,149,196,20,18,1,1,1
156,3,149,197,20,18,1,1,1
157,3,149,198,20,18,1,1,1
158,3,148,198,20,18,1,1,1
159,3,148,199,20,18,1,1,1
160,3,148,199,20,18,1,1,1
1,4,182,180,14,13,1,1,1
2,4,181,180,14,13,1,1,1
3,4,180,182,14,13,1,1,1
4,4,180,184,14,13,1,1,1
5,4,180,184,14,13,1,1,1
6,4,181,185,14,13,1,1,1
7,4,181,185,14,13,1,1,1
8,4,182,187,14,13,1,1,1
9,4,184,189,14,13,1,1,1
10,4,184,189,14,13,1,1,1
11,4,186,189,14,13,1,1,1
12,4,185,190,14,13,1,1,1
13,4,184,190,14,13,1,1,1
14,4,183,191,14,13,1,1,1
15,4,183,191,14,13,1,1,1
16,4,184,191,14,13,1,1,1
17,4,184,192,14,13,1,1,1
18,4,181,193,14,13,1,1,1
19,4,181,194,14,13,1,1,1
20,4,181,194,14,13,1,1,1
21,4,181,194,14,13,1,1,1
22,4,179,195,14,13,1,1,1
23,4,177,196,14,13,1,1,1
24,4,179,197,14,13,1,1,1
25,4,179,197,14,13,1,1,1
26,4,178,198,14,13,1,1,1
27,4,176,199,14,13,1,1,1
28,4,175,199,14,13,1,1,1
29,4,176,200,14,13,1,1,1
30,4,176,200,14,13,1,1,1
31,4,174,200,14,13,1,1,1
32,4,173,200,14,13,1,1,1
33,4,174,202,14,13,1,1,1
34,4,174,204,14,13,1,1,1
35,4,174,204,14,13,1,1,1
36,4,172,205,14,13,1,1,1
37,4,171,205,14,13,1,1,1
38,4,171,206,14,13,1,1,1
39,4,172,208,14,13,1,1,1
40,4,172,208,14,13,1,1,1
41,4,172,208,14,13,1,1,1
42,4,171,209,14,13,1,1,1
43,4,171,210,14,13,1,1,1
44,4,169,213,14,13,1,1,1
45,4,169,213,14,13,1,1,1
46,4,169,214,14,13,1,1,1
47,4,172,215,14,13,1,1,1
48,4,172,216,14,13,1,1,1
49,4,171,214,14,13,1,1,1
50,4,171,214,14,13,1,1,1
51,4,172,214,14,13,1,1,1
52,4,172,216,14,13,1,1,1
53,4,172,217,13,13,1,1,1
54,4,172,220,14,13,1,1,1
55,4,172,220,14,13,1,1,1
56,4,172,222,14,13,1,1,1
57,4,172,223,14,13,1,1,1
58,4,172,224,14,13,1,1,1
59,4,171,224,14,13,1,1,1
60,4,171,224,14,13,1,1,1
61,4,167,226,14,13,1,1,1
62,4,164,227,14,13,1,1,1
63,4,162,227,14,13,1,1,1
64,4,164,226,14,13,1,1,1
65,4,164,226,14,13,1,1,1
66,4,165,227,14,13,1,1,1
67,4,164,228,14,13,1,1,1
68,4,164,228,14,13,1,1,1
69,4,166,228,14,13,1,1,1
70,4,166,228,14,13,1,1,1
71,4,167,229,14,13,1,1,1
72,4,168,230,14,13,1,1,1
73,4,168,231,14,13,1,1,1
74,4,170,232,14,13,1,1,1
75,4,170,232,14,13,1,1,1
76,4,172,233,14,13,1,1,1
77,4,173,235,14,13,1,1,1
78,4,172,236,14,13,1,1,1
79,4,172,238,14,13,1,1,1
80,4,172,238,14,13,1,1,1
81,4,174,239,14,13,1,1,1
82,4,174,239,14,13,1,1,1
83,4,172,239,14,13,1,1,1
84,4,174,240,14,13,1,1,1
85,4,174,240,14,13,1,1,1
86,4,173,240,14,13,1,1,1
87,4,172,240,14,13,1,1,1
88,4,172,241,14,13,1,1,1
89,4,172,241,14,13,1,1,1
90,4,172,241,14,13,1,1,1
91,4,172,241,14,13,1,1,1
92,4,172,242,14,13,1,1,1
93,4,174,244,14,13,1,1,1
94,4,174,243,14,13,1,1,1
95,4,174,243,14,13,1,1,1
96,4,174,243,14,13,1,1,1
97,4,173,243,14,13,1,1,1
98,4,172,243,14,13,1,1,1
99,4,171,243,14,13,1,1,1
100,4,171,243,14,13,1,1,1
101,4,171,243,14,13,1,1,1
102,4,171,243,14,13,1,1,1
103,4,171,245,14,13,1,1,1
104,4,171,246,14,13,1,1,1
105,4,171,246,14,13,1,1,1
106,4,171,246,14,13,1,1,1
107,4,171,246,14,13,1,1,1
108,4,169,248,14,13,1,1,1
109,4,169,249,14,13,1,1,1
110,4,169,249,14,13,1,1,1
111,4,169,249,14,13,1,1,1
112,4,169,249,14,13,1,1,1
113,4,168,250,14,13,1,1,1
114,4,168,250,14,13,1,1,1
115,4,168,250,14,13,1,1,1
116,4,168,251,14,13,1,1,1
117,4,169,251,14,13,1,1,1
118,4,167,251,14,13,1,1,1
119,4,167,251,14,13,1,1,1
120,4,167,251,14,13,1,1,1
121,4,168,251,14,13,1,1,1
122,4,169,251,14,13,1,1,1
123,4,167,251,14,13,1,1,1
124,4,168,252,14,13,1,1,1
125,4,168,252,14,13,1,1,1
126,4,169,252,14,13,1,1,1
127,4,169,252,14,13,1,1,1
128,4,169,254,14,13,1,1,1
129,4,170,254,14,13,1,1,1
130,4,170,254,14,13,1,1,1
131,4,171,254,14,13,1,1,1
132,4,171,255,14,13,1,1,1
133,4,172,254,14,13,1,1,1
134,4,173,254,14,13,1,1,1
135,4,173,254,14,13,1,1,1
136,4,173,254,14,13,1,1,1
137,4,172,254,14,13,1,1,1
138,4,173,255,14,13,1,1,1
139,4,176,256,14,13,1,1,1
140,4,176,256,14,13,1,1,1
141,4,177,258,14,13,1,1,1
142,4,177,260,14,13,1,1,1
143,4,179,264,14,13,1,1,1
144,4,180,266,14,13,1,1,1
145,4,180,266,14,13,1,1,1
146,4,180,267,14,13,1,1,1
147,4,180,269,14,13,1,1,1
148,4,186,270,14,13,1,1,1
149,4,186,270,14,13,1,1,1
150,4,186,270,14,13,1,1,1
151,4,186,271,14,13,1,1,1
152,4,187,272,14,13,1,1,1
153,4,187,272,14,13,1,1,1
154,4,188,272,14,13,1,1,1
155,4,188,272,14,13,1,1,1
156,4,189,272,14,13,1,1,1
157,4,189,273,14,13,1,1,1
158,4,189,273,14,13,1,1,1
159,4,190,273,14,13,1,1,1
160,4,190,273,14,13,1,1,1
1,5,111,210,15,14,1,1,1
2,5,111,211,15,14,1,1,1
3,5,110,212,15,14,1,1,1
4,5,112,215,15,14,1,1,1
5,5,112,215,15,14,1,1,1
6,5,113,215,14,13,1,1,1
7,5,114,216,15,14,1,1,1
8,5,115,218,15,14,1,1,1
9,5,120,220,15,14,1,1,1
10,5,120,220,15,14,1,1,1
11,5,122,220,15,14,1,1,1
12,5,122,221,15,14,1,1,1
13,5,121,222,15,14,1,1,1
14,5,122,222,15,14,1,1,1
15,5,122,222,15,14,1,1,1
16,5,124,223,15,14,1,1,1
17,5,124,224,15,14,1,1,1
18,5,122,225,15,14,1,1,1
19,5,124,226,15,14,1,1,1
20,5,124,226,15,14,1,1,1
21,5,124,227,15,14,1,1,1
22,5,122,228,15,14,1,1,1
23,5,121,229,15,14,1,1,1
24,5,125,230,15,14,1,1,1
25,5,125,230,15,14,1,1,1
26,5,125,231,15,14,1,1,1
27,5,123,232,15,14,1,1,1
28,5,123,232,15,14,1,1,1
29,5,125,233,15,14,1,1,1
30,5,125,233,15,14,1,1,1
31,5,124,233,15,14,1,1,1
32,5,123,233,15,14,1,1,1
33,5,125,235,15,14,1,1,1
34,5,127,237,14,13,1,1,1
35,5,127,237,14,13,1,1,1
36,5,125,237,15,14,1,1,1
37,5,124,238,15,14,1,1,1
38,5,126,239,15,14,1,1,1
39,5,128,241,15,14,1,1,1
40,5,128,241,15,14,1,1,1
41,5,128,241,14,13,1,1,1
42,5,128,242,15,14,1,1,1
43,5,128,243,15,14,1,1,1
44,5,128,246,15,14,1,1,1
45,5,128,246,15,14,1,1,1
46,5,129,247,14,13,1,1,1
47,5,132,248,14,13,1,1,1
48,5,133,248,15,14,1,1,1
49,5,133,247,15,14,1,1,1
50,5,133,247,15,14,1,1,1
51,5,134,247,15,14,1,1,1
52,5,135,249,15,14,1,1,1
53,5,135,250,15,14,1,1,1
54,5,137,254,15,14,1,1,1
55,5,137,254,15,14,1,1,1
56,5,138,255,14,14,1,1,1
57,5,138,257,14,13,1,1,1
58,5,140,257,14,13,1,1,1
59,5,139,258,14,14,1,1,1
60,5,139,258,14,14,1,1,1
61,5,136,259,15,14,1,1,1
62,5,133,261,15,14,1,1,1
63,5,132,261,15,14,1,1,1
64,5,135,260,15,14,1,1,1
65,5,135,260,15,14,1,1,1
66,5,137,261,15,14,1,1,1
67,5,137,262,15,14,1,1,1
68,5,137,262,15,14,1,1,1
69,5,141,262,15,14,1,1,1
70,5,141,262,15,14,1,1,1
71,5,142,264,15,14,1,1,1
72,5,144,264,15,14,1,1,1
73,5,145,265,15,14,1,1,1
74,5,148,267,15,14,1,1,1
75,5,148,267,15,14,1,1,1
76,5,150,268,15,14,1,1,1
77,5,152,269,15,14,1,1,1
78,5,151,271,15,14,1,1,1
79,5,153,273,15,14,1,1,1
80,5,153,273,15,14,1,1,1
81,5,155,274,15,14,1,1,1
82,5,155,274,15,14,1,1,1
83,5,155,275,14,14,1,1,1
84,5,158,275,14,14,1,1,1
85,5,158,275,14,14,1,1,1
86,5,158,275,14,14,1,1,1
87,5,157,275,15,14,1,1,1
88,5,158,276,15,14,1,1,1
89,5,160,276,14,13,1,1,1
90,5,160,276,14,13,1,1,1
91,5,159,277,15,14,1,1,1
92,5,159,278,15,14,1,1,1
93,5,163,280,14,13,1,1,1
94,5,164,279,14,13,1,1,1
95,5,164,279,14,13,1,1,1
96,5,164,279,15,14,1,1,1
97,5,164,279,14,14,1,1,1
98,5,164,279,14,13,1,1,1
99,5,164,279,14,14,1,1,1
100,5,164,279,14,14,1,1,1
101,5,164,279,14,14,1,1,1
102,5,165,280,14,13,1,1,1
103,5,166,281,15,14,1,1,1
104,5,166,282,15,14,1,1,1
105,5,166,282,15,14,1,1,1
106,5,167,282,15,14,1,1,1
107,5,167,282,15,14,1,1,1
108,5,166,284,15,14,1,1,1
109,5,168,285,15,14,1,1,1
110,5,168,285,15,14,1,1,1
111,5,168,285,15,14,1,1,1
112,5,168,285,15,14,1,1,1
113,5,168,286,15,14,1,1,1
114,5,168,286,15,14,1,1,1
115,5,168,286,15,14,1,1,1
116,5,170,286,15,14,1,1,1
117,5,171,286,15,14,1,1,1
118,5,171,287,15,14,1,1,1
119,5,171,287,15,14,1,1,1
120,5,171,287,15,14,1,1,1
121,5,173,287,15,14,1,1,1
122,5,173,287,15,14,1,1,1
123,5,173,287,15,14,1,1,1
124,5,174,288,15,14,1,1,1
125,5,174,288,15,14,1,1,1
126,5,175,288,15,14,1,1,1
127,5,176,289,15,14,1,1,1
128,5,177,290,15,14,1,1,1
129,5,178,290,15,14,1,1,1
130,5,178,290,15,14,1,1,1
131,5,179,291,15,14,1,1,1
132,5,180,291,15,14,1,1,1
133,5,182,290,15,14,1,1,1
134,5,183,290,15,14,1,1,1
135,5,183,290,15,14,1,1,1
136,5,184,290,15,14,1,1,1
137,5,183,289,15,14,1,1,1
138,5,185,290,15,14,1,1,1
139,5,189,292,15,14,1,1,1
140,5,189,292,15,14,1,1,1
141,5,191,294,15,14,1,1,1
142,5,191,296,15,14,1,1,1
143,5,195,300,15,14,1,1,1
144,5,196,301,15,14,1,1,1
145,5,196,301,15,14,1,1,1
146,5,196,303,15,14,1,1,1
147,5,197,304,15,14,1,1,1
148,5,203,305,15,14,1,1,1
149,5,205,305,15,14,1,1,1
150,5,205,305,15,14,1,1,1
151,5,205,305,15,14,1,1,1
152,5,206,306,15,14,1,1,1
153,5,207,306,15,14,1,1,1
154,5,209,306,15,14,1,1,1
155,5,209,306,15,14,1,1,1
156,5,210,306,15,14,1,1,1
157,5,211,306,15,14,1,1,1
158,5,213,307,15,14,1,1,1
159,5,214,307,15,14,1,1,1
160,5,214,307,15,14,1,1,1
1,6,434,127,17,17,1,1,1
2,6,433,126,17,17,1,1,1
3,6,431,127,17,17,1,1,1
4,6,431,128,17,17,1,1,1
5,6,431,128,17,17,1,1,1
6,6,430,127,17,17,1,1,1
7,6,430,127,17,17,1,1,1
8,6,430,127,17,17,1,1,1
9,6,431,128,17,17,1,1,1
10,6,431,128,17,17,1,1,1
11,6,431,127,17,17,1,1,1
12,6,430,127,17,17,1,1,1
13,6,428,126,17,17,1,1,1
14,6,427,125,17,17,1,1,1
15,6,427,125,17,17,1,1,1
16,6,427,125,17,17,1,1,1
17,6,425,125,17,17,1,1,1
18,6,423,125,17,17,1,1,1
19,6,421,124,17,17,1,1,1
20,6,421,124,17,17,1,1,1
21,6,420,124,17,17,1,1,1
22,6,417,124,17,17,1,1,1
23,6,415,124,17,17,1,1,1
24,6,415,124,17,17,1,1,1
25,6,415,124,17,17,1,1,1
26,6,414,124,17,17,1,1,1
27,6,411,124,17,17,1,1,1
28,6,410,124,17,17,1,1,1
29,6,408,124,17,17,1,1,1
30,6,409,124,17,17,1,1,1
31,6,407,123,17,17,1,1,1
32,6,405,123,17,17,1,1,1
33,6,404,123,17,17,1,1,1
34,6,403,124,17,17,1,1,1
35,6,403,124,17,17,1,1,1
36,6,401,124,17,17,1,1,1
37,6,398,124,17,17,1,1,1
38,6,398,124,17,17,1,1,1
39,6,397,125,17,17,1,1,1
40,6,397,125,17,17,1,1,1
41,6,396,125,17,17,1,1,1
42,6,394,124,17,17,1,1,1
43,6,394,125,17,17,1,1,1
44,6,390,126,17,17,1,1,1
45,6,390,126,17,17,1,1,1
46,6,390,127,17,17,1,1,1
47,6,391,127,17,17,1,1,1
48,6,390,127,17,17,1,1,1
49,6,388,124,17,17,1,1,1
50,6,388,124,17,17,1,1,1
51,6,388,125,17,17,1,1,1
52,6,387,126,17,17,1,1,1
53,6,385,126,17,17,1,1,1
54,6,384,128,17,17,1,1,1
55,6,384,128,17,17,1,1,1
56,6,384,130,17,17,1,1,1
57,6,382,130,17,17,1,1,1
58,6,382,130,17,17,1,1,1
59,6,379,130,17,17,1,1,1
60,6,379,130,17,17,1,1,1
61,6,375,130,17,17,1,1,1
62,6,371,131,17,17,1,1,1
63,6,368,130,17,17,1,1,1
64,6,368,128,17,17,1,1,1
65,6,368,128,17,17,1,1,1
66,6,368,128,17,17,1,1,1
67,6,366,129,17,17,1,1,1
68,6,365,129,17,17,1,1,1
69,6,365,127,17,17,1,1,1
70,6,365,127,17,17,1,1,1
71,6,364,128,17,17,1,1,1
72,6,364,129,17,17,1,1,1
73,6,364,128,17,17,1,1,1
74,6,363,129,17,17,1,1,1
75,6,363,129,17,17,1,1,1
76,6,364,129,17,17,1,1,1
77,6,364,130,17,17,1,1,1
78,6,362,131,17,17,1,1,1
79,6,360,132,17,17,1,1,1
80,6,360,132,17,17,1,1,1
81,6,360,133,17,17,1,1,1
82,6,360,133,17,17,1,1,1
83,6,358,133,17,17,1,1,1
84,6,356,133,17,17,1,1,1
85,6,356,133,17,17,1,1,1
86,6,356,132,17,17,1,1,1
87,6,353,132,17,17,1,1,1
88,6,352,132,17,17,1,1,1
89,6,351,132,17,17,1,1,1
90,6,351,132,17,17,1,1,1
91,6,350,132,17,17,1,1,1
92,6,348,133,17,17,1,1,1
93,6,348,133,17,17,1,1,1
94,6,348,133,17,17,1,1,1
95,6,348,133,17,17,1,1,1
96,6,346,133,17,17,1,1,1
97,6,345,133,17,17,1,1,1
98,6,341,132,17,17,1,1,1
99,6,340,131,17,17,1,1,1
100,6,340,131,17,17,1,1,1
101,6,339,131,17,17,1,1,1
102,6,338,131,17,17,1,1,1
103,6,335,132,17,17,1,1,1
104,6,334,133,17,17,1,1,1
105,6,334,133,17,17,1,1,1
106,6,334,133,17,17,1,1,1
107,6,332,133,17,17,1,1,1
108,6,328,134,17,17,1,1,1
109,6,328,134,17,17,1,1,1
110,6,328,134,17,17,1,1,1
111,6,327,134,17,17,1,1,1
112,6,325,133,17,17,1,1,1
113,6,322,134,17,17,1,1,1
114,6,320,134,17,17,1,1,1
115,6,320,134,17,17,1,1,1
116,6,320,134,17,17,1,1,1
117,6,320,134,17,17,1,1,1
118,6,316,134,17,17,1,1,1
119,6,314,133,17,17,1,1,1
120,6,314,133,17,17,1,1,1
121,6,314,133,17,17,1,1,1
122,6,314,133,17,17,1,1,1
123,6,310,133,17,17,1,1,1
124,6,309,133,17,17,1,1,1
125,6,309,133,17,17,1,1,1
126,6,309,133,17,17,1,1,1
127,6,308,133,17,17,1,1,1
128,6,306,135,17,17,1,1,1
129,6,306,135,17,17,1,1,1
130,6,306,135,17,17,1,1,1
131,6,305,135,17,17,1,1,1
132,6,304,135,17,17,1,1,1
133,6,303,134,17,17,1,1,1
134,6,303,134,17,17,1,1,1
135,6,303,134,17,17,1,1,1
136,6,302,133,17,17,1,1,1
137,6,299,133,17,17,1,1,1
138,6,297,133,17,17,1,1,1
139,6,299,134,17,17,1,1,1
140,6,299,134,17,17,1,1,1
141,6,300,136,17,17,1,1,1
142,6,298,138,17,17,1,1,1
143,6,297,142,17,17,1,1,1
144,6,297,143,17,17,1,1,1
145,6,297,143,17,17,1,1,1
146,6,296,144,17,17,1,1,1
147,6,295,146,17,17,1,1,1
148,6,296,147,17,17,1,1,1
149,6,296,146,17,17,1,1,1
150,6,296,146,17,17,1,1,1
151,6,294,146,17,17,1,1,1
152,6,294,147,17,17,1,1,1
153,6,292,147,17,17,1,1,1
154,6,291,147,17,17,1,1,1
155,6,291,147,17,17,1,1,1
156,6,291,147,17,17,1,1,1
157,6,290,147,17,17,1,1,1
158,6,288,147,17,17,1,1,1
159,6,287,148,17,17,1,1,1
160,6,287,148,17,17,1,1,1
1,7,328,189,14,14,1,1,1
2,7,327,189,14,14,1,1,1
3,7,326,190,14,14,1,1,1
4,7,327,192,14,14,1,1,1
5,7,327,192,14,14,1,1,1
6,7,327,192,14,14,1,1,1
7,7,327,192,14,14,1,1,1
8,7,328,193,14,14,1,1,1
9,7,331,195,13,13,1,1,1
10,7,331,195,13,13,1,1,1
11,7,332,195,13,13,1,1,1
12,7,331,195,13,13,1,1,1
13,7,330,195,13,13,1,1,1
14,7,330,194,13,13,1,1,1
15,7,330,194,13,13,1,1,1
16,7,331,195,13,13,1,1,1
17,7,330,195,14,14,1,1,1
18,7,328,195,14,14,1,1,1
19,7,328,195,14,14,1,1,1
20,7,328,195,14,14,1,1,1
21,7,327,195,13,13,1,1,1
22,7,325,196,14,14,1,1,1
23,7,323,197,14,14,1,1,1
24,7,325,198,14,14,1,1,1
25,7,325,198,14,14,1,1,1
26,7,325,198,14,14,1,1,1
27,7,323,198,14,14,1,1,1
28,7,322,199,14,14,1,1,1
29,7,322,199,14,14,1,1,1
30,7,322,199,14,14,1,1,1
31,7,320,199,14,14,1,1,1
32,7,319,199,14,14,1,1,1
33,7,320,199,14,14,1,1,1
34,7,320,201,14,14,1,1,1
35,7,320,201,14,14,1,1,1
36,7,318,201,14,14,1,1,1
37,7,317,201,14,14,1,1,1
38,7,317,202,14,14,1,1,1
39,7,318,203,14,14,1,1,1
40,7,318,203,14,14,1,1,1
41,7,317,203,14,14,1,1,1
42,7,316,203,14,14,1,1,1
43,7,316,204,14,14,1,1,1
44,7,314,206,14,14,1,1,1
45,7,314,206,14,14,1,1,1
46,7,315,206,14,14,1,1,1
47,7,316,207,14,14,1,1,1
48,7,316,207,14,14,1,1,1
49,7,315,205,14,14,1,1,1
50,7,315,205,14,14,1,1,1
51,7,315,205,14,14,1,1,1
52,7,315,206,14,14,1,1,1
53,7,315,207,14,14,1,1,1
54,7,315,209,14,14,1,1,1
55,7,315,209,14,14,1,1,1
56,7,315,211,14,14,1,1,1
57,7,314,212,14,14,1,1,1
58,7,315,212,14,14,1,1,1
59,7,313,212,14,14,1,1,1
60,7,313,212,14,14,1,1,1
61,7,310,213,14,14,1,1,1
62,7,306,213,14,14,1,1,1
63,7,305,213,14,14,1,1,1
64,7,306,211,14,14,1,1,1
65,7,306,211,14,14,1,1,1
66,7,307,212,14,14,1,1,1
67,7,306,212,14,14,1,1,1
68,7,306,212,14,14,1,1,1
69,7,307,211,14,14,1,1,1
70,7,307,211,14,14,1,1,1
71,7,307,212,14,14,1,1,1
72,7,308,212,14,14,1,1,1
73,7,308,212,14,14,1,1,1
74,7,309,213,14,14,1,1,1
75,7,309,213,14,14,1,1,1
76,7,311,214,14,14,1,1,1
77,7,311,215,14,14,1,1,1
78,7,311,216,14,14,1,1,1
79,7,310,216,14,14,1,1,1
80,7,310,216,14,14,1,1,1
81,7,311,217,14,14,1,1,1
82,7,311,217,14,14,1,1,1
83,7,309,217,14,14,1,1,1
84,7,310,217,14,14,1,1,1
85,7,310,217,14,14,1,1,1
86,7,310,217,14,14,1,1,1
87,7,308,217,14,14,1,1,1
88,7,308,217,14,14,1,1,1
89,7,308,217,14,14,1,1,1
90,7,308,217,14,14,1,1,1
91,7,307,217,14,14,1,1,1
92,7,306,218,14,14,1,1,1
93,7,307,218,14,14,1,1,1
94,7,307,218,14,14,1,1,1
95,7,307,218,14,14,1,1,1
96,7,307,218,14,14,1,1,1
97,7,307,218,14,14,1,1,1
98,7,304,217,14,14,1,1,1
99,7,304,217,14,14,1,1,1
100,7,304,217,14,14,1,1,1
101,7,303,217,14,14,1,1,1
102,7,303,217,14,14,1,1,1
103,7,302,218,14,14,1,1,1
104,7,302,219,14,14,1,1,1
105,7,302,219,14,14,1,1,1
106,7,302,219,14,14,1,1,1
107,7,301,218,14,14,1,1,1
108,7,299,220,14,14,1,1,1
109,7,299,220,14,14,1,1,1
110,7,299,220,14,14,1,1,1
111,7,299,220,14,14,1,1,1
112,7,298,220,14,14,1,1,1
113,7,296,220,14,14,1,1,1
114,7,296,221,14,14,1,1,1
115,7,296,221,14,14,1,1,1
116,7,296,221,14,14,1,1,1
117,7,297,221,14,14,1,1,1
118,7,294,221,14,14,1,1,1
119,7,294,220,14,14,1,1,1
120,7,294,220,14,14,1,1,1
121,7,295,220,14,14,1,1,1
122,7,295,220,14,14,1,1,1
123,7,292,220,14,14,1,1,1
124,7,293,220,14,14,1,1,1
125,7,293,220,14,14,1,1,1
126,7,293,220,14,14,1,1,1
127,7,293,220,14,14,1,1,1
128,7,292,222,14,14,1,1,1
129,7,293,222,14,14,1,1,1
130,7,293,222,14,14,1,1,1
131,7,293,222,14,14,1,1,1
132,7,293,222,14,14,1,1,1
133,7,293,221,14,14,1,1,1
134,7,293,221,14,14,1,1,1
135,7,293,221,14,14,1,1,1
136,7,293,221,14,14,1,1,1
137,7,291,220,14,14,1,1,1
138,7,291,220,14,14,1,1,1
139,7,294,222,14,14,1,1,1
140,7,294,222,14,14,1,1,1
141,7,295,224,14,14,1,1,1
142,7,294,226,14,14,1,1,1
143,7,295,230,14,14,1,1,1
144,7,296,231,14,14,1,1,1
145,7,296,231,14,14,1,1,1
146,7,295,232,14,14,1,1,1
147,7,295,233,14,14,1,1,1
148,7,299,234,14,14,1,1,1
149,7,299,233,14,14,1,1,1
150,7,299,233,14,14,1,1,1
151,7,298,233,14,14,1,1,1
152,7,299,234,14,14,1,1,1
153,7,298,234,14,14,1,1,1
154,7,298,234,14,14,1,1,1
155,7,298,233,14,14,1,1,1
156,7,299,234,14,14,1,1,1
157,7,299,234,14,14,1,1,1
158,7,298,233,14,14,1,1,1
159,7,298,233,14,14,1,1,1
160,7,298,233,14,14,1,1,1
1,8,242,242,14,14,1,1,1
2,8,242,242,14,14,1,1,1
3,8,241,244,14,14,1,1,1
4,8,243,245,14,14,1,1,1
5,8,243,245,14,14,1,1,1
6,8,244,246,14,14,1,1,1
7,8,245,247,14,14,1,1,1
8,8,246,248,14,14,1,1,1
9,8,250,250,14,14,1,1,1
10,8,250,250,14,14,1,1,1
11,8,252,250,14,14,1,1,1
12,8,252,250,14,14,1,1,1
13,8,251,250,14,14,1,1,1
14,8,252,250,14,14,1,1,1
15,8,252,250,14,14,1,1,1
16,8,253,251,14,14,1,1,1
17,8,253,251,14,14,1,1,1
18,8,252,252,14,14,1,1,1
19,8,253,252,14,14,1,1,1
20,8,253,252,14,14,1,1,1
21,8,253,253,14,14,1,1,1
22,8,251,254,14,14,1,1,1
23,8,250,255,14,14,1,1,1
24,8,253,255,14,14,1,1,1
25,8,253,255,14,14,1,1,1
26,8,252,256,14,14,1,1,1
27,8,251,257,14,14,1,1,1
28,8,250,257,13,13,1,1,1
29,8,252,257,14,14,1,1,1
30,8,252,257,14,14,1,1,1
31,8,251,257,13,13,1,1,1
32,8,251,258,14,14,1,1,1
33,8,252,258,14,14,1,1,1
34,8,253,260,14,14,1,1,1
35,8,253,260,14,14,1,1,1
36,8,252,260,14,14,1,1,1
37,8,250,261,14,14,1,1,1
38,8,252,262,14,14,1,1,1
39,8,254,263,14,14,1,1,1
40,8,254,263,14,14,1,1,1
41,8,253,263,14,14,1,1,1
42,8,253,263,14,14,1,1,1
43,8,253,264,14,14,1,1,1
44,8,253,267,14,14,1,1,1
45,8,253,267,14,14,1,1,1
46,8,254,268,14,14,1,1,1
47,8,256,269,14,14,1,1,1
48,8,256,269,14,14,1,1,1
49,8,257,266,14,14,1,1,1
50,8,257,266,14,14,1,1,1
51,8,258,267,14,14,1,1,1
52,8,258,268,14,14,1,1,1
53,8,258,269,14,14,1,1,1
54,8,259,272,14,14,1,1,1
55,8,259,272,14,14,1,1,1
56,8,260,274,14,14,1,1,1
57,8,260,275,14,14,1,1,1
58,8,261,275,14,14,1,1,1
59,8,260,275,14,14,1,1,1
60,8,260,275,14,14,1,1,1
61,8,258,276,14,14,1,1,1
62,8,255,277,14,14,1,1,1
63,8,254,276,14,14,1,1,1
64,8,257,275,14,14,1,1,1
65,8,257,275,14,14,1,1,1
66,8,258,276,14,14,1,1,1
67,8,258,276,14,14,1,1,1
68,8,258,276,14,14,1,1,1
69,8,261,275,13,13,1,1,1
70,8,261,275,13,13,1,1,1
71,8,262,276,14,14,1,1,1
72,8,263,276,14,14,1,1,1
73,8,265,276,14,14,1,1,1
74,8,266,278,14,14,1,1,1
75,8,266,278,14,14,1,1,1
76,8,269,278,13,13,1,1,1
77,8,270,279,14,14,1,1,1
78,8,269,280,14,14,1,1,1
79,8,270,282,14,14,1,1,1
80,8,270,282,14,14,1,1,1
81,8,272,282,14,14,1,1,1
82,8,272,283,14,14,1,1,1
83,8,271,283,14,14,1,1,1
84,8,274,282,13,13,1,1,1
85,8,274,282,13,13,1,1,1
86,8,273,282,14,14,1,1,1
87,8,272,282,14,14,1,1,1
88,8,273,283,14,14,1,1,1
89,8,273,282,14,14,1,1,1
90,8,273,282,14,14,1,1,1
91,8,273,283,14,14,1,1,1
92,8,273,284,14,14,1,1,1
93,8,275,285,14,14,1,1,1
94,8,276,284,14,14,1,1,1
95,8,276,284,14,14,1,1,1
96,8,276,284,14,14,1,1,1
97,8,276,284,14,14,1,1,1
98,8,275,283,14,14,1,1,1
99,8,275,283,14,14,1,1,1
100,8,275,283,14,14,1,1,1
101,8,275,283,14,14,1,1,1
102,8,275,283,14,14,1,1,1
103,8,276,284,14,14,1,1,1
104,8,276,285,14,14,1,1,1
105,8,276,285,14,14,1,1,1
106,8,277,285,14,14,1,1,1
107,8,277,285,14,14,1,1,1
108,8,275,286,14,14,1,1,1
109,8,277,286,14,14,1,1,1
110,8,277,286,14,14,1,1,1
111,8,277,286,14,14,1,1,1
112,8,276,286,14,14,1,1,1
113,8,275,287,14,14,1,1,1
114,8,275,287,14,14,1,1,1
115,8,275,287,14,14,1,1,1
116,8,276,287,14,14,1,1,1
117,8,278,287,14,14,1,1,1
118,8,276,287,14,14,1,1,1
119,8,276,287,14,14,1,1,1
120,8,276,287,14,14,1,1,1
121,8,278,287,14,14,1,1,1
122,8,278,287,14,14,1,1,1
123,8,277,288,14,14,1,1,1
124,8,278,288,14,14,1,1,1
125,8,278,288,14,14,1,1,1
126,8,279,288,14,14,1,1,1
127,8,280,289,14,14,1,1,1
128,8,280,290,14,14,1,1,1
129,8,281,290,14,14,1,1,1
130,8,281,290,14,14,1,1,1
131,8,282,290,14,14,1,1,1
132,8,282,290,14,14,1,1,1
133,8,283,289,14,14,1,1,1
134,8,285,289,14,14,1,1,1
135,8,285,289,14,14,1,1,1
136,8,285,288,14,14,1,1,1
137,8,284,288,14,14,1,1,1
138,8,285,288,14,14,1,1,1
139,8,288,289,14,14,1,1,1
140,8,288,289,14,14,1,1,1
141,8,290,291,14,14,1,1,1
142,8,290,292,14,14,1,1,1
143,8,293,296,14,14,1,1,1
144,8,294,297,14,14,1,1,1
145,8,294,297,14,14,1,1,1
146,8,294,298,14,14,1,1,1
147,8,295,299,13,13,1,1,1
148,8,300,299,14,14,1,1,1
149,8,301,299,13,13,1,1,1
150,8,301,299,13,13,1,1,1
151,8,301,299,14,14,1,1,1
152,8,301,299,14,14,1,1,1
153,8,302,299,14,14,1,1,1
154,8,303,299,13,13,1,1,1
155,8,303,299,13,13,1,1,1
156,8,304,299,13,13,1,1,1
157,8,305,299,13,13,1,1,1
158,8,305,299,13,13,1,1,1
159,8,306,299,13,13,1,1,1
160,8,306,299,13,13,1,1,1
1,9,173,281,16,14,1,1,1
2,9,173,281,16,14,1,1,1
3,9,173,283,16,14,1,1,1
4,9,176,285,16,14,1,1,1
5,9,176,285,16,14,1,1,1
6,9,178,286,16,14,1,1,1
7,9,179,287,16,14,1,1,1
8,9,181,288,16,14,1,1,1
9,9,186,290,16,14,1,1,1
10,9,186,290,16,14,1,1,1
11,9,189,290,16,14,1,1,1
12,9,189,291,16,14,1,1,1
13,9,189,291,16,14,1,1,1
14,9,191,291,16,14,1,1,1
15,9,191,291,16,14,1,1,1
16,9,193,292,16,14,1,1,1
17,9,193,293,16,14,1,1,1
18,9,192,293,16,14,1,1,1
19,9,194,294,16,14,1,1,1
20,9,194,294,16,14,1,1,1
21,9,194,294,16,14,1,1,1
22,9,193,295,16,14,1,1,1
23,9,193,296,16,14,1,1,1
24,9,197,297,16,14,1,1,1
25,9,197,297,16,14,1,1,1
26,9,197,298,16,14,1,1,1
27,9,196,299,16,14,1,1,1
28,9,196,299,15,13,1,1,1
29,9,199,299,16,14,1,1,1
30,9,199,299,16,14,1,1,1
31,9,198,299,16,14,1,1,1
32,9,198,300,16,14,1,1,1
33,9,200,301,16,14,1,1,1
34,9,202,302,16,14,1,1,1
35,9,202,302,16,14,1,1,1
36,9,201,303,16,14,1,1,1
37,9,201,303,16,14,1,1,1
38,9,202,304,16,14,1,1,1
39,9,205,306,16,14,1,1,1
40,9,205,306,16,14,1,1,1
41,9,206,306,16,14,1,1,1
42,9,206,306,16,14,1,1,1
43,9,207,307,16,14,1,1,1
44,9,207,309,16,14,1,1,1
45,9,207,309,16,14,1,1,1
46,9,209,310,16,14,1,1,1
47,9,212,311,16,14,1,1,1
48,9,213,311,16,14,1,1,1
49,9,214,309,16,14,1,1,1
50,9,214,309,16,14,1,1,1
51,9,215,310,16,14,1,1,1
52,9,217,311,16,14,1,1,1
53,9,217,312,16,14,1,1,1
54,9,219,315,16,14,1,1,1
55,9,219,315,16,14,1,1,1
56,9,220,317,16,14,1,1,1
57,9,221,318,16,14,1,1,1
58,9,223,318,16,14,1,1,1
59,9,223,318,16,14,1,1,1
60,9,223,318,16,14,1,1,1
61,9,220,320,16,14,1,1,1
62,9,219,321,16,14,1,1,1
63,9,218,321,16,14,1,1,1
64,9,222,320,16,14,1,1,1
65,9,222,320,16,14,1,1,1
66,9,224,320,16,14,1,1,1
67,9,224,321,16,14,1,1,1
68,9,225,321,16,14,1,1,1
69,9,229,320,16,14,1,1,1
70,9,229,320,16,14,1,1,1
71,9,230,321,16,14,1,1,1
72,9,232,321,16,14,1,1,1
73,9,234,322,16,14,1,1,1
74,9,237,323,16,14,1,1,1
75,9,237,323,16,14,1,1,1
76,9,240,324,16,14,1,1,1
77,9,241,325,16,14,1,1,1
78,9,241,326,16,14,1,1,1
79,9,244,328,16,14,1,1,1
80,9,244,328,16,14,1,1,1
81,9,246,328,16,14,1,1,1
82,9,246,329,16,14,1,1,1
83,9,246,329,16,14,1,1,1
84,9,249,328,16,14,1,1,1
85,9,249,328,16,14,1,1,1
86,9,249,328,16,14,1,1,1
87,9,249,329,16,14,1,1,1
88,9,250,329,16,14,1,1,1
89,9,252,329,16,14,1,1,1
90,9,252,329,16,14,1,1,1
91,9,252,329,16,14,1,1,1
92,9,252,330,16,14,1,1,1
93,9,256,331,16,14,1,1,1
94,9,257,330,16,14,1,1,1
95,9,257,330,16,14,1,1,1
96,9,258,330,16,14,1,1,1
97,9,258,330,16,14,1,1,1
98,9,258,330,16,14,1,1,1
99,9,259,329,16,14,1,1,1
100,9,259,329,16,14,1,1,1
101,9,259,329,16,14,1,1,1
102,9,259,329,16,14,1,1,1
103,9,261,331,16,14,1,1,1
104,9,262,332,16,14,1,1,1
105,9,262,332,16,14,1,1,1
106,9,263,332,16,14,1,1,1
107,9,263,332,16,14,1,1,1
108,9,263,333,16,14,1,1,1
109,9,265,333,16,14,1,1,1
110,9,265,333,16,14,1,1,1
111,9,265,333,16,14,1,1,1
112,9,265,333,16,14,1,1,1
113,9,265,334,16,14,1,1,1
114,9,266,334,16,14,1,1,1
115,9,266,334,16,14,1,1,1
116,9,268,334,16,14,1,1,1
117,9,270,334,16,14,1,1,1
118,9,269,334,16,14,1,1,1
119,9,269,334,16,14,1,1,1
120,9,269,334,16,14,1,1,1
121,9,271,334,16,14,1,1,1
122,9,272,334,16,14,1,1,1
123,9,271,334,16,14,1,1,1
124,9,273,334,16,14,1,1,1
125,9,273,334,16,14,1,1,1
126,9,274,335,16,14,1,1,1
127,9,275,335,16,14,1,1,1
128,9,277,337,16,14,1,1,1
129,9,278,337,16,14,1,1,1
130,9,278,337,16,14,1,1,1
131,9,279,337,16,14,1,1,1
132,9,280,337,16,14,1,1,1
133,9,282,336,16,14,1,1,1
134,9,284,336,16,14,1,1,1
135,9,284,336,16,14,1,1,1
136,9,284,335,16,14,1,1,1
137,9,284,335,16,14,1,1,1
138,9,286,336,16,14,1,1,1
139,9,290,337,16,14,1,1,1
140,9,290,337,16,14,1,1,1
141,9,292,339,16,14,1,1,1
142,9,292,341,16,14,1,1,1
143,9,296,345,16,14,1,1,1
144,9,298,346,16,14,1,1,1
145,9,298,346,16,14,1,1,1
146,9,298,347,16,14,1,1,1
147,9,299,348,16,14,1,1,1
148,9,305,348,16,14,1,1,1
149,9,307,348,16,14,1,1,1
150,9,307,348,16,14,1,1,1
151,9,307,348,16,14,1,1,1
152,9,309,349,16,14,1,1,1
153,9,310,349,16,14,1,1,1
154,9,312,348,16,14,1,1,1
155,9,312,348,16,14,1,1,1
156,9,314,348,16,14,1,1,1
157,9,315,348,16,14,1,1,1
158,9,316,348,16,14,1,1,1
159,9,318,348,16,14,1,1,1
160,9,318,348,16,14,1,1,1
1,10,242,285,14,15,1,1,1
2,10,242,285,14,15,1,1,1
3,10,242,286,14,15,1,1,1
4,10,246,287,14,15,1,1,1
5,10,246,287,14,15,1,1,1
6,10,248,287,14,15,1,1,1
7,10,250,287,14,15,1,1,1
8,10,252,288,14,15,1,1,1
9,10,257,289,14,15,1,1,1
10,10,257,289,14,15,1,1,1
11,10,259,288,14,15,1,1,1
12,10,260,288,14,15,1,1,1
13,10,260,288,14,15,1,1,1
14,10,263,287,14,15,1,1,1
15,10,263,287,14,15,1,1,1
16,10,265,288,14,15,1,1,1
17,10,265,288,14,15,1,1,1
18,10,265,288,14,15,1,1,1
19,10,267,288,14,15,1,1,1
20,10,267,288,14,15,1,1,1
21,10,268,288,14,15,1,1,1
22,10,267,289,14,15,1,1,1
23,10,267,290,14,15,1,1,1
24,10,271,290,14,15,1,1,1
25,10,271,290,14,15,1,1,1
26,10,272,290,14,15,1,1,1
27,10,271,290,14,15,1,1,1
28,10,271,291,14,15,1,1,1
29,10,274,290,14,15,1,1,1
30,10,274,290,14,15,1,1,1
31,10,274,290,14,15,1,1,1
32,10,274,290,14,15,1,1,1
33,10,276,291,13,14,1,1,1
34,10,279,293,13,14,1,1,1
35,10,279,293,13,14,1,1,1
36,10,278,293,14,15,1,1,1
37,10,278,293,14,15,1,1,1
38,10,280,294,14,15,1,1,1
39,10,283,295,14,15,1,1,1
40,10,283,295,14,15,1,1,1
41,10,284,295,14,15,1,1,1
42,10,285,295,14,15,1,1,1
43,10,286,296,14,15,1,1,1
44,10,287,298,14,15,1,1,1
45,10,287,298,14,15,1,1,1
46,10,288,299,14,15,1,1,1
47,10,292,300,14,15,1,1,1
48,10,293,300,14,14,1,1,1
49,10,295,298,14,15,1,1,1
50,10,295,298,14,15,1,1,1
51,10,296,298,14,14,1,1,1
52,10,298,300,13,14,1,1,1
53,10,299,300,14,15,1,1,1
54,10,301,303,14,15,1,1,1
55,10,301,303,14,15,1,1,1
56,10,303,305,14,15,1,1,1
57,10,303,306,14,15,1,1,1
58,10,305,306,14,15,1,1,1
59,10,306,306,14,15,1,1,1
60,10,306,306,14,15,1,1,1
61,10,304,307,14,15,1,1,1
62,10,302,308,14,15,1,1,1
63,10,302,308,14,15,1,1,1
64,10,306,307,14,15,1,1,1
65,10,306,307,14,15,1,1,1
66,10,308,307,14,15,1,1,1
67,10,309,308,14,15,1,1,1
68,10,310,308,14,15,1,1,1
69,10,314,307,14,15,1,1,1
70,10,314,307,14,15,1,1,1
71,10,316,308,14,15,1,1,1
72,10,318,309,14,15,1,1,1
73,10,320,309,14,15,1,1,1
74,10,324,310,14,15,1,1,1
75,10,324,310,14,15,1,1,1
76,10,327,311,14,15,1,1,1
77,10,329,312,14,15,1,1,1
78,10,329,313,14,15,1,1,1
79,10,332,315,14,15,1,1,1
80,10,332,315,14,15,1,1,1
81,10,334,315,14,15,1,1,1
82,10,334,316,14,15,1,1,1
83,10,334,316,14,15,1,1,1
84,10,338,315,14,15,1,1,1
85,10,338,315,14,15,1,1,1
86,10,339,315,14,15,1,1,1
87,10,339,316,14,15,1,1,1
88,10,341,316,14,15,1,1,1
89,10,342,316,14,15,1,1,1
90,10,342,316,14,15,1,1,1
91,10,342,317,14,15,1,1,1
92,10,343,318,14,15,1,1,1
93,10,346,318,14,15,1,1,1
94,10,348,318,14,15,1,1,1
95,10,348,318,14,15,1,1,1
96,10,349,318,14,15,1,1,1
97,10,349,318,14,15,1,1,1
98,10,350,317,14,15,1,1,1
99,10,350,317,14,15,1,1,1
100,10,350,317,14,15,1,1,1
101,10,351,317,14,15,1,1,1
102,10,352,317,14,15,1,1,1
103,10,354,318,14,15,1,1,1
104,10,354,319,14,15,1,1,1
105,10,354,319,14,15,1,1,1
106,10,356,319,14,15,1,1,1
107,10,356,319,14,15,1,1,1
108,10,357,320,14,15,1,1,1
109,10,358,320,14,15,1,1,1
110,10,358,320,14,15,1,1,1
111,10,359,320,14,15,1,1,1
112,10,359,320,14,15,1,1,1
113,10,360,320,14,14,1,1,1
114,10,360,320,14,15,1,1,1
115,10,360,320,14,15,1,1,1
116,10,362,320,14,14,1,1,1
117,10,364,320,13,14,1,1,1
118,10,364,320,13,14,1,1,1
119,10,364,320,14,15,1,1,1
120,10,364,320,14,15,1,1,1
121,10,366,320,14,15,1,1,1
122,10,368,320,14,15,1,1,1
123,10,367,320,14,15,1,1,1
124,10,369,320,14,15,1,1,1
125,10,369,320,14,15,1,1,1
126,10,370,320,14,15,1,1,1
127,10,371,321,14,15,1,1,1
128,10,373,321,14,15,1,1,1
129,10,374,321,14,15,1,1,1
130,10,374,321,14,15,1,1,1
131,10,376,321,14,15,1,1,1
132,10,377,321,14,15,1,1,1
133,10,379,320,14,15,1,1,1
134,10,381,319,14,15,1,1,1
135,10,381,319,14,15,1,1,1
136,10,381,319,14,15,1,1,1
137,10,381,318,14,15,1,1,1
138,10,384,318,14,15,1,1,1
139,10,383,320,13,14,1,1,1
140,10,383,320,13,14,1,1,1
141,10,389,321,14,15,1,1,1
142,10,391,323,16,13,1,1,1
143,10,395,326,16,13,1,1,1
144,10,397,327,16,13,1,1,1
145,10,397,327,16,13,1,1,1
146,10,397,327,17,13,1,1,1
147,10,399,328,16,13,1,1,1
148,10,405,328,16,13,1,1,1
149,10,407,327,16,13,1,1,1
150,10,407,327,16,13,1,1,1
151,10,407,327,16,13,1,1,1
152,10,409,327,16,13,1,1,1
153,10,405,327,16,13,1,1,1
154,10,412,325,15,14,1,1,1
155,10,412,325,15,14,1,1,1
156,10,413,325,15,14,1,1,1
157,10,415,324,15,14,1,1,1
158,10,416,323,15,14,1,1,1
159,10,418,323,15,14,1,1,1
160,10,417,323,15,14,1,1,1
1,11,249,353,14,13,1,1,1
2,11,249,353,14,13,1,1,1
3,11,250,355,14,13,1,1,1
4,11,254,356,14,13,1,1,1
5,11,254,356,14,13,1,1,1
6,11,256,357,14,13,1,1,1
7,11,258,358,14,13,1,1,1
8,11,260,359,14,13,1,1,1
9,11,266,360,14,13,1,1,1
10,11,266,360,14,13,1,1,1
11,11,269,360,14,13,1,1,1
12,11,270,361,14,13,1,1,1
13,11,270,361,14,13,1,1,1
14,11,274,361,14,13,1,1,1
15,11,274,361,14,13,1,1,1
16,11,276,361,14,13,1,1,1
17,11,277,362,14,13,1,1,1
18,11,277,363,14,13,1,1,1
19,11,280,363,14,13,1,1,1
20,11,280,363,14,13,1,1,1
21,11,281,363,14,13,1,1,1
22,11,281,365,14,13,1,1,1
23,11,281,365,14,13,1,1,1
24,11,286,366,14,13,1,1,1
25,11,286,366,14,13,1,1,1
26,11,287,367,14,13,1,1,1
27,11,286,367,14,13,1,1,1
28,11,287,368,14,13,1,1,1
29,11,291,368,14,13,1,1,1
30,11,291,368,14,13,1,1,1
31,11,291,368,14,13,1,1,1
32,11,292,369,14,13,1,1,1
33,11,294,370,14,13,1,1,1
34,11,298,371,14,13,1,1,1
35,11,298,371,14,13,1,1,1
36,11,298,372,14,13,1,1,1
37,11,298,372,14,13,1,1,1
38,11,301,373,14,13,1,1,1
39,11,305,374,14,13,1,1,1
40,11,305,374,14,13,1,1,1
41,11,305,374,14,13,1,1,1
42,11,307,374,14,13,1,1,1
43,11,308,375,14,13,1,1,1
44,11,311,378,13,12,1,1,1
45,11,311,378,13,12,1,1,1
46,11,313,378,13,12,1,1,1
47,11,317,379,13,12,1,1,1
48,11,318,379,13,12,1,1,1
49,11,321,377,13,12,1,1,1
50,11,321,377,13,12,1,1,1
51,11,324,378,13,12,1,1,1
52,11,325,379,13,12,1,1,1
53,11,327,380,13,12,1,1,1
54,11,331,383,13,12,1,1,1
55,11,331,383,13,12,1,1,1
56,11,333,385,13,12,1,1,1
57,11,334,385,13,12,1,1,1
58,11,337,385,12,12,1,1,1
59,11,338,385,12,12,1,1,1
60,11,338,385,12,12,1,1,1
61,11,337,386,12,12,1,1,1
62,11,336,386,12,12,1,1,1
63,11,337,386,12,12,1,1,1
64,11,343,385,12,12,1,1,1
65,11,343,385,12,12,1,1,1
66,11,345,385,12,12,1,1,1
67,11,346,385,12,12,1,1,1
68,11,348,385,12,12,1,1,1
69,11,353,383,12,12,1,1,1
70,11,353,383,12,12,1,1,1
71,11,356,385,12,12,1,1,1
72,11,359,385,12,12,1,1,1
73,11,361,385,12,12,1,1,1
74,11,366,385,12,12,1,1,1
75,11,366,385,12,12,1,1,1
76,11,369,385,12,12,1,1,1
77,11,372,386,12,12,1,1,1
78,11,372,387,12,12,1,1,1
79,11,376,388,12,12,1,1,1
80,11,376,388,12,12,1,1,1
81,11,379,388,12,12,1,1,1
82,11,380,388,12,12,1,1,1
83,11,380,388,12,12,1,1,1
84,11,385,386,12,12,1,1,1
85,11,385,386,12,12,1,1,1
86,11,385,386,12,12,1,1,1
87,11,386,386,12,12,1,1,1
88,11,389,386,12,12,1,1,1
89,11,391,386,11,11,1,1,1
90,11,391,386,11,11,1,1,1
91,11,391,386,11,11,1,1,1
92,11,392,386,11,11,1,1,1
93,11,397,386,11,11,1,1,1
94,11,399,385,11,11,1,1,1
95,11,399,385,11,11,1,1,1
96,11,400,385,11,11,1,1,1
97,11,400,385,11,11,1,1,1
98,11,401,383,11,11,1,1,1
99,11,402,383,11,11,1,1,1
100,11,402,383,11,11,1,1,1
101,11,403,383,11,11,1,1,1
102,11,404,383,11,11,1,1,1
103,11,407,383,11,11,1,1,1
104,11,408,383,11,11,1,1,1
105,11,408,383,11,11,1,1,1
106,11,410,383,11,11,1,1,1
107,11,411,383,11,11,1,1,1
108,11,411,383,11,11,1,1,1
109,11,413,383,11,11,1,1,1
110,11,413,383,11,11,1,1,1
111,11,414,383,11,11,1,1,1
112,11,414,383,11,11,1,1,1
113,11,415,383,11,11,1,1,1
114,11,417,383,11,11,1,1,1
115,11,417,383,11,11,1,1,1
116,11,419,383,11,11,1,1,1
117,11,421,383,11,11,1,1,1
118,11,421,382,11,11,1,1,1
119,11,422,382,11,11,1,1,1
120,11,422,382,11,11,1,1,1
121,11,424,382,11,11,1,1,1
122,11,425,382,11,11,1,1,1
123,11,426,381,11,11,1,1,1
124,11,428,381,11,11,1,1,1
125,11,428,381,11,11,1,1,1
126,11,429,382,11,11,1,1,1
127,11,430,382,11,11,1,1,1
128,11,433,383,11,11,1,1,1
129,11,435,382,11,11,1,1,1
130,11,435,382,11,11,1,1,1
131,11,436,382,11,11,1,1,1
132,11,438,382,11,11,1,1,1
133,11,440,381,11,11,1,1,1
134,11,442,381,11,11,1,1,1
135,11,442,381,11,11,1,1,1
136,11,444,380,11,11,1,1,1
137,11,443,380,11,11,1,1,1
138,11,447,380,12,12,1,1,1
139,11,451,382,11,11,1,1,1
140,11,451,382,11,11,1,1,1
141,11,453,383,11,11,1,1,1
142,11,454,384,11,11,1,1,1
143,11,459,387,11,11,1,1,1
144,11,461,388,11,11,1,1,1
145,11,461,388,11,11,1,1,1
146,11,462,388,11,11,1,1,1
147,11,465,390,11,11,1,1,1
148,11,472,389,11,11,1,1,1
149,11,474,388,11,11,1,1,1
150,11,474,388,11,11,1,1,1
151,11,474,388,11,11,1,1,1
152,11,476,388,11,11,1,1,1
153,11,478,387,11,11,1,1,1
154,11,481,387,11,11,1,1,1
155,11,481,387,11,11,1,1,1
156,11,483,387,11,11,1,1,1
157,11,485,387,10,10,1,1,1
158,11,487,386,10,10,1,1,1
159,11,488,386,10,10,1,1,1
160,11,488,385,14,14,1,1,1
1,12,292,282,13,12,1,1,1
2,12,292,282,13,12,1,1,1
3,12,292,283,13,12,1,1,1
4,12,295,285,13,12,1,1,1
5,12,295,285,13,12,1,1,1
6,12,296,285,13,12,1,1,1
7,12,298,286,13,12,1,1,1
8,12,299,287,13,12,1,1,1
9,12,304,288,13,12,1,1,1
10,12,304,288,13,12,1,1,1
11,12,306,288,13,12,1,1,1
12,12,306,288,13,12,1,1,1
13,12,306,288,13,12,1,1,1
14,12,308,288,13,12,1,1,1
15,12,308,288,13,12,1,1,1
16,12,310,288,13,12,1,1,1
17,12,310,289,13,12,1,1,1
18,12,309,289,13,12,1,1,1
19,12,311,289,13,12,1,1,1
20,12,311,289,13,12,1,1,1
21,12,311,289,13,12,1,1,1
22,12,310,290,13,12,1,1,1
23,12,309,291,13,12,1,1,1
24,12,313,292,13,12,1,1,1
25,12,313,292,13,12,1,1,1
26,12,313,292,13,12,1,1,1
27,12,312,293,13,12,1,1,1
28,12,312,293,13,12,1,1,1
29,12,314,293,13,12,1,1,1
30,12,314,293,13,12,1,1,1
31,12,314,293,13,12,1,1,1
32,12,314,293,13,12,1,1,1
33,12,315,294,13,12,1,1,1
34,12,317,296,13,12,1,1,1
35,12,317,296,13,12,1,1,1
36,12,316,296,13,12,1,1,1
37,12,316,296,13,12,1,1,1
38,12,318,297,13,12,1,1,1
39,12,320,298,13,12,1,1,1
40,12,320,298,13,12,1,1,1
41,12,320,298,13,12,1,1,1
42,12,320,298,13,12,1,1,1
43,12,321,299,13,12,1,1,1
44,12,321,301,13,12,1,1,1
45,12,321,301,13,12,1,1,1
46,12,323,302,13,12,1,1,1
47,12,325,302,13,12,1,1,1
48,12,326,302,13,12,1,1,1
49,12,327,300,13,12,1,1,1
50,12,327,300,13,12,1,1,1
51,12,329,300,13,12,1,1,1
52,12,330,302,13,12,1,1,1
53,12,330,302,13,12,1,1,1
54,12,332,305,13,12,1,1,1
55,12,332,305,13,12,1,1,1
56,12,333,307,13,12,1,1,1
57,12,333,308,13,12,1,1,1
58,12,335,308,13,12,1,1,1
59,12,335,307,13,12,1,1,1
60,12,335,307,13,12,1,1,1
61,12,333,309,13,12,1,1,1
62,12,330,309,13,12,1,1,1
63,12,330,309,13,12,1,1,1
64,12,333,308,13,12,1,1,1
65,12,333,308,13,12,1,1,1
66,12,335,308,13,12,1,1,1
67,12,335,308,13,12,1,1,1
68,12,336,308,13,12,1,1,1
69,12,340,307,13,12,1,1,1
70,12,340,307,13,12,1,1,1
71,12,340,308,13,12,1,1,1
72,12,342,308,13,12,1,1,1
73,12,344,308,13,12,1,1,1
74,12,347,309,13,12,1,1,1
75,12,347,309,13,12,1,1,1
76,12,349,310,13,12,1,1,1
77,12,350,311,13,12,1,1,1
78,12,350,312,13,12,1,1,1
79,12,352,313,13,12,1,1,1
80,12,352,313,13,12,1,1,1
81,12,354,313,13,12,1,1,1
82,12,354,313,13,12,1,1,1
83,12,354,313,13,12,1,1,1
84,12,357,313,13,12,1,1,1
85,12,357,313,13,12,1,1,1
86,12,357,313,13,12,1,1,1
87,12,356,313,13,12,1,1,1
88,12,358,313,13,12,1,1,1
89,12,359,313,13,12,1,1,1
90,12,359,313,13,12,1,1,1
91,12,359,313,13,12,1,1,1
92,12,359,314,13,12,1,1,1
93,12,362,314,13,12,1,1,1
94,12,363,313,13,12,1,1,1
95,12,363,313,13,12,1,1,1
96,12,364,313,13,12,1,1,1
97,12,364,313,13,12,1,1,1
98,12,364,312,13,12,1,1,1
99,12,364,312,13,12,1,1,1
100,12,364,312,13,12,1,1,1
101,12,364,312,13,12,1,1,1
102,12,365,312,13,12,1,1,1
103,12,366,313,13,12,1,1,1
104,12,366,313,13,12,1,1,1
105,12,366,313,13,12,1,1,1
106,12,368,313,13,12,1,1,1
107,12,368,313,13,12,1,1,1
108,12,367,314,13,12,1,1,1
109,12,368,314,13,12,1,1,1
110,12,368,314,13,12,1,1,1
111,12,368,314,13,12,1,1,1
112,12,369,313,13,12,1,1,1
113,12,368,314,13,12,1,1,1
114,12,369,314,13,12,1,1,1
115,12,369,314,13,12,1,1,1
116,12,370,314,13,12,1,1,1
117,12,372,314,13,12,1,1,1
118,12,371,313,13,12,1,1,1
119,12,371,313,13,12,1,1,1
120,12,371,313,13,12,1,1,1
121,12,373,313,13,12,1,1,1
122,12,374,313,13,12,1,1,1
123,12,373,313,13,12,1,1,1
124,12,374,313,13,12,1,1,1
125,12,374,313,13,12,1,1,1
126,12,375,313,13,12,1,1,1
127,12,376,314,13,12,1,1,1
128,12,377,314,13,12,1,1,1
129,12,378,314,13,12,1,1,1
130,12,378,314,13,12,1,1,1
131,12,379,314,13,12,1,1,1
132,12,380,314,13,12,1,1,1
133,12,381,313,13,12,1,1,1
134,12,382,312,13,12,1,1,1
135,12,382,312,13,12,1,1,1
136,12,383,312,13,12,1,1,1
137,12,382,311,13,12,1,1,1
138,12,384,311,13,12,1,1,1
139,12,387,313,13,12,1,1,1
140,12,387,313,13,12,1,1,1
141,12,389,314,13,12,1,1,1
142,12,388,314,15,12,1,1,1
143,12,391,317,15,12,1,1,1
144,12,392,318,15,12,1,1,1
145,12,392,318,15,12,1,1,1
146,12,392,319,15,12,1,1,1
147,12,394,319,15,12,1,1,1
148,12,399,319,15,12,1,1,1
149,12,400,319,15,12,1,1,1
150,12,400,319,15,12,1,1,1
151,12,400,318,15,12,1,1,1
152,12,401,319,15,12,1,1,1
153,12,402,318,15,12,1,1,1
154,12,403,317,15,12,1,1,1
155,12,404,317,15,12,1,1,1
156,12,405,317,15,12,1,1,1
157,12,405,317,15,12,1,1,1
158,12,407,317,15,12,1,1,1
159,12,408,317,15,12,1,1,1
160,12,408,317,15,12,1,1,1
1,13,366,263,13,14,1,1,1
2,13,366,263,13,14,1,1,1
3,13,365,264,13,14,1,1,1
4,13,367,266,13,14,1,1,1
5,13,367,266,13,14,1,1,1
6,13,368,266,13,14,1,1,1
7,13,369,266,13,14,1,1,1
8,13,370,267,13,14,1,1,1
9,13,374,268,13,13,1,1,1
10,13,374,268,12,13,1,1,1
11,13,376,268,13,14,1,1,1
12,13,376,268,13,14,1,1,1
13,13,375,267,13,14,1,1,1
14,13,376,267,13,14,1,1,1
15,13,377,267,13,14,1,1,1
16,13,378,267,13,14,1,1,1
17,13,378,268,13,14,1,1,1
18,13,377,268,13,14,1,1,1
19,13,378,268,13,14,1,1,1
20,13,378,268,13,14,1,1,1
21,13,378,268,13,14,1,1,1
22,13,376,269,13,14,1,1,1
23,13,375,269,13,14,1,1,1
24,13,378,270,13,14,1,1,1
25,13,378,270,13,14,1,1,1
26,13,378,270,13,14,1,1,1
27,13,376,271,13,14,1,1,1
28,13,376,271,13,14,1,1,1
29,13,377,271,13,14,1,1,1
30,13,377,271,13,14,1,1,1
31,13,376,271,13,14,1,1,1
32,13,376,271,13,14,1,1,1
33,13,377,272,13,14,1,1,1
34,13,378,273,13,14,1,1,1
35,13,378,273,13,14,1,1,1
36,13,377,273,13,14,1,1,1
37,13,376,273,13,14,1,1,1
38,13,377,274,13,14,1,1,1
39,13,379,275,13,14,1,1,1
40,13,379,275,13,14,1,1,1
41,13,379,274,13,14,1,1,1
42,13,379,274,13,14,1,1,1
43,13,379,276,13,14,1,1,1
44,13,378,277,13,14,1,1,1
45,13,378,277,13,14,1,1,1
46,13,379,278,13,14,1,1,1
47,13,381,278,13,14,1,1,1
48,13,382,278,13,14,1,1,1
49,13,382,276,13,14,1,1,1
50,13,382,276,13,14,1,1,1
51,13,383,276,13,14,1,1,1
52,13,383,277,13,14,1,1,1
53,13,383,278,13,14,1,1,1
54,13,385,280,13,14,1,1,1
55,13,385,280,13,14,1,1,1
56,13,385,282,13,14,1,1,1
57,13,385,283,13,14,1,1,1
58,13,386,282,13,14,1,1,1
59,13,385,282,13,14,1,1,1
60,13,385,282,13,14,1,1,1
61,13,382,283,13,14,1,1,1
62,13,380,283,13,14,1,1,1
63,13,379,283,13,14,1,1,1
64,13,381,281,13,14,1,1,1
65,13,381,281,13,14,1,1,1
66,13,383,281,13,14,1,1,1
67,13,382,282,13,14,1,1,1
68,13,383,282,13,14,1,1,1
69,13,385,280,13,14,1,1,1
70,13,385,280,13,14,1,1,1
71,13,386,281,13,14,1,1,1
72,13,387,281,13,14,1,1,1
73,13,388,281,13,14,1,1,1
74,13,390,281,13,14,1,1,1
75,13,390,281,13,14,1,1,1
76,13,392,282,13,14,1,1,1
77,13,393,283,13,14,1,1,1
78,13,392,284,13,14,1,1,1
79,13,393,284,13,14,1,1,1
80,13,393,284,13,14,1,1,1
81,13,395,285,13,14,1,1,1
82,13,394,285,13,14,1,1,1
83,13,393,285,13,14,1,1,1
84,13,395,284,13,14,1,1,1
85,13,395,284,13,14,1,1,1
86,13,395,283,13,14,1,1,1
87,13,394,283,13,14,1,1,1
88,13,394,283,13,14,1,1,1
89,13,395,283,13,14,1,1,1
90,13,395,283,13,14,1,1,1
91,13,394,283,13,14,1,1,1
92,13,394,284,13,14,1,1,1
93,13,396,284,13,14,1,1,1
94,13,396,283,13,14,1,1,1
95,13,396,283,13,14,1,1,1
96,13,396,283,13,14,1,1,1
97,13,396,283,13,14,1,1,1
98,13,395,281,13,14,1,1,1
99,13,394,281,13,14,1,1,1
100,13,394,281,13,14,1,1,1
101,13,394,281,13,14,1,1,1
102,13,394,281,13,14,1,1,1
103,13,394,281,13,14,1,1,1
104,13,394,281,13,14,1,1,1
105,13,394,281,13,14,1,1,1
106,13,395,281,13,14,1,1,1
107,13,395,281,13,14,1,1,1
108,13,393,282,13,14,1,1,1
109,13,394,282,13,14,1,1,1
110,13,394,282,13,14,1,1,1
111,13,394,282,13,14,1,1,1
112,13,393,281,13,14,1,1,1
113,13,392,281,13,14,1,1,1
114,13,392,281,13,14,1,1,1
115,13,392,281,13,14,1,1,1
116,13,393,281,13,14,1,1,1
117,13,394,281,13,14,1,1,1
118,13,392,280,13,14,1,1,1
119,13,392,280,13,14,1,1,1
120,13,392,280,13,14,1,1,1
121,13,393,280,13,14,1,1,1
122,13,394,280,13,14,1,1,1
123,13,392,279,13,14,1,1,1
124,13,392,279,13,14,1,1,1
125,13,392,279,13,14,1,1,1
126,13,393,279,13,14,1,1,1
127,13,393,279,13,14,1,1,1
128,13,393,280,13,14,1,1,1
129,13,394,280,13,14,1,1,1
130,13,394,280,13,14,1,1,1
131,13,395,280,13,14,1,1,1
132,13,395,279,13,14,1,1,1
133,13,395,278,13,14,1,1,1
134,13,396,278,13,14,1,1,1
135,13,396,278,13,14,1,1,1
136,13,396,277,13,14,1,1,1
137,13,395,276,13,14,1,1,1
138,13,396,276,13,14,1,1,1
139,13,398,278,13,14,1,1,1
140,13,398,278,13,14,1,1,1
141,13,400,279,13,14,1,1,1
142,13,399,280,13,14,1,1,1
143,13,401,283,13,14,1,1,1
144,13,402,284,13,14,1,1,1
145,13,402,284,13,14,1,1,1
146,13,401,284,13,14,1,1,1
147,13,402,285,13,14,1,1,1
148,13,406,285,14,15,1,1,1
149,13,407,284,13,14,1,1,1
150,13,407,284,13,14,1,1,1
151,13,407,284,13,14,1,1,1
152,13,407,284,13,14,1,1,1
153,13,407,283,13,14,1,1,1
154,13,408,283,13,14,1,1,1
155,13,408,283,13,14,1,1,1
156,13,408,282,13,14,1,1,1
157,13,409,282,13,14,1,1,1
158,13,409,281,13,14,1,1,1
159,13,409,281,13,14,1,1,1
160,13,409,281,13,14,1,1,1
1,14,320,317,13,12,1,1,1
2,14,321,317,13,12,1,1,1
3,14,321,318,13,12,1,1,1
4,14,325,320,13,12,1,1,1
5,14,325,320,13,12,1,1,1
6,14,327,320,13,12,1,1,1
7,14,329,320,13,12,1,1,1
8,14,331,321,13,12,1,1,1
9,14,337,322,13,12,1,1,1
10,14,337,322,13,12,1,1,1
11,14,340,321,13,12,1,1,1
12,14,340,321,13,12,1,1,1
13,14,340,321,13,12,1,1,1
14,14,344,321,13,12,1,1,1
15,14,344,321,13,12,1,1,1
16,14,346,321,13,12,1,1,1
17,14,346,321,13,12,1,1,1
18,14,346,321,13,12,1,1,1
19,14,349,321,13,12,1,1,1
20,14,349,321,13,12,1,1,1
21,14,350,321,13,12,1,1,1
22,14,349,322,13,12,1,1,1
23,14,349,322,13,12,1,1,1
24,14,354,323,13,12,1,1,1
25,14,354,323,13,12,1,1,1
26,14,354,324,13,12,1,1,1
27,14,354,324,13,12,1,1,1
28,14,355,324,13,12,1,1,1
29,14,357,324,13,12,1,1,1
30,14,357,324,13,12,1,1,1
31,14,357,324,13,12,1,1,1
32,14,358,324,13,12,1,1,1
33,14,360,324,13,12,1,1,1
34,14,362,326,13,12,1,1,1
35,14,362,326,13,12,1,1,1
36,14,362,326,13,12,1,1,1
37,14,362,326,13,12,1,1,1
38,14,364,326,13,12,1,1,1
39,14,368,327,12,11,1,1,1
40,14,368,327,12,11,1,1,1
41,14,368,327,13,12,1,1,1
42,14,369,327,13,12,1,1,1
43,14,370,328,13,12,1,1,1
44,14,371,330,13,12,1,1,1
45,14,371,330,13,12,1,1,1
46,14,373,330,13,12,1,1,1
47,14,376,331,13,12,1,1,1
48,14,377,330,13,12,1,1,1
49,14,379,328,12,11,1,1,1
50,14,379,328,12,11,1,1,1
51,14,380,329,13,12,1,1,1
52,14,382,330,13,12,1,1,1
53,14,382,331,13,12,1,1,1
54,14,385,333,12,11,1,1,1
55,14,385,333,12,11,1,1,1
56,14,386,335,12,11,1,1,1
57,14,387,336,12,11,1,1,1
58,14,389,335,12,11,1,1,1
59,14,389,335,12,11,1,1,1
60,14,389,335,12,11,1,1,1
61,14,388,336,12,11,1,1,1
62,14,386,336,12,12,1,1,1
63,14,386,336,12,11,1,1,1
64,14,390,335,12,11,1,1,1
65,14,390,335,12,11,1,1,1
66,14,392,335,12,11,1,1,1
67,14,392,335,12,11,1,1,1
68,14,394,335,12,11,1,1,1
69,14,398,333,12,11,1,1,1
70,14,398,333,12,11,1,1,1
71,14,399,334,12,11,1,1,1
72,14,402,334,12,11,1,1,1
73,14,404,334,12,11,1,1,1
74,14,407,335,12,11,1,1,1
75,14,407,335,12,11,1,1,1
76,14,410,336,12,11,1,1,1
77,14,412,336,12,11,1,1,1
78,14,412,337,12,11,1,1,1
79,14,415,339,12,11,1,1,1
80,14,415,339,12,11,1,1,1
81,14,417,339,12,11,1,1,1
82,14,417,339,12,11,1,1,1
83,14,417,339,12,11,1,1,1
84,14,421,338,12,11,1,1,1
85,14,421,338,12,11,1,1,1
86,14,421,338,12,11,1,1,1
87,14,421,338,12,11,1,1,1
88,14,424,338,12,11,1,1,1
89,14,424,338,12,11,1,1,1
90,14,424,338,12,11,1,1,1
91,14,425,338,12,11,1,1,1
92,14,425,339,12,11,1,1,1
93,14,429,339,12,11,1,1,1
94,14,431,338,12,11,1,1,1
95,14,431,338,12,11,1,1,1
96,14,431,338,12,11,1,1,1
97,14,432,338,12,11,1,1,1
98,14,432,337,12,11,1,1,1
99,14,433,336,12,11,1,1,1
100,14,433,336,12,11,1,1,1
101,14,433,336,12,11,1,1,1
102,14,434,336,12,11,1,1,1
103,14,436,337,12,11,1,1,1
104,14,437,337,12,11,1,1,1
105,14,437,337,12,11,1,1,1
106,14,438,337,12,11,1,1,1
107,14,439,337,12,11,1,1,1
108,14,439,338,12,11,1,1,1
109,14,441,338,12,11,1,1,1
110,14,441,338,12,11,1,1,1
111,14,441,337,12,11,1,1,1
112,14,442,337,12,11,1,1,1
113,14,442,337,12,11,1,1,1
114,14,443,337,12,11,1,1,1
115,14,443,337,12,11,1,1,1
116,14,444,337,12,11,1,1,1
117,14,446,337,12,11,1,1,1
118,14,446,336,12,11,1,1,1
119,14,447,336,12,11,1,1,1
120,14,447,336,12,11,1,1,1
121,14,449,336,12,11,1,1,1
122,14,450,336,12,11,1,1,1
123,14,450,336,12,11,1,1,1
124,14,451,336,12,11,1,1,1
125,14,451,336,12,11,1,1,1
126,14,453,336,12,11,1,1,1
127,14,454,336,12,11,1,1,1
128,14,456,337,12,11,1,1,1
129,14,457,336,12,11,1,1,1
130,14,457,336,12,11,1,1,1
131,14,459,336,12,11,1,1,1
132,14,460,336,12,11,1,1,1
133,14,462,335,12,11,1,1,1
134,14,463,334,12,11,1,1,1
135,14,463,334,12,11,1,1,1
136,14,464,333,12,11,1,1,1
137,14,464,332,12,11,1,1,1
138,14,466,332,12,11,1,1,1
139,14,470,334,12,11,1,1,1
140,14,470,334,12,11,1,1,1
141,14,472,335,12,11,1,1,1
142,14,472,336,12,11,1,1,1
143,14,476,339,12,11,1,1,1
144,14,478,339,12,11,1,1,1
145,14,478,339,12,11,1,1,1
146,14,478,340,12,11,1,1,1
147,14,480,340,12,11,1,1,1
148,14,486,339,12,11,1,1,1
149,14,487,338,12,11,1,1,1
150,14,487,338,12,11,1,1,1
151,14,488,338,12,11,1,1,1
152,14,489,338,12,11,1,1,1
153,14,491,337,12,11,1,1,1
154,14,493,336,12,11,1,1,1
155,14,493,336,12,11,1,1,1
156,14,494,336,12,11,1,1,1
157,14,495,335,12,11,1,1,1
158,14,497,334,12,11,1,1,1
159,14,498,334,12,11,1,1,1
160,14,498,334,12,11,1,1,1
1,15,397,304,12,13,1,1,1
2,15,397,304,12,13,1,1,1
3,15,397,305,12,13,1,1,1
4,15,400,306,12,13,1,1,1
5,15,400,306,12,13,1,1,1
6,15,401,306,12,13,1,1,1
7,15,403,306,12,13,1,1,1
8,15,405,307,12,13,1,1,1
9,15,410,308,12,13,1,1,1
10,15,410,308,12,13,1,1,1
11,15,411,307,12,13,1,1,1
12,15,412,307,12,13,1,1,1
13,15,412,307,12,13,1,1,1
14,15,414,306,12,13,1,1,1
15,15,414,306,12,13,1,1,1
16,15,416,306,12,13,1,1,1
17,15,416,307,12,13,1,1,1
18,15,415,307,12,13,1,1,1
19,15,417,307,12,13,1,1,1
20,15,417,307,12,13,1,1,1
21,15,418,307,12,13,1,1,1
22,15,416,307,12,13,1,1,1
23,15,416,308,12,13,1,1,1
24,15,420,308,12,13,1,1,1
25,15,420,308,12,13,1,1,1
26,15,420,308,12,13,1,1,1
27,15,419,308,12,13,1,1,1
28,15,419,309,12,13,1,1,1
29,15,421,308,12,13,1,1,1
30,15,421,308,12,13,1,1,1
31,15,421,308,12,13,1,1,1
32,15,421,308,12,13,1,1,1
33,15,423,309,12,13,1,1,1
34,15,424,310,12,13,1,1,1
35,15,424,310,12,13,1,1,1
36,15,423,310,12,13,1,1,1
37,15,423,310,12,13,1,1,1
38,15,425,311,12,13,1,1,1
39,15,427,311,12,13,1,1,1
40,15,427,311,12,13,1,1,1
41,15,427,311,12,13,1,1,1
42,15,428,311,12,13,1,1,1
43,15,429,312,12,13,1,1,1
44,15,429,314,12,13,1,1,1
45,15,429,314,12,13,1,1,1
46,15,430,314,12,13,1,1,1
47,15,433,315,12,13,1,1,1
48,15,434,315,12,13,1,1,1
49,15,435,312,12,13,1,1,1
50,15,435,312,12,13,1,1,1
51,15,436,313,12,13,1,1,1
52,15,437,314,12,13,1,1,1
53,15,438,314,12,13,1,1,1
54,15,440,317,12,13,1,1,1
55,15,440,317,12,13,1,1,1
56,15,441,318,12,13,1,1,1
57,15,441,319,12,13,1,1,1
58,15,443,319,12,13,1,1,1
59,15,443,318,12,13,1,1,1
60,15,443,318,12,13,1,1,1
61,15,440,319,12,14,1,1,1
62,15,438,319,12,13,1,1,1
63,15,438,318,12,13,1,1,1
64,15,442,316,12,13,1,1,1
65,15,442,316,12,13,1,1,1
66,15,443,316,12,13,1,1,1
67,15,443,317,12,13,1,1,1
68,15,444,316,12,13,1,1,1
69,15,448,315,12,13,1,1,1
70,15,448,315,12,13,1,1,1
71,15,449,315,12,13,1,1,1
72,15,450,315,12,13,1,1,1
73,15,452,315,12,13,1,1,1
74,15,455,316,12,13,1,1,1
75,15,455,316,12,13,1,1,1
76,15,458,316,12,13,1,1,1
77,15,459,317,12,13,1,1,1
78,15,459,318,12,13,1,1,1
79,15,461,319,12,13,1,1,1
80,15,461,319,12,13,1,1,1
81,15,463,319,12,13,1,1,1
82,15,463,319,12,13,1,1,1
83,15,462,319,12,13,1,1,1
84,15,465,318,12,13,1,1,1
85,15,465,318,12,13,1,1,1
86,15,465,318,12,13,1,1,1
87,15,465,318,12,13,1,1,1
88,15,466,318,12,13,1,1,1
89,15,467,318,12,13,1,1,1
90,15,467,318,12,13,1,1,1
91,15,467,318,12,13,1,1,1
92,15,467,319,12,13,1,1,1
93,15,470,319,12,13,1,1,1
94,15,471,318,12,13,1,1,1
95,15,471,318,12,13,1,1,1
96,15,472,318,12,13,1,1,1
97,15,472,317,12,13,1,1,1
98,15,471,316,12,13,1,1,1
99,15,472,315,12,13,1,1,1
100,15,472,315,12,13,1,1,1
101,15,472,315,12,13,1,1,1
102,15,472,315,12,13,1,1,1
103,15,473,316,12,13,1,1,1
104,15,474,316,12,13,1,1,1
105,15,474,316,12,13,1,1,1
106,15,475,316,12,13,1,1,1
107,15,475,315,12,13,1,1,1
108,15,474,316,12,13,1,1,1
109,15,475,316,12,13,1,1,1
110,15,475,316,12,13,1,1,1
111,15,476,315,12,13,1,1,1
112,15,475,315,13,14,1,1,1
113,15,475,315,12,14,1,1,1
114,15,475,315,13,14,1,1,1
115,15,475,315,13,14,1,1,1
116,15,477,314,13,14,1,1,1
117,15,478,314,13,14,1,1,1
118,15,477,313,13,14,1,1,1
119,15,477,313,13,14,1,1,1
120,15,477,313,13,14,1,1,1
121,15,479,313,13,14,1,1,1
122,15,479,313,13,14,1,1,1
123,15,479,312,13,14,1,1,1
124,15,480,312,13,14,1,1,1
125,15,480,312,13,14,1,1,1
126,15,481,312,13,14,1,1,1
127,15,481,312,13,14,1,1,1
128,15,483,313,13,14,1,1,1
129,15,484,312,13,14,1,1,1
130,15,484,312,13,14,1,1,1
131,15,485,312,13,14,1,1,1
132,15,485,312,13,14,1,1,1
133,15,486,310,13,14,1,1,1
134,15,487,310,13,14,1,1,1
135,15,487,310,13,14,1,1,1
136,15,488,309,13,14,1,1,1
137,15,487,308,13,14,1,1,1
138,15,489,308,13,14,1,1,1
139,15,492,309,13,14,1,1,1
140,15,492,309,13,14,1,1,1
141,15,494,311,13,14,1,1,1
142,15,494,312,13,14,1,1,1
143,15,497,314,13,14,1,1,1
144,15,498,315,13,14,1,1,1
145,15,498,315,13,14,1,1,1
146,15,498,315,13,14,1,1,1
147,15,499,316,13,14,1,1,1
148,15,505,315,13,14,1,1,1
149,15,506,314,13,14,1,1,1
150,15,506,314,13,14,1,1,1
151,15,506,313,13,14,1,1,1
152,15,507,313,13,14,1,1,1
153,15,507,312,13,14,1,1,1
154,15,509,311,13,14,1,1,1
155,15,509,311,13,14,1,1,1
156,15,510,311,13,14,1,1,1
157,15,510,310,13,14,1,1,1
158,15,511,309,13,14,1,1,1
159,15,512,309,13,14,1,1,1
160,15,512,309,13,14,1,1,1
1,16,455,211,15,13,1,1,1
2,16,455,211,15,13,1,1,1
3,16,454,211,15,13,1,1,1
4,16,455,213,15,13,1,1,1
5,16,455,213,15,13,1,1,1
6,16,455,212,15,13,1,1,1
7,16,456,212,15,13,1,1,1
8,16,457,213,15,13,1,1,1
9,16,459,214,15,13,1,1,1
10,16,459,214,15,13,1,1,1
11,16,461,213,15,13,1,1,1
12,16,460,213,15,13,1,1,1
13,16,459,212,15,13,1,1,1
14,16,460,211,15,13,1,1,1
15,16,460,211,15,13,1,1,1
16,16,460,211,15,13,1,1,1
17,16,460,211,15,13,1,1,1
18,16,458,211,15,13,1,1,1
19,16,458,211,15,13,1,1,1
20,16,458,211,15,13,1,1,1
21,16,458,211,15,13,1,1,1
22,16,456,211,15,13,1,1,1
23,16,454,212,15,13,1,1,1
24,16,456,212,15,13,1,1,1
25,16,456,212,15,13,1,1,1
26,16,456,212,15,13,1,1,1
27,16,454,212,15,13,1,1,1
28,16,453,212,15,13,1,1,1
29,16,453,212,15,13,1,1,1
30,16,453,212,15,13,1,1,1
31,16,452,212,15,13,1,1,1
32,16,451,212,15,13,1,1,1
33,16,452,212,15,13,1,1,1
34,16,452,213,15,13,1,1,1
35,16,452,213,15,13,1,1,1
36,16,451,213,15,13,1,1,1
37,16,449,213,15,13,1,1,1
38,16,450,213,15,13,1,1,1
39,16,450,213,15,13,1,1,1
40,16,450,213,15,13,1,1,1
41,16,450,213,15,13,1,1,1
42,16,449,213,15,13,1,1,1
43,16,449,214,15,13,1,1,1
44,16,447,215,15,13,1,1,1
45,16,447,215,15,13,1,1,1
46,16,448,215,15,13,1,1,1
47,16,449,216,15,13,1,1,1
48,16,449,216,15,13,1,1,1
49,16,448,213,15,13,1,1,1
50,16,448,213,15,13,1,1,1
51,16,449,213,15,13,1,1,1
52,16,448,214,15,13,1,1,1
53,16,448,215,15,13,1,1,1
54,16,448,216,15,13,1,1,1
55,16,448,216,15,13,1,1,1
56,16,448,218,15,13,1,1,1
57,16,448,218,15,13,1,1,1
58,16,448,218,15,13,1,1,1
59,16,447,217,15,13,1,1,1
60,16,447,217,15,13,1,1,1
61,16,443,217,15,13,1,1,1
62,16,440,218,15,13,1,1,1
63,16,438,218,15,13,1,1,1
64,16,439,216,14,13,1,1,1
65,16,439,216,14,13,1,1,1
66,16,440,216,14,13,1,1,1
67,16,439,216,14,13,1,1,1
68,16,439,216,15,13,1,1,1
69,16,440,214,15,13,1,1,1
70,16,440,214,15,13,1,1,1
71,16,440,215,15,13,1,1,1
72,16,441,215,15,13,1,1,1
73,16,441,214,15,13,1,1,1
74,16,441,215,15,13,1,1,1
75,16,441,215,15,13,1,1,1
76,16,443,215,15,13,1,1,1
77,16,443,216,15,13,1,1,1
78,16,442,216,15,13,1,1,1
79,16,442,217,15,13,1,1,1
80,16,442,217,15,13,1,1,1
81,16,443,217,15,13,1,1,1
82,16,442,217,15,13,1,1,1
83,16,441,217,15,13,1,1,1
84,16,441,216,15,13,1,1,1
85,16,441,216,15,13,1,1,1
86,16,441,216,15,13,1,1,1
87,16,439,216,15,13,1,1,1
88,16,439,215,15,13,1,1,1
89,16,438,215,15,13,1,1,1
90,16,438,215,15,13,1,1,1
91,16,438,215,15,13,1,1,1
92,16,437,215,15,13,1,1,1
93,16,438,216,15,13,1,1,1
94,16,438,215,15,13,1,1,1
95,16,438,215,15,13,1,1,1
96,16,438,214,15,13,1,1,1
97,16,437,214,15,13,1,1,1
98,16,434,212,15,13,1,1,1
99,16,433,212,15,13,1,1,1
100,16,433,212,15,13,1,1,1
101,16,433,212,15,13,1,1,1
102,16,432,212,15,13,1,1,1
103,16,431,212,15,13,1,1,1
104,16,430,212,15,13,1,1,1
105,16,430,212,15,13,1,1,1
106,16,430,212,15,13,1,1,1
107,16,430,211,15,13,1,1,1
108,16,427,212,15,13,1,1,1
109,16,427,212,15,13,1,1,1
110,16,427,212,15,13,1,1,1
111,16,426,211,15,13,1,1,1
112,16,426,211,15,13,1,1,1
113,16,423,211,15,13,1,1,1
114,16,423,211,15,13,1,1,1
115,16,423,211,15,13,1,1,1
116,16,423,211,15,13,1,1,1
117,16,423,211,15,13,1,1,1
118,16,420,210,15,13,1,1,1
119,16,419,209,15,13,1,1,1
120,16,419,209,15,13,1,1,1
121,16,420,209,15,13,1,1,1
122,16,419,209,15,13,1,1,1
123,16,417,208,15,13,1,1,1
124,16,417,208,15,13,1,1,1
125,16,417,208,15,13,1,1,1
126,16,417,208,15,13,1,1,1
127,16,417,208,15,13,1,1,1
128,16,416,209,15,13,1,1,1
129,16,416,208,15,13,1,1,1
130,16,416,208,15,13,1,1,1
131,16,416,208,15,13,1,1,1
132,16,415,208,15,13,1,1,1
133,16,414,207,15,13,1,1,1
134,16,415,206,15,13,1,1,1
135,16,415,206,15,13,1,1,1
136,16,414,205,15,13,1,1,1
137,16,413,204,15,13,1,1,1
138,16,412,204,15,13,1,1,1
139,16,414,205,15,13,1,1,1
140,16,414,205,15,13,1,1,1
141,16,415,206,15,13,1,1,1
142,16,414,208,15,13,1,1,1
143,16,414,211,15,13,1,1,1
144,16,414,211,15,13,1,1,1
145,16,414,211,15,13,1,1,1
146,16,413,212,15,13,1,1,1
147,16,413,213,15,13,1,1,1
148,16,416,212,15,13,1,1,1
149,16,416,211,15,13,1,1,1
150,16,416,211,15,13,1,1,1
151,16,415,211,15,13,1,1,1
152,16,414,211,15,13,1,1,1
153,16,413,210,15,13,1,1,1
154,16,413,210,15,13,1,1,1
155,16,413,210,15,13,1,1,1
156,16,413,209,15,13,1,1,1
157,16,413,209,15,13,1,1,1
158,16,411,208,15,13,1,1,1
159,16,412,208,15,13,1,1,1
160,16,412,208,15,13,1,1,1
1,17,486,256,12,12,1,1,1
2,17,486,256,12,12,1,1,1
3,17,486,256,12,12,1,1,1
4,17,488,257,12,12,1,1,1
5,17,488,257,12,12,1,1,1
6,17,489,257,12,12,1,1,1
7,17,491,256,12,12,1,1,1
8,17,492,257,12,12,1,1,1
9,17,496,257,12,12,1,1,1
10,17,496,257,12,12,1,1,1
11,17,498,257,12,12,1,1,1
12,17,498,256,12,12,1,1,1
13,17,498,255,12,12,1,1,1
14,17,499,254,12,12,1,1,1
15,17,499,254,12,12,1,1,1
16,17,501,254,12,12,1,1,1
17,17,500,254,12,12,1,1,1
18,17,500,254,12,12,1,1,1
19,17,501,253,12,12,1,1,1
20,17,501,253,12,12,1,1,1
21,17,501,253,12,12,1,1,1
22,17,500,253,12,12,1,1,1
23,17,499,254,12,12,1,1,1
24,17,502,254,12,12,1,1,1
25,17,502,254,12,12,1,1,1
26,17,502,254,12,12,1,1,1
27,17,501,254,12,12,1,1,1
28,17,501,254,12,12,1,1,1
29,17,502,254,12,12,1,1,1
30,17,502,254,12,12,1,1,1
31,17,502,253,12,12,1,1,1
32,17,502,253,12,12,1,1,1
33,17,503,254,12,12,1,1,1
34,17,504,254,12,12,1,1,1
35,17,504,254,12,12,1,1,1
36,17,503,254,12,12,1,1,1
37,17,503,254,12,12,1,1,1
38,17,504,255,12,12,1,1,1
39,17,506,255,12,12,1,1,1
40,17,506,255,12,12,1,1,1
41,17,506,255,12,12,1,1,1
42,17,506,255,12,12,1,1,1
43,17,506,255,12,12,1,1,1
44,17,506,256,12,12,1,1,1
45,17,506,256,12,12,1,1,1
46,17,507,257,12,12,1,1,1
47,17,509,257,12,12,1,1,1
48,17,510,257,12,12,1,1,1
49,17,510,254,12,12,1,1,1
50,17,510,254,12,12,1,1,1
51,17,511,254,12,12,1,1,1
52,17,512,255,12,12,1,1,1
53,17,512,256,12,12,1,1,1
54,17,513,258,12,12,1,1,1
55,17,513,258,12,12,1,1,1
56,17,514,259,12,12,1,1,1
57,17,514,260,12,12,1,1,1
58,17,516,259,12,12,1,1,1
59,17,515,258,12,12,1,1,1
60,17,515,258,12,12,1,1,1
61,17,512,259,12,12,1,1,1
62,17,510,259,12,12,1,1,1
63,17,508,258,12,12,1,1,1
64,17,511,256,12,12,1,1,1
65,17,511,256,12,12,1,1,1
66,17,512,256,12,12,1,1,1
67,17,512,256,12,12,1,1,1
68,17,512,256,12,12,1,1,1
69,17,515,253,12,12,1,1,1
70,17,515,253,12,12,1,1,1
71,17,515,254,12,12,1,1,1
72,17,517,254,12,12,1,1,1
73,17,518,253,12,12,1,1,1
74,17,520,253,12,12,1,1,1
75,17,520,253,12,12,1,1,1
76,17,522,254,12,12,1,1,1
77,17,523,254,12,12,1,1,1
78,17,523,255,12,12,1,1,1
79,17,523,255,12,12,1,1,1
80,17,523,255,12,12,1,1,1
81,17,525,255,12,12,1,1,1
82,17,525,255,12,12,1,1,1
83,17,524,255,12,12,1,1,1
84,17,526,254,12,12,1,1,1
85,17,526,254,12,12,1,1,1
86,17,526,253,12,12,1,1,1
87,17,525,253,12,12,1,1,1
88,17,526,253,12,12,1,1,1
89,17,526,252,12,12,1,1,1
90,17,526,252,12,12,1,1,1
91,17,526,252,12,12,1,1,1
92,17,526,253,12,12,1,1,1
93,17,528,252,12,12,1,1,1
94,17,529,251,12,12,1,1,1
95,17,529,251,12,12,1,1,1
96,17,529,251,12,12,1,1,1
97,17,528,250,12,12,1,1,1
98,17,527,249,12,12,1,1,1
99,17,527,248,12,12,1,1,1
100,17,527,248,12,12,1,1,1
101,17,527,248,12,12,1,1,1
102,17,526,247,12,12,1,1,1
103,17,527,247,12,12,1,1,1
104,17,527,247,12,12,1,1,1
105,17,527,247,12,12,1,1,1
106,17,527,247,12,12,1,1,1
107,17,527,247,12,12,1,1,1
108,17,526,247,12,12,1,1,1
109,17,526,246,12,12,1,1,1
110,17,526,246,12,12,1,1,1
111,17,526,246,12,12,1,1,1
112,17,526,245,12,12,1,1,1
113,17,525,245,12,12,1,1,1
114,17,524,245,12,12,1,1,1
115,17,524,245,12,12,1,1,1
116,17,525,244,12,12,1,1,1
117,17,526,244,12,12,1,1,1
118,17,524,243,12,12,1,1,1
119,17,524,242,12,12,1,1,1
120,17,524,242,12,12,1,1,1
121,17,525,242,12,12,1,1,1
122,17,525,241,12,12,1,1,1
123,17,523,240,12,12,1,1,1
124,17,524,240,12,12,1,1,1
125,17,524,240,12,12,1,1,1
126,17,525,240,12,12,1,1,1
127,17,525,240,12,12,1,1,1
128,17,525,240,12,12,1,1,1
129,17,526,240,12,12,1,1,1
130,17,526,240,12,12,1,1,1
131,17,526,239,12,12,1,1,1
132,17,526,239,12,12,1,1,1
133,17,527,237,12,12,1,1,1
134,17,527,237,12,12,1,1,1
135,17,527,237,12,12,1,1,1
136,17,527,236,12,12,1,1,1
137,17,526,235,12,12,1,1,1
138,17,526,234,12,12,1,1,1
139,17,529,235,12,12,1,1,1
140,17,529,235,12,12,1,1,1
141,17,530,236,12,12,1,1,1
142,17,530,237,12,12,1,1,1
143,17,532,239,12,12,1,1,1
144,17,532,239,12,12,1,1,1
145,17,532,239,12,12,1,1,1
146,17,532,239,12,12,1,1,1
147,17,532,240,12,12,1,1,1
148,17,536,239,12,12,1,1,1
149,17,536,238,12,12,1,1,1
150,17,536,238,12,12,1,1,1
151,17,536,237,12,12,1,1,1
152,17,536,237,12,12,1,1,1
153,17,536,236,12,12,1,1,1
154,17,536,235,12,12,1,1,1
155,17,536,235,12,12,1,1,1
156,17,537,234,12,12,1,1,1
157,17,536,233,12,12,1,1,1
158,17,536,232,12,12,1,1,1
159,17,536,232,12,12,1,1,1
160,17,536,232,12,12,1,1,1
1,18,576,179,14,12,1,1,1
2,18,575,178,14,12,1,1,1
3,18,574,178,14,12,1,1,1
4,18,575,179,14,12,1,1,1
5,18,575,179,14,12,1,1,1
6,18,575,179,14,12,1,1,1
7,18,575,178,14,12,1,1,1
8,18,576,178,14,12,1,1,1
9,18,578,178,14,12,1,1,1
10,18,578,178,14,12,1,1,1
11,18,579,177,14,12,1,1,1
12,18,579,177,14,12,1,1,1
13,18,577,176,14,12,1,1,1
14,18,577,174,14,12,1,1,1
15,18,577,174,14,12,1,1,1
16,18,577,174,14,12,1,1,1
17,18,576,173,14,12,1,1,1
18,18,574,173,14,12,1,1,1
19,18,574,172,14,12,1,1,1
20,18,574,172,14,12,1,1,1
21,18,573,172,14,12,1,1,1
22,18,570,172,14,12,1,1,1
23,18,568,172,14,12,1,1,1
24,18,570,171,14,12,1,1,1
25,18,570,171,14,12,1,1,1
26,18,569,171,14,12,1,1,1
27,18,566,171,14,12,1,1,1
28,18,565,171,14,12,1,1,1
29,18,565,170,14,12,1,1,1
30,18,565,170,14,12,1,1,1
31,18,563,169,14,12,1,1,1
32,18,561,169,14,12,1,1,1
33,18,561,169,14,12,1,1,1
34,18,560,169,14,12,1,1,1
35,18,560,169,14,12,1,1,1
36,18,558,168,14,12,1,1,1
37,18,557,168,14,12,1,1,1
38,18,556,168,14,12,1,1,1
39,18,556,167,14,12,1,1,1
40,18,556,167,14,12,1,1,1
41,18,555,167,14,12,1,1,1
42,18,554,166,14,12,1,1,1
43,18,553,166,14,12,1,1,1
44,18,550,166,14,12,1,1,1
45,18,550,166,14,12,1,1,1
46,18,549,166,14,12,1,1,1
47,18,550,166,14,12,1,1,1
48,18,550,166,14,12,1,1,1
49,18,548,162,14,12,1,1,1
50,18,548,162,14,12,1,1,1
51,18,548,162,14,12,1,1,1
52,18,547,162,14,12,1,1,1
53,18,546,163,14,12,1,1,1
54,18,545,164,13,12,1,1,1
55,18,545,164,13,12,1,1,1
56,18,544,165,14,12,1,1,1
57,18,543,165,13,11,1,1,1
58,18,542,164,14,12,1,1,1
59,18,540,162,13,11,1,1,1
60,18,540,162,13,11,1,1,1
61,18,536,162,13,11,1,1,1
62,18,531,162,13,11,1,1,1
63,18,529,161,13,11,1,1,1
64,18,529,158,13,11,1,1,1
65,18,529,158,13,11,1,1,1
66,18,528,157,13,11,1,1,1
67,18,527,157,13,11,1,1,1
68,18,526,156,13,11,1,1,1
69,18,526,154,13,11,1,1,1
70,18,526,154,13,11,1,1,1
71,18,525,154,13,11,1,1,1
72,18,525,154,13,11,1,1,1
73,18,525,152,13,11,1,1,1
74,18,523,151,13,11,1,1,1
75,18,523,151,13,11,1,1,1
76,18,524,152,13,11,1,1,1
77,18,524,152,13,11,1,1,1
78,18,522,152,13,11,1,1,1
79,18,519,152,13,11,1,1,1
80,18,519,152,13,11,1,1,1
81,18,520,152,13,11,1,1,1
82,18,519,151,13,11,1,1,1
83,18,516,151,13,11,1,1,1
84,18,515,150,13,11,1,1,1
85,18,515,150,13,11,1,1,1
86,18,514,148,13,11,1,1,1
87,18,512,148,13,11,1,1,1
88,18,509,147,13,11,1,1,1
89,18,508,146,13,11,1,1,1
90,18,508,146,13,11,1,1,1
91,18,507,146,13,11,1,1,1
92,18,505,146,13,11,1,1,1
93,18,504,146,13,11,1,1,1
94,18,503,144,13,11,1,1,1
95,18,503,144,13,11,1,1,1
96,18,502,144,13,11,1,1,1
97,18,501,143,13,11,1,1,1
98,18,496,141,13,11,1,1,1
99,18,495,140,13,11,1,1,1
100,18,495,140,13,11,1,1,1
101,18,493,140,13,11,1,1,1
102,18,492,139,13,11,1,1,1
103,18,489,139,13,11,1,1,1
104,18,488,139,13,11,1,1,1
105,18,488,139,13,11,1,1,1
106,18,487,139,13,11,1,1,1
107,18,485,138,13,11,1,1,1
108,18,481,138,13,11,1,1,1
109,18,475,133,21,20,1,1,1
110,18,475,133,21,20,1,1,1
111,18,474,133,21,20,1,1,1
112,18,472,132,21,20,1,1,1
113,18,468,132,21,20,1,1,1
114,18,466,131,21,20,1,1,1
115,18,466,131,21,20,1,1,1
116,18,466,131,20,19,1,1,1
117,18,466,130,20,20,1,1,1
118,18,462,129,20,19,1,1,1
119,18,459,128,21,20,1,1,1
120,18,459,128,21,20,1,1,1
121,18,459,128,21,20,1,1,1
122,18,459,127,21,20,1,1,1
123,18,453,126,21,20,1,1,1
124,18,452,126,21,20,1,1,1
125,18,453,126,21,20,1,1,1
126,18,452,126,21,20,1,1,1
127,18,451,126,21,20,1,1,1
128,18,448,126,21,20,1,1,1
129,18,447,126,21,20,1,1,1
130,18,447,126,21,20,1,1,1
131,18,446,126,21,20,1,1,1
132,18,445,125,21,20,1,1,1
133,18,442,124,21,20,1,1,1
134,18,442,123,21,20,1,1,1
135,18,442,123,21,20,1,1,1
136,18,440,122,21,20,1,1,1
137,18,438,122,21,20,1,1,1
138,18,435,120,21,20,1,1,1
139,18,436,122,21,20,1,1,1
140,18,436,122,21,20,1,1,1
141,18,436,123,21,20,1,1,1
142,18,434,124,21,20,1,1,1
143,18,432,126,21,20,1,1,1
144,18,431,127,20,19,1,1,1
145,18,431,127,20,19,1,1,1
146,18,430,128,20,19,1,1,1
147,18,428,128,21,20,1,1,1
148,18,428,128,20,19,1,1,1
149,18,427,127,21,20,1,1,1
150,18,427,127,21,20,1,1,1
151,18,425,126,21,20,1,1,1
152,18,424,126,21,20,1,1,1
153,18,420,125,21,20,1,1,1
154,18,419,125,21,20,1,1,1
155,18,420,125,21,20,1,1,1
156,18,418,124,21,20,1,1,1
157,18,417,124,21,20,1,1,1
158,18,414,123,21,20,1,1,1
159,18,412,122,21,20,1,1,1
160,18,412,122,21,20,1,1,1
1,19,579,220,14,13,1,1,1
2,19,579,220,14,13,1,1,1
3,19,578,220,14,13,1,1,1
4,19,580,220,14,13,1,1,1
5,19,580,220,14,13,1,1,1
6,19,581,220,14,13,1,1,1
7,19,583,220,14,13,1,1,1
8,19,583,220,14,13,1,1,1
9,19,587,220,14,13,1,1,1
10,19,587,220,14,13,1,1,1
11,19,589,219,14,13,1,1,1
12,19,589,218,14,13,1,1,1
13,19,589,217,14,13,1,1,1
14,19,590,216,14,13,1,1,1
15,19,590,216,14,13,1,1,1
16,19,591,216,14,13,1,1,1
17,19,590,215,14,13,1,1,1
18,19,589,215,14,13,1,1,1
19,19,590,214,14,13,1,1,1
20,19,590,214,14,13,1,1,1
21,19,590,214,14,13,1,1,1
22,19,588,214,14,13,1,1,1
23,19,587,214,14,13,1,1,1
24,19,590,214,14,13,1,1,1
25,19,590,214,14,13,1,1,1
26,19,589,214,14,13,1,1,1
27,19,588,214,14,13,1,1,1
28,19,587,214,14,13,1,1,1
29,19,588,213,14,13,1,1,1
30,19,588,213,14,13,1,1,1
31,19,587,212,14,13,1,1,1
32,19,587,212,14,13,1,1,1
33,19,587,212,14,13,1,1,1
34,19,588,212,14,13,1,1,1
35,19,588,212,14,13,1,1,1
36,19,587,212,14,13,1,1,1
37,19,586,211,14,13,1,1,1
38,19,587,211,14,13,1,1,1
39,19,588,211,14,13,1,1,1
40,19,588,211,14,13,1,1,1
41,19,587,210,14,13,1,1,1
42,19,587,210,14,13,1,1,1
43,19,587,210,14,13,1,1,1
44,19,586,210,14,13,1,1,1
45,19,586,210,14,13,1,1,1
46,19,586,210,14,13,1,1,1
47,19,588,210,14,13,1,1,1
48,19,589,210,14,13,1,1,1
49,19,589,207,14,13,1,1,1
50,19,589,207,14,13,1,1,1
51,19,589,206,14,13,1,1,1
52,19,589,207,14,13,1,1,1
53,19,589,207,14,13,1,1,1
54,19,590,208,14,13,1,1,1
55,19,590,208,14,13,1,1,1
56,19,590,209,15,13,1,1,1
57,19,589,209,14,13,1,1,1
58,19,590,209,14,13,1,1,1
59,19,589,207,14,13,1,1,1
60,19,589,207,14,13,1,1,1
61,19,585,207,14,13,1,1,1
62,19,582,207,14,13,1,1,1
63,19,580,206,14,13,1,1,1
64,19,582,203,14,13,1,1,1
65,19,582,203,14,13,1,1,1
66,19,583,202,14,13,1,1,1
67,19,582,202,14,13,1,1,1
68,19,582,201,14,13,1,1,1
69,19,584,198,14,13,1,1,1
70,19,584,198,14,13,1,1,1
71,19,584,198,14,13,1,1,1
72,19,585,198,14,13,1,1,1
73,19,586,197,14,13,1,1,1
74,19,586,196,14,13,1,1,1
75,19,586,196,14,13,1,1,1
76,19,588,196,14,13,1,1,1
77,19,589,196,14,13,1,1,1
78,19,588,196,14,13,1,1,1
79,19,588,196,13,13,1,1,1
80,19,588,196,13,13,1,1,1
81,19,589,196,13,13,1,1,1
82,19,589,196,13,12,1,1,1
83,19,587,195,13,12,1,1,1
84,19,587,193,13,13,1,1,1
85,19,588,193,13,13,1,1,1
86,19,587,193,13,12,1,1,1
87,19,586,192,14,13,1,1,1
88,19,585,191,13,12,1,1,1
89,19,585,190,13,13,1,1,1
90,19,585,190,14,13,1,1,1
91,19,585,190,13,13,1,1,1
92,19,584,190,13,13,1,1,1
93,19,585,189,13,13,1,1,1
94,19,585,188,13,13,1,1,1
95,19,585,188,13,13,1,1,1
96,19,585,187,13,13,1,1,1
97,19,584,186,13,13,1,1,1
98,19,581,184,13,13,1,1,1
99,19,581,183,13,13,1,1,1
100,19,581,183,13,13,1,1,1
101,19,580,183,13,13,1,1,1
102,19,579,182,13,13,1,1,1
103,19,579,182,13,13,1,1,1
104,19,578,182,13,13,1,1,1
105,19,578,182,13,13,1,1,1
106,19,578,181,13,13,1,1,1
107,19,577,180,13,13,1,1,1
108,19,574,180,13,13,1,1,1
109,19,572,176,17,17,1,1,1
110,19,572,176,17,17,1,1,1
111,19,572,175,17,17,1,1,1
112,19,571,174,17,17,1,1,1
113,19,568,174,17,17,1,1,1
114,19,567,173,17,17,1,1,1
115,19,567,173,17,17,1,1,1
116,19,567,173,17,17,1,1,1
117,19,568,172,17,17,1,1,1
118,19,565,171,17,17,1,1,1
119,19,564,170,17,17,1,1,1
120,19,564,170,17,17,1,1,1
121,19,565,170,17,17,1,1,1
122,19,565,169,17,17,1,1,1
123,19,561,168,17,17,1,1,1
124,19,561,167,17,17,1,1,1
125,19,561,167,17,17,1,1,1
126,19,561,167,17,17,1,1,1
127,19,561,167,17,17,1,1,1
128,19,559,167,17,17,1,1,1
129,19,559,166,17,17,1,1,1
130,19,559,166,17,17,1,1,1
131,19,559,165,17,17,1,1,1
132,19,559,164,17,17,1,1,1
133,19,557,163,17,17,1,1,1
134,19,557,162,17,17,1,1,1
135,19,557,162,17,17,1,1,1
136,19,557,161,17,17,1,1,1
137,19,555,160,17,17,1,1,1
138,19,554,158,17,17,1,1,1
139,19,556,159,17,17,1,1,1
140,19,556,159,17,17,1,1,1
141,19,557,160,17,17,1,1,1
142,19,555,160,17,17,1,1,1
143,19,554,162,17,17,1,1,1
144,19,555,162,17,17,1,1,1
145,19,555,162,17,17,1,1,1
146,19,553,162,17,17,1,1,1
147,19,553,162,17,17,1,1,1
148,19,555,161,17,17,1,1,1
149,19,555,159,17,17,1,1,1
150,19,555,159,17,17,1,1,1
151,19,553,158,17,17,1,1,1
152,19,553,158,17,17,1,1,1
153,19,551,157,17,17,1,1,1
154,19,551,156,17,17,1,1,1
155,19,551,156,17,17,1,1,1
156,19,551,155,17,17,1,1,1
157,19,550,154,17,17,1,1,1
158,19,548,152,17,17,1,1,1
159,19,547,152,17,17,1,1,1
160,19,547,152,17,17,1,1,1
1,20,697,183,17,15,1,1,1
2,20,697,182,17,15,1,1,1
3,20,696,181,17,15,1,1,1
4,20,698,181,17,15,1,1,1
5,20,698,181,17,15,1,1,1
6,20,699,180,17,15,1,1,1
7,20,701,179,17,15,1,1,1
8,20,702,178,17,15,1,1,1
9,20,705,177,17,15,1,1,1
10,20,705,177,17,15,1,1,1
11,20,708,176,17,15,1,1,1
12,20,708,175,17,15,1,1,1
13,20,706,173,17,15,1,1,1
14,20,707,170,17,15,1,1,1
15,20,707,170,17,15,1,1,1
16,20,709,169,18,16,1,1,1
17,20,708,168,18,16,1,1,1
18,20,707,168,18,16,1,1,1
19,20,707,166,18,16,1,1,1
20,20,707,166,18,16,1,1,1
21,20,707,165,18,16,1,1,1
22,20,705,164,18,16,1,1,1
23,20,703,164,18,16,1,1,1
24,20,706,163,18,16,1,1,1
25,20,706,163,18,16,1,1,1
26,20,706,162,18,16,1,1,1
27,20,704,162,18,16,1,1,1
28,20,703,161,18,16,1,1,1
29,20,704,159,18,16,1,1,1
30,20,704,159,18,16,1,1,1
31,20,703,158,18,16,1,1,1
32,20,702,157,18,16,1,1,1
33,20,703,157,18,16,1,1,1
34,20,703,156,18,16,1,1,1
35,20,703,156,18,16,1,1,1
36,20,701,155,18,16,1,1,1
37,20,700,154,18,16,1,1,1
38,20,700,153,18,16,1,1,1
39,20,702,152,18,16,1,1,1
40,20,702,152,18,16,1,1,1
41,20,700,152,18,16,1,1,1
42,20,700,150,18,16,1,1,1
43,20,700,150,18,16,1,1,1
44,20,698,149,18,16,1,1,1
45,20,698,149,18,16,1,1,1
46,20,698,149,18,16,1,1,1
47,20,700,148,18,16,1,1,1
48,20,700,147,18,16,1,1,1
49,20,700,143,18,16,1,1,1
50,20,700,143,18,16,1,1,1
51,20,700,142,18,16,1,1,1
52,20,700,142,18,16,1,1,1
53,20,699,142,18,16,1,1,1
54,20,699,142,18,16,1,1,1
55,20,699,142,18,16,1,1,1
56,20,699,142,18,16,1,1,1
57,20,698,142,18,16,1,1,1
58,20,698,140,19,16,1,1,1
59,20,697,137,18,16,1,1,1
60,20,697,137,18,16,1,1,1
61,20,693,137,18,16,1,1,1
62,20,688,136,18,16,1,1,1
63,20,686,134,18,16,1,1,1
64,20,687,130,18,16,1,1,1
65,20,687,130,18,16,1,1,1
66,20,688,129,18,16,1,1,1
67,20,687,128,18,16,1,1,1
68,20,686,127,18,16,1,1,1
69,20,687,122,18,16,1,1,1
70,20,687,122,18,16,1,1,1
71,20,687,121,18,16,1,1,1
72,20,687,120,18,16,1,1,1
73,20,688,119,18,16,1,1,1
74,20,688,116,18,16,1,1,1
75,20,688,116,18,16,1,1,1
76,20,689,116,18,16,1,1,1
77,20,690,115,18,16,1,1,1
78,20,688,115,18,16,1,1,1
79,20,686,113,18,16,1,1,1
80,20,686,113,18,16,1,1,1
81,20,687,113,18,16,1,1,1
82,20,687,112,18,16,1,1,1
83,20,685,110,18,16,1,1,1
84,20,685,109,16,15,1,1,1
85,20,685,109,16,15,1,1,1
86,20,685,107,17,15,1,1,1
87,20,682,106,18,16,1,1,1
88,20,681,104,17,16,1,1,1
89,20,680,103,18,16,1,1,1
90,20,680,103,18,16,1,1,1
91,20,679,101,18,16,1,1,1
92,20,677,101,18,16,1,1,1
93,20,677,99,18,16,1,1,1
94,20,677,97,19,16,1,1,1
95,20,677,97,19,16,1,1,1
96,20,676,95,19,17,1,1,1
97,20,675,94,19,17,1,1,1
98,20,671,91,18,16,1,1,1
99,20,670,90,18,16,1,1,1
100,20,670,90,18,16,1,1,1
101,20,669,89,18,16,1,1,1
102,20,667,88,19,17,1,1,1
103,20,666,86,19,16,1,1,1
104,20,664,86,18,16,1,1,1
105,20,664,86,18,16,1,1,1
106,20,663,85,19,17,1,1,1
107,20,662,83,19,16,1,1,1
108,20,658,82,19,16,1,1,1
109,20,657,82,18,16,1,1,1
110,20,657,82,19,16,1,1,1
111,20,656,81,19,17,1,1,1
112,20,655,79,18,16,1,1,1
113,20,651,78,19,16,1,1,1
114,20,649,77,18,16,1,1,1
115,20,649,77,18,16,1,1,1
116,20,649,76,19,16,1,1,1
117,20,649,74,18,16,1,1,1
118,20,645,72,18,16,1,1,1
119,20,643,71,18,16,1,1,1
120,20,643,71,18,16,1,1,1
121,20,643,70,18,16,1,1,1
122,20,642,69,18,16,1,1,1
123,20,638,67,18,16,1,1,1
124,20,637,66,18,16,1,1,1
125,20,637,66,18,16,1,1,1
126,20,636,66,18,16,1,1,1
127,20,635,65,18,16,1,1,1
128,20,632,65,18,16,1,1,1
129,20,631,63,18,16,1,1,1
130,20,631,63,18,16,1,1,1
131,20,631,62,18,16,1,1,1
132,20,629,61,18,16,1,1,1
133,20,627,58,18,16,1,1,1
134,20,626,57,18,16,1,1,1
135,20,626,57,18,16,1,1,1
136,20,625,56,18,16,1,1,1
137,20,622,54,18,16,1,1,1
138,20,619,52,18,16,1,1,1
139,20,620,52,19,17,1,1,1
140,20,620,52,19,17,1,1,1
141,20,620,53,19,16,1,1,1
142,20,618,53,18,16,1,1,1
143,20,615,54,18,16,1,1,1
144,20,614,54,18,16,1,1,1
145,20,614,54,18,16,1,1,1
146,20,612,54,18,16,1,1,1
147,20,610,53,18,16,1,1,1
148,20,610,51,18,16,1,1,1
149,20,609,49,18,16,1,1,1
150,20,609,49,18,16,1,1,1
151,20,607,48,18,16,1,1,1
152,20,605,47,18,16,1,1,1
153,20,602,46,17,15,1,1,1
154,20,600,44,17,15,1,1,1
155,20,600,44,17,15,1,1,1
156,20,599,43,18,16,1,1,1
157,20,597,41,18,16,1,1,1
158,20,594,39,18,16,1,1,1
159,20,592,38,18,16,1,1,1
160,20,592,38,18,16,1,1,1
1,21,178,221,13,13,1,1,1
2,21,178,221,13,13,1,1,1
3,21,177,222,13,13,1,1,1
4,21,180,224,13,13,1,1,1
5,21,180,224,13,13,1,1,1
6,21,180,225,13,13,1,1,1
7,21,182,225,13,13,1,1,1
8,21,182,227,13,13,1,1,1
9,21,187,228,12,12,1,1,1
10,21,187,228,12,12,1,1,1
11,21,189,228,13,13,1,1,1
12,21,189,231,11,11,1,1,1
13,21,190,229,12,12,1,1,1
14,21,190,230,12,12,1,1,1
15,21,190,230,12,12,1,1,1
16,21,193,230,12,12,1,1,1
17,21,192,231,12,12,1,1,1
18,21,191,231,12,12,1,1,1
19,21,192,232,12,12,1,1,1
20,21,192,232,12,12,1,1,1
21,21,192,232,12,12,1,1,1
22,21,191,233,12,12,1,1,1
23,21,190,234,12,12,1,1,1
24,21,193,235,12,12,1,1,1
25,21,193,235,12,12,1,1,1
26,21,193,235,12,12,1,1,1
27,21,192,236,12,12,1,1,1
28,21,192,236,12,12,1,1,1
29,21,193,237,11,11,1,1,1
30,21,193,237,11,11,1,1,1
31,21,191,236,12,12,1,1,1
32,21,191,236,12,12,1,1,1
33,21,192,238,12,12,1,1,1
34,21,194,239,13,13,1,1,1
35,21,194,239,13,13,1,1,1
36,21,192,239,12,12,1,1,1
37,21,191,239,13,13,1,1,1
38,21,193,240,12,12,1,1,1
39,21,195,242,12,12,1,1,1
40,21,195,242,12,12,1,1,1
41,21,195,242,12,12,1,1,1
42,21,195,242,12,12,1,1,1
43,21,195,243,12,12,1,1,1
44,21,194,246,12,12,1,1,1
45,21,194,246,12,12,1,1,1
46,21,195,246,12,12,1,1,1
47,21,198,248,12,12,1,1,1
48,21,198,248,12,12,1,1,1
49,21,199,246,12,12,1,1,1
50,21,199,246,12,12,1,1,1
51,21,200,246,12,12,1,1,1
52,21,200,248,12,12,1,1,1
53,21,200,249,12,12,1,1,1
54,21,203,252,12,12,1,1,1
55,21,203,252,12,12,1,1,1
56,21,203,253,12,12,1,1,1
57,21,203,255,11,11,1,1,1
58,21,205,255,11,11,1,1,1
59,21,204,255,11,11,1,1,1
60,21,204,255,11,11,1,1,1
61,21,200,256,11,11,1,1,1
62,21,198,258,11,11,1,1,1
63,21,196,256,11,11,1,1,1
64,21,199,256,11,11,1,1,1
65,21,199,256,11,11,1,1,1
66,21,200,256,11,11,1,1,1
67,21,200,256,11,11,1,1,1
68,21,200,256,11,11,1,1,1
69,21,203,256,11,11,1,1,1
70,21,203,256,11,11,1,1,1
71,21,205,257,10,10,1,1,1
72,21,206,257,10,10,1,1,1
73,21,208,258,10,10,1,1,1
74,21,209,259,11,11,1,1,1
75,21,209,259,11,11,1,1,1
76,21,211,259,11,11,1,1,1
77,21,212,260,11,11,1,1,1
78,21,212,261,11,11,1,1,1
79,21,213,263,11,11,1,1,1
80,21,213,263,11,11,1,1,1
81,21,215,265,10,10,1,1,1
82,21,215,264,11,11,1,1,1
83,21,214,265,11,11,1,1,1
84,21,216,264,11,11,1,1,1
85,21,216,264,11,11,1,1,1
86,21,216,264,11,11,1,1,1
87,21,215,264,11,11,1,1,1
88,21,216,265,11,11,1,1,1
89,21,216,265,11,11,1,1,1
90,21,216,265,11,11,1,1,1
91,21,216,265,11,11,1,1,1
92,21,216,266,11,11,1,1,1
93,21,218,267,10,10,1,1,1
94,21,218,267,10,10,1,1,1
95,21,218,267,10,10,1,1,1
96,21,218,267,10,10,1,1,1
97,21,218,267,10,10,1,1,1
98,21,218,266,11,11,1,1,1
99,21,218,266,11,11,1,1,1
100,21,218,266,11,11,1,1,1
101,21,218,266,11,11,1,1,1
102,21,218,266,11,11,1,1,1
103,21,218,268,11,11,1,1,1
104,21,218,268,11,11,1,1,1
105,21,218,268,11,11,1,1,1
106,21,218,268,11,11,1,1,1
107,21,218,269,11,11,1,1,1
108,21,218,271,11,11,1,1,1
109,21,218,271,11,11,1,1,1
110,21,218,271,11,11,1,1,1
111,21,218,271,11,11,1,1,1
112,21,218,271,11,11,1,1,1
113,21,218,272,11,11,1,1,1
114,21,218,272,11,11,1,1,1
115,21,218,272,11,11,1,1,1
116,21,218,272,11,11,1,1,1
117,21,219,272,11,11,1,1,1
118,21,218,272,11,11,1,1,1
119,21,218,272,11,11,1,1,1
120,21,218,272,11,11,1,1,1
121,21,219,272,11,11,1,1,1
122,21,219,272,11,11,1,1,1
123,21,218,272,11,11,1,1,1
124,21,219,273,11,11,1,1,1
125,21,219,273,11,11,1,1,1
126,21,219,273,11,11,1,1,1
127,21,219,273,11,11,1,1,1
128,21,219,273,11,11,1,1,1
129,21,218,276,17,14,1,1,1
130,21,218,276,17,14,1,1,1
131,21,218,276,17,14,1,1,1
132,21,218,276,17,14,1,1,1
133,21,220,276,17,14,1,1,1
134,21,221,276,17,14,1,1,1
135,21,221,276,17,14,1,1,1
136,21,221,276,17,14,1,1,1
137,21,220,275,17,14,1,1,1
138,21,221,276,17,14,1,1,1
139,21,224,278,17,14,1,1,1
140,21,224,278,17,14,1,1,1
141,21,226,279,17,14,1,1,1
142,21,226,281,17,14,1,1,1
147,21,238,291,12,13,1,1,1
148,21,238,291,13,14,1,1,1
149,21,238,291,13,14,1,1,1
150,21,238,291,13,14,1,1,1
151,21,238,291,12,13,1,1,1
152,21,239,292,12,13,1,1,1
153,21,239,292,12,13,1,1,1
154,21,240,293,12,13,1,1,1
155,21,241,293,12,13,1,1,1
156,21,241,292,12,13,1,1,1
157,21,243,292,11,12,1,1,1
158,21,243,292,11,12,1,1,1
159,21,244,293,12,12,1,1,1
160,21,244,293,11,12,1,1,1
