1,-1,198,392,32,24,1,-1,-1,-1
1,-1,207,219,15,13,1,-1,-1,-1
1,-1,208,285,20,15,1,-1,-1,-1
1,-1,380,258,14,14,1,-1,-1,-1
1,-1,419,301,19,17,1,-1,-1,-1
1,-1,544,377,25,22,1,-1,-1,-1
1,-1,550,224,21,16,1,-1,-1,-1
1,-1,672,168,22,17,1,-1,-1,-1
1,-1,710,201,14,13,1,-1,-1,-1
1,-1,796,291,16,18,1,-1,-1,-1
2,-1,201,393,32,24,1,-1,-1,-1
2,-1,206,219,15,13,1,-1,-1,-1
2,-1,209,285,20,15,1,-1,-1,-1
2,-1,380,258,14,14,1,-1,-1,-1
2,-1,420,301,19,17,1,-1,-1,-1
2,-1,547,377,25,22,1,-1,-1,-1
2,-1,549,224,21,16,1,-1,-1,-1
2,-1,672,167,22,17,1,-1,-1,-1
2,-1,709,201,14,13,1,-1,-1,-1
2,-1,795,289,17,19,1,-1,-1,-1
3,-1,204,394,32,24,1,-1,-1,-1
3,-1,205,219,15,13,1,-1,-1,-1
3,-1,210,285,20,15,1,-1,-1,-1
3,-1,380,258,14,14,1,-1,-1,-1
3,-1,421,301,19,17,1,-1,-1,-1
3,-1,549,223,21,16,1,-1,-1,-1
3,-1,550,377,25,22,1,-1,-1,-1
3,-1,672,165,22,17,1,-1,-1,-1
3,-1,708,201,14,13,1,-1,-1,-1
3,-1,795,288,17,19,1,-1,-1,-1
4,-1,205,219,15,13,1,-1,-1,-1
4,-1,208,394,32,24,1,-1,-1,-1
4,-1,211,286,20,15,1,-1,-1,-1
4,-1,379,258,14,14,1,-1,-1,-1
4,-1,422,301,19,17,1,-1,-1,-1
4,-1,548,223,21,16,1,-1,-1,-1
4,-1,554,376,25,22,1,-1,-1,-1
4,-1,668,165,22,17,1,-1,-1,-1
4,-1,706,200,14,13,1,-1,-1,-1
4,-1,794,288,17,19,1,-1,-1,-1
5,-1,205,219,15,13,1,-1,-1,-1
5,-1,208,394,32,24,1,-1,-1,-1
5,-1,211,286,20,15,1,-1,-1,-1
5,-1,379,258,14,14,1,-1,-1,-1
5,-1,422,301,19,17,1,-1,-1,-1
5,-1,548,223,21,16,1,-1,-1,-1
5,-1,554,376,25,22,1,-1,-1,-1
5,-1,668,165,22,17,1,-1,-1,-1
5,-1,706,200,14,13,1,-1,-1,-1
5,-1,794,288,17,19,1,-1,-1,-1
6,-1,204,219,15,13,1,-1,-1,-1
6,-1,211,286,20,15,1,-1,-1,-1
6,-1,211,395,32,24,1,-1,-1,-1
6,-1,379,258,14,14,1,-1,-1,-1
6,-1,423,301,19,17,1,-1,-1,-1
6,-1,547,223,21,16,1,-1,-1,-1
6,-1,557,376,25,22,1,-1,-1,-1
6,-1,671,163,26,22,1,-1,-1,-1
6,-1,705,200,14,13,1,-1,-1,-1
6,-1,794,287,17,19,1,-1,-1,-1
7,-1,204,219,15,13,1,-1,-1,-1
7,-1,212,286,20,15,1,-1,-1,-1
7,-1,215,396,32,24,1,-1,-1,-1
7,-1,379,258,14,14,1,-1,-1,-1
7,-1,424,301,18,16,1,-1,-1,-1
7,-1,547,222,22,16,1,-1,-1,-1
7,-1,560,376,25,22,1,-1,-1,-1
7,-1,672,162,26,22,1,-1,-1,-1
7,-1,701,195,18,18,1,-1,-1,-1
7,-1,793,286,17,19,1,-1,-1,-1
8,-1,203,220,15,13,1,-1,-1,-1
8,-1,213,287,20,15,1,-1,-1,-1
8,-1,218,396,33,24,1,-1,-1,-1
8,-1,378,258,14,14,1,-1,-1,-1
8,-1,425,301,18,16,1,-1,-1,-1
8,-1,546,222,21,16,1,-1,-1,-1
8,-1,563,376,25,22,1,-1,-1,-1
8,-1,671,160,26,22,1,-1,-1,-1
8,-1,700,195,17,17,1,-1,-1,-1
8,-1,792,285,18,20,1,-1,-1,-1
9,-1,203,220,15,13,1,-1,-1,-1
9,-1,214,287,20,15,1,-1,-1,-1
9,-1,222,397,32,24,1,-1,-1,-1
9,-1,377,258,14,14,1,-1,-1,-1
9,-1,426,301,18,16,1,-1,-1,-1
9,-1,546,220,21,17,1,-1,-1,-1
9,-1,567,376,25,22,1,-1,-1,-1
9,-1,672,159,26,22,1,-1,-1,-1
9,-1,693,194,18,18,1,-1,-1,-1
9,-1,793,282,19,21,1,-1,-1,-1
10,-1,203,220,15,13,1,-1,-1,-1
10,-1,214,287,20,15,1,-1,-1,-1
10,-1,222,397,32,24,1,-1,-1,-1
10,-1,377,258,14,14,1,-1,-1,-1
10,-1,426,301,18,16,1,-1,-1,-1
10,-1,546,220,21,17,1,-1,-1,-1
10,-1,567,376,25,22,1,-1,-1,-1
10,-1,672,159,26,22,1,-1,-1,-1
10,-1,698,193,18,18,1,-1,-1,-1
10,-1,793,282,19,21,1,-1,-1,-1
11,-1,202,220,15,13,1,-1,-1,-1
11,-1,214,288,20,15,1,-1,-1,-1
11,-1,226,398,32,24,1,-1,-1,-1
11,-1,377,259,14,14,1,-1,-1,-1
11,-1,427,301,18,16,1,-1,-1,-1
11,-1,545,220,21,17,1,-1,-1,-1
11,-1,570,375,25,22,1,-1,-1,-1
11,-1,671,158,27,23,1,-1,-1,-1
11,-1,696,193,18,18,1,-1,-1,-1
11,-1,793,282,18,20,1,-1,-1,-1
12,-1,201,220,15,13,1,-1,-1,-1
12,-1,215,288,20,15,1,-1,-1,-1
12,-1,229,398,32,24,1,-1,-1,-1
12,-1,377,259,14,14,1,-1,-1,-1
12,-1,429,301,17,15,1,-1,-1,-1
12,-1,544,220,21,17,1,-1,-1,-1
12,-1,573,375,25,22,1,-1,-1,-1
12,-1,672,160,24,20,1,-1,-1,-1
12,-1,695,194,18,18,1,-1,-1,-1
12,-1,791,281,19,21,1,-1,-1,-1
13,-1,201,220,15,13,1,-1,-1,-1
13,-1,216,288,20,15,1,-1,-1,-1
13,-1,233,399,32,24,1,-1,-1,-1
13,-1,376,259,14,14,1,-1,-1,-1
13,-1,430,301,17,15,1,-1,-1,-1
13,-1,543,219,21,17,1,-1,-1,-1
13,-1,576,375,25,22,1,-1,-1,-1
13,-1,672,159,25,21,1,-1,-1,-1
13,-1,693,194,17,17,1,-1,-1,-1
13,-1,791,280,19,21,1,-1,-1,-1
14,-1,200,220,15,13,1,-1,-1,-1
14,-1,216,289,20,15,1,-1,-1,-1
14,-1,236,400,32,24,1,-1,-1,-1
14,-1,375,259,14,14,1,-1,-1,-1
14,-1,430,301,17,16,1,-1,-1,-1
14,-1,543,219,21,17,1,-1,-1,-1
14,-1,579,374,25,22,1,-1,-1,-1
14,-1,670,159,27,22,1,-1,-1,-1
14,-1,694,193,18,18,1,-1,-1,-1
14,-1,790,279,19,21,1,-1,-1,-1
15,-1,200,220,15,13,1,-1,-1,-1
15,-1,216,289,20,15,1,-1,-1,-1
15,-1,236,400,32,24,1,-1,-1,-1
15,-1,375,259,14,14,1,-1,-1,-1
15,-1,430,301,17,16,1,-1,-1,-1
15,-1,542,219,22,18,1,-1,-1,-1
15,-1,579,374,25,22,1,-1,-1,-1
15,-1,670,159,27,22,1,-1,-1,-1
15,-1,694,193,18,18,1,-1,-1,-1
15,-1,790,279,19,21,1,-1,-1,-1
16,-1,199,221,15,13,1,-1,-1,-1
16,-1,217,289,20,15,1,-1,-1,-1
16,-1,240,401,32,24,1,-1,-1,-1
16,-1,375,259,14,14,1,-1,-1,-1
16,-1,431,301,17,16,1,-1,-1,-1
16,-1,541,219,21,17,1,-1,-1,-1
16,-1,582,374,25,22,1,-1,-1,-1
16,-1,669,158,27,22,1,-1,-1,-1
16,-1,692,192,19,19,1,-1,-1,-1
16,-1,789,279,18,20,1,-1,-1,-1
17,-1,199,221,14,12,1,-1,-1,-1
17,-1,217,289,20,15,1,-1,-1,-1
17,-1,243,401,32,24,1,-1,-1,-1
17,-1,371,258,18,17,1,-1,-1,-1
17,-1,432,301,17,15,1,-1,-1,-1
17,-1,541,219,21,17,1,-1,-1,-1
17,-1,585,374,25,22,1,-1,-1,-1
17,-1,669,159,27,22,1,-1,-1,-1
17,-1,690,192,19,19,1,-1,-1,-1
17,-1,788,278,19,21,1,-1,-1,-1
18,-1,198,221,14,12,1,-1,-1,-1
18,-1,218,290,20,15,1,-1,-1,-1
18,-1,247,402,32,24,1,-1,-1,-1
18,-1,370,258,18,17,1,-1,-1,-1
18,-1,432,300,17,15,1,-1,-1,-1
18,-1,541,219,21,17,1,-1,-1,-1
18,-1,588,373,25,22,1,-1,-1,-1
18,-1,666,159,26,22,1,-1,-1,-1
18,-1,686,191,24,19,1,-1,-1,-1
18,-1,787,277,19,21,1,-1,-1,-1
19,-1,197,221,14,12,1,-1,-1,-1
19,-1,218,290,20,15,1,-1,-1,-1
19,-1,250,402,33,24,1,-1,-1,-1
19,-1,369,258,18,17,1,-1,-1,-1
19,-1,433,300,17,15,1,-1,-1,-1
19,-1,540,218,22,18,1,-1,-1,-1
19,-1,591,372,25,22,1,-1,-1,-1
19,-1,666,155,27,23,1,-1,-1,-1
19,-1,682,191,24,19,1,-1,-1,-1
19,-1,786,276,19,21,1,-1,-1,-1
20,-1,197,221,14,12,1,-1,-1,-1
20,-1,218,290,20,15,1,-1,-1,-1
20,-1,250,402,33,24,1,-1,-1,-1
20,-1,369,258,18,17,1,-1,-1,-1
20,-1,433,300,17,15,1,-1,-1,-1
20,-1,540,218,21,17,1,-1,-1,-1
20,-1,591,373,25,22,1,-1,-1,-1
20,-1,666,155,27,23,1,-1,-1,-1
20,-1,682,191,24,19,1,-1,-1,-1
20,-1,786,276,19,21,1,-1,-1,-1
21,-1,196,221,14,12,1,-1,-1,-1
21,-1,219,291,20,15,1,-1,-1,-1
21,-1,254,405,29,21,1,-1,-1,-1
21,-1,369,258,18,17,1,-1,-1,-1
21,-1,433,300,17,15,1,-1,-1,-1
21,-1,539,218,21,17,1,-1,-1,-1
21,-1,594,372,25,22,1,-1,-1,-1
21,-1,662,155,27,23,1,-1,-1,-1
21,-1,679,191,22,18,1,-1,-1,-1
21,-1,785,275,19,21,1,-1,-1,-1
22,-1,195,221,14,12,1,-1,-1,-1
22,-1,219,291,20,15,1,-1,-1,-1
22,-1,254,407,26,19,1,-1,-1,-1
22,-1,367,258,18,17,1,-1,-1,-1
22,-1,434,300,17,15,1,-1,-1,-1
22,-1,538,218,20,16,1,-1,-1,-1
22,-1,597,372,25,22,1,-1,-1,-1
22,-1,669,154,26,23,1,-1,-1,-1
22,-1,673,189,25,20,1,-1,-1,-1
22,-1,783,274,19,21,1,-1,-1,-1
23,-1,192,222,14,12,1,-1,-1,-1
23,-1,220,291,20,15,1,-1,-1,-1
23,-1,255,402,36,23,1,-1,-1,-1
23,-1,367,258,18,17,1,-1,-1,-1
23,-1,435,299,17,15,1,-1,-1,-1
23,-1,537,218,20,16,1,-1,-1,-1
23,-1,599,371,25,22,1,-1,-1,-1
23,-1,668,154,26,23,1,-1,-1,-1
23,-1,677,188,25,20,1,-1,-1,-1
23,-1,782,273,19,21,1,-1,-1,-1
24,-1,189,223,13,11,1,-1,-1,-1
24,-1,217,289,19,14,1,-1,-1,-1
24,-1,252,403,36,23,1,-1,-1,-1
24,-1,366,258,18,17,1,-1,-1,-1
24,-1,435,299,17,15,1,-1,-1,-1
24,-1,536,217,20,16,1,-1,-1,-1
24,-1,602,370,25,22,1,-1,-1,-1
24,-1,668,153,27,24,1,-1,-1,-1
24,-1,675,188,25,20,1,-1,-1,-1
24,-1,781,273,18,20,1,-1,-1,-1
24,-1,793,172,15,16,1,-1,-1,-1
25,-1,189,223,13,11,1,-1,-1,-1
25,-1,217,289,19,14,1,-1,-1,-1
25,-1,252,403,36,23,1,-1,-1,-1
25,-1,366,258,18,17,1,-1,-1,-1
25,-1,435,299,17,15,1,-1,-1,-1
25,-1,536,217,20,16,1,-1,-1,-1
25,-1,602,370,25,22,1,-1,-1,-1
25,-1,668,153,27,24,1,-1,-1,-1
25,-1,675,188,25,20,1,-1,-1,-1
25,-1,781,273,18,20,1,-1,-1,-1
25,-1,793,172,15,16,1,-1,-1,-1
26,-1,184,221,25,17,1,-1,-1,-1
26,-1,214,289,26,17,1,-1,-1,-1
26,-1,263,402,36,23,1,-1,-1,-1
26,-1,365,259,18,17,1,-1,-1,-1
26,-1,436,299,17,15,1,-1,-1,-1
26,-1,535,217,21,17,1,-1,-1,-1
26,-1,604,370,25,22,1,-1,-1,-1
26,-1,667,153,25,22,1,-1,-1,-1
26,-1,672,186,28,22,1,-1,-1,-1
26,-1,779,272,18,20,1,-1,-1,-1
26,-1,790,171,15,16,1,-1,-1,-1
27,-1,180,221,25,17,1,-1,-1,-1
27,-1,214,288,27,17,1,-1,-1,-1
27,-1,267,403,36,23,1,-1,-1,-1
27,-1,364,259,18,17,1,-1,-1,-1
27,-1,436,298,21,17,1,-1,-1,-1
27,-1,534,216,21,17,1,-1,-1,-1
27,-1,607,369,25,22,1,-1,-1,-1
27,-1,666,152,26,23,1,-1,-1,-1
27,-1,669,185,28,22,1,-1,-1,-1
27,-1,778,271,18,20,1,-1,-1,-1
27,-1,788,171,15,16,1,-1,-1,-1
28,-1,181,220,25,17,1,-1,-1,-1
28,-1,215,289,26,19,1,-1,-1,-1
28,-1,264,403,43,23,1,-1,-1,-1
28,-1,364,259,18,17,1,-1,-1,-1
28,-1,437,298,21,17,1,-1,-1,-1
28,-1,534,216,21,17,1,-1,-1,-1
28,-1,609,368,26,23,1,-1,-1,-1
28,-1,666,152,24,21,1,-1,-1,-1
28,-1,667,185,28,22,1,-1,-1,-1
28,-1,776,270,18,20,1,-1,-1,-1
28,-1,784,170,15,16,1,-1,-1,-1
29,-1,180,219,25,17,1,-1,-1,-1
29,-1,216,290,26,19,1,-1,-1,-1
29,-1,274,404,34,22,1,-1,-1,-1
29,-1,363,259,18,17,1,-1,-1,-1
29,-1,437,298,21,17,1,-1,-1,-1
29,-1,522,217,20,16,1,-1,-1,-1
29,-1,612,368,26,23,1,-1,-1,-1
29,-1,666,151,26,23,1,-1,-1,-1
29,-1,667,185,27,21,1,-1,-1,-1
29,-1,775,269,18,20,1,-1,-1,-1
29,-1,781,170,15,16,1,-1,-1,-1
30,-1,180,219,25,17,1,-1,-1,-1
30,-1,216,290,26,19,1,-1,-1,-1
30,-1,274,404,34,21,1,-1,-1,-1
30,-1,363,259,18,17,1,-1,-1,-1
30,-1,437,298,21,17,1,-1,-1,-1
30,-1,522,217,20,16,1,-1,-1,-1
30,-1,612,368,26,23,1,-1,-1,-1
30,-1,666,151,26,23,1,-1,-1,-1
30,-1,667,185,27,21,1,-1,-1,-1
30,-1,775,269,18,20,1,-1,-1,-1
30,-1,781,170,15,16,1,-1,-1,-1
31,-1,179,219,25,18,1,-1,-1,-1
31,-1,212,290,27,20,1,-1,-1,-1
31,-1,277,405,38,20,1,-1,-1,-1
31,-1,362,259,17,16,1,-1,-1,-1
31,-1,438,297,21,17,1,-1,-1,-1
31,-1,527,212,25,19,1,-1,-1,-1
31,-1,614,367,25,22,1,-1,-1,-1
31,-1,665,151,26,23,1,-1,-1,-1
31,-1,667,184,27,21,1,-1,-1,-1
31,-1,773,268,18,20,1,-1,-1,-1
31,-1,778,170,15,16,1,-1,-1,-1
32,-1,178,218,25,18,1,-1,-1,-1
32,-1,217,291,27,20,1,-1,-1,-1
32,-1,281,405,38,20,1,-1,-1,-1
32,-1,361,259,17,16,1,-1,-1,-1
32,-1,438,297,21,17,1,-1,-1,-1
32,-1,526,212,24,18,1,-1,-1,-1
32,-1,617,367,25,22,1,-1,-1,-1
32,-1,665,150,26,23,1,-1,-1,-1
32,-1,665,184,26,20,1,-1,-1,-1
32,-1,772,167,22,18,1,-1,-1,-1
32,-1,772,268,18,19,1,-1,-1,-1
33,-1,179,218,25,18,1,-1,-1,-1
33,-1,217,291,27,20,1,-1,-1,-1
33,-1,285,406,37,20,1,-1,-1,-1
33,-1,360,259,18,17,1,-1,-1,-1
33,-1,439,297,21,17,1,-1,-1,-1
33,-1,523,214,25,19,1,-1,-1,-1
33,-1,620,366,25,22,1,-1,-1,-1
33,-1,662,149,28,24,1,-1,-1,-1
33,-1,663,184,25,19,1,-1,-1,-1
33,-1,769,167,22,18,1,-1,-1,-1
33,-1,770,267,17,19,1,-1,-1,-1
34,-1,178,218,25,18,1,-1,-1,-1
34,-1,218,292,27,20,1,-1,-1,-1
34,-1,285,406,37,20,1,-1,-1,-1
34,-1,360,259,18,17,1,-1,-1,-1
34,-1,440,297,21,17,1,-1,-1,-1
34,-1,523,211,27,21,1,-1,-1,-1
34,-1,622,365,25,22,1,-1,-1,-1
34,-1,659,183,27,21,1,-1,-1,-1
34,-1,662,148,29,25,1,-1,-1,-1
34,-1,765,166,24,20,1,-1,-1,-1
34,-1,769,267,17,19,1,-1,-1,-1
35,-1,178,218,25,18,1,-1,-1,-1
35,-1,218,292,27,20,1,-1,-1,-1
35,-1,285,406,37,20,1,-1,-1,-1
35,-1,360,259,18,17,1,-1,-1,-1
35,-1,440,297,21,17,1,-1,-1,-1
35,-1,523,211,27,21,1,-1,-1,-1
35,-1,622,365,25,22,1,-1,-1,-1
35,-1,659,183,27,21,1,-1,-1,-1
35,-1,662,148,29,25,1,-1,-1,-1
35,-1,765,166,24,20,1,-1,-1,-1
35,-1,769,267,17,19,1,-1,-1,-1
36,-1,177,218,25,18,1,-1,-1,-1
36,-1,218,292,27,20,1,-1,-1,-1
36,-1,290,403,38,30,1,-1,-1,-1
36,-1,358,259,17,16,1,-1,-1,-1
36,-1,440,297,21,17,1,-1,-1,-1
36,-1,521,211,26,20,1,-1,-1,-1
36,-1,624,364,25,22,1,-1,-1,-1
36,-1,656,182,28,22,1,-1,-1,-1
36,-1,658,148,29,25,1,-1,-1,-1
36,-1,763,165,24,20,1,-1,-1,-1
36,-1,767,266,17,19,1,-1,-1,-1
37,-1,167,219,25,18,1,-1,-1,-1
37,-1,219,292,27,20,1,-1,-1,-1
37,-1,294,403,38,22,1,-1,-1,-1
37,-1,358,259,17,16,1,-1,-1,-1
37,-1,441,296,21,17,1,-1,-1,-1
37,-1,522,212,25,20,1,-1,-1,-1
37,-1,627,364,25,22,1,-1,-1,-1
37,-1,655,183,26,20,1,-1,-1,-1
37,-1,662,147,29,25,1,-1,-1,-1
37,-1,759,165,23,19,1,-1,-1,-1
37,-1,766,265,17,18,1,-1,-1,-1
38,-1,174,219,24,17,1,-1,-1,-1
38,-1,219,292,27,20,1,-1,-1,-1
38,-1,297,404,38,22,1,-1,-1,-1
38,-1,359,259,17,16,1,-1,-1,-1
38,-1,441,296,21,17,1,-1,-1,-1
38,-1,520,213,26,21,1,-1,-1,-1
38,-1,629,363,25,22,1,-1,-1,-1
38,-1,654,182,25,20,1,-1,-1,-1
38,-1,661,147,28,24,1,-1,-1,-1
38,-1,756,166,22,18,1,-1,-1,-1
38,-1,764,262,20,18,1,-1,-1,-1
39,-1,173,219,24,17,1,-1,-1,-1
39,-1,220,293,27,20,1,-1,-1,-1
39,-1,300,403,41,25,1,-1,-1,-1
39,-1,358,259,17,16,1,-1,-1,-1
39,-1,442,296,21,17,1,-1,-1,-1
39,-1,519,210,25,20,1,-1,-1,-1
39,-1,632,363,25,22,1,-1,-1,-1
39,-1,655,181,25,20,1,-1,-1,-1
39,-1,661,146,28,24,1,-1,-1,-1
39,-1,757,164,22,18,1,-1,-1,-1
39,-1,763,261,20,18,1,-1,-1,-1
40,-1,173,219,24,17,1,-1,-1,-1
40,-1,220,293,27,20,1,-1,-1,-1
40,-1,300,403,41,22,1,-1,-1,-1
40,-1,358,259,17,16,1,-1,-1,-1
40,-1,442,296,21,17,1,-1,-1,-1
40,-1,519,210,25,20,1,-1,-1,-1
40,-1,632,363,25,22,1,-1,-1,-1
40,-1,655,181,25,20,1,-1,-1,-1
40,-1,661,147,28,24,1,-1,-1,-1
40,-1,757,164,22,18,1,-1,-1,-1
40,-1,763,261,20,18,1,-1,-1,-1
41,-1,172,219,24,17,1,-1,-1,-1
41,-1,220,293,27,20,1,-1,-1,-1
41,-1,304,403,40,23,1,-1,-1,-1
41,-1,357,259,17,16,1,-1,-1,-1
41,-1,442,296,21,17,1,-1,-1,-1
41,-1,516,209,27,22,1,-1,-1,-1
41,-1,634,362,24,21,1,-1,-1,-1
41,-1,654,181,24,19,1,-1,-1,-1
41,-1,661,145,30,26,1,-1,-1,-1
41,-1,754,164,22,18,1,-1,-1,-1
41,-1,758,261,20,18,1,-1,-1,-1
42,-1,170,218,25,18,1,-1,-1,-1
42,-1,221,293,27,20,1,-1,-1,-1
42,-1,308,403,40,22,1,-1,-1,-1
42,-1,357,260,16,15,1,-1,-1,-1
42,-1,443,295,21,17,1,-1,-1,-1
42,-1,512,209,27,22,1,-1,-1,-1
42,-1,637,362,24,21,1,-1,-1,-1
42,-1,652,181,24,19,1,-1,-1,-1
42,-1,660,145,30,26,1,-1,-1,-1
42,-1,753,161,24,20,1,-1,-1,-1
42,-1,759,259,20,18,1,-1,-1,-1
43,-1,170,219,24,17,1,-1,-1,-1
43,-1,221,293,27,20,1,-1,-1,-1
43,-1,310,403,41,23,1,-1,-1,-1
43,-1,356,259,16,15,1,-1,-1,-1
43,-1,443,295,21,17,1,-1,-1,-1
43,-1,507,209,28,22,1,-1,-1,-1
43,-1,639,361,24,21,1,-1,-1,-1
43,-1,650,181,24,19,1,-1,-1,-1
43,-1,656,145,31,27,1,-1,-1,-1
43,-1,750,161,24,20,1,-1,-1,-1
43,-1,758,259,20,18,1,-1,-1,-1
44,-1,169,219,24,17,1,-1,-1,-1
44,-1,222,294,27,20,1,-1,-1,-1
44,-1,313,403,43,24,1,-1,-1,-1
44,-1,355,260,17,16,1,-1,-1,-1
44,-1,444,295,21,17,1,-1,-1,-1
44,-1,512,207,29,23,1,-1,-1,-1
44,-1,641,360,23,21,1,-1,-1,-1
44,-1,646,180,24,19,1,-1,-1,-1
44,-1,652,143,32,28,1,-1,-1,-1
44,-1,747,161,24,20,1,-1,-1,-1
44,-1,756,257,20,18,1,-1,-1,-1
45,-1,169,219,24,17,1,-1,-1,-1
45,-1,222,294,27,20,1,-1,-1,-1
45,-1,313,403,43,24,1,-1,-1,-1
45,-1,355,260,17,16,1,-1,-1,-1
45,-1,444,295,21,17,1,-1,-1,-1
45,-1,512,207,29,23,1,-1,-1,-1
45,-1,641,360,23,21,1,-1,-1,-1
45,-1,646,180,24,19,1,-1,-1,-1
45,-1,652,143,32,28,1,-1,-1,-1
45,-1,747,161,24,20,1,-1,-1,-1
45,-1,756,257,20,18,1,-1,-1,-1
46,-1,168,219,24,17,1,-1,-1,-1
46,-1,222,294,27,20,1,-1,-1,-1
46,-1,317,403,43,24,1,-1,-1,-1
46,-1,354,260,16,15,1,-1,-1,-1
46,-1,445,295,21,17,1,-1,-1,-1
46,-1,508,207,29,23,1,-1,-1,-1
46,-1,641,360,26,21,1,-1,-1,-1
46,-1,644,180,23,19,1,-1,-1,-1
46,-1,658,142,31,27,1,-1,-1,-1
46,-1,744,159,26,21,1,-1,-1,-1
46,-1,754,257,20,18,1,-1,-1,-1
47,-1,166,219,25,18,1,-1,-1,-1
47,-1,222,294,27,20,1,-1,-1,-1
47,-1,320,404,43,24,1,-1,-1,-1
47,-1,353,260,16,15,1,-1,-1,-1
47,-1,445,294,20,16,1,-1,-1,-1
47,-1,510,208,29,23,1,-1,-1,-1
47,-1,642,177,25,20,1,-1,-1,-1
47,-1,643,359,26,21,1,-1,-1,-1
47,-1,655,142,31,27,1,-1,-1,-1
47,-1,740,159,25,21,1,-1,-1,-1
47,-1,755,256,20,18,1,-1,-1,-1
48,-1,165,219,24,17,1,-1,-1,-1
48,-1,222,294,27,20,1,-1,-1,-1
48,-1,324,404,43,23,1,-1,-1,-1
48,-1,352,260,16,15,1,-1,-1,-1
48,-1,446,294,19,16,1,-1,-1,-1
48,-1,506,208,29,23,1,-1,-1,-1
48,-1,640,177,25,20,1,-1,-1,-1
48,-1,645,358,26,21,1,-1,-1,-1
48,-1,656,140,33,29,1,-1,-1,-1
48,-1,737,159,26,21,1,-1,-1,-1
48,-1,754,255,20,18,1,-1,-1,-1
49,-1,164,219,24,17,1,-1,-1,-1
49,-1,222,294,27,20,1,-1,-1,-1
49,-1,328,404,43,24,1,-1,-1,-1
49,-1,351,260,16,15,1,-1,-1,-1
49,-1,446,294,20,16,1,-1,-1,-1
49,-1,506,206,32,25,1,-1,-1,-1
49,-1,640,177,22,18,1,-1,-1,-1
49,-1,648,358,26,21,1,-1,-1,-1
49,-1,657,141,30,26,1,-1,-1,-1
49,-1,734,160,24,20,1,-1,-1,-1
49,-1,752,254,20,18,1,-1,-1,-1
50,-1,164,219,24,17,1,-1,-1,-1
50,-1,222,294,27,20,1,-1,-1,-1
50,-1,328,404,43,24,1,-1,-1,-1
50,-1,351,260,16,15,1,-1,-1,-1
50,-1,446,294,20,16,1,-1,-1,-1
50,-1,506,206,32,25,1,-1,-1,-1
50,-1,640,177,22,18,1,-1,-1,-1
50,-1,648,358,26,21,1,-1,-1,-1
50,-1,656,140,31,27,1,-1,-1,-1
50,-1,734,160,24,20,1,-1,-1,-1
50,-1,752,254,20,18,1,-1,-1,-1
51,-1,162,219,26,18,1,-1,-1,-1
51,-1,222,294,27,20,1,-1,-1,-1
51,-1,332,404,43,23,1,-1,-1,-1
51,-1,351,260,16,15,1,-1,-1,-1
51,-1,447,293,19,16,1,-1,-1,-1
51,-1,504,206,33,26,1,-1,-1,-1
51,-1,638,177,22,18,1,-1,-1,-1
51,-1,650,357,27,22,1,-1,-1,-1
51,-1,653,140,31,27,1,-1,-1,-1
51,-1,730,159,25,21,1,-1,-1,-1
51,-1,751,253,21,19,1,-1,-1,-1
52,-1,162,219,25,18,1,-1,-1,-1
52,-1,222,294,27,20,1,-1,-1,-1
52,-1,335,404,44,24,1,-1,-1,-1
52,-1,350,260,16,15,1,-1,-1,-1
52,-1,447,293,19,15,1,-1,-1,-1
52,-1,501,205,32,25,1,-1,-1,-1
52,-1,635,176,23,19,1,-1,-1,-1
52,-1,650,140,31,27,1,-1,-1,-1
52,-1,652,356,26,21,1,-1,-1,-1
52,-1,727,159,25,21,1,-1,-1,-1
52,-1,748,253,21,19,1,-1,-1,-1
53,-1,162,219,24,17,1,-1,-1,-1
53,-1,222,294,27,20,1,-1,-1,-1
53,-1,339,404,43,24,1,-1,-1,-1
53,-1,349,260,15,15,1,-1,-1,-1
53,-1,448,293,19,15,1,-1,-1,-1
53,-1,506,205,31,24,1,-1,-1,-1
53,-1,634,177,21,17,1,-1,-1,-1
53,-1,654,137,31,27,1,-1,-1,-1
53,-1,654,356,26,21,1,-1,-1,-1
53,-1,726,157,25,21,1,-1,-1,-1
53,-1,746,252,22,20,1,-1,-1,-1
54,-1,161,220,24,17,1,-1,-1,-1
54,-1,222,294,27,20,1,-1,-1,-1
54,-1,343,405,43,24,1,-1,-1,-1
54,-1,348,260,16,15,1,-1,-1,-1
54,-1,448,292,18,15,1,-1,-1,-1
54,-1,501,205,32,25,1,-1,-1,-1
54,-1,630,178,27,18,1,-1,-1,-1
54,-1,652,137,31,27,1,-1,-1,-1
54,-1,656,355,26,21,1,-1,-1,-1
54,-1,723,156,26,22,1,-1,-1,-1
54,-1,744,252,22,20,1,-1,-1,-1
55,-1,161,220,24,17,1,-1,-1,-1
55,-1,222,294,27,20,1,-1,-1,-1
55,-1,343,405,43,24,1,-1,-1,-1
55,-1,348,260,16,15,1,-1,-1,-1
55,-1,448,292,18,15,1,-1,-1,-1
55,-1,501,205,32,25,1,-1,-1,-1
55,-1,630,178,27,18,1,-1,-1,-1
55,-1,652,137,31,27,1,-1,-1,-1
55,-1,656,355,26,21,1,-1,-1,-1
55,-1,723,156,26,22,1,-1,-1,-1
55,-1,744,252,22,20,1,-1,-1,-1
56,-1,161,220,22,16,1,-1,-1,-1
56,-1,229,293,27,20,1,-1,-1,-1
56,-1,347,260,15,15,1,-1,-1,-1
56,-1,347,405,43,23,1,-1,-1,-1
56,-1,449,292,18,15,1,-1,-1,-1
56,-1,497,204,32,25,1,-1,-1,-1
56,-1,628,178,26,17,1,-1,-1,-1
56,-1,648,136,32,28,1,-1,-1,-1
56,-1,658,354,26,21,1,-1,-1,-1
56,-1,719,156,26,22,1,-1,-1,-1
56,-1,741,251,23,20,1,-1,-1,-1
57,-1,160,220,22,15,1,-1,-1,-1
57,-1,230,293,27,20,1,-1,-1,-1
57,-1,346,260,16,15,1,-1,-1,-1
57,-1,350,405,43,23,1,-1,-1,-1
57,-1,449,292,18,15,1,-1,-1,-1
57,-1,498,205,33,25,1,-1,-1,-1
57,-1,628,176,25,17,1,-1,-1,-1
57,-1,652,136,30,26,1,-1,-1,-1
57,-1,660,353,26,21,1,-1,-1,-1
57,-1,719,153,27,23,1,-1,-1,-1
57,-1,739,248,23,20,1,-1,-1,-1
58,-1,160,221,21,15,1,-1,-1,-1
58,-1,230,293,27,20,1,-1,-1,-1
58,-1,345,260,16,15,1,-1,-1,-1
58,-1,354,405,43,24,1,-1,-1,-1
58,-1,449,292,18,15,1,-1,-1,-1
58,-1,496,205,32,24,1,-1,-1,-1
58,-1,624,176,25,17,1,-1,-1,-1
58,-1,653,134,30,27,1,-1,-1,-1
58,-1,662,353,26,21,1,-1,-1,-1
58,-1,714,153,27,23,1,-1,-1,-1
58,-1,737,247,23,20,1,-1,-1,-1
59,-1,160,221,20,14,1,-1,-1,-1
59,-1,231,294,27,20,1,-1,-1,-1
59,-1,344,260,16,15,1,-1,-1,-1
59,-1,358,406,42,23,1,-1,-1,-1
59,-1,450,291,18,15,1,-1,-1,-1
59,-1,496,203,34,26,1,-1,-1,-1
59,-1,624,175,25,17,1,-1,-1,-1
59,-1,651,133,32,29,1,-1,-1,-1
59,-1,664,352,26,21,1,-1,-1,-1
59,-1,712,152,29,25,1,-1,-1,-1
59,-1,736,247,23,20,1,-1,-1,-1
60,-1,160,221,20,14,1,-1,-1,-1
60,-1,231,293,27,20,1,-1,-1,-1
60,-1,344,260,16,15,1,-1,-1,-1
60,-1,363,405,42,23,1,-1,-1,-1
60,-1,450,291,18,15,1,-1,-1,-1
60,-1,496,203,34,26,1,-1,-1,-1
60,-1,624,175,25,17,1,-1,-1,-1
60,-1,651,133,32,29,1,-1,-1,-1
60,-1,664,352,26,21,1,-1,-1,-1
60,-1,712,152,29,25,1,-1,-1,-1
60,-1,736,247,23,20,1,-1,-1,-1
61,-1,158,221,20,14,1,-1,-1,-1
61,-1,231,294,27,20,1,-1,-1,-1
61,-1,343,261,15,14,1,-1,-1,-1
61,-1,366,405,42,20,1,-1,-1,-1
61,-1,450,291,18,14,1,-1,-1,-1
61,-1,492,203,34,26,1,-1,-1,-1
61,-1,621,175,23,16,1,-1,-1,-1
61,-1,646,134,30,27,1,-1,-1,-1
61,-1,666,351,27,22,1,-1,-1,-1
61,-1,711,152,26,22,1,-1,-1,-1
61,-1,734,246,23,20,1,-1,-1,-1
62,-1,158,221,19,14,1,-1,-1,-1
62,-1,232,294,27,20,1,-1,-1,-1
62,-1,342,261,15,14,1,-1,-1,-1
62,-1,370,405,40,23,1,-1,-1,-1
62,-1,451,291,18,14,1,-1,-1,-1
62,-1,495,201,34,26,1,-1,-1,-1
62,-1,618,175,23,16,1,-1,-1,-1
62,-1,643,134,29,26,1,-1,-1,-1
62,-1,668,350,27,21,1,-1,-1,-1
62,-1,709,152,26,22,1,-1,-1,-1
62,-1,732,245,23,20,1,-1,-1,-1
63,-1,156,221,20,14,1,-1,-1,-1
63,-1,232,294,27,20,1,-1,-1,-1
63,-1,341,261,15,14,1,-1,-1,-1
63,-1,373,405,41,20,1,-1,-1,-1
63,-1,451,290,17,14,1,-1,-1,-1
63,-1,491,201,34,26,1,-1,-1,-1
63,-1,617,175,22,15,1,-1,-1,-1
63,-1,646,132,29,26,1,-1,-1,-1
63,-1,670,349,27,22,1,-1,-1,-1
63,-1,705,153,24,21,1,-1,-1,-1
63,-1,731,244,23,20,1,-1,-1,-1
64,-1,155,221,20,14,1,-1,-1,-1
64,-1,233,294,27,20,1,-1,-1,-1
64,-1,340,261,15,14,1,-1,-1,-1
64,-1,378,405,37,25,1,-1,-1,-1
64,-1,452,290,17,14,1,-1,-1,-1
64,-1,494,203,27,24,1,-1,-1,-1
64,-1,616,174,26,17,1,-1,-1,-1
64,-1,646,132,28,25,1,-1,-1,-1
64,-1,672,349,26,21,1,-1,-1,-1
64,-1,701,152,25,21,1,-1,-1,-1
64,-1,728,244,23,20,1,-1,-1,-1
65,-1,155,221,20,14,1,-1,-1,-1
65,-1,233,294,27,20,1,-1,-1,-1
65,-1,340,261,15,14,1,-1,-1,-1
65,-1,378,405,37,20,1,-1,-1,-1
65,-1,452,290,17,14,1,-1,-1,-1
65,-1,494,203,27,24,1,-1,-1,-1
65,-1,616,174,26,17,1,-1,-1,-1
65,-1,646,132,28,25,1,-1,-1,-1
65,-1,672,349,26,21,1,-1,-1,-1
65,-1,701,152,25,21,1,-1,-1,-1
65,-1,728,244,23,20,1,-1,-1,-1
66,-1,154,221,20,14,1,-1,-1,-1
66,-1,233,294,27,20,1,-1,-1,-1
66,-1,339,261,15,14,1,-1,-1,-1
66,-1,382,405,37,20,1,-1,-1,-1
66,-1,452,290,17,13,1,-1,-1,-1
66,-1,490,203,27,24,1,-1,-1,-1
66,-1,614,174,26,17,1,-1,-1,-1
66,-1,645,132,28,25,1,-1,-1,-1
66,-1,674,348,26,21,1,-1,-1,-1
66,-1,697,152,25,21,1,-1,-1,-1
66,-1,725,243,24,21,1,-1,-1,-1
67,-1,152,221,20,14,1,-1,-1,-1
67,-1,234,294,27,20,1,-1,-1,-1
67,-1,338,258,18,17,1,-1,-1,-1
67,-1,386,405,37,20,1,-1,-1,-1
67,-1,452,289,17,14,1,-1,-1,-1
67,-1,487,203,27,24,1,-1,-1,-1
67,-1,608,174,26,17,1,-1,-1,-1
67,-1,647,130,27,24,1,-1,-1,-1
67,-1,675,347,26,21,1,-1,-1,-1
67,-1,698,152,25,21,1,-1,-1,-1
67,-1,722,242,24,20,1,-1,-1,-1
68,-1,151,222,19,14,1,-1,-1,-1
68,-1,234,294,27,20,1,-1,-1,-1
68,-1,337,259,17,16,1,-1,-1,-1
68,-1,389,405,38,20,1,-1,-1,-1
68,-1,452,289,17,13,1,-1,-1,-1
68,-1,491,201,27,24,1,-1,-1,-1
68,-1,609,171,26,17,1,-1,-1,-1
68,-1,647,131,25,23,1,-1,-1,-1
68,-1,677,346,26,21,1,-1,-1,-1
68,-1,695,152,25,21,1,-1,-1,-1
68,-1,721,241,24,21,1,-1,-1,-1
69,-1,150,222,19,14,1,-1,-1,-1
69,-1,235,295,27,20,1,-1,-1,-1
69,-1,336,259,17,16,1,-1,-1,-1
69,-1,393,405,38,20,1,-1,-1,-1
69,-1,453,289,17,13,1,-1,-1,-1
69,-1,488,201,26,23,1,-1,-1,-1
69,-1,605,171,25,17,1,-1,-1,-1
69,-1,642,130,26,23,1,-1,-1,-1
69,-1,679,345,26,21,1,-1,-1,-1
69,-1,690,152,25,21,1,-1,-1,-1
69,-1,723,241,23,20,1,-1,-1,-1
70,-1,150,222,19,14,1,-1,-1,-1
70,-1,235,294,27,20,1,-1,-1,-1
70,-1,336,259,17,16,1,-1,-1,-1
70,-1,393,405,38,20,1,-1,-1,-1
70,-1,453,289,17,13,1,-1,-1,-1
70,-1,488,201,26,23,1,-1,-1,-1
70,-1,605,171,26,17,1,-1,-1,-1
70,-1,642,130,26,23,1,-1,-1,-1
70,-1,679,345,26,21,1,-1,-1,-1
70,-1,690,152,25,21,1,-1,-1,-1
70,-1,723,241,23,20,1,-1,-1,-1
71,-1,149,222,19,14,1,-1,-1,-1
71,-1,235,295,26,19,1,-1,-1,-1
71,-1,335,259,17,16,1,-1,-1,-1
71,-1,397,405,38,21,1,-1,-1,-1
71,-1,453,288,17,14,1,-1,-1,-1
71,-1,484,201,26,23,1,-1,-1,-1
71,-1,602,171,25,17,1,-1,-1,-1
71,-1,643,131,25,22,1,-1,-1,-1
71,-1,681,345,26,21,1,-1,-1,-1
71,-1,689,151,26,22,1,-1,-1,-1
71,-1,721,240,24,21,1,-1,-1,-1
72,-1,148,222,19,13,1,-1,-1,-1
72,-1,236,295,26,20,1,-1,-1,-1
72,-1,335,260,16,15,1,-1,-1,-1
72,-1,401,404,38,21,1,-1,-1,-1
72,-1,453,288,17,14,1,-1,-1,-1
72,-1,484,201,27,24,1,-1,-1,-1
72,-1,602,171,26,17,1,-1,-1,-1
72,-1,644,130,25,22,1,-1,-1,-1
72,-1,683,344,26,21,1,-1,-1,-1
72,-1,685,149,29,24,1,-1,-1,-1
72,-1,720,240,23,20,1,-1,-1,-1
73,-1,147,222,19,14,1,-1,-1,-1
73,-1,236,295,27,20,1,-1,-1,-1
73,-1,333,260,16,15,1,-1,-1,-1
73,-1,405,404,38,21,1,-1,-1,-1
73,-1,453,287,17,14,1,-1,-1,-1
73,-1,480,201,27,24,1,-1,-1,-1
73,-1,600,171,26,17,1,-1,-1,-1
73,-1,643,129,26,23,1,-1,-1,-1
73,-1,682,149,29,24,1,-1,-1,-1
73,-1,685,343,26,21,1,-1,-1,-1
73,-1,718,239,23,20,1,-1,-1,-1
74,-1,145,222,19,14,1,-1,-1,-1
74,-1,237,295,26,19,1,-1,-1,-1
74,-1,332,260,16,15,1,-1,-1,-1
74,-1,409,404,38,21,1,-1,-1,-1
74,-1,453,287,17,14,1,-1,-1,-1
74,-1,476,201,27,24,1,-1,-1,-1
74,-1,598,171,25,16,1,-1,-1,-1
74,-1,642,129,25,22,1,-1,-1,-1
74,-1,681,147,28,24,1,-1,-1,-1
74,-1,686,342,25,21,1,-1,-1,-1
74,-1,716,238,22,19,1,-1,-1,-1
75,-1,145,222,19,14,1,-1,-1,-1
75,-1,237,295,26,19,1,-1,-1,-1
75,-1,332,260,16,15,1,-1,-1,-1
75,-1,409,404,38,21,1,-1,-1,-1
75,-1,453,287,17,14,1,-1,-1,-1
75,-1,476,201,27,24,1,-1,-1,-1
75,-1,598,171,25,16,1,-1,-1,-1
75,-1,642,129,25,22,1,-1,-1,-1
75,-1,681,147,28,24,1,-1,-1,-1
75,-1,686,342,25,21,1,-1,-1,-1
75,-1,716,238,22,19,1,-1,-1,-1
76,-1,145,222,18,13,1,-1,-1,-1
76,-1,238,295,26,19,1,-1,-1,-1
76,-1,332,260,16,15,1,-1,-1,-1
76,-1,412,404,38,21,1,-1,-1,-1
76,-1,454,286,17,14,1,-1,-1,-1
76,-1,481,199,27,24,1,-1,-1,-1
76,-1,591,170,26,17,1,-1,-1,-1
76,-1,640,130,24,21,1,-1,-1,-1
76,-1,678,147,28,24,1,-1,-1,-1
76,-1,688,341,25,21,1,-1,-1,-1
76,-1,713,238,23,20,1,-1,-1,-1
77,-1,144,222,18,13,1,-1,-1,-1
77,-1,238,295,26,19,1,-1,-1,-1
77,-1,331,260,16,15,1,-1,-1,-1
77,-1,416,404,38,21,1,-1,-1,-1
77,-1,454,286,17,14,1,-1,-1,-1
77,-1,478,198,29,26,1,-1,-1,-1
77,-1,594,169,26,17,1,-1,-1,-1
77,-1,642,129,24,21,1,-1,-1,-1
77,-1,675,147,28,24,1,-1,-1,-1
77,-1,690,340,25,20,1,-1,-1,-1
77,-1,710,237,23,20,1,-1,-1,-1
78,-1,142,222,18,13,1,-1,-1,-1
78,-1,239,295,26,19,1,-1,-1,-1
78,-1,330,260,16,15,1,-1,-1,-1
78,-1,420,404,38,20,1,-1,-1,-1
78,-1,454,285,18,14,1,-1,-1,-1
78,-1,477,199,28,25,1,-1,-1,-1
78,-1,591,168,27,18,1,-1,-1,-1
78,-1,641,129,24,21,1,-1,-1,-1
78,-1,672,146,29,25,1,-1,-1,-1
78,-1,691,340,25,20,1,-1,-1,-1
78,-1,711,234,23,20,1,-1,-1,-1
79,-1,141,223,18,13,1,-1,-1,-1
79,-1,239,295,26,19,1,-1,-1,-1
79,-1,329,260,15,15,1,-1,-1,-1
79,-1,424,404,38,21,1,-1,-1,-1
79,-1,454,284,18,14,1,-1,-1,-1
79,-1,477,199,27,24,1,-1,-1,-1
79,-1,588,168,26,17,1,-1,-1,-1
79,-1,641,128,24,21,1,-1,-1,-1
79,-1,667,145,29,24,1,-1,-1,-1
79,-1,693,339,25,20,1,-1,-1,-1
79,-1,709,234,22,19,1,-1,-1,-1
80,-1,141,223,18,13,1,-1,-1,-1
80,-1,239,295,26,19,1,-1,-1,-1
80,-1,329,260,16,15,1,-1,-1,-1
80,-1,424,404,38,21,1,-1,-1,-1
80,-1,454,284,18,14,1,-1,-1,-1
80,-1,477,199,27,24,1,-1,-1,-1
80,-1,588,168,26,17,1,-1,-1,-1
80,-1,641,128,24,21,1,-1,-1,-1
80,-1,667,145,29,24,1,-1,-1,-1
80,-1,693,339,25,20,1,-1,-1,-1
80,-1,709,234,22,19,1,-1,-1,-1
81,-1,140,223,18,13,1,-1,-1,-1
81,-1,240,295,26,19,1,-1,-1,-1
81,-1,327,260,15,14,1,-1,-1,-1
81,-1,428,404,38,21,1,-1,-1,-1
81,-1,452,283,24,20,1,-1,-1,-1
81,-1,480,200,26,23,1,-1,-1,-1
81,-1,584,168,26,17,1,-1,-1,-1
81,-1,638,128,25,22,1,-1,-1,-1
81,-1,664,145,29,24,1,-1,-1,-1
81,-1,695,338,25,20,1,-1,-1,-1
81,-1,707,233,23,20,1,-1,-1,-1
82,-1,139,222,18,13,1,-1,-1,-1
82,-1,241,295,26,19,1,-1,-1,-1
82,-1,326,261,15,14,1,-1,-1,-1
82,-1,432,404,38,21,1,-1,-1,-1
82,-1,452,282,24,20,1,-1,-1,-1
82,-1,479,200,26,23,1,-1,-1,-1
82,-1,580,167,27,18,1,-1,-1,-1
82,-1,635,128,25,22,1,-1,-1,-1
82,-1,661,144,31,25,1,-1,-1,-1
82,-1,696,337,25,20,1,-1,-1,-1
82,-1,705,232,23,20,1,-1,-1,-1
83,-1,137,222,18,13,1,-1,-1,-1
83,-1,241,295,26,19,1,-1,-1,-1
83,-1,325,261,15,14,1,-1,-1,-1
83,-1,436,403,38,22,1,-1,-1,-1
83,-1,452,282,24,20,1,-1,-1,-1
83,-1,478,201,24,21,1,-1,-1,-1
83,-1,584,167,26,17,1,-1,-1,-1
83,-1,634,128,25,22,1,-1,-1,-1
83,-1,659,144,29,24,1,-1,-1,-1
83,-1,697,335,25,20,1,-1,-1,-1
83,-1,704,231,23,20,1,-1,-1,-1
84,-1,136,223,18,13,1,-1,-1,-1
84,-1,242,295,25,19,1,-1,-1,-1
84,-1,324,260,14,13,1,-1,-1,-1
84,-1,440,403,38,22,1,-1,-1,-1
84,-1,452,282,24,20,1,-1,-1,-1
84,-1,475,200,26,23,1,-1,-1,-1
84,-1,581,167,26,17,1,-1,-1,-1
84,-1,631,127,27,24,1,-1,-1,-1
84,-1,658,145,28,23,1,-1,-1,-1
84,-1,699,334,25,20,1,-1,-1,-1
84,-1,702,230,23,20,1,-1,-1,-1
84,-1,796,184,16,16,1,-1,-1,-1
85,-1,136,223,18,13,1,-1,-1,-1
85,-1,242,295,25,19,1,-1,-1,-1
85,-1,324,260,14,13,1,-1,-1,-1
85,-1,440,403,38,22,1,-1,-1,-1
85,-1,452,282,24,20,1,-1,-1,-1
85,-1,475,200,26,23,1,-1,-1,-1
85,-1,581,167,26,17,1,-1,-1,-1
85,-1,633,124,28,24,1,-1,-1,-1
85,-1,658,145,28,23,1,-1,-1,-1
85,-1,699,334,25,20,1,-1,-1,-1
85,-1,702,230,23,20,1,-1,-1,-1
85,-1,796,184,16,16,1,-1,-1,-1
86,-1,135,224,17,12,1,-1,-1,-1
86,-1,243,296,25,18,1,-1,-1,-1
86,-1,323,261,14,13,1,-1,-1,-1
86,-1,444,402,38,22,1,-1,-1,-1
86,-1,453,281,25,20,1,-1,-1,-1
86,-1,472,200,25,22,1,-1,-1,-1
86,-1,580,167,25,16,1,-1,-1,-1
86,-1,632,123,29,25,1,-1,-1,-1
86,-1,654,144,28,23,1,-1,-1,-1
86,-1,699,229,24,21,1,-1,-1,-1
86,-1,700,333,25,20,1,-1,-1,-1
86,-1,794,184,16,16,1,-1,-1,-1
87,-1,134,224,16,12,1,-1,-1,-1
87,-1,243,295,25,19,1,-1,-1,-1
87,-1,321,260,14,14,1,-1,-1,-1
87,-1,449,403,37,21,1,-1,-1,-1
87,-1,452,281,25,21,1,-1,-1,-1
87,-1,468,200,25,22,1,-1,-1,-1
87,-1,578,166,24,16,1,-1,-1,-1
87,-1,631,123,28,24,1,-1,-1,-1
87,-1,650,145,26,22,1,-1,-1,-1
87,-1,696,229,25,21,1,-1,-1,-1
87,-1,702,332,25,20,1,-1,-1,-1
87,-1,790,183,16,16,1,-1,-1,-1
88,-1,133,224,16,12,1,-1,-1,-1
88,-1,243,296,25,18,1,-1,-1,-1
88,-1,320,261,14,13,1,-1,-1,-1
88,-1,453,280,25,20,1,-1,-1,-1
88,-1,453,403,36,21,1,-1,-1,-1
88,-1,468,199,26,23,1,-1,-1,-1
88,-1,575,165,25,16,1,-1,-1,-1
88,-1,630,123,28,24,1,-1,-1,-1
88,-1,647,145,27,22,1,-1,-1,-1
88,-1,694,228,25,22,1,-1,-1,-1
88,-1,703,331,25,20,1,-1,-1,-1
88,-1,787,182,17,17,1,-1,-1,-1
89,-1,131,224,16,12,1,-1,-1,-1
89,-1,244,295,25,18,1,-1,-1,-1
89,-1,319,261,14,13,1,-1,-1,-1
89,-1,453,280,25,21,1,-1,-1,-1
89,-1,458,403,36,21,1,-1,-1,-1
89,-1,470,200,22,20,1,-1,-1,-1
89,-1,573,165,25,16,1,-1,-1,-1
89,-1,628,122,29,24,1,-1,-1,-1
89,-1,648,144,28,23,1,-1,-1,-1
89,-1,691,227,26,22,1,-1,-1,-1
89,-1,705,331,25,20,1,-1,-1,-1
89,-1,784,182,17,17,1,-1,-1,-1
90,-1,131,224,16,12,1,-1,-1,-1
90,-1,244,296,25,18,1,-1,-1,-1
90,-1,319,261,14,13,1,-1,-1,-1
90,-1,453,280,25,21,1,-1,-1,-1
90,-1,458,403,36,21,1,-1,-1,-1
90,-1,470,200,22,20,1,-1,-1,-1
90,-1,573,165,24,15,1,-1,-1,-1
90,-1,628,122,29,24,1,-1,-1,-1
90,-1,648,144,28,23,1,-1,-1,-1
90,-1,691,227,26,22,1,-1,-1,-1
90,-1,705,331,25,20,1,-1,-1,-1
90,-1,784,182,17,17,1,-1,-1,-1
91,-1,130,224,16,12,1,-1,-1,-1
91,-1,245,295,25,19,1,-1,-1,-1
91,-1,318,260,15,14,1,-1,-1,-1
91,-1,453,279,24,20,1,-1,-1,-1
91,-1,460,401,39,22,1,-1,-1,-1
91,-1,469,200,22,20,1,-1,-1,-1
91,-1,571,165,24,15,1,-1,-1,-1
91,-1,631,119,29,24,1,-1,-1,-1
91,-1,643,143,28,23,1,-1,-1,-1
91,-1,690,227,26,22,1,-1,-1,-1
91,-1,707,330,24,20,1,-1,-1,-1
91,-1,781,182,17,17,1,-1,-1,-1
92,-1,129,224,16,11,1,-1,-1,-1
92,-1,246,295,25,18,1,-1,-1,-1
92,-1,317,260,15,14,1,-1,-1,-1
92,-1,453,279,24,20,1,-1,-1,-1
92,-1,464,405,39,22,1,-1,-1,-1
92,-1,467,200,22,20,1,-1,-1,-1
92,-1,570,162,24,18,1,-1,-1,-1
92,-1,627,119,29,24,1,-1,-1,-1
92,-1,644,141,27,23,1,-1,-1,-1
92,-1,690,224,26,23,1,-1,-1,-1
92,-1,708,329,24,20,1,-1,-1,-1
92,-1,780,180,16,16,1,-1,-1,-1
93,-1,128,225,16,11,1,-1,-1,-1
93,-1,246,296,25,18,1,-1,-1,-1
93,-1,317,260,15,14,1,-1,-1,-1
93,-1,453,279,24,20,1,-1,-1,-1
93,-1,465,200,21,19,1,-1,-1,-1
93,-1,468,405,39,20,1,-1,-1,-1
93,-1,567,162,24,18,1,-1,-1,-1
93,-1,629,119,28,23,1,-1,-1,-1
93,-1,641,141,27,23,1,-1,-1,-1
93,-1,688,223,26,23,1,-1,-1,-1
93,-1,710,328,24,19,1,-1,-1,-1
93,-1,777,179,16,16,1,-1,-1,-1
94,-1,127,225,15,11,1,-1,-1,-1
94,-1,247,295,25,19,1,-1,-1,-1
94,-1,314,260,15,14,1,-1,-1,-1
94,-1,454,278,24,20,1,-1,-1,-1
94,-1,464,200,20,18,1,-1,-1,-1
94,-1,472,404,39,20,1,-1,-1,-1
94,-1,563,161,25,19,1,-1,-1,-1
94,-1,627,118,29,24,1,-1,-1,-1
94,-1,639,141,25,22,1,-1,-1,-1
94,-1,686,223,26,23,1,-1,-1,-1
94,-1,711,327,24,20,1,-1,-1,-1
94,-1,774,179,16,16,1,-1,-1,-1
95,-1,127,225,15,11,1,-1,-1,-1
95,-1,247,295,25,19,1,-1,-1,-1
95,-1,314,260,15,14,1,-1,-1,-1
95,-1,454,278,24,20,1,-1,-1,-1
95,-1,464,200,20,18,1,-1,-1,-1
95,-1,472,404,39,20,1,-1,-1,-1
95,-1,563,161,25,19,1,-1,-1,-1
95,-1,627,118,29,24,1,-1,-1,-1
95,-1,639,141,26,22,1,-1,-1,-1
95,-1,686,223,26,23,1,-1,-1,-1
95,-1,711,327,24,20,1,-1,-1,-1
95,-1,774,179,16,16,1,-1,-1,-1
96,-1,126,225,15,11,1,-1,-1,-1
96,-1,247,295,25,18,1,-1,-1,-1
96,-1,313,261,14,14,1,-1,-1,-1
96,-1,454,278,24,20,1,-1,-1,-1
96,-1,463,200,20,18,1,-1,-1,-1
96,-1,477,404,39,20,1,-1,-1,-1
96,-1,564,162,22,17,1,-1,-1,-1
96,-1,625,118,29,24,1,-1,-1,-1
96,-1,635,140,28,23,1,-1,-1,-1
96,-1,685,222,26,23,1,-1,-1,-1
96,-1,713,326,24,19,1,-1,-1,-1
96,-1,771,178,16,16,1,-1,-1,-1
97,-1,124,225,15,11,1,-1,-1,-1
97,-1,248,295,26,21,1,-1,-1,-1
97,-1,312,261,14,13,1,-1,-1,-1
97,-1,454,277,24,20,1,-1,-1,-1
97,-1,463,201,21,19,1,-1,-1,-1
97,-1,484,404,36,22,1,-1,-1,-1
97,-1,562,162,24,18,1,-1,-1,-1
97,-1,623,118,29,24,1,-1,-1,-1
97,-1,637,141,25,21,1,-1,-1,-1
97,-1,682,221,27,24,1,-1,-1,-1
97,-1,714,325,24,19,1,-1,-1,-1
97,-1,769,178,16,16,1,-1,-1,-1
98,-1,123,225,15,11,1,-1,-1,-1
98,-1,249,295,26,21,1,-1,-1,-1
98,-1,311,261,14,13,1,-1,-1,-1
98,-1,454,277,24,20,1,-1,-1,-1
98,-1,458,200,22,20,1,-1,-1,-1
98,-1,488,404,36,21,1,-1,-1,-1
98,-1,559,162,23,18,1,-1,-1,-1
98,-1,624,121,25,20,1,-1,-1,-1
98,-1,634,141,24,20,1,-1,-1,-1
98,-1,680,221,27,24,1,-1,-1,-1
98,-1,715,324,24,19,1,-1,-1,-1
98,-1,766,178,16,16,1,-1,-1,-1
99,-1,122,225,15,11,1,-1,-1,-1
99,-1,249,295,26,21,1,-1,-1,-1
99,-1,310,260,15,14,1,-1,-1,-1
99,-1,454,277,24,20,1,-1,-1,-1
99,-1,455,200,21,19,1,-1,-1,-1
99,-1,492,403,36,21,1,-1,-1,-1
99,-1,557,162,24,18,1,-1,-1,-1
99,-1,621,120,26,22,1,-1,-1,-1
99,-1,632,141,25,21,1,-1,-1,-1
99,-1,678,220,28,24,1,-1,-1,-1
99,-1,717,324,24,19,1,-1,-1,-1
99,-1,760,176,19,19,1,-1,-1,-1
100,-1,122,225,15,11,1,-1,-1,-1
100,-1,249,295,26,21,1,-1,-1,-1
100,-1,310,260,15,14,1,-1,-1,-1
100,-1,454,277,24,20,1,-1,-1,-1
100,-1,455,200,21,19,1,-1,-1,-1
100,-1,492,403,36,21,1,-1,-1,-1
100,-1,557,162,24,18,1,-1,-1,-1
100,-1,621,120,26,22,1,-1,-1,-1
100,-1,632,141,25,21,1,-1,-1,-1
100,-1,678,220,28,24,1,-1,-1,-1
100,-1,717,324,24,19,1,-1,-1,-1
100,-1,760,176,19,19,1,-1,-1,-1
101,-1,121,226,15,10,1,-1,-1,-1
101,-1,250,295,26,21,1,-1,-1,-1
101,-1,309,260,15,14,1,-1,-1,-1
101,-1,451,200,21,19,1,-1,-1,-1
101,-1,455,276,23,19,1,-1,-1,-1
101,-1,497,403,36,21,1,-1,-1,-1
101,-1,554,162,23,18,1,-1,-1,-1
101,-1,615,118,30,25,1,-1,-1,-1
101,-1,630,141,24,20,1,-1,-1,-1
101,-1,676,220,28,24,1,-1,-1,-1
101,-1,718,323,24,19,1,-1,-1,-1
101,-1,757,176,19,19,1,-1,-1,-1
102,-1,119,226,14,10,1,-1,-1,-1
102,-1,251,295,26,21,1,-1,-1,-1
102,-1,308,260,15,14,1,-1,-1,-1
102,-1,446,200,21,19,1,-1,-1,-1
102,-1,455,276,23,19,1,-1,-1,-1
102,-1,501,402,36,21,1,-1,-1,-1
102,-1,549,162,24,18,1,-1,-1,-1
102,-1,612,120,27,22,1,-1,-1,-1
102,-1,625,141,24,20,1,-1,-1,-1
102,-1,673,219,29,25,1,-1,-1,-1
102,-1,719,322,24,19,1,-1,-1,-1
102,-1,755,176,19,19,1,-1,-1,-1
103,-1,118,226,15,10,1,-1,-1,-1
103,-1,252,295,26,21,1,-1,-1,-1
103,-1,307,260,15,14,1,-1,-1,-1
103,-1,443,200,22,19,1,-1,-1,-1
103,-1,455,276,24,20,1,-1,-1,-1
103,-1,505,402,36,21,1,-1,-1,-1
103,-1,545,162,23,17,1,-1,-1,-1
103,-1,609,120,26,22,1,-1,-1,-1
103,-1,623,141,24,20,1,-1,-1,-1
103,-1,671,219,29,26,1,-1,-1,-1
103,-1,720,321,24,19,1,-1,-1,-1
103,-1,752,176,18,18,1,-1,-1,-1
104,-1,117,226,14,10,1,-1,-1,-1
104,-1,253,295,26,21,1,-1,-1,-1
104,-1,306,260,15,14,1,-1,-1,-1
104,-1,439,200,22,20,1,-1,-1,-1
104,-1,455,275,24,20,1,-1,-1,-1
104,-1,510,402,36,21,1,-1,-1,-1
104,-1,548,160,23,17,1,-1,-1,-1
104,-1,616,116,27,22,1,-1,-1,-1
104,-1,621,139,24,20,1,-1,-1,-1
104,-1,668,219,29,26,1,-1,-1,-1
104,-1,722,320,24,19,1,-1,-1,-1
104,-1,750,175,18,18,1,-1,-1,-1
105,-1,117,226,14,10,1,-1,-1,-1
105,-1,253,295,26,21,1,-1,-1,-1
105,-1,306,260,15,14,1,-1,-1,-1
105,-1,439,200,22,20,1,-1,-1,-1
105,-1,455,275,24,20,1,-1,-1,-1
105,-1,510,402,36,21,1,-1,-1,-1
105,-1,548,160,23,17,1,-1,-1,-1
105,-1,616,116,27,22,1,-1,-1,-1
105,-1,621,139,24,20,1,-1,-1,-1
105,-1,668,219,29,26,1,-1,-1,-1
105,-1,722,320,24,19,1,-1,-1,-1
105,-1,750,175,18,18,1,-1,-1,-1
106,-1,116,227,14,10,1,-1,-1,-1
106,-1,253,295,26,21,1,-1,-1,-1
106,-1,305,260,15,14,1,-1,-1,-1
106,-1,434,200,22,20,1,-1,-1,-1
106,-1,454,275,24,20,1,-1,-1,-1
106,-1,513,401,37,26,1,-1,-1,-1
106,-1,543,160,23,17,1,-1,-1,-1
106,-1,611,116,27,22,1,-1,-1,-1
106,-1,617,138,25,21,1,-1,-1,-1
106,-1,665,218,30,26,1,-1,-1,-1
106,-1,723,319,23,19,1,-1,-1,-1
106,-1,748,173,17,17,1,-1,-1,-1
107,-1,114,227,14,10,1,-1,-1,-1
107,-1,254,295,26,21,1,-1,-1,-1
107,-1,305,260,15,14,1,-1,-1,-1
107,-1,449,198,21,19,1,-1,-1,-1
107,-1,455,274,24,20,1,-1,-1,-1
107,-1,517,400,37,24,1,-1,-1,-1
107,-1,544,159,23,18,1,-1,-1,-1
107,-1,606,116,26,21,1,-1,-1,-1
107,-1,612,138,25,20,1,-1,-1,-1
107,-1,664,215,29,26,1,-1,-1,-1
107,-1,724,318,23,19,1,-1,-1,-1
107,-1,745,173,17,17,1,-1,-1,-1
108,-1,113,227,14,10,1,-1,-1,-1
108,-1,255,294,26,21,1,-1,-1,-1
108,-1,299,259,21,17,1,-1,-1,-1
108,-1,447,198,21,19,1,-1,-1,-1
108,-1,454,274,24,20,1,-1,-1,-1
108,-1,522,400,38,24,1,-1,-1,-1
108,-1,544,158,23,18,1,-1,-1,-1
108,-1,610,135,27,22,1,-1,-1,-1
108,-1,611,110,27,22,1,-1,-1,-1
108,-1,662,215,29,26,1,-1,-1,-1
108,-1,726,317,23,19,1,-1,-1,-1
108,-1,743,173,17,17,1,-1,-1,-1
109,-1,111,227,14,10,1,-1,-1,-1
109,-1,256,294,26,21,1,-1,-1,-1
109,-1,298,259,21,17,1,-1,-1,-1
109,-1,441,197,22,20,1,-1,-1,-1
109,-1,455,273,24,20,1,-1,-1,-1
109,-1,527,399,37,24,1,-1,-1,-1
109,-1,541,158,23,18,1,-1,-1,-1
109,-1,607,135,27,22,1,-1,-1,-1
109,-1,611,109,27,22,1,-1,-1,-1
109,-1,659,214,30,27,1,-1,-1,-1
109,-1,727,316,23,18,1,-1,-1,-1
109,-1,740,172,17,17,1,-1,-1,-1
110,-1,111,227,14,10,1,-1,-1,-1
110,-1,256,294,27,21,1,-1,-1,-1
110,-1,298,259,21,17,1,-1,-1,-1
110,-1,442,197,22,20,1,-1,-1,-1
110,-1,455,273,24,20,1,-1,-1,-1
110,-1,527,399,37,24,1,-1,-1,-1
110,-1,541,158,23,18,1,-1,-1,-1
110,-1,607,135,27,22,1,-1,-1,-1
110,-1,611,109,27,22,1,-1,-1,-1
110,-1,660,214,30,27,1,-1,-1,-1
110,-1,727,316,23,18,1,-1,-1,-1
110,-1,740,172,17,17,1,-1,-1,-1
111,-1,111,227,14,10,1,-1,-1,-1
111,-1,257,294,26,21,1,-1,-1,-1
111,-1,297,259,21,17,1,-1,-1,-1
111,-1,438,197,22,20,1,-1,-1,-1
111,-1,455,273,24,20,1,-1,-1,-1
111,-1,531,399,37,24,1,-1,-1,-1
111,-1,536,157,23,18,1,-1,-1,-1
111,-1,602,135,27,22,1,-1,-1,-1
111,-1,608,109,27,22,1,-1,-1,-1
111,-1,657,212,32,28,1,-1,-1,-1
111,-1,728,315,22,18,1,-1,-1,-1
111,-1,737,171,18,18,1,-1,-1,-1
112,-1,109,227,14,10,1,-1,-1,-1
112,-1,258,294,26,21,1,-1,-1,-1
112,-1,295,259,21,17,1,-1,-1,-1
112,-1,434,197,22,20,1,-1,-1,-1
112,-1,455,272,24,20,1,-1,-1,-1
112,-1,532,157,23,18,1,-1,-1,-1
112,-1,535,398,38,24,1,-1,-1,-1
112,-1,598,134,27,22,1,-1,-1,-1
112,-1,604,109,27,22,1,-1,-1,-1
112,-1,656,212,30,27,1,-1,-1,-1
112,-1,729,314,22,18,1,-1,-1,-1
112,-1,734,171,18,18,1,-1,-1,-1
113,-1,107,227,16,11,1,-1,-1,-1
113,-1,259,294,26,21,1,-1,-1,-1
113,-1,294,259,21,17,1,-1,-1,-1
113,-1,431,197,22,20,1,-1,-1,-1
113,-1,456,272,23,20,1,-1,-1,-1
113,-1,529,157,23,18,1,-1,-1,-1
113,-1,540,397,38,25,1,-1,-1,-1
113,-1,593,134,26,21,1,-1,-1,-1
113,-1,601,109,26,21,1,-1,-1,-1
113,-1,654,212,29,26,1,-1,-1,-1
113,-1,731,313,22,18,1,-1,-1,-1
113,-1,732,171,17,17,1,-1,-1,-1
114,-1,106,227,16,11,1,-1,-1,-1
114,-1,260,294,26,21,1,-1,-1,-1
114,-1,293,259,21,17,1,-1,-1,-1
114,-1,427,197,22,20,1,-1,-1,-1
114,-1,455,271,24,20,1,-1,-1,-1
114,-1,524,157,23,18,1,-1,-1,-1
114,-1,544,397,38,24,1,-1,-1,-1
114,-1,589,134,26,21,1,-1,-1,-1
114,-1,598,109,26,21,1,-1,-1,-1
114,-1,651,211,30,27,1,-1,-1,-1
114,-1,729,171,18,18,1,-1,-1,-1
114,-1,732,312,22,18,1,-1,-1,-1
115,-1,106,227,16,11,1,-1,-1,-1
115,-1,260,294,26,21,1,-1,-1,-1
115,-1,293,259,21,17,1,-1,-1,-1
115,-1,440,196,22,20,1,-1,-1,-1
115,-1,455,271,24,20,1,-1,-1,-1
115,-1,532,156,23,18,1,-1,-1,-1
115,-1,544,397,41,28,1,-1,-1,-1
115,-1,600,134,26,21,1,-1,-1,-1
115,-1,605,108,26,21,1,-1,-1,-1
115,-1,651,211,30,27,1,-1,-1,-1
115,-1,729,171,18,18,1,-1,-1,-1
115,-1,732,312,22,18,1,-1,-1,-1
116,-1,105,227,16,11,1,-1,-1,-1
116,-1,261,294,27,22,1,-1,-1,-1
116,-1,292,259,22,18,1,-1,-1,-1
116,-1,439,196,21,19,1,-1,-1,-1
116,-1,456,271,24,20,1,-1,-1,-1
116,-1,530,156,22,17,1,-1,-1,-1
116,-1,549,396,41,28,1,-1,-1,-1
116,-1,598,134,24,19,1,-1,-1,-1
116,-1,601,108,26,21,1,-1,-1,-1
116,-1,652,211,26,24,1,-1,-1,-1
116,-1,726,166,18,19,1,-1,-1,-1
116,-1,733,311,22,18,1,-1,-1,-1
