1,-1,110.0,174.0,14.0,12.0,1.000000
1,-1,137.0,142.0,16.0,12.0,1.000000
1,-1,204.0,207.0,13.0,12.0,1.000000
1,-1,263.0,263.0,12.0,10.0,1.000000
1,-1,308.0,289.0,14.0,10.0,1.000000
1,-1,327.0,200.0,15.0,12.0,1.000000
1,-1,331.0,365.0,13.0,10.0,1.000000
1,-1,371.0,276.0,12.0,11.0,1.000000
1,-1,404.0,402.0,15.0,10.0,1.000000
1,-1,408.0,307.0,12.0,12.0,1.000000
1,-1,425.0,329.0,15.0,13.0,1.000000
1,-1,430.0,275.0,14.0,12.0,1.000000
1,-1,438.0,80.0,13.0,13.0,1.000000
1,-1,478.0,314.0,14.0,11.0,1.000000
1,-1,488.0,83.0,15.0,14.0,1.000000
1,-1,593.0,221.0,14.0,11.0,1.000000
1,-1,655.0,328.0,12.0,10.0,1.000000
1,-1,661.0,333.0,13.0,12.0,1.000000
1,-1,730.0,327.0,14.0,12.0,1.000000
1,-1,744.0,359.0,11.0,12.0,1.000000
1,-1,815.0,389.0,15.0,11.0,1.000000
1,-1,823.0,349.0,13.0,11.0,1.000000
1,-1,835.0,175.0,15.0,13.0,1.000000
2,-1,108.0,174.0,14.0,12.0,1.000000
2,-1,135.0,142.0,16.0,12.0,1.000000
2,-1,202.0,207.0,13.0,12.0,1.000000
2,-1,261.0,264.0,12.0,10.0,1.000000
2,-1,306.0,289.0,14.0,10.0,1.000000
2,-1,325.0,200.0,15.0,12.0,1.000000
2,-1,329.0,365.0,13.0,10.0,1.000000
2,-1,369.0,276.0,12.0,11.0,1.000000
2,-1,401.0,402.0,17.0,10.0,1.000000
2,-1,406.0,307.0,12.0,12.0,1.000000
2,-1,423.0,329.0,15.0,13.0,1.000000
2,-1,428.0,275.0,14.0,12.0,1.000000
2,-1,436.0,81.0,13.0,13.0,1.000000
2,-1,477.0,314.0,14.0,11.0,1.000000
2,-1,486.0,83.0,15.0,14.0,1.000000
2,-1,591.0,221.0,14.0,11.0,1.000000
2,-1,653.0,328.0,12.0,10.0,1.000000
2,-1,659.0,333.0,13.0,12.0,1.000000
2,-1,728.0,327.0,14.0,12.0,1.000000
2,-1,742.0,358.0,11.0,12.0,1.000000
2,-1,813.0,388.0,15.0,11.0,1.000000
2,-1,822.0,348.0,13.0,11.0,1.000000
2,-1,833.0,175.0,15.0,13.0,1.000000
3,-1,106.0,176.0,14.0,12.0,1.000000
3,-1,133.0,143.0,16.0,12.0,1.000000
3,-1,200.0,208.0,13.0,12.0,1.000000
3,-1,259.0,265.0,12.0,10.0,1.000000
3,-1,304.0,290.0,14.0,10.0,1.000000
3,-1,323.0,201.0,15.0,12.0,1.000000
3,-1,327.0,367.0,13.0,10.0,1.000000
3,-1,367.0,277.0,12.0,11.0,1.000000
3,-1,400.0,403.0,17.0,10.0,1.000000
3,-1,405.0,308.0,12.0,12.0,1.000000
3,-1,422.0,330.0,15.0,13.0,1.000000
3,-1,427.0,276.0,14.0,12.0,1.000000
3,-1,434.0,82.0,13.0,13.0,1.000000
3,-1,477.0,314.0,14.0,11.0,1.000000
3,-1,484.0,84.0,15.0,14.0,1.000000
3,-1,589.0,222.0,14.0,11.0,1.000000
3,-1,651.0,329.0,12.0,10.0,1.000000
3,-1,657.0,334.0,13.0,12.0,1.000000
3,-1,726.0,327.0,14.0,12.0,1.000000
3,-1,740.0,359.0,11.0,12.0,1.000000
3,-1,811.0,389.0,15.0,11.0,1.000000
3,-1,819.0,349.0,13.0,11.0,1.000000
3,-1,831.0,176.0,15.0,13.0,1.000000
4,-1,103.0,176.0,14.0,12.0,1.000000
4,-1,131.0,143.0,16.0,12.0,1.000000
4,-1,198.0,209.0,13.0,12.0,1.000000
4,-1,257.0,265.0,12.0,10.0,1.000000
4,-1,302.0,291.0,14.0,10.0,1.000000
4,-1,321.0,202.0,15.0,12.0,1.000000
4,-1,325.0,367.0,13.0,10.0,1.000000
4,-1,365.0,278.0,12.0,11.0,1.000000
4,-1,397.0,404.0,17.0,10.0,1.000000
4,-1,402.0,309.0,12.0,12.0,1.000000
4,-1,419.0,331.0,15.0,13.0,1.000000
4,-1,424.0,277.0,14.0,12.0,1.000000
4,-1,432.0,83.0,13.0,13.0,1.000000
4,-1,472.0,316.0,14.0,11.0,1.000000
4,-1,482.0,85.0,15.0,14.0,1.000000
4,-1,587.0,223.0,14.0,11.0,1.000000
4,-1,649.0,330.0,12.0,10.0,1.000000
4,-1,655.0,335.0,13.0,12.0,1.000000
4,-1,724.0,329.0,14.0,12.0,1.000000
4,-1,738.0,360.0,11.0,12.0,1.000000
4,-1,809.0,390.0,14.0,11.0,1.000000
4,-1,817.0,350.0,13.0,11.0,1.000000
4,-1,828.0,177.0,15.0,13.0,1.000000
5,-1,98.0,177.0,14.0,12.0,1.000000
5,-1,125.0,144.0,16.0,12.0,1.000000
5,-1,192.0,210.0,13.0,12.0,1.000000
5,-1,251.0,267.0,12.0,10.0,1.000000
5,-1,296.0,293.0,14.0,10.0,1.000000
5,-1,315.0,203.0,15.0,12.0,1.000000
5,-1,320.0,369.0,13.0,10.0,1.000000
5,-1,360.0,280.0,12.0,11.0,1.000000
5,-1,397.0,311.0,12.0,12.0,1.000000
5,-1,414.0,333.0,15.0,13.0,1.000000
5,-1,419.0,278.0,14.0,12.0,1.000000
5,-1,427.0,85.0,13.0,13.0,1.000000
5,-1,467.0,317.0,14.0,11.0,1.000000
5,-1,477.0,87.0,15.0,14.0,1.000000
5,-1,521.0,388.0,15.0,11.0,1.000000
5,-1,582.0,225.0,14.0,11.0,1.000000
5,-1,644.0,331.0,12.0,10.0,1.000000
5,-1,650.0,336.0,12.0,11.0,1.000000
5,-1,718.0,330.0,14.0,12.0,1.000000
5,-1,733.0,361.0,11.0,12.0,1.000000
5,-1,803.0,391.0,15.0,11.0,1.000000
5,-1,811.0,351.0,13.0,11.0,1.000000
5,-1,823.0,179.0,15.0,13.0,1.000000
6,-1,95.0,178.0,14.0,12.0,1.000000
6,-1,122.0,145.0,16.0,12.0,1.000000
6,-1,190.0,211.0,13.0,12.0,1.000000
6,-1,249.0,268.0,12.0,10.0,1.000000
6,-1,294.0,294.0,14.0,10.0,1.000000
6,-1,313.0,204.0,15.0,12.0,1.000000
6,-1,317.0,370.0,13.0,10.0,1.000000
6,-1,357.0,280.0,12.0,11.0,1.000000
6,-1,394.0,312.0,12.0,12.0,1.000000
6,-1,411.0,334.0,15.0,13.0,1.000000
6,-1,416.0,279.0,14.0,12.0,1.000000
6,-1,424.0,87.0,13.0,13.0,1.000000
6,-1,465.0,318.0,14.0,11.0,1.000000
6,-1,475.0,88.0,15.0,14.0,1.000000
6,-1,519.0,388.0,15.0,11.0,1.000000
6,-1,579.0,225.0,14.0,11.0,1.000000
6,-1,641.0,332.0,12.0,10.0,1.000000
6,-1,647.0,337.0,13.0,12.0,1.000000
6,-1,716.0,330.0,14.0,12.0,1.000000
6,-1,730.0,362.0,11.0,12.0,1.000000
6,-1,801.0,392.0,15.0,11.0,1.000000
6,-1,808.0,353.0,13.0,11.0,1.000000
6,-1,821.0,180.0,15.0,13.0,1.000000
7,-1,93.0,179.0,14.0,12.0,1.000000
7,-1,120.0,146.0,16.0,12.0,1.000000
7,-1,187.0,212.0,13.0,12.0,1.000000
7,-1,247.0,269.0,12.0,10.0,1.000000
7,-1,292.0,295.0,14.0,10.0,1.000000
7,-1,311.0,205.0,15.0,12.0,1.000000
7,-1,315.0,371.0,13.0,10.0,1.000000
7,-1,355.0,281.0,12.0,11.0,1.000000
7,-1,392.0,312.0,12.0,12.0,1.000000
7,-1,409.0,335.0,15.0,13.0,1.000000
7,-1,414.0,280.0,14.0,12.0,1.000000
7,-1,423.0,88.0,12.0,12.0,1.000000
7,-1,463.0,319.0,14.0,11.0,1.000000
7,-1,472.0,88.0,15.0,14.0,1.000000
7,-1,517.0,389.0,15.0,11.0,1.000000
7,-1,577.0,226.0,14.0,11.0,1.000000
7,-1,639.0,332.0,12.0,10.0,1.000000
7,-1,645.0,337.0,13.0,12.0,1.000000
7,-1,714.0,331.0,14.0,12.0,1.000000
7,-1,728.0,363.0,11.0,12.0,1.000000
7,-1,798.0,392.0,15.0,11.0,1.000000
7,-1,806.0,353.0,13.0,11.0,1.000000
7,-1,818.0,180.0,15.0,13.0,1.000000
8,-1,90.0,179.0,14.0,12.0,1.000000
8,-1,118.0,147.0,16.0,12.0,1.000000
8,-1,185.0,213.0,13.0,12.0,1.000000
8,-1,244.0,269.0,12.0,10.0,1.000000
8,-1,289.0,295.0,14.0,10.0,1.000000
8,-1,308.0,206.0,15.0,12.0,1.000000
8,-1,312.0,371.0,13.0,10.0,1.000000
8,-1,352.0,282.0,12.0,11.0,1.000000
8,-1,389.0,313.0,12.0,12.0,1.000000
8,-1,407.0,336.0,15.0,13.0,1.000000
8,-1,411.0,281.0,14.0,12.0,1.000000
8,-1,420.0,89.0,12.0,12.0,1.000000
8,-1,460.0,320.0,14.0,11.0,1.000000
8,-1,470.0,89.0,15.0,14.0,1.000000
8,-1,515.0,391.0,15.0,11.0,1.000000
8,-1,574.0,227.0,14.0,11.0,1.000000
8,-1,636.0,334.0,12.0,10.0,1.000000
8,-1,642.0,339.0,13.0,12.0,1.000000
8,-1,711.0,332.0,14.0,12.0,1.000000
8,-1,726.0,364.0,11.0,12.0,1.000000
8,-1,796.0,394.0,15.0,11.0,1.000000
8,-1,804.0,354.0,13.0,11.0,1.000000
8,-1,816.0,181.0,15.0,13.0,1.000000
9,-1,88.0,179.0,14.0,12.0,1.000000
9,-1,115.0,147.0,16.0,12.0,1.000000
9,-1,183.0,213.0,13.0,12.0,1.000000
9,-1,241.0,269.0,12.0,10.0,1.000000
9,-1,286.0,296.0,14.0,10.0,1.000000
9,-1,306.0,206.0,15.0,12.0,1.000000
9,-1,309.0,371.0,13.0,10.0,1.000000
9,-1,350.0,283.0,12.0,11.0,1.000000
9,-1,387.0,314.0,12.0,12.0,1.000000
9,-1,404.0,336.0,15.0,13.0,1.000000
9,-1,409.0,282.0,14.0,12.0,1.000000
9,-1,418.0,91.0,12.0,12.0,1.000000
9,-1,457.0,321.0,14.0,11.0,1.000000
9,-1,468.0,90.0,15.0,14.0,1.000000
9,-1,506.0,391.0,16.0,12.0,1.000000
9,-1,572.0,228.0,14.0,11.0,1.000000
9,-1,633.0,335.0,12.0,10.0,1.000000
9,-1,639.0,340.0,13.0,12.0,1.000000
9,-1,708.0,334.0,14.0,12.0,1.000000
9,-1,723.0,366.0,11.0,12.0,1.000000
9,-1,793.0,395.0,15.0,11.0,1.000000
9,-1,801.0,356.0,13.0,11.0,1.000000
9,-1,814.0,183.0,15.0,13.0,1.000000
10,-1,83.0,179.0,14.0,12.0,1.000000
10,-1,110.0,147.0,16.0,12.0,1.000000
10,-1,177.0,213.0,13.0,12.0,1.000000
10,-1,236.0,270.0,12.0,10.0,1.000000
10,-1,281.0,296.0,14.0,10.0,1.000000
10,-1,301.0,207.0,15.0,12.0,1.000000
10,-1,303.0,372.0,13.0,10.0,1.000000
10,-1,345.0,283.0,12.0,11.0,1.000000
10,-1,381.0,315.0,12.0,12.0,1.000000
10,-1,399.0,337.0,15.0,13.0,1.000000
10,-1,403.0,282.0,14.0,12.0,1.000000
10,-1,418.0,90.0,12.0,12.0,1.000000
10,-1,447.0,320.0,15.0,12.0,1.000000
10,-1,463.0,91.0,15.0,14.0,1.000000
10,-1,501.0,392.0,16.0,12.0,1.000000
10,-1,566.0,229.0,14.0,11.0,1.000000
10,-1,628.0,336.0,12.0,10.0,1.000000
10,-1,634.0,341.0,13.0,12.0,1.000000
10,-1,704.0,335.0,14.0,12.0,1.000000
10,-1,717.0,367.0,11.0,12.0,1.000000
10,-1,787.0,396.0,15.0,11.0,1.000000
10,-1,796.0,357.0,13.0,11.0,1.000000
10,-1,809.0,184.0,15.0,13.0,1.000000
10,-1,851.0,290.0,12.0,15.0,1.000000
11,-1,80.0,180.0,14.0,12.0,1.000000
11,-1,107.0,147.0,16.0,12.0,1.000000
11,-1,175.0,214.0,13.0,12.0,1.000000
11,-1,234.0,271.0,12.0,10.0,1.000000
11,-1,279.0,297.0,14.0,10.0,1.000000
11,-1,298.0,207.0,15.0,12.0,1.000000
11,-1,301.0,373.0,13.0,10.0,1.000000
11,-1,343.0,284.0,12.0,11.0,1.000000
11,-1,379.0,315.0,12.0,12.0,1.000000
11,-1,396.0,337.0,15.0,13.0,1.000000
11,-1,401.0,283.0,14.0,12.0,1.000000
11,-1,405.0,91.0,19.0,15.0,1.000000
11,-1,445.0,321.0,13.0,10.0,1.000000
11,-1,461.0,92.0,15.0,14.0,1.000000
11,-1,503.0,390.0,16.0,12.0,1.000000
11,-1,564.0,229.0,14.0,11.0,1.000000
11,-1,626.0,337.0,15.0,12.0,1.000000
11,-1,632.0,343.0,13.0,10.0,1.000000
11,-1,702.0,335.0,14.0,12.0,1.000000
11,-1,715.0,367.0,11.0,12.0,1.000000
11,-1,785.0,396.0,15.0,11.0,1.000000
11,-1,794.0,357.0,13.0,11.0,1.000000
11,-1,806.0,184.0,15.0,13.0,1.000000
11,-1,849.0,289.0,12.0,15.0,1.000000
12,-1,78.0,180.0,14.0,12.0,1.000000
12,-1,105.0,148.0,16.0,12.0,1.000000
12,-1,172.0,214.0,13.0,12.0,1.000000
12,-1,231.0,271.0,12.0,10.0,1.000000
12,-1,276.0,297.0,14.0,10.0,1.000000
12,-1,296.0,208.0,15.0,12.0,1.000000
12,-1,298.0,373.0,13.0,10.0,1.000000
12,-1,340.0,285.0,12.0,11.0,1.000000
12,-1,377.0,316.0,12.0,12.0,1.000000
12,-1,393.0,338.0,15.0,13.0,1.000000
12,-1,398.0,283.0,14.0,12.0,1.000000
12,-1,405.0,91.0,19.0,15.0,1.000000
12,-1,441.0,320.0,14.0,11.0,1.000000
12,-1,458.0,92.0,15.0,14.0,1.000000
12,-1,506.0,395.0,13.0,10.0,1.000000
12,-1,562.0,230.0,14.0,11.0,1.000000
12,-1,623.0,338.0,15.0,12.0,1.000000
12,-1,629.0,344.0,13.0,10.0,1.000000
12,-1,699.0,336.0,14.0,12.0,1.000000
12,-1,713.0,368.0,11.0,12.0,1.000000
12,-1,783.0,398.0,15.0,11.0,1.000000
12,-1,791.0,358.0,13.0,11.0,1.000000
12,-1,804.0,185.0,15.0,13.0,1.000000
12,-1,846.0,291.0,12.0,15.0,1.000000
13,-1,75.0,180.0,14.0,12.0,1.000000
13,-1,103.0,148.0,16.0,12.0,1.000000
13,-1,169.0,214.0,13.0,12.0,1.000000
13,-1,229.0,271.0,12.0,10.0,1.000000
13,-1,274.0,298.0,14.0,10.0,1.000000
13,-1,293.0,208.0,15.0,12.0,1.000000
13,-1,295.0,373.0,13.0,10.0,1.000000
13,-1,337.0,285.0,12.0,11.0,1.000000
13,-1,374.0,316.0,12.0,12.0,1.000000
13,-1,391.0,338.0,15.0,13.0,1.000000
13,-1,396.0,284.0,14.0,12.0,1.000000
13,-1,402.0,92.0,19.0,15.0,1.000000
13,-1,443.0,322.0,15.0,16.0,1.000000
13,-1,456.0,93.0,15.0,14.0,1.000000
13,-1,559.0,231.0,14.0,11.0,1.000000
13,-1,620.0,339.0,15.0,12.0,1.000000
13,-1,627.0,345.0,13.0,10.0,1.000000
13,-1,696.0,337.0,14.0,12.0,1.000000
13,-1,710.0,369.0,11.0,12.0,1.000000
13,-1,780.0,399.0,15.0,11.0,1.000000
13,-1,788.0,360.0,13.0,11.0,1.000000
13,-1,801.0,187.0,15.0,13.0,1.000000
13,-1,843.0,292.0,12.0,15.0,1.000000
14,-1,72.0,180.0,14.0,12.0,1.000000
14,-1,100.0,148.0,16.0,12.0,1.000000
14,-1,167.0,214.0,13.0,12.0,1.000000
14,-1,226.0,271.0,12.0,10.0,1.000000
14,-1,271.0,298.0,14.0,10.0,1.000000
14,-1,290.0,208.0,15.0,12.0,1.000000
14,-1,292.0,374.0,13.0,10.0,1.000000
14,-1,335.0,286.0,12.0,11.0,1.000000
14,-1,371.0,317.0,12.0,12.0,1.000000
14,-1,388.0,339.0,15.0,13.0,1.000000
14,-1,389.0,283.0,21.0,15.0,1.000000
14,-1,397.0,94.0,20.0,15.0,1.000000
14,-1,442.0,322.0,14.0,15.0,1.000000
14,-1,453.0,93.0,15.0,14.0,1.000000
14,-1,556.0,231.0,14.0,11.0,1.000000
14,-1,622.0,345.0,17.0,13.0,1.000000
14,-1,694.0,337.0,14.0,12.0,1.000000
14,-1,707.0,369.0,11.0,12.0,1.000000
14,-1,778.0,399.0,15.0,11.0,1.000000
14,-1,786.0,360.0,13.0,11.0,1.000000
14,-1,799.0,187.0,15.0,13.0,1.000000
14,-1,841.0,293.0,12.0,15.0,1.000000
15,-1,67.0,179.0,14.0,12.0,1.000000
15,-1,95.0,147.0,16.0,12.0,1.000000
15,-1,162.0,215.0,13.0,12.0,1.000000
15,-1,221.0,272.0,12.0,10.0,1.000000
15,-1,266.0,298.0,14.0,10.0,1.000000
15,-1,286.0,209.0,15.0,12.0,1.000000
15,-1,287.0,375.0,13.0,10.0,1.000000
15,-1,330.0,286.0,12.0,11.0,1.000000
15,-1,366.0,318.0,12.0,12.0,1.000000
15,-1,383.0,340.0,15.0,13.0,1.000000
15,-1,384.0,284.0,21.0,15.0,1.000000
15,-1,392.0,96.0,19.0,15.0,1.000000
15,-1,436.0,324.0,14.0,15.0,1.000000
15,-1,449.0,94.0,15.0,14.0,1.000000
15,-1,551.0,233.0,14.0,11.0,1.000000
15,-1,617.0,347.0,17.0,13.0,1.000000
15,-1,689.0,339.0,14.0,12.0,1.000000
15,-1,702.0,371.0,11.0,12.0,1.000000
15,-1,771.0,400.0,16.0,12.0,1.000000
15,-1,780.0,361.0,13.0,11.0,1.000000
15,-1,794.0,189.0,15.0,13.0,1.000000
15,-1,836.0,295.0,12.0,15.0,1.000000
16,-1,65.0,180.0,14.0,12.0,1.000000
16,-1,93.0,148.0,16.0,12.0,1.000000
16,-1,160.0,215.0,13.0,12.0,1.000000
16,-1,219.0,272.0,12.0,10.0,1.000000
16,-1,263.0,299.0,14.0,10.0,1.000000
16,-1,283.0,210.0,15.0,12.0,1.000000
16,-1,284.0,376.0,13.0,10.0,1.000000
16,-1,327.0,287.0,12.0,11.0,1.000000
16,-1,364.0,319.0,12.0,12.0,1.000000
16,-1,381.0,285.0,21.0,15.0,1.000000
16,-1,381.0,341.0,15.0,13.0,1.000000
16,-1,394.0,97.0,18.0,14.0,1.000000
16,-1,432.0,326.0,13.0,14.0,1.000000
16,-1,446.0,95.0,15.0,14.0,1.000000
16,-1,549.0,234.0,14.0,11.0,1.000000
16,-1,615.0,347.0,16.0,13.0,1.000000
16,-1,686.0,340.0,14.0,12.0,1.000000
16,-1,700.0,372.0,11.0,12.0,1.000000
16,-1,769.0,401.0,16.0,12.0,1.000000
16,-1,778.0,363.0,13.0,11.0,1.000000
16,-1,792.0,189.0,15.0,13.0,1.000000
16,-1,833.0,295.0,12.0,15.0,1.000000
17,-1,63.0,181.0,14.0,12.0,1.000000
17,-1,91.0,148.0,16.0,12.0,1.000000
17,-1,157.0,216.0,13.0,12.0,1.000000
17,-1,216.0,273.0,12.0,10.0,1.000000
17,-1,261.0,300.0,14.0,10.0,1.000000
17,-1,281.0,211.0,15.0,12.0,1.000000
17,-1,282.0,376.0,13.0,10.0,1.000000
17,-1,325.0,288.0,12.0,11.0,1.000000
17,-1,361.0,320.0,12.0,12.0,1.000000
17,-1,378.0,342.0,15.0,13.0,1.000000
17,-1,379.0,286.0,22.0,15.0,1.000000
17,-1,391.0,98.0,17.0,14.0,1.000000
17,-1,431.0,325.0,14.0,15.0,1.000000
17,-1,444.0,96.0,15.0,14.0,1.000000
17,-1,547.0,235.0,14.0,11.0,1.000000
17,-1,613.0,349.0,17.0,13.0,1.000000
17,-1,684.0,341.0,14.0,12.0,1.000000
17,-1,698.0,373.0,11.0,12.0,1.000000
17,-1,766.0,402.0,16.0,12.0,1.000000
17,-1,776.0,363.0,13.0,11.0,1.000000
17,-1,790.0,191.0,15.0,13.0,1.000000
17,-1,831.0,297.0,12.0,15.0,1.000000
18,-1,61.0,182.0,14.0,12.0,1.000000
18,-1,89.0,149.0,16.0,12.0,1.000000
18,-1,155.0,217.0,13.0,12.0,1.000000
18,-1,214.0,274.0,12.0,10.0,1.000000
18,-1,259.0,301.0,14.0,10.0,1.000000
18,-1,279.0,211.0,15.0,12.0,1.000000
18,-1,279.0,377.0,13.0,10.0,1.000000
18,-1,323.0,289.0,12.0,11.0,1.000000
18,-1,359.0,321.0,12.0,12.0,1.000000
18,-1,376.0,286.0,22.0,16.0,1.000000
18,-1,376.0,343.0,15.0,13.0,1.000000
18,-1,390.0,99.0,17.0,13.0,1.000000
18,-1,428.0,326.0,15.0,16.0,1.000000
18,-1,442.0,97.0,15.0,14.0,1.000000
18,-1,544.0,236.0,14.0,11.0,1.000000
18,-1,611.0,350.0,17.0,13.0,1.000000
18,-1,684.0,341.0,14.0,12.0,1.000000
18,-1,696.0,374.0,11.0,12.0,1.000000
18,-1,764.0,404.0,16.0,11.0,1.000000
18,-1,773.0,365.0,13.0,11.0,1.000000
18,-1,787.0,192.0,15.0,13.0,1.000000
18,-1,829.0,298.0,12.0,15.0,1.000000
19,-1,58.0,182.0,14.0,12.0,1.000000
19,-1,86.0,149.0,16.0,12.0,1.000000
19,-1,153.0,217.0,13.0,12.0,1.000000
19,-1,212.0,275.0,12.0,10.0,1.000000
19,-1,256.0,302.0,14.0,10.0,1.000000
19,-1,276.0,212.0,15.0,12.0,1.000000
19,-1,276.0,378.0,13.0,10.0,1.000000
19,-1,320.0,290.0,12.0,11.0,1.000000
19,-1,357.0,322.0,12.0,12.0,1.000000
19,-1,373.0,287.0,21.0,15.0,1.000000
19,-1,373.0,343.0,15.0,13.0,1.000000
19,-1,387.0,101.0,17.0,13.0,1.000000
19,-1,426.0,327.0,15.0,16.0,1.000000
19,-1,440.0,98.0,15.0,14.0,1.000000
19,-1,542.0,238.0,14.0,11.0,1.000000
19,-1,608.0,351.0,17.0,13.0,1.000000
19,-1,679.0,344.0,14.0,12.0,1.000000
19,-1,693.0,376.0,11.0,12.0,1.000000
19,-1,762.0,405.0,15.0,11.0,1.000000
19,-1,771.0,366.0,13.0,11.0,1.000000
19,-1,785.0,194.0,15.0,13.0,1.000000
19,-1,826.0,300.0,12.0,15.0,1.000000
20,-1,54.0,182.0,14.0,12.0,1.000000
20,-1,83.0,150.0,16.0,12.0,1.000000
20,-1,149.0,218.0,13.0,12.0,1.000000
20,-1,207.0,275.0,12.0,10.0,1.000000
20,-1,252.0,303.0,14.0,10.0,1.000000
20,-1,271.0,379.0,13.0,10.0,1.000000
20,-1,272.0,213.0,15.0,12.0,1.000000
20,-1,316.0,291.0,12.0,11.0,1.000000
20,-1,352.0,323.0,12.0,12.0,1.000000
20,-1,369.0,288.0,21.0,15.0,1.000000
20,-1,369.0,345.0,14.0,12.0,1.000000
20,-1,383.0,103.0,17.0,14.0,1.000000
20,-1,419.0,329.0,15.0,16.0,1.000000
20,-1,436.0,100.0,15.0,14.0,1.000000
20,-1,538.0,239.0,14.0,11.0,1.000000
20,-1,603.0,353.0,17.0,13.0,1.000000
20,-1,675.0,346.0,15.0,12.0,1.000000
20,-1,688.0,378.0,11.0,12.0,1.000000
20,-1,767.0,369.0,13.0,11.0,1.000000
20,-1,781.0,196.0,15.0,13.0,1.000000
20,-1,822.0,302.0,12.0,15.0,1.000000
21,-1,51.0,182.0,14.0,12.0,1.000000
21,-1,80.0,151.0,16.0,12.0,1.000000
21,-1,146.0,218.0,14.0,13.0,1.000000
21,-1,205.0,276.0,12.0,10.0,1.000000
21,-1,249.0,303.0,14.0,10.0,1.000000
21,-1,269.0,380.0,13.0,10.0,1.000000
21,-1,270.0,214.0,15.0,12.0,1.000000
21,-1,313.0,291.0,12.0,11.0,1.000000
21,-1,349.0,324.0,12.0,12.0,1.000000
21,-1,366.0,290.0,21.0,15.0,1.000000
21,-1,366.0,346.0,15.0,13.0,1.000000
21,-1,381.0,104.0,18.0,14.0,1.000000
21,-1,419.0,329.0,15.0,16.0,1.000000
21,-1,434.0,101.0,15.0,14.0,1.000000
21,-1,535.0,241.0,14.0,11.0,1.000000
21,-1,601.0,354.0,17.0,13.0,1.000000
21,-1,672.0,348.0,14.0,12.0,1.000000
21,-1,686.0,380.0,11.0,12.0,1.000000
21,-1,764.0,371.0,13.0,11.0,1.000000
21,-1,779.0,198.0,15.0,13.0,1.000000
21,-1,819.0,304.0,12.0,15.0,1.000000
22,-1,50.0,182.0,14.0,12.0,1.000000
22,-1,78.0,150.0,16.0,12.0,1.000000
22,-1,144.0,218.0,14.0,12.0,1.000000
22,-1,202.0,276.0,12.0,10.0,1.000000
22,-1,247.0,303.0,14.0,10.0,1.000000
22,-1,266.0,380.0,13.0,10.0,1.000000
22,-1,268.0,214.0,15.0,12.0,1.000000
22,-1,311.0,292.0,12.0,11.0,1.000000
22,-1,347.0,324.0,12.0,12.0,1.000000
22,-1,363.0,290.0,21.0,15.0,1.000000
22,-1,364.0,346.0,14.0,13.0,1.000000
22,-1,379.0,105.0,18.0,14.0,1.000000
22,-1,419.0,329.0,15.0,16.0,1.000000
22,-1,432.0,102.0,15.0,14.0,1.000000
22,-1,533.0,242.0,14.0,11.0,1.000000
22,-1,599.0,355.0,17.0,13.0,1.000000
22,-1,669.0,348.0,14.0,12.0,1.000000
22,-1,684.0,381.0,11.0,12.0,1.000000
22,-1,761.0,372.0,13.0,11.0,1.000000
22,-1,777.0,199.0,15.0,13.0,1.000000
22,-1,817.0,305.0,12.0,15.0,1.000000
23,-1,47.0,182.0,14.0,12.0,1.000000
23,-1,76.0,150.0,16.0,12.0,1.000000
23,-1,142.0,218.0,13.0,12.0,1.000000
23,-1,200.0,276.0,12.0,10.0,1.000000
23,-1,244.0,304.0,14.0,10.0,1.000000
23,-1,263.0,381.0,13.0,10.0,1.000000
23,-1,265.0,215.0,15.0,12.0,1.000000
23,-1,309.0,292.0,12.0,11.0,1.000000
23,-1,345.0,325.0,12.0,12.0,1.000000
23,-1,358.0,290.0,18.0,13.0,1.000000
23,-1,361.0,347.0,15.0,13.0,1.000000
23,-1,377.0,106.0,18.0,14.0,1.000000
23,-1,419.0,330.0,15.0,16.0,1.000000
23,-1,430.0,102.0,15.0,14.0,1.000000
23,-1,531.0,242.0,14.0,11.0,1.000000
23,-1,596.0,356.0,17.0,13.0,1.000000
23,-1,667.0,349.0,14.0,12.0,1.000000
23,-1,681.0,382.0,11.0,12.0,1.000000
23,-1,759.0,373.0,13.0,11.0,1.000000
23,-1,774.0,200.0,15.0,13.0,1.000000
23,-1,815.0,306.0,12.0,15.0,1.000000
24,-1,44.0,182.0,14.0,12.0,1.000000
24,-1,73.0,150.0,16.0,12.0,1.000000
24,-1,139.0,219.0,14.0,13.0,1.000000
24,-1,197.0,277.0,12.0,10.0,1.000000
24,-1,241.0,304.0,14.0,10.0,1.000000
24,-1,260.0,381.0,13.0,10.0,1.000000
24,-1,263.0,215.0,15.0,12.0,1.000000
24,-1,306.0,293.0,12.0,11.0,1.000000
24,-1,342.0,326.0,12.0,12.0,1.000000
24,-1,355.0,290.0,18.0,13.0,1.000000
24,-1,359.0,348.0,15.0,13.0,1.000000
24,-1,375.0,107.0,17.0,14.0,1.000000
24,-1,419.0,329.0,15.0,16.0,1.000000
24,-1,428.0,103.0,15.0,14.0,1.000000
24,-1,529.0,243.0,14.0,11.0,1.000000
24,-1,594.0,357.0,17.0,13.0,1.000000
24,-1,665.0,350.0,14.0,12.0,1.000000
24,-1,678.0,383.0,11.0,12.0,1.000000
24,-1,756.0,374.0,13.0,11.0,1.000000
24,-1,772.0,201.0,15.0,13.0,1.000000
24,-1,812.0,307.0,12.0,15.0,1.000000
25,-1,39.0,183.0,14.0,12.0,1.000000
25,-1,68.0,152.0,16.0,12.0,1.000000
25,-1,134.0,221.0,14.0,13.0,1.000000
25,-1,192.0,279.0,12.0,10.0,1.000000
25,-1,236.0,307.0,14.0,10.0,1.000000
25,-1,255.0,384.0,13.0,10.0,1.000000
25,-1,258.0,217.0,15.0,12.0,1.000000
25,-1,301.0,296.0,12.0,11.0,1.000000
25,-1,337.0,328.0,12.0,12.0,1.000000
25,-1,350.0,293.0,18.0,13.0,1.000000
25,-1,353.0,351.0,15.0,13.0,1.000000
25,-1,370.0,110.0,17.0,13.0,1.000000
25,-1,414.0,331.0,16.0,17.0,1.000000
25,-1,423.0,105.0,15.0,14.0,1.000000
25,-1,523.0,245.0,14.0,11.0,1.000000
25,-1,589.0,359.0,17.0,13.0,1.000000
25,-1,660.0,351.0,15.0,12.0,1.000000
25,-1,674.0,384.0,11.0,12.0,1.000000
25,-1,752.0,375.0,13.0,11.0,1.000000
25,-1,767.0,202.0,15.0,13.0,1.000000
25,-1,807.0,308.0,12.0,15.0,1.000000
26,-1,37.0,185.0,14.0,12.0,1.000000
26,-1,65.0,153.0,16.0,12.0,1.000000
26,-1,132.0,222.0,14.0,13.0,1.000000
26,-1,190.0,280.0,12.0,10.0,1.000000
26,-1,234.0,308.0,14.0,10.0,1.000000
26,-1,253.0,385.0,13.0,10.0,1.000000
26,-1,256.0,219.0,15.0,12.0,1.000000
26,-1,299.0,297.0,12.0,11.0,1.000000
26,-1,335.0,329.0,12.0,12.0,1.000000
26,-1,351.0,352.0,15.0,13.0,1.000000
26,-1,358.0,294.0,16.0,15.0,1.000000
26,-1,367.0,112.0,17.0,13.0,1.000000
26,-1,412.0,333.0,15.0,15.0,1.000000
26,-1,421.0,106.0,15.0,14.0,1.000000
26,-1,521.0,247.0,14.0,11.0,1.000000
26,-1,587.0,360.0,17.0,13.0,1.000000
26,-1,658.0,352.0,15.0,13.0,1.000000
26,-1,672.0,385.0,11.0,12.0,1.000000
26,-1,749.0,376.0,13.0,11.0,1.000000
26,-1,765.0,204.0,15.0,13.0,1.000000
26,-1,805.0,309.0,12.0,15.0,1.000000
27,-1,34.0,186.0,13.0,11.0,1.000000
27,-1,63.0,154.0,16.0,12.0,1.000000
27,-1,128.0,222.0,14.0,13.0,1.000000
27,-1,187.0,281.0,12.0,10.0,1.000000
27,-1,231.0,310.0,14.0,10.0,1.000000
27,-1,249.0,386.0,14.0,10.0,1.000000
27,-1,253.0,219.0,15.0,12.0,1.000000
27,-1,296.0,299.0,12.0,11.0,1.000000
27,-1,332.0,331.0,12.0,12.0,1.000000
27,-1,348.0,353.0,15.0,13.0,1.000000
27,-1,355.0,296.0,16.0,15.0,1.000000
27,-1,366.0,114.0,17.0,13.0,1.000000
27,-1,403.0,334.0,19.0,17.0,1.000000
27,-1,419.0,108.0,15.0,14.0,1.000000
27,-1,518.0,249.0,14.0,11.0,1.000000
27,-1,587.0,360.0,16.0,12.0,1.000000
27,-1,655.0,355.0,15.0,13.0,1.000000
27,-1,669.0,388.0,11.0,12.0,1.000000
27,-1,746.0,379.0,13.0,11.0,1.000000
27,-1,762.0,206.0,15.0,13.0,1.000000
27,-1,802.0,312.0,12.0,15.0,1.000000
28,-1,32.0,186.0,14.0,12.0,1.000000
28,-1,60.0,153.0,17.0,13.0,1.000000
28,-1,126.0,222.0,14.0,13.0,1.000000
28,-1,185.0,281.0,12.0,10.0,1.000000
28,-1,228.0,310.0,14.0,10.0,1.000000
28,-1,247.0,387.0,13.0,10.0,1.000000
28,-1,251.0,220.0,15.0,12.0,1.000000
28,-1,293.0,299.0,12.0,11.0,1.000000
28,-1,329.0,331.0,12.0,12.0,1.000000
28,-1,345.0,354.0,15.0,13.0,1.000000
28,-1,352.0,296.0,16.0,15.0,1.000000
28,-1,363.0,115.0,16.0,13.0,1.000000
28,-1,395.0,336.0,21.0,19.0,1.000000
28,-1,417.0,109.0,15.0,14.0,1.000000
28,-1,516.0,250.0,14.0,11.0,1.000000
28,-1,575.0,357.0,15.0,13.0,1.000000
28,-1,652.0,356.0,14.0,12.0,1.000000
28,-1,666.0,389.0,11.0,12.0,1.000000
28,-1,743.0,380.0,13.0,11.0,1.000000
28,-1,760.0,207.0,15.0,13.0,1.000000
28,-1,799.0,313.0,12.0,15.0,1.000000
29,-1,29.0,187.0,14.0,12.0,1.000000
29,-1,57.0,155.0,17.0,13.0,1.000000
29,-1,124.0,223.0,14.0,13.0,1.000000
29,-1,183.0,282.0,12.0,10.0,1.000000
29,-1,226.0,311.0,14.0,10.0,1.000000
29,-1,245.0,388.0,13.0,10.0,1.000000
29,-1,249.0,220.0,15.0,12.0,1.000000
29,-1,291.0,300.0,12.0,11.0,1.000000
29,-1,328.0,332.0,12.0,12.0,1.000000
29,-1,344.0,355.0,15.0,13.0,1.000000
29,-1,351.0,297.0,16.0,15.0,1.000000
29,-1,361.0,116.0,17.0,13.0,1.000000
29,-1,395.0,336.0,21.0,19.0,1.000000
29,-1,414.0,109.0,15.0,14.0,1.000000
29,-1,514.0,251.0,14.0,11.0,1.000000
29,-1,573.0,357.0,15.0,13.0,1.000000
29,-1,650.0,357.0,15.0,13.0,1.000000
29,-1,664.0,390.0,11.0,12.0,1.000000
29,-1,742.0,381.0,13.0,11.0,1.000000
29,-1,758.0,208.0,15.0,13.0,1.000000
29,-1,797.0,314.0,12.0,15.0,1.000000
30,-1,25.0,187.0,14.0,12.0,1.000000
30,-1,54.0,155.0,17.0,13.0,1.000000
30,-1,120.0,224.0,14.0,13.0,1.000000
30,-1,178.0,282.0,12.0,10.0,1.000000
30,-1,221.0,311.0,14.0,10.0,1.000000
30,-1,239.0,388.0,13.0,10.0,1.000000
30,-1,244.0,221.0,15.0,12.0,1.000000
30,-1,286.0,300.0,12.0,11.0,1.000000
30,-1,322.0,333.0,12.0,12.0,1.000000
30,-1,338.0,356.0,15.0,13.0,1.000000
30,-1,345.0,298.0,16.0,15.0,1.000000
30,-1,357.0,118.0,16.0,13.0,1.000000
30,-1,387.0,340.0,20.0,18.0,1.000000
30,-1,410.0,111.0,15.0,14.0,1.000000
30,-1,509.0,252.0,14.0,11.0,1.000000
30,-1,566.0,360.0,15.0,13.0,1.000000
30,-1,645.0,360.0,14.0,12.0,1.000000
30,-1,659.0,393.0,11.0,12.0,1.000000
30,-1,736.0,384.0,13.0,11.0,1.000000
30,-1,753.0,211.0,15.0,13.0,1.000000
30,-1,792.0,317.0,12.0,15.0,1.000000
31,-1,22.0,188.0,14.0,12.0,1.000000
31,-1,51.0,155.0,17.0,13.0,1.000000
31,-1,117.0,224.0,14.0,13.0,1.000000
31,-1,176.0,283.0,12.0,10.0,1.000000
31,-1,221.0,311.0,14.0,10.0,1.000000
31,-1,237.0,389.0,13.0,10.0,1.000000
31,-1,242.0,221.0,15.0,12.0,1.000000
31,-1,284.0,301.0,12.0,11.0,1.000000
31,-1,320.0,334.0,13.0,13.0,1.000000
31,-1,336.0,356.0,15.0,13.0,1.000000
31,-1,343.0,299.0,16.0,15.0,1.000000
31,-1,354.0,119.0,16.0,13.0,1.000000
31,-1,387.0,339.0,20.0,18.0,1.000000
31,-1,408.0,111.0,15.0,14.0,1.000000
31,-1,507.0,253.0,15.0,11.0,1.000000
31,-1,566.0,360.0,15.0,13.0,1.000000
31,-1,643.0,360.0,14.0,12.0,1.000000
31,-1,657.0,393.0,11.0,12.0,1.000000
31,-1,734.0,384.0,13.0,11.0,1.000000
31,-1,751.0,211.0,15.0,13.0,1.000000
31,-1,790.0,317.0,12.0,15.0,1.000000
32,-1,20.0,189.0,14.0,12.0,1.000000
32,-1,49.0,157.0,17.0,13.0,1.000000
32,-1,115.0,225.0,14.0,13.0,1.000000
32,-1,175.0,284.0,12.0,10.0,1.000000
32,-1,220.0,312.0,14.0,10.0,1.000000
32,-1,236.0,390.0,13.0,10.0,1.000000
32,-1,240.0,222.0,15.0,12.0,1.000000
32,-1,283.0,302.0,12.0,11.0,1.000000
32,-1,318.0,335.0,13.0,13.0,1.000000
32,-1,335.0,357.0,15.0,13.0,1.000000
32,-1,342.0,300.0,16.0,15.0,1.000000
32,-1,352.0,120.0,16.0,13.0,1.000000
32,-1,387.0,340.0,18.0,16.0,1.000000
32,-1,406.0,112.0,16.0,15.0,1.000000
32,-1,505.0,253.0,15.0,12.0,1.000000
32,-1,564.0,360.0,15.0,13.0,1.000000
32,-1,642.0,360.0,14.0,12.0,1.000000
32,-1,655.0,392.0,11.0,12.0,1.000000
32,-1,733.0,384.0,13.0,11.0,1.000000
32,-1,749.0,211.0,15.0,13.0,1.000000
32,-1,788.0,316.0,12.0,15.0,1.000000
33,-1,19.0,191.0,14.0,12.0,1.000000
33,-1,48.0,159.0,17.0,12.0,1.000000
33,-1,115.0,227.0,14.0,13.0,1.000000
33,-1,174.0,286.0,12.0,10.0,1.000000
33,-1,214.0,313.0,19.0,15.0,1.000000
33,-1,235.0,391.0,13.0,10.0,1.000000
33,-1,239.0,223.0,15.0,12.0,1.000000
33,-1,282.0,303.0,12.0,11.0,1.000000
33,-1,318.0,336.0,12.0,12.0,1.000000
33,-1,334.0,358.0,15.0,13.0,1.000000
33,-1,341.0,300.0,16.0,15.0,1.000000
33,-1,350.0,121.0,16.0,13.0,1.000000
33,-1,386.0,341.0,18.0,16.0,1.000000
33,-1,404.0,112.0,16.0,14.0,1.000000
33,-1,503.0,253.0,15.0,12.0,1.000000
33,-1,563.0,360.0,16.0,14.0,1.000000
33,-1,640.0,360.0,15.0,13.0,1.000000
33,-1,655.0,393.0,11.0,12.0,1.000000
33,-1,732.0,384.0,13.0,11.0,1.000000
33,-1,748.0,210.0,15.0,13.0,1.000000
33,-1,788.0,316.0,12.0,15.0,1.000000
34,-1,18.0,191.0,14.0,12.0,1.000000
34,-1,47.0,159.0,17.0,12.0,1.000000
34,-1,113.0,227.0,14.0,13.0,1.000000
34,-1,172.0,285.0,12.0,10.0,1.000000
34,-1,212.0,313.0,19.0,15.0,1.000000
34,-1,233.0,391.0,13.0,10.0,1.000000
34,-1,237.0,223.0,15.0,12.0,1.000000
34,-1,279.0,303.0,12.0,11.0,1.000000
34,-1,316.0,336.0,12.0,12.0,1.000000
34,-1,331.0,358.0,15.0,13.0,1.000000
34,-1,338.0,301.0,16.0,15.0,1.000000
34,-1,351.0,121.0,15.0,12.0,1.000000
34,-1,384.0,342.0,18.0,16.0,1.000000
34,-1,403.0,113.0,16.0,14.0,1.000000
34,-1,502.0,254.0,15.0,12.0,1.000000
34,-1,561.0,361.0,16.0,14.0,1.000000
34,-1,639.0,361.0,15.0,13.0,1.000000
34,-1,653.0,394.0,11.0,12.0,1.000000
34,-1,730.0,386.0,13.0,11.0,1.000000
34,-1,747.0,212.0,15.0,13.0,1.000000
34,-1,786.0,318.0,12.0,15.0,1.000000
35,-1,14.0,190.0,14.0,12.0,1.000000
35,-1,44.0,158.0,17.0,13.0,1.000000
35,-1,110.0,226.0,14.0,13.0,1.000000
35,-1,169.0,285.0,12.0,10.0,1.000000
35,-1,209.0,313.0,19.0,15.0,1.000000
35,-1,228.0,391.0,13.0,10.0,1.000000
35,-1,234.0,223.0,15.0,12.0,1.000000
35,-1,276.0,304.0,12.0,11.0,1.000000
35,-1,312.0,337.0,12.0,12.0,1.000000
35,-1,328.0,360.0,14.0,12.0,1.000000
35,-1,335.0,301.0,17.0,16.0,1.000000
35,-1,344.0,122.0,20.0,16.0,1.000000
35,-1,384.0,342.0,18.0,16.0,1.000000
35,-1,400.0,114.0,16.0,15.0,1.000000
35,-1,498.0,255.0,15.0,12.0,1.000000
35,-1,558.0,363.0,16.0,14.0,1.000000
35,-1,638.0,361.0,14.0,12.0,1.000000
35,-1,649.0,396.0,11.0,12.0,1.000000
35,-1,726.0,387.0,13.0,11.0,1.000000
35,-1,744.0,213.0,15.0,13.0,1.000000
35,-1,782.0,319.0,12.0,15.0,1.000000
36,-1,13.0,190.0,14.0,12.0,1.000000
36,-1,42.0,158.0,17.0,12.0,1.000000
36,-1,108.0,226.0,14.0,13.0,1.000000
36,-1,168.0,286.0,12.0,10.0,1.000000
36,-1,207.0,314.0,19.0,15.0,1.000000
36,-1,227.0,391.0,14.0,10.0,1.000000
36,-1,232.0,223.0,15.0,12.0,1.000000
36,-1,275.0,304.0,12.0,11.0,1.000000
36,-1,311.0,337.0,12.0,12.0,1.000000
36,-1,327.0,361.0,14.0,12.0,1.000000
36,-1,333.0,301.0,17.0,16.0,1.000000
36,-1,342.0,122.0,21.0,17.0,1.000000
36,-1,377.0,345.0,22.0,15.0,1.000000
36,-1,399.0,114.0,16.0,15.0,1.000000
36,-1,498.0,256.0,15.0,12.0,1.000000
36,-1,556.0,363.0,16.0,14.0,1.000000
36,-1,637.0,361.0,13.0,11.0,1.000000
36,-1,648.0,396.0,11.0,12.0,1.000000
36,-1,725.0,387.0,13.0,11.0,1.000000
36,-1,743.0,214.0,15.0,13.0,1.000000
36,-1,781.0,320.0,12.0,15.0,1.000000
37,-1,11.0,191.0,14.0,12.0,1.000000
37,-1,41.0,158.0,16.0,12.0,1.000000
37,-1,107.0,227.0,14.0,13.0,1.000000
37,-1,167.0,286.0,12.0,10.0,1.000000
37,-1,206.0,315.0,18.0,15.0,1.000000
37,-1,225.0,392.0,14.0,11.0,1.000000
37,-1,231.0,223.0,15.0,12.0,1.000000
37,-1,273.0,305.0,12.0,11.0,1.000000
37,-1,309.0,338.0,12.0,12.0,1.000000
37,-1,325.0,361.0,15.0,13.0,1.000000
37,-1,332.0,302.0,17.0,16.0,1.000000
37,-1,341.0,123.0,20.0,16.0,1.000000
37,-1,374.0,346.0,22.0,15.0,1.000000
37,-1,398.0,115.0,16.0,15.0,1.000000
37,-1,496.0,256.0,15.0,12.0,1.000000
37,-1,554.0,364.0,16.0,14.0,1.000000
37,-1,636.0,363.0,13.0,11.0,1.000000
37,-1,646.0,397.0,11.0,12.0,1.000000
37,-1,723.0,388.0,13.0,11.0,1.000000
37,-1,741.0,215.0,15.0,13.0,1.000000
37,-1,779.0,321.0,12.0,15.0,1.000000
38,-1,9.0,191.0,14.0,12.0,1.000000
38,-1,39.0,159.0,17.0,13.0,1.000000
38,-1,105.0,227.0,14.0,13.0,1.000000
38,-1,165.0,287.0,12.0,10.0,1.000000
38,-1,204.0,315.0,19.0,15.0,1.000000
38,-1,223.0,392.0,13.0,10.0,1.000000
38,-1,229.0,223.0,15.0,12.0,1.000000
38,-1,271.0,305.0,12.0,11.0,1.000000
38,-1,307.0,339.0,12.0,12.0,1.000000
38,-1,323.0,362.0,14.0,12.0,1.000000
38,-1,330.0,302.0,17.0,16.0,1.000000
38,-1,338.0,124.0,20.0,16.0,1.000000
38,-1,373.0,347.0,21.0,15.0,1.000000
38,-1,396.0,115.0,16.0,15.0,1.000000
38,-1,494.0,257.0,15.0,12.0,1.000000
38,-1,553.0,364.0,16.0,14.0,1.000000
38,-1,635.0,364.0,13.0,11.0,1.000000
38,-1,644.0,397.0,11.0,12.0,1.000000
38,-1,721.0,388.0,13.0,11.0,1.000000
38,-1,739.0,215.0,15.0,13.0,1.000000
38,-1,777.0,321.0,12.0,15.0,1.000000
39,-1,7.0,192.0,14.0,12.0,1.000000
39,-1,37.0,160.0,17.0,13.0,1.000000
39,-1,103.0,228.0,14.0,12.0,1.000000
39,-1,164.0,288.0,12.0,10.0,1.000000
39,-1,203.0,316.0,19.0,15.0,1.000000
39,-1,221.0,393.0,14.0,11.0,1.000000
39,-1,227.0,224.0,15.0,12.0,1.000000
39,-1,269.0,306.0,12.0,11.0,1.000000
39,-1,306.0,339.0,12.0,12.0,1.000000
39,-1,322.0,362.0,14.0,12.0,1.000000
39,-1,329.0,304.0,16.0,15.0,1.000000
39,-1,337.0,125.0,20.0,16.0,1.000000
39,-1,372.0,347.0,21.0,14.0,1.000000
39,-1,394.0,116.0,16.0,15.0,1.000000
39,-1,493.0,257.0,15.0,12.0,1.000000
39,-1,551.0,364.0,16.0,14.0,1.000000
39,-1,633.0,364.0,13.0,11.0,1.000000
39,-1,643.0,397.0,11.0,12.0,1.000000
39,-1,720.0,388.0,13.0,11.0,1.000000
39,-1,737.0,215.0,15.0,13.0,1.000000
39,-1,776.0,321.0,12.0,15.0,1.000000
40,-1,3.0,193.0,14.0,12.0,1.000000
40,-1,32.0,160.0,18.0,13.0,1.000000
40,-1,99.0,228.0,14.0,13.0,1.000000
40,-1,160.0,288.0,12.0,10.0,1.000000
40,-1,200.0,316.0,18.0,14.0,1.000000
40,-1,217.0,393.0,14.0,11.0,1.000000
40,-1,223.0,224.0,15.0,12.0,1.000000
40,-1,265.0,307.0,12.0,11.0,1.000000
40,-1,302.0,340.0,12.0,12.0,1.000000
40,-1,319.0,363.0,14.0,12.0,1.000000
40,-1,324.0,304.0,17.0,16.0,1.000000
40,-1,333.0,127.0,20.0,16.0,1.000000
40,-1,367.0,348.0,21.0,15.0,1.000000
40,-1,391.0,116.0,16.0,15.0,1.000000
40,-1,489.0,258.0,15.0,12.0,1.000000
40,-1,547.0,365.0,16.0,14.0,1.000000
40,-1,629.0,365.0,14.0,12.0,1.000000
40,-1,639.0,398.0,11.0,12.0,1.000000
40,-1,716.0,389.0,13.0,11.0,1.000000
40,-1,734.0,216.0,15.0,13.0,1.000000
40,-1,771.0,322.0,12.0,15.0,1.000000
41,-1,2.0,193.0,14.0,12.0,1.000000
41,-1,31.0,160.0,18.0,13.0,1.000000
41,-1,98.0,228.0,14.0,12.0,1.000000
41,-1,159.0,289.0,12.0,10.0,1.000000
41,-1,199.0,317.0,18.0,14.0,1.000000
41,-1,216.0,394.0,14.0,11.0,1.000000
41,-1,222.0,224.0,15.0,12.0,1.000000
41,-1,264.0,308.0,12.0,11.0,1.000000
41,-1,301.0,340.0,12.0,12.0,1.000000
41,-1,317.0,363.0,14.0,12.0,1.000000
41,-1,323.0,305.0,16.0,15.0,1.000000
41,-1,331.0,127.0,19.0,15.0,1.000000
41,-1,366.0,348.0,22.0,15.0,1.000000
41,-1,389.0,116.0,16.0,15.0,1.000000
41,-1,487.0,258.0,15.0,12.0,1.000000
41,-1,545.0,365.0,17.0,14.0,1.000000
41,-1,628.0,365.0,14.0,12.0,1.000000
41,-1,637.0,398.0,11.0,12.0,1.000000
41,-1,714.0,389.0,13.0,11.0,1.000000
41,-1,732.0,216.0,15.0,13.0,1.000000
41,-1,770.0,321.0,12.0,16.0,1.000000
42,-1,0.0,195.0,13.0,11.0,1.000000
42,-1,29.0,161.0,18.0,13.0,1.000000
42,-1,97.0,230.0,13.0,12.0,1.000000
42,-1,158.0,290.0,12.0,10.0,1.000000
42,-1,198.0,318.0,19.0,15.0,1.000000
42,-1,215.0,394.0,14.0,10.0,1.000000
42,-1,220.0,224.0,15.0,12.0,1.000000
42,-1,263.0,308.0,12.0,11.0,1.000000
42,-1,299.0,341.0,12.0,12.0,1.000000
42,-1,316.0,364.0,14.0,12.0,1.000000
42,-1,321.0,305.0,17.0,16.0,1.000000
42,-1,329.0,128.0,19.0,15.0,1.000000
42,-1,365.0,348.0,22.0,15.0,1.000000
42,-1,387.0,117.0,16.0,15.0,1.000000
42,-1,485.0,258.0,15.0,12.0,1.000000
42,-1,544.0,365.0,16.0,14.0,1.000000
42,-1,627.0,364.0,14.0,12.0,1.000000
42,-1,636.0,397.0,11.0,12.0,1.000000
42,-1,713.0,388.0,13.0,11.0,1.000000
42,-1,730.0,215.0,15.0,13.0,1.000000
42,-1,769.0,320.0,12.0,15.0,1.000000
43,-1,-2.0,195.0,13.0,11.0,1.000000
43,-1,28.0,161.0,18.0,13.0,1.000000
43,-1,95.0,230.0,13.0,12.0,1.000000
43,-1,157.0,290.0,12.0,10.0,1.000000
43,-1,191.0,317.0,21.0,15.0,1.000000
43,-1,213.0,394.0,14.0,10.0,1.000000
43,-1,218.0,224.0,15.0,12.0,1.000000
43,-1,261.0,308.0,12.0,11.0,1.000000
43,-1,298.0,340.0,12.0,12.0,1.000000
43,-1,314.0,364.0,14.0,12.0,1.000000
43,-1,319.0,305.0,17.0,16.0,1.000000
43,-1,327.0,128.0,21.0,17.0,1.000000
43,-1,363.0,348.0,21.0,15.0,1.000000
43,-1,385.0,117.0,16.0,15.0,1.000000
43,-1,483.0,258.0,15.0,12.0,1.000000
43,-1,542.0,365.0,17.0,14.0,1.000000
43,-1,616.0,365.0,22.0,15.0,1.000000
43,-1,634.0,398.0,11.0,12.0,1.000000
43,-1,711.0,389.0,13.0,11.0,1.000000
43,-1,728.0,215.0,15.0,13.0,1.000000
43,-1,767.0,321.0,12.0,15.0,1.000000
44,-1,-4.0,195.0,13.0,11.0,1.000000
44,-1,26.0,161.0,18.0,14.0,1.000000
44,-1,93.0,230.0,14.0,13.0,1.000000
44,-1,155.0,290.0,12.0,10.0,1.000000
44,-1,190.0,317.0,21.0,15.0,1.000000
44,-1,211.0,394.0,14.0,11.0,1.000000
44,-1,217.0,224.0,15.0,12.0,1.000000
44,-1,259.0,309.0,12.0,11.0,1.000000
44,-1,296.0,341.0,13.0,13.0,1.000000
44,-1,312.0,364.0,14.0,12.0,1.000000
44,-1,318.0,305.0,16.0,15.0,1.000000
44,-1,325.0,128.0,20.0,16.0,1.000000
44,-1,361.0,348.0,22.0,15.0,1.000000
44,-1,384.0,117.0,15.0,14.0,1.000000
44,-1,482.0,258.0,15.0,12.0,1.000000
44,-1,540.0,365.0,17.0,14.0,1.000000
44,-1,614.0,365.0,22.0,15.0,1.000000
44,-1,633.0,398.0,11.0,12.0,1.000000
44,-1,709.0,389.0,13.0,11.0,1.000000
44,-1,727.0,215.0,15.0,13.0,1.000000
44,-1,765.0,321.0,12.0,15.0,1.000000
45,-1,22.0,162.0,20.0,15.0,1.000000
45,-1,87.0,234.0,17.0,15.0,1.000000
45,-1,154.0,291.0,12.0,10.0,1.000000
45,-1,188.0,318.0,20.0,15.0,1.000000
45,-1,208.0,394.0,14.0,11.0,1.000000
45,-1,214.0,224.0,15.0,12.0,1.000000
45,-1,256.0,309.0,12.0,11.0,1.000000
45,-1,293.0,341.0,12.0,12.0,1.000000
45,-1,310.0,364.0,14.0,13.0,1.000000
45,-1,315.0,305.0,16.0,15.0,1.000000
45,-1,322.0,130.0,19.0,15.0,1.000000
45,-1,358.0,348.0,22.0,15.0,1.000000
45,-1,381.0,117.0,16.0,14.0,1.000000
45,-1,479.0,258.0,15.0,12.0,1.000000
45,-1,538.0,365.0,16.0,14.0,1.000000
45,-1,612.0,364.0,22.0,15.0,1.000000
45,-1,630.0,397.0,11.0,12.0,1.000000
45,-1,707.0,388.0,13.0,11.0,1.000000
45,-1,724.0,214.0,15.0,13.0,1.000000
45,-1,763.0,320.0,12.0,15.0,1.000000
46,-1,23.0,163.0,18.0,13.0,1.000000
46,-1,85.0,234.0,17.0,15.0,1.000000
46,-1,153.0,291.0,12.0,10.0,1.000000
46,-1,187.0,318.0,21.0,15.0,1.000000
46,-1,207.0,394.0,15.0,11.0,1.000000
46,-1,212.0,224.0,15.0,12.0,1.000000
46,-1,255.0,309.0,12.0,11.0,1.000000
46,-1,292.0,341.0,12.0,12.0,1.000000
46,-1,308.0,364.0,14.0,12.0,1.000000
46,-1,313.0,305.0,16.0,15.0,1.000000
46,-1,320.0,131.0,19.0,15.0,1.000000
46,-1,356.0,348.0,22.0,15.0,1.000000
46,-1,379.0,117.0,16.0,15.0,1.000000
46,-1,477.0,258.0,15.0,12.0,1.000000
46,-1,537.0,365.0,16.0,14.0,1.000000
46,-1,610.0,364.0,22.0,15.0,1.000000
46,-1,629.0,397.0,11.0,12.0,1.000000
46,-1,705.0,387.0,13.0,11.0,1.000000
46,-1,722.0,213.0,15.0,13.0,1.000000
46,-1,760.0,320.0,12.0,15.0,1.000000
47,-1,20.0,165.0,18.0,16.0,1.000000
47,-1,85.0,235.0,17.0,15.0,1.000000
47,-1,152.0,292.0,12.0,10.0,1.000000
47,-1,187.0,319.0,21.0,15.0,1.000000
47,-1,207.0,394.0,14.0,11.0,1.000000
47,-1,211.0,223.0,15.0,12.0,1.000000
47,-1,254.0,310.0,12.0,11.0,1.000000
47,-1,291.0,341.0,12.0,12.0,1.000000
47,-1,308.0,364.0,14.0,12.0,1.000000
47,-1,313.0,306.0,16.0,15.0,1.000000
47,-1,319.0,131.0,20.0,16.0,1.000000
47,-1,356.0,348.0,21.0,15.0,1.000000
47,-1,378.0,117.0,16.0,15.0,1.000000
47,-1,477.0,257.0,15.0,12.0,1.000000
47,-1,537.0,363.0,16.0,14.0,1.000000
47,-1,610.0,363.0,22.0,15.0,1.000000
47,-1,628.0,396.0,11.0,12.0,1.000000
47,-1,704.0,386.0,13.0,11.0,1.000000
47,-1,721.0,212.0,15.0,13.0,1.000000
47,-1,760.0,318.0,12.0,15.0,1.000000
48,-1,20.0,166.0,18.0,16.0,1.000000
48,-1,84.0,235.0,17.0,15.0,1.000000
48,-1,153.0,293.0,12.0,10.0,1.000000
48,-1,187.0,319.0,21.0,15.0,1.000000
48,-1,207.0,394.0,14.0,11.0,1.000000
48,-1,211.0,223.0,15.0,12.0,1.000000
48,-1,253.0,310.0,12.0,11.0,1.000000
48,-1,291.0,341.0,12.0,12.0,1.000000
48,-1,307.0,364.0,14.0,12.0,1.000000
48,-1,312.0,305.0,16.0,15.0,1.000000
48,-1,317.0,130.0,19.0,15.0,1.000000
48,-1,356.0,348.0,21.0,15.0,1.000000
48,-1,377.0,117.0,15.0,14.0,1.000000
48,-1,476.0,257.0,15.0,12.0,1.000000
48,-1,536.0,363.0,16.0,14.0,1.000000
48,-1,610.0,362.0,22.0,15.0,1.000000
48,-1,628.0,394.0,11.0,12.0,1.000000
48,-1,704.0,384.0,13.0,11.0,1.000000
48,-1,721.0,211.0,15.0,13.0,1.000000
48,-1,760.0,318.0,12.0,15.0,1.000000
49,-1,19.0,167.0,18.0,16.0,1.000000
49,-1,84.0,236.0,17.0,15.0,1.000000
49,-1,153.0,293.0,12.0,10.0,1.000000
49,-1,187.0,319.0,21.0,15.0,1.000000
49,-1,206.0,393.0,15.0,11.0,1.000000
49,-1,210.0,223.0,15.0,12.0,1.000000
49,-1,253.0,310.0,12.0,11.0,1.000000
49,-1,291.0,341.0,12.0,12.0,1.000000
49,-1,307.0,364.0,14.0,12.0,1.000000
49,-1,312.0,305.0,16.0,15.0,1.000000
49,-1,317.0,131.0,19.0,15.0,1.000000
49,-1,355.0,348.0,22.0,15.0,1.000000
49,-1,376.0,116.0,16.0,15.0,1.000000
49,-1,475.0,256.0,15.0,12.0,1.000000
49,-1,536.0,363.0,16.0,14.0,1.000000
49,-1,609.0,361.0,23.0,16.0,1.000000
49,-1,628.0,394.0,11.0,12.0,1.000000
49,-1,704.0,384.0,13.0,11.0,1.000000
49,-1,721.0,210.0,15.0,13.0,1.000000
49,-1,760.0,317.0,11.0,14.0,1.000000
50,-1,19.0,168.0,18.0,16.0,1.000000
50,-1,84.0,237.0,17.0,15.0,1.000000
50,-1,154.0,293.0,12.0,10.0,1.000000
50,-1,189.0,320.0,22.0,16.0,1.000000
50,-1,207.0,393.0,15.0,11.0,1.000000
50,-1,210.0,222.0,15.0,12.0,1.000000
50,-1,253.0,310.0,12.0,11.0,1.000000
50,-1,292.0,340.0,12.0,12.0,1.000000
50,-1,308.0,363.0,14.0,12.0,1.000000
50,-1,313.0,305.0,16.0,15.0,1.000000
50,-1,315.0,132.0,19.0,15.0,1.000000
50,-1,356.0,347.0,22.0,15.0,1.000000
50,-1,376.0,116.0,16.0,15.0,1.000000
50,-1,476.0,255.0,15.0,12.0,1.000000
50,-1,537.0,361.0,15.0,13.0,1.000000
50,-1,610.0,359.0,22.0,15.0,1.000000
50,-1,629.0,392.0,11.0,12.0,1.000000
50,-1,705.0,381.0,13.0,11.0,1.000000
50,-1,721.0,206.0,15.0,13.0,1.000000
50,-1,762.0,313.0,10.0,12.0,1.000000
51,-1,20.0,170.0,18.0,16.0,1.000000
51,-1,84.0,237.0,16.0,14.0,1.000000
51,-1,156.0,294.0,12.0,10.0,1.000000
51,-1,186.0,320.0,17.0,14.0,1.000000
51,-1,208.0,393.0,15.0,12.0,1.000000
51,-1,211.0,222.0,15.0,12.0,1.000000
51,-1,254.0,310.0,12.0,11.0,1.000000
51,-1,293.0,340.0,12.0,12.0,1.000000
51,-1,309.0,363.0,14.0,12.0,1.000000
51,-1,313.0,305.0,15.0,14.0,1.000000
51,-1,315.0,131.0,19.0,15.0,1.000000
51,-1,357.0,347.0,22.0,15.0,1.000000
51,-1,376.0,115.0,16.0,15.0,1.000000
51,-1,476.0,253.0,15.0,12.0,1.000000
51,-1,538.0,359.0,15.0,13.0,1.000000
51,-1,611.0,357.0,22.0,15.0,1.000000
51,-1,631.0,390.0,11.0,12.0,1.000000
51,-1,706.0,379.0,13.0,11.0,1.000000
51,-1,721.0,204.0,15.0,13.0,1.000000
51,-1,764.0,311.0,10.0,12.0,1.000000
52,-1,21.0,171.0,18.0,16.0,1.000000
52,-1,85.0,237.0,17.0,15.0,1.000000
52,-1,157.0,294.0,12.0,10.0,1.000000
52,-1,187.0,320.0,17.0,14.0,1.000000
52,-1,209.0,392.0,15.0,12.0,1.000000
52,-1,211.0,221.0,15.0,12.0,1.000000
52,-1,255.0,309.0,12.0,11.0,1.000000
52,-1,294.0,339.0,12.0,12.0,1.000000
52,-1,310.0,363.0,14.0,12.0,1.000000
52,-1,313.0,305.0,16.0,15.0,1.000000
52,-1,316.0,131.0,19.0,15.0,1.000000
52,-1,358.0,346.0,21.0,15.0,1.000000
52,-1,376.0,115.0,16.0,15.0,1.000000
52,-1,477.0,253.0,15.0,12.0,1.000000
52,-1,539.0,358.0,15.0,13.0,1.000000
52,-1,612.0,356.0,22.0,15.0,1.000000
52,-1,632.0,389.0,11.0,12.0,1.000000
52,-1,708.0,378.0,13.0,11.0,1.000000
52,-1,722.0,202.0,15.0,13.0,1.000000
52,-1,762.0,309.0,14.0,15.0,1.000000
53,-1,22.0,171.0,18.0,16.0,1.000000
53,-1,87.0,237.0,17.0,15.0,1.000000
53,-1,159.0,294.0,12.0,10.0,1.000000
53,-1,189.0,319.0,17.0,14.0,1.000000
53,-1,210.0,391.0,15.0,12.0,1.000000
53,-1,213.0,220.0,15.0,12.0,1.000000
53,-1,256.0,309.0,12.0,11.0,1.000000
53,-1,293.0,336.0,15.0,16.0,1.000000
53,-1,311.0,362.0,14.0,12.0,1.000000
53,-1,315.0,304.0,15.0,14.0,1.000000
53,-1,316.0,131.0,19.0,15.0,1.000000
53,-1,361.0,344.0,19.0,18.0,1.000000
53,-1,377.0,114.0,16.0,15.0,1.000000
53,-1,478.0,252.0,15.0,12.0,1.000000
53,-1,540.0,357.0,15.0,13.0,1.000000
53,-1,614.0,355.0,22.0,15.0,1.000000
53,-1,634.0,388.0,11.0,12.0,1.000000
53,-1,709.0,376.0,13.0,11.0,1.000000
53,-1,723.0,200.0,16.0,14.0,1.000000
53,-1,764.0,307.0,14.0,15.0,1.000000
54,-1,24.0,171.0,18.0,16.0,1.000000
54,-1,89.0,238.0,17.0,15.0,1.000000
54,-1,162.0,294.0,12.0,10.0,1.000000
54,-1,192.0,319.0,17.0,14.0,1.000000
54,-1,213.0,391.0,15.0,12.0,1.000000
54,-1,215.0,220.0,15.0,12.0,1.000000
54,-1,258.0,308.0,12.0,11.0,1.000000
54,-1,295.0,336.0,15.0,16.0,1.000000
54,-1,314.0,362.0,14.0,12.0,1.000000
54,-1,317.0,131.0,19.0,16.0,1.000000
54,-1,318.0,304.0,15.0,14.0,1.000000
54,-1,370.0,341.0,19.0,16.0,1.000000
54,-1,378.0,113.0,16.0,15.0,1.000000
54,-1,481.0,250.0,15.0,12.0,1.000000
54,-1,542.0,355.0,16.0,13.0,1.000000
54,-1,617.0,353.0,22.0,15.0,1.000000
54,-1,637.0,386.0,11.0,12.0,1.000000
54,-1,712.0,375.0,14.0,11.0,1.000000
54,-1,726.0,197.0,16.0,13.0,1.000000
55,-1,0.0,204.0,14.0,13.0,1.000000
55,-1,28.0,172.0,18.0,16.0,1.000000
55,-1,93.0,237.0,18.0,16.0,1.000000
55,-1,167.0,293.0,12.0,10.0,1.000000
55,-1,197.0,319.0,17.0,14.0,1.000000
55,-1,217.0,389.0,15.0,11.0,1.000000
55,-1,219.0,218.0,15.0,12.0,1.000000
55,-1,262.0,308.0,12.0,11.0,1.000000
55,-1,300.0,334.0,15.0,16.0,1.000000
55,-1,318.0,361.0,14.0,12.0,1.000000
55,-1,320.0,131.0,20.0,16.0,1.000000
55,-1,322.0,303.0,15.0,14.0,1.000000
55,-1,370.0,341.0,19.0,16.0,1.000000
55,-1,382.0,112.0,16.0,15.0,1.000000
55,-1,485.0,249.0,15.0,12.0,1.000000
55,-1,546.0,355.0,15.0,13.0,1.000000
55,-1,621.0,352.0,22.0,15.0,1.000000
55,-1,641.0,385.0,11.0,12.0,1.000000
55,-1,716.0,374.0,13.0,11.0,1.000000
55,-1,730.0,196.0,15.0,13.0,1.000000
56,-1,3.0,205.0,14.0,13.0,1.000000
56,-1,31.0,172.0,18.0,16.0,1.000000
56,-1,95.0,237.0,18.0,16.0,1.000000
56,-1,170.0,293.0,12.0,10.0,1.000000
56,-1,200.0,319.0,17.0,14.0,1.000000
56,-1,219.0,389.0,15.0,12.0,1.000000
56,-1,221.0,218.0,15.0,12.0,1.000000
56,-1,265.0,308.0,12.0,11.0,1.000000
56,-1,302.0,334.0,15.0,16.0,1.000000
56,-1,321.0,361.0,14.0,12.0,1.000000
56,-1,322.0,131.0,19.0,15.0,1.000000
56,-1,324.0,303.0,15.0,14.0,1.000000
56,-1,372.0,340.0,20.0,17.0,1.000000
56,-1,384.0,112.0,16.0,15.0,1.000000
56,-1,487.0,249.0,15.0,12.0,1.000000
56,-1,549.0,354.0,16.0,14.0,1.000000
56,-1,621.0,352.0,21.0,15.0,1.000000
56,-1,644.0,384.0,11.0,12.0,1.000000
56,-1,718.0,373.0,13.0,11.0,1.000000
56,-1,733.0,195.0,15.0,13.0,1.000000
57,-1,5.0,206.0,14.0,13.0,1.000000
57,-1,33.0,173.0,18.0,16.0,1.000000
57,-1,98.0,238.0,18.0,16.0,1.000000
57,-1,173.0,294.0,12.0,10.0,1.000000
57,-1,203.0,319.0,18.0,14.0,1.000000
57,-1,223.0,217.0,15.0,12.0,1.000000
57,-1,223.0,389.0,15.0,12.0,1.000000
57,-1,268.0,308.0,11.0,10.0,1.000000
57,-1,306.0,334.0,15.0,16.0,1.000000
57,-1,324.0,131.0,19.0,16.0,1.000000
57,-1,324.0,361.0,14.0,12.0,1.000000
57,-1,327.0,303.0,15.0,14.0,1.000000
57,-1,375.0,340.0,19.0,16.0,1.000000
57,-1,386.0,112.0,16.0,15.0,1.000000
57,-1,490.0,248.0,15.0,12.0,1.000000
57,-1,552.0,353.0,16.0,14.0,1.000000
57,-1,626.0,350.0,22.0,15.0,1.000000
57,-1,647.0,383.0,11.0,12.0,1.000000
57,-1,721.0,371.0,13.0,11.0,1.000000
57,-1,735.0,192.0,16.0,14.0,1.000000
58,-1,7.0,206.0,14.0,13.0,1.000000
58,-1,35.0,174.0,18.0,16.0,1.000000
58,-1,100.0,238.0,20.0,17.0,1.000000
58,-1,176.0,294.0,12.0,10.0,1.000000
58,-1,207.0,319.0,17.0,14.0,1.000000
58,-1,225.0,388.0,15.0,12.0,1.000000
58,-1,226.0,217.0,15.0,12.0,1.000000
58,-1,270.0,308.0,11.0,10.0,1.000000
58,-1,308.0,333.0,15.0,16.0,1.000000
58,-1,326.0,131.0,20.0,16.0,1.000000
58,-1,327.0,360.0,14.0,12.0,1.000000
58,-1,329.0,302.0,16.0,15.0,1.000000
58,-1,378.0,339.0,19.0,16.0,1.000000
58,-1,388.0,111.0,16.0,15.0,1.000000
58,-1,492.0,246.0,15.0,12.0,1.000000
58,-1,554.0,351.0,16.0,14.0,1.000000
58,-1,627.0,350.0,21.0,15.0,1.000000
58,-1,650.0,381.0,11.0,12.0,1.000000
58,-1,725.0,369.0,13.0,11.0,1.000000
58,-1,737.0,190.0,16.0,14.0,1.000000
59,-1,10.0,205.0,14.0,13.0,1.000000
59,-1,38.0,173.0,18.0,16.0,1.000000
59,-1,102.0,237.0,20.0,17.0,1.000000
59,-1,179.0,293.0,12.0,10.0,1.000000
59,-1,209.0,319.0,17.0,14.0,1.000000
59,-1,227.0,387.0,15.0,12.0,1.000000
59,-1,228.0,215.0,15.0,12.0,1.000000
59,-1,272.0,307.0,11.0,10.0,1.000000
59,-1,311.0,332.0,15.0,16.0,1.000000
59,-1,328.0,130.0,20.0,16.0,1.000000
59,-1,329.0,359.0,14.0,12.0,1.000000
59,-1,332.0,301.0,16.0,15.0,1.000000
59,-1,380.0,339.0,19.0,16.0,1.000000
59,-1,390.0,110.0,16.0,15.0,1.000000
59,-1,495.0,246.0,15.0,12.0,1.000000
59,-1,557.0,350.0,16.0,14.0,1.000000
59,-1,632.0,347.0,22.0,15.0,1.000000
59,-1,652.0,380.0,11.0,12.0,1.000000
59,-1,727.0,368.0,13.0,11.0,1.000000
59,-1,740.0,189.0,15.0,13.0,1.000000
60,-1,14.0,204.0,14.0,13.0,1.000000
60,-1,42.0,172.0,18.0,16.0,1.000000
60,-1,101.0,240.0,24.0,17.0,1.000000
60,-1,184.0,292.0,12.0,10.0,1.000000
60,-1,208.0,317.0,20.0,14.0,1.000000
60,-1,232.0,213.0,15.0,12.0,1.000000
60,-1,232.0,385.0,15.0,11.0,1.000000
60,-1,277.0,306.0,11.0,10.0,1.000000
60,-1,315.0,330.0,15.0,16.0,1.000000
60,-1,332.0,130.0,20.0,16.0,1.000000
60,-1,334.0,358.0,14.0,12.0,1.000000
60,-1,336.0,300.0,16.0,15.0,1.000000
60,-1,385.0,337.0,20.0,16.0,1.000000
60,-1,395.0,109.0,16.0,15.0,1.000000
60,-1,499.0,244.0,15.0,12.0,1.000000
60,-1,562.0,349.0,17.0,14.0,1.000000
60,-1,637.0,345.0,22.0,15.0,1.000000
60,-1,657.0,378.0,10.0,11.0,1.000000
60,-1,732.0,365.0,13.0,11.0,1.000000
60,-1,744.0,187.0,16.0,13.0,1.000000
61,-1,16.0,204.0,14.0,13.0,1.000000
61,-1,44.0,171.0,18.0,16.0,1.000000
61,-1,103.0,239.0,24.0,17.0,1.000000
61,-1,187.0,292.0,12.0,10.0,1.000000
61,-1,211.0,316.0,20.0,14.0,1.000000
61,-1,235.0,212.0,15.0,12.0,1.000000
61,-1,235.0,384.0,15.0,11.0,1.000000
61,-1,279.0,305.0,11.0,10.0,1.000000
61,-1,318.0,329.0,15.0,16.0,1.000000
61,-1,334.0,129.0,20.0,16.0,1.000000
61,-1,336.0,357.0,14.0,12.0,1.000000
61,-1,338.0,299.0,16.0,15.0,1.000000
61,-1,388.0,336.0,19.0,16.0,1.000000
61,-1,397.0,108.0,16.0,15.0,1.000000
61,-1,501.0,243.0,15.0,12.0,1.000000
61,-1,564.0,347.0,17.0,14.0,1.000000
61,-1,639.0,343.0,22.0,15.0,1.000000
61,-1,660.0,376.0,11.0,12.0,1.000000
61,-1,735.0,364.0,13.0,11.0,1.000000
61,-1,746.0,185.0,16.0,14.0,1.000000
62,-1,18.0,202.0,14.0,13.0,1.000000
62,-1,46.0,170.0,18.0,16.0,1.000000
62,-1,104.0,238.0,27.0,19.0,1.000000
62,-1,189.0,291.0,12.0,10.0,1.000000
62,-1,212.0,315.0,20.0,14.0,1.000000
62,-1,236.0,210.0,15.0,12.0,1.000000
62,-1,237.0,383.0,15.0,11.0,1.000000
62,-1,281.0,305.0,11.0,10.0,1.000000
62,-1,319.0,328.0,15.0,16.0,1.000000
62,-1,335.0,129.0,19.0,15.0,1.000000
62,-1,337.0,356.0,14.0,12.0,1.000000
62,-1,340.0,298.0,16.0,15.0,1.000000
62,-1,389.0,336.0,19.0,16.0,1.000000
62,-1,399.0,107.0,16.0,15.0,1.000000
62,-1,503.0,242.0,15.0,11.0,1.000000
62,-1,565.0,347.0,17.0,14.0,1.000000
62,-1,640.0,343.0,22.0,15.0,1.000000
62,-1,661.0,376.0,11.0,12.0,1.000000
62,-1,736.0,363.0,13.0,11.0,1.000000
62,-1,748.0,184.0,16.0,14.0,1.000000
63,-1,19.0,201.0,14.0,13.0,1.000000
63,-1,48.0,169.0,18.0,16.0,1.000000
63,-1,105.0,237.0,28.0,20.0,1.000000
63,-1,191.0,290.0,12.0,10.0,1.000000
63,-1,214.0,315.0,19.0,14.0,1.000000
63,-1,237.0,209.0,15.0,12.0,1.000000
63,-1,238.0,382.0,15.0,11.0,1.000000
63,-1,283.0,304.0,11.0,10.0,1.000000
63,-1,321.0,327.0,15.0,16.0,1.000000
63,-1,337.0,129.0,19.0,15.0,1.000000
63,-1,340.0,356.0,14.0,12.0,1.000000
63,-1,342.0,298.0,16.0,15.0,1.000000
63,-1,391.0,335.0,20.0,17.0,1.000000
63,-1,401.0,106.0,15.0,14.0,1.000000
63,-1,504.0,241.0,15.0,12.0,1.000000
63,-1,567.0,346.0,17.0,14.0,1.000000
63,-1,642.0,342.0,22.0,15.0,1.000000
63,-1,663.0,375.0,11.0,12.0,1.000000
63,-1,737.0,362.0,13.0,11.0,1.000000
63,-1,749.0,183.0,16.0,14.0,1.000000
64,-1,21.0,201.0,14.0,13.0,1.000000
64,-1,49.0,169.0,18.0,16.0,1.000000
64,-1,107.0,237.0,28.0,20.0,1.000000
64,-1,193.0,290.0,12.0,10.0,1.000000
64,-1,217.0,315.0,20.0,14.0,1.000000
64,-1,239.0,207.0,15.0,12.0,1.000000
64,-1,240.0,381.0,15.0,11.0,1.000000
64,-1,284.0,304.0,11.0,10.0,1.000000
64,-1,323.0,326.0,15.0,16.0,1.000000
64,-1,338.0,129.0,19.0,15.0,1.000000
64,-1,342.0,356.0,14.0,12.0,1.000000
64,-1,343.0,297.0,16.0,15.0,1.000000
64,-1,393.0,335.0,19.0,16.0,1.000000
64,-1,403.0,106.0,16.0,14.0,1.000000
64,-1,506.0,240.0,15.0,11.0,1.000000
64,-1,569.0,345.0,16.0,14.0,1.000000
64,-1,644.0,340.0,22.0,15.0,1.000000
64,-1,665.0,373.0,11.0,12.0,1.000000
64,-1,739.0,360.0,13.0,11.0,1.000000
64,-1,751.0,181.0,16.0,14.0,1.000000
65,-1,22.0,199.0,14.0,13.0,1.000000
65,-1,51.0,168.0,18.0,16.0,1.000000
65,-1,108.0,236.0,28.0,20.0,1.000000
65,-1,195.0,289.0,12.0,10.0,1.000000
65,-1,219.0,314.0,20.0,14.0,1.000000
65,-1,241.0,206.0,15.0,12.0,1.000000
65,-1,241.0,380.0,15.0,11.0,1.000000
65,-1,286.0,303.0,11.0,10.0,1.000000
65,-1,324.0,326.0,15.0,16.0,1.000000
65,-1,340.0,129.0,19.0,15.0,1.000000
65,-1,343.0,355.0,13.0,12.0,1.000000
65,-1,344.0,297.0,16.0,15.0,1.000000
65,-1,395.0,334.0,19.0,16.0,1.000000
65,-1,404.0,105.0,15.0,14.0,1.000000
65,-1,507.0,240.0,15.0,12.0,1.000000
65,-1,571.0,345.0,16.0,14.0,1.000000
65,-1,646.0,340.0,22.0,15.0,1.000000
65,-1,667.0,372.0,11.0,12.0,1.000000
65,-1,741.0,359.0,13.0,11.0,1.000000
65,-1,752.0,181.0,16.0,14.0,1.000000
66,-1,25.0,199.0,14.0,13.0,1.000000
66,-1,54.0,167.0,18.0,16.0,1.000000
66,-1,111.0,237.0,27.0,19.0,1.000000
66,-1,198.0,289.0,12.0,10.0,1.000000
66,-1,223.0,314.0,20.0,14.0,1.000000
66,-1,243.0,204.0,15.0,12.0,1.000000
66,-1,244.0,380.0,15.0,11.0,1.000000
66,-1,289.0,303.0,11.0,10.0,1.000000
66,-1,327.0,325.0,15.0,16.0,1.000000
66,-1,342.0,129.0,19.0,15.0,1.000000
66,-1,346.0,355.0,14.0,12.0,1.000000
66,-1,347.0,297.0,15.0,15.0,1.000000
66,-1,397.0,333.0,19.0,16.0,1.000000
66,-1,406.0,105.0,15.0,14.0,1.000000
66,-1,510.0,238.0,15.0,12.0,1.000000
66,-1,574.0,343.0,16.0,14.0,1.000000
66,-1,649.0,337.0,22.0,15.0,1.000000
66,-1,671.0,370.0,11.0,12.0,1.000000
66,-1,739.0,394.0,14.0,13.0,1.000000
66,-1,744.0,356.0,13.0,11.0,1.000000
66,-1,755.0,178.0,16.0,14.0,1.000000
66,-1,795.0,284.0,17.0,16.0,1.000000
67,-1,27.0,199.0,14.0,13.0,1.000000
67,-1,55.0,167.0,18.0,16.0,1.000000
67,-1,112.0,237.0,27.0,19.0,1.000000
67,-1,200.0,289.0,12.0,10.0,1.000000
67,-1,224.0,314.0,20.0,14.0,1.000000
67,-1,244.0,204.0,15.0,12.0,1.000000
67,-1,245.0,379.0,15.0,11.0,1.000000
67,-1,290.0,304.0,11.0,10.0,1.000000
67,-1,329.0,325.0,15.0,16.0,1.000000
67,-1,341.0,129.0,20.0,16.0,1.000000
67,-1,348.0,296.0,16.0,15.0,1.000000
67,-1,348.0,355.0,14.0,12.0,1.000000
67,-1,399.0,334.0,19.0,16.0,1.000000
67,-1,408.0,105.0,15.0,14.0,1.000000
67,-1,512.0,238.0,15.0,12.0,1.000000
67,-1,575.0,342.0,16.0,14.0,1.000000
67,-1,651.0,338.0,22.0,15.0,1.000000
67,-1,673.0,370.0,11.0,12.0,1.000000
67,-1,741.0,394.0,14.0,13.0,1.000000
67,-1,746.0,356.0,13.0,11.0,1.000000
67,-1,756.0,177.0,16.0,14.0,1.000000
67,-1,798.0,283.0,16.0,15.0,1.000000
68,-1,28.0,198.0,14.0,13.0,1.000000
68,-1,57.0,166.0,18.0,16.0,1.000000
68,-1,113.0,237.0,28.0,20.0,1.000000
68,-1,202.0,289.0,12.0,10.0,1.000000
68,-1,226.0,314.0,20.0,14.0,1.000000
68,-1,245.0,203.0,15.0,12.0,1.000000
68,-1,247.0,378.0,15.0,11.0,1.000000
68,-1,291.0,303.0,11.0,10.0,1.000000
68,-1,330.0,324.0,15.0,16.0,1.000000
68,-1,343.0,129.0,20.0,16.0,1.000000
68,-1,348.0,354.0,14.0,12.0,1.000000
68,-1,349.0,297.0,16.0,15.0,1.000000
68,-1,401.0,333.0,19.0,16.0,1.000000
68,-1,409.0,104.0,15.0,14.0,1.000000
68,-1,513.0,237.0,15.0,12.0,1.000000
68,-1,576.0,342.0,16.0,14.0,1.000000
68,-1,652.0,337.0,22.0,15.0,1.000000
68,-1,674.0,370.0,11.0,12.0,1.000000
68,-1,742.0,394.0,14.0,13.0,1.000000
68,-1,747.0,356.0,12.0,11.0,1.000000
68,-1,757.0,176.0,16.0,14.0,1.000000
68,-1,799.0,282.0,17.0,16.0,1.000000
69,-1,29.0,197.0,14.0,13.0,1.000000
69,-1,58.0,166.0,18.0,16.0,1.000000
69,-1,115.0,237.0,27.0,19.0,1.000000
69,-1,204.0,288.0,12.0,10.0,1.000000
69,-1,228.0,313.0,20.0,14.0,1.000000
69,-1,247.0,202.0,15.0,12.0,1.000000
69,-1,249.0,378.0,15.0,11.0,1.000000
69,-1,293.0,303.0,11.0,10.0,1.000000
69,-1,331.0,323.0,15.0,16.0,1.000000
69,-1,344.0,129.0,20.0,16.0,1.000000
69,-1,350.0,354.0,14.0,12.0,1.000000
69,-1,351.0,296.0,15.0,14.0,1.000000
69,-1,401.0,332.0,20.0,17.0,1.000000
69,-1,411.0,104.0,16.0,15.0,1.000000
69,-1,514.0,237.0,15.0,12.0,1.000000
69,-1,578.0,342.0,16.0,14.0,1.000000
69,-1,653.0,336.0,22.0,15.0,1.000000
69,-1,675.0,369.0,11.0,12.0,1.000000
69,-1,743.0,394.0,14.0,13.0,1.000000
69,-1,749.0,355.0,13.0,11.0,1.000000
69,-1,759.0,176.0,16.0,14.0,1.000000
69,-1,802.0,282.0,17.0,16.0,1.000000
70,-1,30.0,197.0,14.0,13.0,1.000000
70,-1,59.0,165.0,18.0,16.0,1.000000
70,-1,116.0,237.0,27.0,19.0,1.000000
70,-1,205.0,288.0,12.0,10.0,1.000000
70,-1,229.0,313.0,20.0,14.0,1.000000
70,-1,248.0,201.0,15.0,12.0,1.000000
70,-1,248.0,372.0,17.0,15.0,1.000000
70,-1,294.0,303.0,11.0,10.0,1.000000
70,-1,333.0,323.0,15.0,16.0,1.000000
70,-1,345.0,130.0,19.0,16.0,1.000000
70,-1,351.0,297.0,15.0,14.0,1.000000
70,-1,351.0,354.0,13.0,12.0,1.000000
70,-1,402.0,332.0,20.0,17.0,1.000000
70,-1,412.0,104.0,15.0,14.0,1.000000
70,-1,516.0,237.0,15.0,11.0,1.000000
70,-1,579.0,342.0,16.0,14.0,1.000000
70,-1,654.0,337.0,22.0,15.0,1.000000
70,-1,676.0,370.0,11.0,12.0,1.000000
70,-1,744.0,394.0,14.0,13.0,1.000000
70,-1,750.0,356.0,13.0,11.0,1.000000
70,-1,760.0,176.0,16.0,14.0,1.000000
70,-1,804.0,283.0,17.0,16.0,1.000000
71,-1,33.0,196.0,15.0,14.0,1.000000
71,-1,62.0,165.0,18.0,16.0,1.000000
71,-1,118.0,237.0,27.0,19.0,1.000000
71,-1,209.0,288.0,12.0,10.0,1.000000
71,-1,233.0,313.0,20.0,14.0,1.000000
71,-1,250.0,199.0,15.0,12.0,1.000000
71,-1,251.0,371.0,17.0,15.0,1.000000
71,-1,296.0,303.0,11.0,10.0,1.000000
71,-1,336.0,322.0,15.0,16.0,1.000000
71,-1,348.0,130.0,20.0,16.0,1.000000
71,-1,354.0,296.0,15.0,14.0,1.000000
71,-1,355.0,354.0,13.0,11.0,1.000000
71,-1,405.0,331.0,20.0,17.0,1.000000
71,-1,415.0,104.0,15.0,14.0,1.000000
71,-1,518.0,237.0,15.0,12.0,1.000000
71,-1,582.0,341.0,16.0,14.0,1.000000
71,-1,657.0,337.0,22.0,15.0,1.000000
71,-1,679.0,369.0,11.0,12.0,1.000000
71,-1,747.0,393.0,14.0,13.0,1.000000
71,-1,752.0,355.0,14.0,11.0,1.000000
71,-1,763.0,175.0,16.0,14.0,1.000000
71,-1,806.0,280.0,19.0,18.0,1.000000
72,-1,33.0,196.0,15.0,14.0,1.000000
72,-1,63.0,164.0,19.0,17.0,1.000000
72,-1,119.0,237.0,27.0,19.0,1.000000
72,-1,210.0,288.0,12.0,10.0,1.000000
72,-1,232.0,314.0,18.0,16.0,1.000000
72,-1,251.0,198.0,15.0,12.0,1.000000
72,-1,251.0,370.0,17.0,15.0,1.000000
72,-1,297.0,303.0,11.0,10.0,1.000000
72,-1,336.0,321.0,15.0,16.0,1.000000
72,-1,348.0,130.0,20.0,16.0,1.000000
72,-1,355.0,296.0,16.0,15.0,1.000000
72,-1,355.0,354.0,14.0,12.0,1.000000
72,-1,405.0,331.0,20.0,17.0,1.000000
72,-1,416.0,103.0,15.0,14.0,1.000000
72,-1,519.0,236.0,15.0,11.0,1.000000
72,-1,582.0,341.0,16.0,14.0,1.000000
72,-1,658.0,335.0,22.0,15.0,1.000000
72,-1,680.0,368.0,10.0,11.0,1.000000
72,-1,748.0,392.0,14.0,13.0,1.000000
72,-1,753.0,354.0,13.0,11.0,1.000000
72,-1,764.0,175.0,16.0,14.0,1.000000
72,-1,807.0,280.0,20.0,19.0,1.000000
73,-1,35.0,196.0,15.0,14.0,1.000000
73,-1,64.0,164.0,18.0,16.0,1.000000
73,-1,119.0,236.0,29.0,20.0,1.000000
73,-1,211.0,288.0,12.0,10.0,1.000000
73,-1,233.0,314.0,18.0,16.0,1.000000
73,-1,252.0,197.0,15.0,12.0,1.000000
73,-1,252.0,369.0,17.0,15.0,1.000000
73,-1,298.0,302.0,11.0,10.0,1.000000
73,-1,337.0,320.0,15.0,16.0,1.000000
73,-1,349.0,130.0,20.0,16.0,1.000000
73,-1,356.0,295.0,15.0,14.0,1.000000
73,-1,356.0,353.0,14.0,12.0,1.000000
73,-1,406.0,330.0,20.0,17.0,1.000000
73,-1,417.0,103.0,15.0,14.0,1.000000
73,-1,520.0,235.0,15.0,12.0,1.000000
73,-1,583.0,340.0,16.0,14.0,1.000000
73,-1,658.0,335.0,22.0,15.0,1.000000
73,-1,681.0,367.0,11.0,12.0,1.000000
73,-1,749.0,392.0,14.0,13.0,1.000000
73,-1,754.0,353.0,13.0,11.0,1.000000
73,-1,765.0,174.0,17.0,14.0,1.000000
73,-1,808.0,279.0,21.0,20.0,1.000000
74,-1,35.0,196.0,15.0,14.0,1.000000
74,-1,65.0,163.0,18.0,16.0,1.000000
74,-1,120.0,236.0,30.0,21.0,1.000000
74,-1,213.0,287.0,12.0,10.0,1.000000
74,-1,235.0,313.0,18.0,16.0,1.000000
74,-1,253.0,195.0,15.0,12.0,1.000000
74,-1,254.0,368.0,17.0,15.0,1.000000
74,-1,299.0,302.0,11.0,10.0,1.000000
74,-1,339.0,318.0,15.0,16.0,1.000000
74,-1,350.0,129.0,20.0,16.0,1.000000
74,-1,358.0,295.0,15.0,14.0,1.000000
74,-1,358.0,352.0,14.0,12.0,1.000000
74,-1,408.0,329.0,20.0,17.0,1.000000
74,-1,418.0,102.0,15.0,14.0,1.000000
74,-1,521.0,234.0,14.0,11.0,1.000000
74,-1,584.0,339.0,16.0,14.0,1.000000
74,-1,659.0,334.0,22.0,15.0,1.000000
74,-1,683.0,366.0,11.0,12.0,1.000000
74,-1,750.0,390.0,14.0,13.0,1.000000
74,-1,755.0,352.0,13.0,11.0,1.000000
74,-1,766.0,172.0,17.0,14.0,1.000000
74,-1,809.0,277.0,21.0,20.0,1.000000
75,-1,37.0,194.0,15.0,14.0,1.000000
75,-1,66.0,162.0,18.0,16.0,1.000000
75,-1,122.0,234.0,31.0,22.0,1.000000
75,-1,215.0,286.0,12.0,10.0,1.000000
75,-1,236.0,312.0,18.0,16.0,1.000000
75,-1,254.0,194.0,15.0,12.0,1.000000
75,-1,255.0,366.0,17.0,15.0,1.000000
75,-1,300.0,301.0,11.0,10.0,1.000000
75,-1,340.0,317.0,15.0,16.0,1.000000
75,-1,350.0,129.0,20.0,16.0,1.000000
75,-1,358.0,294.0,15.0,14.0,1.000000
75,-1,358.0,352.0,14.0,12.0,1.000000
75,-1,408.0,329.0,20.0,17.0,1.000000
75,-1,419.0,102.0,15.0,14.0,1.000000
75,-1,523.0,234.0,14.0,11.0,1.000000
75,-1,585.0,339.0,16.0,14.0,1.000000
75,-1,662.0,333.0,22.0,15.0,1.000000
75,-1,684.0,366.0,11.0,12.0,1.000000
75,-1,751.0,390.0,14.0,13.0,1.000000
75,-1,756.0,352.0,13.0,11.0,1.000000
75,-1,768.0,172.0,17.0,14.0,1.000000
75,-1,811.0,277.0,21.0,20.0,1.000000
76,-1,39.0,191.0,14.0,13.0,1.000000
76,-1,69.0,160.0,18.0,16.0,1.000000
76,-1,125.0,234.0,27.0,19.0,1.000000
76,-1,218.0,285.0,12.0,10.0,1.000000
76,-1,238.0,311.0,17.0,15.0,1.000000
76,-1,256.0,191.0,15.0,12.0,1.000000
76,-1,257.0,364.0,17.0,15.0,1.000000
76,-1,303.0,299.0,11.0,10.0,1.000000
76,-1,342.0,314.0,15.0,16.0,1.000000
76,-1,352.0,128.0,21.0,17.0,1.000000
76,-1,361.0,293.0,15.0,14.0,1.000000
76,-1,361.0,350.0,13.0,12.0,1.000000
76,-1,412.0,329.0,20.0,17.0,1.000000
76,-1,422.0,101.0,16.0,14.0,1.000000
76,-1,525.0,233.0,14.0,11.0,1.000000
76,-1,588.0,338.0,16.0,14.0,1.000000
76,-1,664.0,333.0,21.0,14.0,1.000000
76,-1,686.0,365.0,11.0,12.0,1.000000
76,-1,753.0,389.0,14.0,13.0,1.000000
76,-1,758.0,351.0,13.0,11.0,1.000000
76,-1,771.0,171.0,16.0,14.0,1.000000
76,-1,813.0,274.0,23.0,22.0,1.000000
77,-1,41.0,191.0,14.0,13.0,1.000000
77,-1,71.0,159.0,18.0,16.0,1.000000
77,-1,127.0,234.0,27.0,19.0,1.000000
77,-1,220.0,285.0,12.0,10.0,1.000000
77,-1,240.0,311.0,17.0,15.0,1.000000
77,-1,257.0,190.0,15.0,12.0,1.000000
77,-1,258.0,363.0,17.0,15.0,1.000000
77,-1,304.0,299.0,11.0,10.0,1.000000
77,-1,343.0,313.0,14.0,15.0,1.000000
77,-1,354.0,128.0,20.0,16.0,1.000000
77,-1,362.0,293.0,15.0,14.0,1.000000
77,-1,363.0,350.0,13.0,12.0,1.000000
77,-1,414.0,328.0,20.0,17.0,1.000000
77,-1,424.0,100.0,15.0,14.0,1.000000
77,-1,527.0,232.0,14.0,11.0,1.000000
77,-1,589.0,337.0,16.0,14.0,1.000000
77,-1,666.0,332.0,22.0,15.0,1.000000
77,-1,688.0,364.0,11.0,12.0,1.000000
77,-1,755.0,388.0,14.0,13.0,1.000000
77,-1,760.0,350.0,13.0,11.0,1.000000
77,-1,772.0,170.0,17.0,14.0,1.000000
77,-1,811.0,276.0,21.0,19.0,1.000000
78,-1,42.0,190.0,14.0,13.0,1.000000
78,-1,73.0,159.0,18.0,16.0,1.000000
78,-1,127.0,234.0,27.0,19.0,1.000000
78,-1,222.0,284.0,12.0,10.0,1.000000
78,-1,242.0,310.0,17.0,15.0,1.000000
78,-1,258.0,188.0,15.0,12.0,1.000000
78,-1,259.0,362.0,17.0,15.0,1.000000
78,-1,306.0,299.0,11.0,10.0,1.000000
78,-1,345.0,313.0,14.0,15.0,1.000000
78,-1,355.0,128.0,21.0,17.0,1.000000
78,-1,363.0,292.0,15.0,14.0,1.000000
78,-1,364.0,350.0,13.0,12.0,1.000000
78,-1,415.0,328.0,20.0,17.0,1.000000
78,-1,425.0,100.0,15.0,14.0,1.000000
78,-1,528.0,232.0,14.0,11.0,1.000000
78,-1,590.0,336.0,16.0,14.0,1.000000
78,-1,667.0,331.0,22.0,15.0,1.000000
78,-1,689.0,363.0,11.0,12.0,1.000000
78,-1,756.0,388.0,14.0,13.0,1.000000
78,-1,762.0,349.0,13.0,11.0,1.000000
78,-1,773.0,169.0,16.0,14.0,1.000000
78,-1,812.0,275.0,22.0,20.0,1.000000
79,-1,43.0,188.0,14.0,13.0,1.000000
79,-1,74.0,157.0,18.0,16.0,1.000000
79,-1,127.0,234.0,27.0,19.0,1.000000
79,-1,223.0,284.0,12.0,10.0,1.000000
79,-1,243.0,310.0,17.0,15.0,1.000000
79,-1,259.0,187.0,14.0,12.0,1.000000
79,-1,260.0,361.0,17.0,15.0,1.000000
79,-1,307.0,298.0,11.0,11.0,1.000000
79,-1,346.0,312.0,14.0,15.0,1.000000
79,-1,356.0,128.0,21.0,17.0,1.000000
79,-1,365.0,292.0,15.0,14.0,1.000000
79,-1,365.0,349.0,14.0,12.0,1.000000
79,-1,416.0,327.0,20.0,17.0,1.000000
79,-1,426.0,99.0,16.0,14.0,1.000000
79,-1,529.0,231.0,14.0,11.0,1.000000
79,-1,591.0,336.0,16.0,14.0,1.000000
79,-1,669.0,330.0,21.0,15.0,1.000000
79,-1,691.0,363.0,11.0,12.0,1.000000
79,-1,757.0,387.0,14.0,13.0,1.000000
79,-1,762.0,349.0,13.0,11.0,1.000000
79,-1,774.0,169.0,17.0,14.0,1.000000
79,-1,813.0,274.0,21.0,19.0,1.000000
80,-1,44.0,187.0,14.0,13.0,1.000000
80,-1,75.0,156.0,19.0,16.0,1.000000
80,-1,127.0,234.0,27.0,19.0,1.000000
80,-1,225.0,283.0,12.0,10.0,1.000000
80,-1,245.0,309.0,17.0,15.0,1.000000
80,-1,260.0,186.0,14.0,12.0,1.000000
80,-1,262.0,359.0,17.0,15.0,1.000000
80,-1,308.0,298.0,11.0,10.0,1.000000
80,-1,347.0,311.0,14.0,15.0,1.000000
80,-1,355.0,128.0,22.0,18.0,1.000000
80,-1,366.0,291.0,15.0,14.0,1.000000
80,-1,367.0,349.0,14.0,12.0,1.000000
80,-1,417.0,326.0,20.0,17.0,1.000000
80,-1,427.0,99.0,15.0,14.0,1.000000
80,-1,530.0,230.0,14.0,11.0,1.000000
80,-1,593.0,335.0,16.0,14.0,1.000000
80,-1,670.0,329.0,21.0,14.0,1.000000
80,-1,692.0,361.0,11.0,12.0,1.000000
80,-1,758.0,385.0,14.0,13.0,1.000000
80,-1,765.0,347.0,13.0,11.0,1.000000
80,-1,775.0,167.0,17.0,15.0,1.000000
80,-1,815.0,273.0,21.0,19.0,1.000000
81,-1,46.0,184.0,14.0,13.0,1.000000
81,-1,77.0,153.0,19.0,17.0,1.000000
81,-1,127.0,234.0,27.0,19.0,1.000000
81,-1,227.0,282.0,12.0,10.0,1.000000
81,-1,248.0,308.0,17.0,15.0,1.000000
81,-1,262.0,183.0,15.0,12.0,1.000000
81,-1,263.0,358.0,16.0,14.0,1.000000
81,-1,310.0,297.0,11.0,10.0,1.000000
81,-1,349.0,309.0,14.0,15.0,1.000000
81,-1,357.0,127.0,23.0,18.0,1.000000
81,-1,368.0,290.0,15.0,14.0,1.000000
81,-1,368.0,348.0,13.0,12.0,1.000000
81,-1,419.0,326.0,20.0,17.0,1.000000
81,-1,430.0,98.0,15.0,14.0,1.000000
81,-1,532.0,230.0,14.0,11.0,1.000000
81,-1,594.0,334.0,16.0,14.0,1.000000
81,-1,672.0,329.0,21.0,15.0,1.000000
81,-1,694.0,361.0,11.0,12.0,1.000000
81,-1,760.0,386.0,14.0,13.0,1.000000
81,-1,766.0,347.0,13.0,11.0,1.000000
81,-1,777.0,167.0,17.0,15.0,1.000000
81,-1,816.0,273.0,21.0,19.0,1.000000
82,-1,46.0,183.0,14.0,13.0,1.000000
82,-1,78.0,152.0,18.0,16.0,1.000000
82,-1,127.0,234.0,27.0,19.0,1.000000
82,-1,228.0,282.0,12.0,10.0,1.000000
82,-1,263.0,182.0,15.0,12.0,1.000000
82,-1,263.0,357.0,16.0,14.0,1.000000
82,-1,310.0,297.0,11.0,10.0,1.000000
82,-1,349.0,308.0,14.0,15.0,1.000000
82,-1,357.0,127.0,23.0,19.0,1.000000
82,-1,368.0,290.0,15.0,14.0,1.000000
82,-1,369.0,348.0,13.0,12.0,1.000000
82,-1,419.0,326.0,19.0,16.0,1.000000
82,-1,431.0,98.0,16.0,14.0,1.000000
82,-1,533.0,230.0,14.0,11.0,1.000000
82,-1,595.0,334.0,16.0,14.0,1.000000
82,-1,672.0,329.0,21.0,14.0,1.000000
82,-1,695.0,361.0,11.0,12.0,1.000000
82,-1,760.0,385.0,14.0,13.0,1.000000
82,-1,767.0,347.0,13.0,11.0,1.000000
82,-1,778.0,167.0,16.0,14.0,1.000000
82,-1,817.0,273.0,21.0,19.0,1.000000
83,-1,47.0,184.0,14.0,13.0,1.000000
83,-1,79.0,153.0,18.0,16.0,1.000000
83,-1,138.0,234.0,16.0,16.0,1.000000
83,-1,230.0,282.0,12.0,10.0,1.000000
83,-1,263.0,181.0,15.0,12.0,1.000000
83,-1,264.0,357.0,16.0,14.0,1.000000
83,-1,311.0,297.0,11.0,10.0,1.000000
83,-1,350.0,308.0,14.0,15.0,1.000000
83,-1,357.0,127.0,23.0,19.0,1.000000
83,-1,368.0,290.0,15.0,14.0,1.000000
83,-1,370.0,348.0,13.0,12.0,1.000000
83,-1,420.0,326.0,20.0,16.0,1.000000
83,-1,431.0,99.0,15.0,14.0,1.000000
83,-1,534.0,230.0,14.0,11.0,1.000000
83,-1,595.0,334.0,16.0,14.0,1.000000
83,-1,673.0,328.0,20.0,14.0,1.000000
83,-1,696.0,360.0,11.0,12.0,1.000000
83,-1,762.0,384.0,14.0,13.0,1.000000
83,-1,767.0,346.0,13.0,11.0,1.000000
83,-1,778.0,166.0,17.0,14.0,1.000000
83,-1,817.0,271.0,21.0,19.0,1.000000
84,-1,47.0,183.0,14.0,13.0,1.000000
84,-1,79.0,152.0,18.0,16.0,1.000000
84,-1,138.0,235.0,16.0,16.0,1.000000
84,-1,231.0,283.0,12.0,10.0,1.000000
84,-1,248.0,313.0,13.0,11.0,1.000000
84,-1,263.0,181.0,15.0,12.0,1.000000
84,-1,264.0,357.0,16.0,14.0,1.000000
84,-1,311.0,298.0,11.0,10.0,1.000000
84,-1,350.0,307.0,14.0,15.0,1.000000
84,-1,357.0,128.0,24.0,19.0,1.000000
84,-1,369.0,291.0,15.0,14.0,1.000000
84,-1,371.0,349.0,14.0,12.0,1.000000
84,-1,421.0,326.0,20.0,17.0,1.000000
84,-1,432.0,99.0,16.0,15.0,1.000000
84,-1,534.0,230.0,14.0,11.0,1.000000
84,-1,596.0,334.0,17.0,14.0,1.000000
84,-1,674.0,328.0,21.0,14.0,1.000000
84,-1,696.0,360.0,11.0,12.0,1.000000
84,-1,762.0,384.0,14.0,13.0,1.000000
84,-1,768.0,346.0,13.0,11.0,1.000000
84,-1,779.0,166.0,17.0,14.0,1.000000
84,-1,818.0,271.0,22.0,20.0,1.000000
85,-1,48.0,182.0,14.0,13.0,1.000000
85,-1,80.0,151.0,19.0,16.0,1.000000
85,-1,138.0,234.0,16.0,16.0,1.000000
85,-1,231.0,283.0,12.0,10.0,1.000000
85,-1,249.0,313.0,13.0,11.0,1.000000
85,-1,263.0,180.0,15.0,12.0,1.000000
85,-1,264.0,356.0,16.0,14.0,1.000000
85,-1,311.0,298.0,11.0,10.0,1.000000
85,-1,350.0,307.0,14.0,15.0,1.000000
85,-1,358.0,128.0,24.0,19.0,1.000000
85,-1,369.0,291.0,15.0,14.0,1.000000
85,-1,371.0,349.0,13.0,12.0,1.000000
85,-1,421.0,327.0,19.0,16.0,1.000000
85,-1,432.0,100.0,15.0,14.0,1.000000
85,-1,535.0,230.0,14.0,11.0,1.000000
85,-1,596.0,334.0,16.0,14.0,1.000000
85,-1,674.0,328.0,21.0,14.0,1.000000
85,-1,696.0,361.0,11.0,12.0,1.000000
85,-1,762.0,384.0,14.0,13.0,1.000000
85,-1,767.0,346.0,13.0,11.0,1.000000
85,-1,779.0,167.0,17.0,14.0,1.000000
85,-1,818.0,271.0,22.0,20.0,1.000000
86,-1,48.0,181.0,14.0,13.0,1.000000
86,-1,81.0,151.0,19.0,17.0,1.000000
86,-1,139.0,236.0,16.0,16.0,1.000000
86,-1,233.0,284.0,12.0,10.0,1.000000
86,-1,251.0,314.0,13.0,11.0,1.000000
86,-1,264.0,179.0,15.0,12.0,1.000000
86,-1,264.0,355.0,16.0,14.0,1.000000
86,-1,312.0,299.0,11.0,10.0,1.000000
86,-1,351.0,307.0,13.0,14.0,1.000000
86,-1,358.0,130.0,23.0,19.0,1.000000
86,-1,370.0,292.0,15.0,14.0,1.000000
86,-1,372.0,349.0,13.0,12.0,1.000000
86,-1,422.0,328.0,19.0,16.0,1.000000
86,-1,433.0,100.0,15.0,14.0,1.000000
86,-1,535.0,230.0,15.0,11.0,1.000000
86,-1,597.0,334.0,17.0,14.0,1.000000
86,-1,675.0,328.0,20.0,13.0,1.000000
86,-1,698.0,360.0,11.0,12.0,1.000000
86,-1,764.0,383.0,14.0,13.0,1.000000
86,-1,769.0,345.0,13.0,11.0,1.000000
86,-1,779.0,166.0,16.0,14.0,1.000000
86,-1,820.0,270.0,21.0,19.0,1.000000
87,-1,48.0,181.0,14.0,13.0,1.000000
87,-1,81.0,151.0,19.0,16.0,1.000000
87,-1,139.0,237.0,16.0,16.0,1.000000
87,-1,234.0,284.0,12.0,10.0,1.000000
87,-1,264.0,179.0,15.0,12.0,1.000000
87,-1,264.0,356.0,16.0,14.0,1.000000
87,-1,312.0,300.0,11.0,10.0,1.000000
87,-1,351.0,307.0,13.0,14.0,1.000000
87,-1,358.0,131.0,23.0,19.0,1.000000
87,-1,370.0,293.0,15.0,14.0,1.000000
87,-1,372.0,350.0,13.0,12.0,1.000000
87,-1,422.0,328.0,19.0,16.0,1.000000
87,-1,433.0,101.0,15.0,14.0,1.000000
87,-1,535.0,231.0,15.0,12.0,1.000000
87,-1,597.0,335.0,17.0,14.0,1.000000
87,-1,675.0,329.0,20.0,13.0,1.000000
87,-1,698.0,360.0,11.0,12.0,1.000000
87,-1,764.0,384.0,14.0,13.0,1.000000
87,-1,769.0,345.0,13.0,11.0,1.000000
87,-1,780.0,166.0,17.0,14.0,1.000000
87,-1,819.0,271.0,21.0,19.0,1.000000
88,-1,48.0,181.0,14.0,13.0,1.000000
88,-1,81.0,151.0,19.0,16.0,1.000000
88,-1,140.0,238.0,16.0,16.0,1.000000
88,-1,235.0,286.0,12.0,10.0,1.000000
88,-1,264.0,179.0,15.0,12.0,1.000000
88,-1,264.0,356.0,16.0,14.0,1.000000
88,-1,312.0,300.0,11.0,10.0,1.000000
88,-1,352.0,307.0,13.0,14.0,1.000000
88,-1,358.0,131.0,24.0,19.0,1.000000
88,-1,370.0,294.0,14.0,14.0,1.000000
88,-1,372.0,351.0,13.0,12.0,1.000000
88,-1,423.0,330.0,19.0,16.0,1.000000
88,-1,433.0,102.0,16.0,15.0,1.000000
88,-1,536.0,231.0,15.0,12.0,1.000000
88,-1,598.0,335.0,17.0,14.0,1.000000
88,-1,676.0,329.0,20.0,14.0,1.000000
88,-1,699.0,361.0,11.0,12.0,1.000000
88,-1,765.0,383.0,14.0,13.0,1.000000
88,-1,769.0,346.0,13.0,11.0,1.000000
88,-1,780.0,166.0,17.0,14.0,1.000000
88,-1,820.0,271.0,21.0,19.0,1.000000
89,-1,50.0,182.0,14.0,13.0,1.000000
89,-1,83.0,152.0,19.0,17.0,1.000000
89,-1,141.0,239.0,16.0,16.0,1.000000
89,-1,237.0,286.0,12.0,10.0,1.000000
89,-1,265.0,179.0,15.0,12.0,1.000000
89,-1,266.0,356.0,16.0,14.0,1.000000
89,-1,313.0,301.0,11.0,10.0,1.000000
89,-1,353.0,306.0,13.0,14.0,1.000000
89,-1,359.0,132.0,23.0,19.0,1.000000
89,-1,372.0,294.0,15.0,14.0,1.000000
89,-1,374.0,351.0,13.0,12.0,1.000000
89,-1,423.0,329.0,19.0,16.0,1.000000
89,-1,434.0,102.0,16.0,15.0,1.000000
89,-1,537.0,231.0,15.0,12.0,1.000000
89,-1,599.0,335.0,16.0,14.0,1.000000
89,-1,677.0,329.0,20.0,14.0,1.000000
89,-1,700.0,360.0,11.0,12.0,1.000000
89,-1,766.0,383.0,14.0,13.0,1.000000
89,-1,771.0,345.0,13.0,11.0,1.000000
89,-1,781.0,165.0,17.0,14.0,1.000000
89,-1,822.0,269.0,21.0,19.0,1.000000
90,-1,51.0,182.0,15.0,13.0,1.000000
90,-1,83.0,152.0,19.0,17.0,1.000000
90,-1,142.0,239.0,16.0,16.0,1.000000
90,-1,238.0,287.0,12.0,10.0,1.000000
90,-1,266.0,179.0,14.0,12.0,1.000000
90,-1,266.0,355.0,16.0,14.0,1.000000
90,-1,314.0,301.0,11.0,10.0,1.000000
90,-1,353.0,306.0,13.0,14.0,1.000000
90,-1,360.0,133.0,23.0,19.0,1.000000
90,-1,372.0,295.0,15.0,14.0,1.000000
90,-1,374.0,352.0,13.0,12.0,1.000000
90,-1,424.0,330.0,19.0,16.0,1.000000
90,-1,435.0,103.0,16.0,14.0,1.000000
90,-1,537.0,232.0,15.0,11.0,1.000000
90,-1,599.0,336.0,17.0,15.0,1.000000
90,-1,678.0,330.0,20.0,13.0,1.000000
90,-1,701.0,362.0,11.0,12.0,1.000000
90,-1,766.0,385.0,14.0,13.0,1.000000
90,-1,772.0,347.0,13.0,11.0,1.000000
90,-1,783.0,166.0,17.0,14.0,1.000000
90,-1,823.0,270.0,22.0,20.0,1.000000
91,-1,53.0,182.0,15.0,14.0,1.000000
91,-1,87.0,152.0,18.0,16.0,1.000000
91,-1,144.0,241.0,16.0,16.0,1.000000
91,-1,242.0,288.0,12.0,10.0,1.000000
91,-1,267.0,178.0,14.0,12.0,1.000000
91,-1,268.0,355.0,15.0,13.0,1.000000
91,-1,316.0,303.0,11.0,10.0,1.000000
91,-1,355.0,306.0,13.0,14.0,1.000000
91,-1,361.0,135.0,24.0,19.0,1.000000
91,-1,374.0,296.0,14.0,14.0,1.000000
91,-1,376.0,353.0,14.0,12.0,1.000000
91,-1,427.0,331.0,19.0,16.0,1.000000
91,-1,438.0,104.0,15.0,14.0,1.000000
91,-1,540.0,232.0,15.0,12.0,1.000000
91,-1,602.0,337.0,16.0,14.0,1.000000
91,-1,680.0,331.0,20.0,13.0,1.000000
91,-1,704.0,362.0,11.0,12.0,1.000000
91,-1,769.0,386.0,14.0,13.0,1.000000
91,-1,774.0,347.0,13.0,11.0,1.000000
91,-1,784.0,166.0,17.0,14.0,1.000000
91,-1,825.0,270.0,22.0,20.0,1.000000
92,-1,54.0,184.0,15.0,14.0,1.000000
92,-1,89.0,154.0,18.0,16.0,1.000000
92,-1,146.0,243.0,16.0,16.0,1.000000
92,-1,245.0,289.0,12.0,10.0,1.000000
92,-1,269.0,178.0,14.0,11.0,1.000000
92,-1,271.0,355.0,15.0,13.0,1.000000
92,-1,319.0,303.0,11.0,10.0,1.000000
92,-1,357.0,305.0,13.0,14.0,1.000000
92,-1,363.0,136.0,23.0,19.0,1.000000
92,-1,376.0,296.0,15.0,14.0,1.000000
92,-1,380.0,354.0,13.0,12.0,1.000000
92,-1,429.0,331.0,19.0,16.0,1.000000
92,-1,439.0,104.0,15.0,14.0,1.000000
92,-1,542.0,232.0,15.0,12.0,1.000000
92,-1,604.0,336.0,16.0,14.0,1.000000
92,-1,683.0,330.0,20.0,13.0,1.000000
92,-1,706.0,360.0,11.0,12.0,1.000000
92,-1,772.0,384.0,13.0,12.0,1.000000
92,-1,777.0,345.0,13.0,11.0,1.000000
92,-1,786.0,164.0,17.0,14.0,1.000000
92,-1,827.0,267.0,23.0,20.0,1.000000
93,-1,56.0,184.0,16.0,14.0,1.000000
93,-1,90.0,154.0,18.0,16.0,1.000000
93,-1,148.0,243.0,16.0,16.0,1.000000
93,-1,247.0,290.0,12.0,10.0,1.000000
93,-1,270.0,178.0,14.0,11.0,1.000000
93,-1,272.0,355.0,15.0,13.0,1.000000
93,-1,320.0,303.0,11.0,10.0,1.000000
93,-1,359.0,304.0,13.0,14.0,1.000000
93,-1,364.0,137.0,23.0,19.0,1.000000
93,-1,377.0,296.0,15.0,14.0,1.000000
93,-1,381.0,354.0,13.0,12.0,1.000000
93,-1,431.0,331.0,19.0,16.0,1.000000
93,-1,441.0,105.0,15.0,14.0,1.000000
93,-1,543.0,232.0,15.0,12.0,1.000000
93,-1,606.0,336.0,16.0,14.0,1.000000
93,-1,684.0,330.0,20.0,14.0,1.000000
93,-1,708.0,361.0,11.0,12.0,1.000000
93,-1,774.0,385.0,13.0,12.0,1.000000
93,-1,777.0,345.0,12.0,10.0,1.000000
93,-1,788.0,164.0,17.0,14.0,1.000000
93,-1,828.0,267.0,24.0,21.0,1.000000
94,-1,58.0,183.0,16.0,15.0,1.000000
94,-1,93.0,154.0,18.0,16.0,1.000000
94,-1,150.0,243.0,16.0,16.0,1.000000
94,-1,249.0,290.0,12.0,10.0,1.000000
94,-1,271.0,173.0,19.0,15.0,1.000000
94,-1,273.0,353.0,15.0,13.0,1.000000
94,-1,322.0,303.0,11.0,10.0,1.000000
94,-1,360.0,303.0,13.0,14.0,1.000000
94,-1,365.0,136.0,23.0,19.0,1.000000
94,-1,379.0,296.0,15.0,14.0,1.000000
94,-1,383.0,353.0,13.0,12.0,1.000000
94,-1,432.0,331.0,19.0,16.0,1.000000
94,-1,443.0,105.0,15.0,14.0,1.000000
94,-1,545.0,232.0,15.0,11.0,1.000000
94,-1,607.0,336.0,16.0,14.0,1.000000
94,-1,686.0,330.0,20.0,13.0,1.000000
94,-1,705.0,361.0,16.0,12.0,1.000000
94,-1,772.0,381.0,19.0,16.0,1.000000
94,-1,781.0,345.0,13.0,11.0,1.000000
94,-1,791.0,162.0,17.0,16.0,1.000000
94,-1,830.0,267.0,24.0,21.0,1.000000
95,-1,60.0,183.0,16.0,15.0,1.000000
95,-1,95.0,154.0,18.0,16.0,1.000000
95,-1,152.0,243.0,16.0,16.0,1.000000
95,-1,252.0,290.0,12.0,10.0,1.000000
95,-1,273.0,172.0,19.0,15.0,1.000000
95,-1,275.0,352.0,15.0,13.0,1.000000
95,-1,322.0,303.0,20.0,17.0,1.000000
95,-1,363.0,302.0,13.0,14.0,1.000000
95,-1,368.0,137.0,23.0,19.0,1.000000
95,-1,381.0,296.0,15.0,14.0,1.000000
95,-1,386.0,353.0,13.0,12.0,1.000000
95,-1,435.0,331.0,19.0,16.0,1.000000
95,-1,445.0,105.0,15.0,14.0,1.000000
95,-1,548.0,232.0,15.0,11.0,1.000000
95,-1,610.0,336.0,16.0,14.0,1.000000
95,-1,689.0,329.0,20.0,13.0,1.000000
95,-1,708.0,360.0,16.0,12.0,1.000000
95,-1,775.0,381.0,19.0,16.0,1.000000
95,-1,783.0,344.0,13.0,11.0,1.000000
95,-1,793.0,161.0,17.0,16.0,1.000000
95,-1,833.0,266.0,24.0,21.0,1.000000
96,-1,66.0,183.0,16.0,15.0,1.000000
96,-1,101.0,154.0,18.0,16.0,1.000000
96,-1,158.0,245.0,15.0,15.0,1.000000
96,-1,258.0,291.0,12.0,10.0,1.000000
96,-1,278.0,171.0,19.0,15.0,1.000000
96,-1,280.0,352.0,15.0,13.0,1.000000
96,-1,327.0,303.0,20.0,17.0,1.000000
96,-1,367.0,301.0,13.0,14.0,1.000000
96,-1,372.0,139.0,23.0,19.0,1.000000
96,-1,387.0,297.0,15.0,14.0,1.000000
96,-1,391.0,354.0,13.0,12.0,1.000000
96,-1,439.0,332.0,19.0,16.0,1.000000
96,-1,450.0,106.0,15.0,14.0,1.000000
96,-1,553.0,233.0,15.0,11.0,1.000000
96,-1,615.0,337.0,16.0,14.0,1.000000
96,-1,694.0,330.0,19.0,12.0,1.000000
96,-1,713.0,361.0,16.0,12.0,1.000000
96,-1,783.0,381.0,19.0,16.0,1.000000
96,-1,789.0,345.0,13.0,11.0,1.000000
96,-1,798.0,160.0,17.0,16.0,1.000000
96,-1,839.0,267.0,23.0,20.0,1.000000
97,-1,68.0,183.0,17.0,16.0,1.000000
97,-1,103.0,154.0,18.0,16.0,1.000000
97,-1,160.0,246.0,16.0,16.0,1.000000
97,-1,261.0,292.0,12.0,10.0,1.000000
97,-1,280.0,171.0,19.0,15.0,1.000000
97,-1,281.0,352.0,15.0,13.0,1.000000
97,-1,329.0,305.0,19.0,17.0,1.000000
97,-1,369.0,301.0,13.0,14.0,1.000000
97,-1,374.0,140.0,23.0,19.0,1.000000
97,-1,389.0,298.0,15.0,14.0,1.000000
97,-1,393.0,355.0,13.0,12.0,1.000000
97,-1,442.0,333.0,19.0,16.0,1.000000
97,-1,452.0,106.0,15.0,14.0,1.000000
97,-1,555.0,232.0,15.0,11.0,1.000000
97,-1,617.0,337.0,16.0,14.0,1.000000
97,-1,696.0,330.0,20.0,13.0,1.000000
97,-1,716.0,361.0,16.0,12.0,1.000000
97,-1,783.0,381.0,19.0,16.0,1.000000
97,-1,792.0,344.0,13.0,11.0,1.000000
97,-1,801.0,160.0,17.0,16.0,1.000000
97,-1,840.0,265.0,24.0,21.0,1.000000
98,-1,71.0,184.0,17.0,16.0,1.000000
98,-1,106.0,155.0,18.0,16.0,1.000000
98,-1,162.0,247.0,16.0,16.0,1.000000
98,-1,265.0,293.0,12.0,10.0,1.000000
98,-1,282.0,172.0,18.0,15.0,1.000000
98,-1,285.0,352.0,15.0,13.0,1.000000
98,-1,332.0,306.0,20.0,17.0,1.000000
98,-1,372.0,301.0,13.0,14.0,1.000000
98,-1,377.0,141.0,22.0,18.0,1.000000
98,-1,392.0,298.0,15.0,14.0,1.000000
98,-1,397.0,355.0,13.0,12.0,1.000000
98,-1,445.0,332.0,19.0,16.0,1.000000
98,-1,455.0,106.0,15.0,14.0,1.000000
98,-1,557.0,232.0,15.0,11.0,1.000000
98,-1,621.0,335.0,16.0,14.0,1.000000
98,-1,700.0,328.0,20.0,13.0,1.000000
98,-1,720.0,359.0,16.0,12.0,1.000000
98,-1,786.0,379.0,19.0,16.0,1.000000
98,-1,795.0,342.0,13.0,11.0,1.000000
98,-1,803.0,157.0,17.0,16.0,1.000000
98,-1,843.0,263.0,24.0,21.0,1.000000
99,-1,74.0,184.0,16.0,15.0,1.000000
99,-1,109.0,156.0,18.0,16.0,1.000000
99,-1,166.0,249.0,16.0,16.0,1.000000
99,-1,269.0,294.0,12.0,10.0,1.000000
99,-1,285.0,171.0,19.0,15.0,1.000000
99,-1,288.0,351.0,15.0,13.0,1.000000
99,-1,336.0,306.0,20.0,17.0,1.000000
99,-1,375.0,300.0,13.0,14.0,1.000000
99,-1,379.0,140.0,23.0,19.0,1.000000
99,-1,395.0,298.0,15.0,14.0,1.000000
99,-1,400.0,355.0,13.0,12.0,1.000000
99,-1,449.0,332.0,19.0,16.0,1.000000
99,-1,458.0,106.0,15.0,14.0,1.000000
99,-1,561.0,231.0,15.0,11.0,1.000000
99,-1,624.0,334.0,16.0,14.0,1.000000
99,-1,703.0,326.0,20.0,13.0,1.000000
99,-1,724.0,357.0,16.0,12.0,1.000000
99,-1,791.0,378.0,18.0,15.0,1.000000
99,-1,799.0,340.0,13.0,11.0,1.000000
99,-1,807.0,156.0,17.0,16.0,1.000000
99,-1,847.0,262.0,23.0,20.0,1.000000
100,-1,78.0,183.0,16.0,15.0,1.000000
100,-1,113.0,155.0,18.0,16.0,1.000000
100,-1,169.0,248.0,15.0,15.0,1.000000
100,-1,272.0,293.0,12.0,10.0,1.000000
100,-1,287.0,169.0,19.0,15.0,1.000000
100,-1,291.0,350.0,15.0,13.0,1.000000
100,-1,339.0,305.0,20.0,17.0,1.000000
100,-1,378.0,299.0,13.0,14.0,1.000000
100,-1,382.0,140.0,23.0,19.0,1.000000
100,-1,398.0,298.0,15.0,14.0,1.000000
100,-1,403.0,354.0,13.0,12.0,1.000000
100,-1,451.0,332.0,19.0,16.0,1.000000
100,-1,461.0,106.0,15.0,14.0,1.000000
100,-1,564.0,231.0,15.0,11.0,1.000000
100,-1,627.0,335.0,16.0,14.0,1.000000
100,-1,706.0,327.0,20.0,13.0,1.000000
100,-1,726.0,358.0,16.0,12.0,1.000000
100,-1,794.0,379.0,19.0,16.0,1.000000
100,-1,802.0,341.0,13.0,11.0,1.000000
100,-1,810.0,156.0,18.0,17.0,1.000000
100,-1,845.0,262.0,24.0,21.0,1.000000
101,-1,84.0,182.0,16.0,15.0,1.000000
101,-1,119.0,154.0,18.0,16.0,1.000000
101,-1,174.0,249.0,16.0,16.0,1.000000
101,-1,279.0,294.0,12.0,10.0,1.000000
101,-1,292.0,169.0,18.0,14.0,1.000000
101,-1,296.0,349.0,15.0,13.0,1.000000
101,-1,344.0,306.0,19.0,17.0,1.000000
101,-1,374.0,399.0,15.0,12.0,1.000000
101,-1,383.0,297.0,13.0,14.0,1.000000
101,-1,387.0,142.0,22.0,18.0,1.000000
101,-1,403.0,298.0,15.0,14.0,1.000000
101,-1,408.0,356.0,13.0,12.0,1.000000
101,-1,457.0,333.0,19.0,16.0,1.000000
101,-1,467.0,107.0,15.0,14.0,1.000000
101,-1,569.0,231.0,15.0,11.0,1.000000
101,-1,633.0,335.0,16.0,14.0,1.000000
101,-1,711.0,328.0,20.0,13.0,1.000000
101,-1,732.0,359.0,16.0,12.0,1.000000
101,-1,798.0,379.0,19.0,16.0,1.000000
101,-1,807.0,342.0,13.0,11.0,1.000000
101,-1,815.0,156.0,18.0,17.0,1.000000
102,-1,87.0,182.0,16.0,15.0,1.000000
102,-1,122.0,154.0,18.0,16.0,1.000000
102,-1,177.0,250.0,15.0,15.0,1.000000
102,-1,282.0,294.0,12.0,10.0,1.000000
102,-1,295.0,168.0,18.0,14.0,1.000000
102,-1,300.0,349.0,14.0,12.0,1.000000
102,-1,347.0,306.0,20.0,17.0,1.000000
102,-1,377.0,399.0,15.0,12.0,1.000000
102,-1,386.0,296.0,13.0,14.0,1.000000
102,-1,390.0,142.0,23.0,19.0,1.000000
102,-1,407.0,298.0,15.0,14.0,1.000000
102,-1,412.0,355.0,13.0,12.0,1.000000
102,-1,461.0,333.0,19.0,16.0,1.000000
102,-1,470.0,107.0,15.0,14.0,1.000000
102,-1,573.0,231.0,15.0,11.0,1.000000
102,-1,636.0,335.0,16.0,14.0,1.000000
102,-1,715.0,327.0,20.0,13.0,1.000000
102,-1,735.0,357.0,16.0,12.0,1.000000
102,-1,802.0,378.0,19.0,16.0,1.000000
102,-1,811.0,340.0,13.0,11.0,1.000000
102,-1,818.0,155.0,18.0,17.0,1.000000
103,-1,89.0,182.0,16.0,15.0,1.000000
103,-1,124.0,154.0,18.0,16.0,1.000000
103,-1,180.0,251.0,15.0,15.0,1.000000
103,-1,285.0,294.0,12.0,10.0,1.000000
103,-1,297.0,167.0,18.0,14.0,1.000000
103,-1,302.0,348.0,14.0,12.0,1.000000
103,-1,349.0,306.0,20.0,17.0,1.000000
103,-1,380.0,398.0,15.0,12.0,1.000000
103,-1,388.0,296.0,13.0,14.0,1.000000
103,-1,392.0,142.0,23.0,19.0,1.000000
103,-1,409.0,298.0,15.0,14.0,1.000000
103,-1,415.0,356.0,13.0,12.0,1.000000
103,-1,462.0,333.0,19.0,16.0,1.000000
103,-1,473.0,106.0,15.0,14.0,1.000000
103,-1,575.0,230.0,15.0,11.0,1.000000
103,-1,639.0,334.0,16.0,14.0,1.000000
103,-1,717.0,327.0,20.0,13.0,1.000000
103,-1,738.0,357.0,16.0,12.0,1.000000
103,-1,805.0,378.0,19.0,16.0,1.000000
103,-1,813.0,340.0,13.0,11.0,1.000000
103,-1,821.0,154.0,18.0,17.0,1.000000
104,-1,92.0,181.0,16.0,15.0,1.000000
104,-1,127.0,154.0,18.0,16.0,1.000000
104,-1,182.0,251.0,16.0,16.0,1.000000
104,-1,288.0,294.0,12.0,10.0,1.000000
104,-1,299.0,167.0,18.0,14.0,1.000000
104,-1,305.0,347.0,18.0,15.0,1.000000
104,-1,352.0,308.0,19.0,16.0,1.000000
104,-1,382.0,398.0,15.0,12.0,1.000000
104,-1,390.0,295.0,13.0,14.0,1.000000
104,-1,394.0,143.0,23.0,19.0,1.000000
104,-1,411.0,299.0,15.0,14.0,1.000000
104,-1,417.0,356.0,13.0,12.0,1.000000
104,-1,465.0,333.0,19.0,16.0,1.000000
104,-1,475.0,106.0,15.0,14.0,1.000000
104,-1,578.0,230.0,15.0,11.0,1.000000
104,-1,641.0,334.0,16.0,14.0,1.000000
104,-1,720.0,326.0,20.0,13.0,1.000000
104,-1,740.0,356.0,16.0,12.0,1.000000
104,-1,807.0,377.0,18.0,16.0,1.000000
104,-1,815.0,339.0,13.0,11.0,1.000000
104,-1,823.0,154.0,18.0,17.0,1.000000
105,-1,94.0,180.0,16.0,15.0,1.000000
105,-1,129.0,153.0,18.0,16.0,1.000000
105,-1,186.0,251.0,15.0,15.0,1.000000
105,-1,291.0,293.0,12.0,10.0,1.000000
105,-1,301.0,165.0,18.0,14.0,1.000000
105,-1,308.0,346.0,18.0,15.0,1.000000
105,-1,355.0,306.0,20.0,17.0,1.000000
105,-1,385.0,396.0,15.0,12.0,1.000000
105,-1,393.0,293.0,13.0,14.0,1.000000
105,-1,397.0,143.0,22.0,18.0,1.000000
105,-1,415.0,298.0,15.0,14.0,1.000000
105,-1,420.0,355.0,13.0,12.0,1.000000
105,-1,468.0,332.0,19.0,16.0,1.000000
105,-1,477.0,105.0,15.0,14.0,1.000000
105,-1,580.0,229.0,15.0,11.0,1.000000
105,-1,644.0,332.0,16.0,14.0,1.000000
105,-1,720.0,326.0,20.0,13.0,1.000000
105,-1,744.0,354.0,16.0,12.0,1.000000
105,-1,811.0,373.0,19.0,16.0,1.000000
105,-1,818.0,336.0,13.0,11.0,1.000000
105,-1,825.0,151.0,17.0,16.0,1.000000
106,-1,99.0,179.0,16.0,15.0,1.000000
106,-1,134.0,152.0,18.0,16.0,1.000000
106,-1,191.0,251.0,15.0,15.0,1.000000
106,-1,297.0,294.0,12.0,10.0,1.000000
106,-1,305.0,164.0,18.0,14.0,1.000000
106,-1,311.0,343.0,19.0,15.0,1.000000
106,-1,359.0,307.0,19.0,17.0,1.000000
106,-1,388.0,396.0,14.0,12.0,1.000000
106,-1,397.0,291.0,13.0,14.0,1.000000
106,-1,406.0,149.0,17.0,13.0,1.000000
106,-1,418.0,298.0,15.0,14.0,1.000000
106,-1,425.0,355.0,13.0,12.0,1.000000
106,-1,473.0,332.0,19.0,16.0,1.000000
106,-1,482.0,105.0,15.0,14.0,1.000000
106,-1,585.0,229.0,15.0,11.0,1.000000
106,-1,649.0,332.0,16.0,14.0,1.000000
106,-1,728.0,323.0,20.0,13.0,1.000000
106,-1,749.0,353.0,16.0,12.0,1.000000
106,-1,816.0,373.0,18.0,15.0,1.000000
106,-1,823.0,335.0,13.0,11.0,1.000000
106,-1,830.0,149.0,18.0,17.0,1.000000
107,-1,102.0,179.0,15.0,15.0,1.000000
107,-1,137.0,152.0,18.0,16.0,1.000000
107,-1,194.0,251.0,15.0,15.0,1.000000
107,-1,300.0,294.0,12.0,10.0,1.000000
107,-1,307.0,163.0,18.0,14.0,1.000000
107,-1,314.0,343.0,19.0,15.0,1.000000
107,-1,362.0,307.0,20.0,17.0,1.000000
107,-1,391.0,395.0,15.0,12.0,1.000000
107,-1,400.0,291.0,13.0,14.0,1.000000
107,-1,409.0,150.0,17.0,13.0,1.000000
107,-1,421.0,298.0,16.0,14.0,1.000000
107,-1,428.0,355.0,13.0,12.0,1.000000
107,-1,475.0,332.0,19.0,16.0,1.000000
107,-1,485.0,105.0,15.0,14.0,1.000000
107,-1,587.0,229.0,15.0,11.0,1.000000
107,-1,651.0,331.0,16.0,14.0,1.000000
107,-1,730.0,323.0,20.0,13.0,1.000000
107,-1,752.0,353.0,16.0,12.0,1.000000
107,-1,816.0,373.0,19.0,16.0,1.000000
107,-1,826.0,335.0,12.0,11.0,1.000000
107,-1,832.0,148.0,18.0,17.0,1.000000
108,-1,105.0,178.0,16.0,15.0,1.000000
108,-1,140.0,152.0,18.0,16.0,1.000000
108,-1,197.0,252.0,15.0,15.0,1.000000
108,-1,303.0,294.0,12.0,10.0,1.000000
108,-1,309.0,163.0,18.0,14.0,1.000000
108,-1,317.0,343.0,19.0,15.0,1.000000
108,-1,364.0,307.0,20.0,17.0,1.000000
108,-1,393.0,395.0,14.0,11.0,1.000000
108,-1,402.0,290.0,13.0,14.0,1.000000
108,-1,412.0,150.0,16.0,12.0,1.000000
108,-1,424.0,298.0,15.0,14.0,1.000000
108,-1,431.0,356.0,13.0,12.0,1.000000
108,-1,478.0,333.0,19.0,16.0,1.000000
108,-1,487.0,106.0,15.0,14.0,1.000000
108,-1,590.0,229.0,15.0,11.0,1.000000
108,-1,655.0,332.0,16.0,14.0,1.000000
108,-1,734.0,323.0,20.0,13.0,1.000000
108,-1,755.0,353.0,16.0,12.0,1.000000
108,-1,822.0,370.0,21.0,19.0,1.000000
108,-1,829.0,335.0,12.0,10.0,1.000000
108,-1,836.0,148.0,18.0,17.0,1.000000
109,-1,108.0,178.0,16.0,15.0,1.000000
109,-1,143.0,152.0,18.0,16.0,1.000000
109,-1,200.0,252.0,16.0,16.0,1.000000
109,-1,306.0,295.0,12.0,10.0,1.000000
109,-1,312.0,163.0,17.0,13.0,1.000000
109,-1,320.0,344.0,19.0,15.0,1.000000
109,-1,367.0,308.0,20.0,17.0,1.000000
109,-1,395.0,395.0,15.0,12.0,1.000000
109,-1,404.0,290.0,13.0,14.0,1.000000
109,-1,414.0,151.0,17.0,13.0,1.000000
109,-1,426.0,299.0,16.0,14.0,1.000000
109,-1,433.0,356.0,13.0,12.0,1.000000
109,-1,481.0,334.0,19.0,16.0,1.000000
109,-1,490.0,106.0,15.0,14.0,1.000000
109,-1,593.0,230.0,15.0,11.0,1.000000
109,-1,657.0,333.0,16.0,14.0,1.000000
109,-1,736.0,324.0,20.0,13.0,1.000000
109,-1,758.0,355.0,16.0,12.0,1.000000
109,-1,825.0,371.0,21.0,19.0,1.000000
109,-1,833.0,336.0,12.0,10.0,1.000000
109,-1,839.0,148.0,18.0,17.0,1.000000
110,-1,111.0,178.0,16.0,15.0,1.000000
110,-1,146.0,152.0,17.0,15.0,1.000000
110,-1,202.0,253.0,17.0,17.0,1.000000
110,-1,309.0,296.0,12.0,10.0,1.000000
110,-1,315.0,164.0,17.0,13.0,1.000000
110,-1,320.0,342.0,20.0,15.0,1.000000
110,-1,370.0,309.0,19.0,16.0,1.000000
110,-1,397.0,396.0,15.0,12.0,1.000000
110,-1,407.0,290.0,13.0,14.0,1.000000
110,-1,416.0,153.0,17.0,13.0,1.000000
110,-1,429.0,301.0,16.0,15.0,1.000000
110,-1,436.0,358.0,13.0,12.0,1.000000
110,-1,483.0,335.0,19.0,16.0,1.000000
110,-1,493.0,107.0,15.0,14.0,1.000000
110,-1,596.0,230.0,15.0,11.0,1.000000
110,-1,660.0,334.0,16.0,14.0,1.000000
110,-1,739.0,325.0,20.0,13.0,1.000000
110,-1,761.0,355.0,16.0,12.0,1.000000
110,-1,828.0,372.0,21.0,19.0,1.000000
110,-1,835.0,337.0,12.0,10.0,1.000000
110,-1,842.0,148.0,17.0,16.0,1.000000
111,-1,117.0,180.0,15.0,15.0,1.000000
111,-1,152.0,154.0,17.0,15.0,1.000000
111,-1,209.0,256.0,16.0,16.0,1.000000
111,-1,317.0,299.0,12.0,10.0,1.000000
111,-1,319.0,165.0,17.0,13.0,1.000000
111,-1,327.0,345.0,20.0,15.0,1.000000
111,-1,376.0,312.0,20.0,17.0,1.000000
111,-1,403.0,397.0,15.0,12.0,1.000000
111,-1,413.0,290.0,13.0,14.0,1.000000
111,-1,421.0,156.0,17.0,13.0,1.000000
111,-1,435.0,302.0,16.0,15.0,1.000000
111,-1,443.0,360.0,13.0,12.0,1.000000
111,-1,490.0,336.0,19.0,16.0,1.000000
111,-1,499.0,109.0,15.0,14.0,1.000000
111,-1,602.0,231.0,15.0,11.0,1.000000
111,-1,667.0,334.0,16.0,14.0,1.000000
111,-1,746.0,324.0,20.0,13.0,1.000000
111,-1,768.0,354.0,16.0,12.0,1.000000
111,-1,835.0,370.0,21.0,19.0,1.000000
111,-1,842.0,335.0,12.0,10.0,1.000000
111,-1,846.0,147.0,17.0,16.0,1.000000
112,-1,120.0,181.0,15.0,14.0,1.000000
112,-1,154.0,155.0,17.0,15.0,1.000000
112,-1,212.0,258.0,16.0,16.0,1.000000
112,-1,320.0,300.0,12.0,10.0,1.000000
112,-1,322.0,165.0,16.0,13.0,1.000000
112,-1,331.0,346.0,20.0,15.0,1.000000
112,-1,379.0,313.0,20.0,17.0,1.000000
112,-1,406.0,397.0,15.0,12.0,1.000000
112,-1,415.0,290.0,13.0,14.0,1.000000
112,-1,424.0,157.0,17.0,13.0,1.000000
112,-1,438.0,303.0,16.0,15.0,1.000000
112,-1,446.0,360.0,13.0,12.0,1.000000
112,-1,494.0,337.0,19.0,16.0,1.000000
112,-1,501.0,109.0,15.0,14.0,1.000000
112,-1,605.0,231.0,15.0,11.0,1.000000
112,-1,670.0,334.0,16.0,14.0,1.000000
112,-1,749.0,323.0,20.0,13.0,1.000000
112,-1,772.0,353.0,16.0,12.0,1.000000
112,-1,839.0,369.0,21.0,19.0,1.000000
112,-1,842.0,328.0,21.0,19.0,1.000000
112,-1,850.0,146.0,17.0,16.0,1.000000
113,-1,124.0,182.0,15.0,14.0,1.000000
113,-1,158.0,156.0,17.0,15.0,1.000000
113,-1,215.0,259.0,16.0,16.0,1.000000
113,-1,324.0,166.0,17.0,13.0,1.000000
113,-1,324.0,302.0,12.0,10.0,1.000000
113,-1,383.0,314.0,20.0,17.0,1.000000
113,-1,408.0,397.0,15.0,12.0,1.000000
113,-1,418.0,290.0,13.0,14.0,1.000000
113,-1,427.0,159.0,17.0,13.0,1.000000
113,-1,442.0,304.0,16.0,15.0,1.000000
113,-1,449.0,362.0,13.0,12.0,1.000000
113,-1,497.0,338.0,20.0,17.0,1.000000
113,-1,504.0,111.0,15.0,14.0,1.000000
113,-1,608.0,232.0,15.0,11.0,1.000000
113,-1,673.0,334.0,16.0,14.0,1.000000
113,-1,753.0,324.0,20.0,13.0,1.000000
113,-1,775.0,353.0,16.0,12.0,1.000000
113,-1,843.0,370.0,21.0,19.0,1.000000
113,-1,845.0,328.0,21.0,19.0,1.000000
113,-1,852.0,146.0,17.0,16.0,1.000000
114,-1,127.0,182.0,15.0,14.0,1.000000
114,-1,161.0,157.0,17.0,15.0,1.000000
114,-1,218.0,261.0,16.0,16.0,1.000000
114,-1,327.0,166.0,17.0,13.0,1.000000
114,-1,327.0,303.0,12.0,10.0,1.000000
114,-1,385.0,315.0,20.0,17.0,1.000000
114,-1,411.0,399.0,14.0,12.0,1.000000
114,-1,421.0,291.0,13.0,14.0,1.000000
114,-1,430.0,160.0,17.0,13.0,1.000000
114,-1,445.0,306.0,16.0,15.0,1.000000
114,-1,452.0,363.0,13.0,12.0,1.000000
114,-1,499.0,340.0,20.0,17.0,1.000000
114,-1,508.0,112.0,15.0,14.0,1.000000
114,-1,611.0,233.0,15.0,11.0,1.000000
114,-1,677.0,336.0,16.0,14.0,1.000000
114,-1,756.0,324.0,20.0,13.0,1.000000
114,-1,778.0,354.0,16.0,12.0,1.000000
114,-1,846.0,371.0,21.0,19.0,1.000000
114,-1,849.0,330.0,20.0,18.0,1.000000
114,-1,852.0,146.0,17.0,16.0,1.000000
115,-1,130.0,183.0,15.0,15.0,1.000000
115,-1,164.0,158.0,17.0,16.0,1.000000
115,-1,220.0,263.0,16.0,16.0,1.000000
115,-1,329.0,167.0,16.0,13.0,1.000000
115,-1,330.0,305.0,12.0,10.0,1.000000
115,-1,388.0,317.0,20.0,17.0,1.000000
115,-1,413.0,400.0,14.0,12.0,1.000000
115,-1,423.0,292.0,13.0,14.0,1.000000
115,-1,432.0,162.0,17.0,13.0,1.000000
115,-1,447.0,308.0,15.0,14.0,1.000000
115,-1,455.0,365.0,13.0,12.0,1.000000
115,-1,502.0,342.0,19.0,16.0,1.000000
115,-1,511.0,114.0,15.0,14.0,1.000000
115,-1,614.0,235.0,15.0,11.0,1.000000
115,-1,684.0,340.0,22.0,18.0,1.000000
115,-1,759.0,327.0,20.0,13.0,1.000000
115,-1,782.0,357.0,16.0,12.0,1.000000
115,-1,846.0,371.0,21.0,19.0,1.000000
116,-1,135.0,189.0,16.0,15.0,1.000000
116,-1,169.0,165.0,17.0,15.0,1.000000
116,-1,226.0,271.0,16.0,16.0,1.000000
116,-1,334.0,173.0,16.0,13.0,1.000000
116,-1,336.0,314.0,12.0,10.0,1.000000
116,-1,393.0,325.0,20.0,17.0,1.000000
116,-1,428.0,298.0,12.0,13.0,1.000000
116,-1,437.0,171.0,17.0,13.0,1.000000
116,-1,453.0,316.0,16.0,15.0,1.000000
116,-1,460.0,373.0,13.0,12.0,1.000000
116,-1,507.0,350.0,20.0,17.0,1.000000
116,-1,516.0,122.0,15.0,14.0,1.000000
116,-1,619.0,242.0,15.0,11.0,1.000000
116,-1,685.0,343.0,22.0,18.0,1.000000
116,-1,765.0,333.0,20.0,13.0,1.000000
116,-1,788.0,362.0,16.0,12.0,1.000000
117,-1,137.0,193.0,16.0,15.0,1.000000
117,-1,172.0,169.0,17.0,15.0,1.000000
117,-1,228.0,276.0,16.0,16.0,1.000000
117,-1,335.0,177.0,17.0,13.0,1.000000
117,-1,339.0,319.0,12.0,10.0,1.000000
117,-1,396.0,330.0,20.0,17.0,1.000000
117,-1,430.0,301.0,12.0,13.0,1.000000
117,-1,440.0,176.0,16.0,12.0,1.000000
117,-1,456.0,321.0,15.0,14.0,1.000000
117,-1,463.0,378.0,13.0,12.0,1.000000
117,-1,510.0,354.0,19.0,16.0,1.000000
117,-1,518.0,127.0,15.0,14.0,1.000000
117,-1,621.0,247.0,15.0,11.0,1.000000
117,-1,685.0,343.0,22.0,18.0,1.000000
117,-1,767.0,337.0,20.0,13.0,1.000000
117,-1,790.0,367.0,16.0,12.0,1.000000
118,-1,140.0,197.0,16.0,15.0,1.000000
118,-1,175.0,174.0,17.0,15.0,1.000000
118,-1,230.0,281.0,16.0,16.0,1.000000
118,-1,337.0,181.0,17.0,13.0,1.000000
118,-1,341.0,323.0,12.0,10.0,1.000000
118,-1,398.0,335.0,19.0,16.0,1.000000
118,-1,432.0,305.0,12.0,13.0,1.000000
118,-1,442.0,182.0,16.0,12.0,1.000000
118,-1,457.0,325.0,16.0,15.0,1.000000
118,-1,465.0,382.0,13.0,12.0,1.000000
118,-1,512.0,358.0,20.0,17.0,1.000000
118,-1,521.0,131.0,15.0,14.0,1.000000
118,-1,624.0,251.0,15.0,11.0,1.000000
118,-1,692.0,354.0,23.0,17.0,1.000000
118,-1,769.0,341.0,21.0,14.0,1.000000
118,-1,793.0,371.0,16.0,12.0,1.000000
119,-1,142.0,201.0,16.0,15.0,1.000000
119,-1,177.0,178.0,17.0,15.0,1.000000
119,-1,233.0,286.0,16.0,16.0,1.000000
119,-1,339.0,185.0,17.0,13.0,1.000000
119,-1,344.0,328.0,12.0,10.0,1.000000
119,-1,400.0,339.0,19.0,16.0,1.000000
119,-1,434.0,309.0,12.0,13.0,1.000000
119,-1,443.0,186.0,16.0,12.0,1.000000
119,-1,460.0,330.0,15.0,14.0,1.000000
119,-1,468.0,387.0,13.0,12.0,1.000000
119,-1,514.0,363.0,20.0,17.0,1.000000
119,-1,523.0,135.0,15.0,14.0,1.000000
119,-1,626.0,255.0,15.0,11.0,1.000000
119,-1,694.0,358.0,23.0,17.0,1.000000
119,-1,772.0,345.0,21.0,13.0,1.000000
119,-1,796.0,374.0,16.0,12.0,1.000000
120,-1,145.0,205.0,16.0,15.0,1.000000
120,-1,179.0,182.0,16.0,15.0,1.000000
120,-1,236.0,291.0,16.0,16.0,1.000000
120,-1,341.0,188.0,17.0,13.0,1.000000
120,-1,347.0,333.0,12.0,10.0,1.000000
120,-1,404.0,343.0,19.0,16.0,1.000000
120,-1,436.0,312.0,12.0,13.0,1.000000
120,-1,446.0,191.0,16.0,13.0,1.000000
120,-1,463.0,334.0,15.0,14.0,1.000000
120,-1,471.0,390.0,13.0,12.0,1.000000
120,-1,518.0,367.0,20.0,17.0,1.000000
120,-1,525.0,139.0,15.0,14.0,1.000000
120,-1,629.0,258.0,15.0,11.0,1.000000
120,-1,697.0,361.0,22.0,17.0,1.000000
120,-1,775.0,346.0,21.0,14.0,1.000000
120,-1,798.0,376.0,16.0,12.0,1.000000
121,-1,151.0,208.0,16.0,15.0,1.000000
121,-1,185.0,185.0,17.0,15.0,1.000000
121,-1,241.0,294.0,16.0,16.0,1.000000
121,-1,345.0,190.0,17.0,13.0,1.000000
121,-1,353.0,337.0,12.0,10.0,1.000000
121,-1,408.0,347.0,19.0,16.0,1.000000
121,-1,440.0,313.0,12.0,13.0,1.000000
121,-1,451.0,196.0,16.0,12.0,1.000000
121,-1,464.0,335.0,14.0,13.0,1.000000
121,-1,476.0,394.0,13.0,12.0,1.000000
121,-1,521.0,369.0,23.0,19.0,1.000000
121,-1,531.0,143.0,15.0,14.0,1.000000
121,-1,634.0,262.0,15.0,11.0,1.000000
121,-1,697.0,361.0,23.0,17.0,1.000000
121,-1,782.0,349.0,23.0,16.0,1.000000
121,-1,804.0,379.0,21.0,17.0,1.000000
122,-1,154.0,209.0,16.0,15.0,1.000000
122,-1,187.0,186.0,16.0,14.0,1.000000
122,-1,244.0,296.0,17.0,17.0,1.000000
122,-1,347.0,191.0,17.0,13.0,1.000000
122,-1,356.0,339.0,12.0,10.0,1.000000
122,-1,411.0,350.0,18.0,15.0,1.000000
122,-1,442.0,315.0,12.0,13.0,1.000000
122,-1,453.0,199.0,16.0,12.0,1.000000
122,-1,470.0,340.0,20.0,17.0,1.000000
122,-1,479.0,396.0,13.0,12.0,1.000000
122,-1,525.0,374.0,20.0,17.0,1.000000
122,-1,533.0,145.0,15.0,14.0,1.000000
122,-1,637.0,264.0,15.0,11.0,1.000000
122,-1,697.0,361.0,23.0,17.0,1.000000
122,-1,784.0,351.0,23.0,16.0,1.000000
122,-1,806.0,381.0,21.0,17.0,1.000000
123,-1,156.0,210.0,16.0,15.0,1.000000
123,-1,190.0,188.0,16.0,14.0,1.000000
123,-1,246.0,298.0,17.0,17.0,1.000000
123,-1,349.0,192.0,17.0,13.0,1.000000
123,-1,359.0,341.0,12.0,10.0,1.000000
123,-1,414.0,352.0,18.0,16.0,1.000000
123,-1,445.0,315.0,12.0,13.0,1.000000
123,-1,456.0,200.0,16.0,13.0,1.000000
123,-1,473.0,342.0,19.0,16.0,1.000000
123,-1,482.0,398.0,12.0,11.0,1.000000
123,-1,526.0,374.0,18.0,15.0,1.000000
123,-1,536.0,147.0,15.0,14.0,1.000000
123,-1,639.0,265.0,15.0,11.0,1.000000
123,-1,702.0,364.0,23.0,17.0,1.000000
123,-1,787.0,352.0,23.0,16.0,1.000000
123,-1,809.0,381.0,21.0,17.0,1.000000
