1,-1,342,386,16,16,1,-1,-1,-1
2,-1,342,386,16,16,1,-1,-1,-1
3,-1,342,380,16,16,1,-1,-1,-1
4,-1,342,377,16,16,1,-1,-1,-1
5,-1,341,370,17,17,1,-1,-1,-1
6,-1,341,364,17,17,1,-1,-1,-1
7,-1,341,364,17,17,1,-1,-1,-1
8,-1,341,361,17,17,1,-1,-1,-1
9,-1,341,354,18,18,1,-1,-1,-1
10,-1,341,351,18,18,1,-1,-1,-1
11,-1,341,345,17,17,1,-1,-1,-1
12,-1,341,345,17,17,1,-1,-1,-1
13,-1,341,343,17,17,1,-1,-1,-1
14,-1,340,336,17,17,1,-1,-1,-1
15,-1,340,334,17,17,1,-1,-1,-1
16,-1,340,328,17,17,1,-1,-1,-1
17,-1,340,328,17,17,1,-1,-1,-1
18,-1,340,322,17,17,1,-1,-1,-1
19,-1,340,319,17,17,1,-1,-1,-1
20,-1,245,416,18,14,1,-1,-1,-1
20,-1,340,313,17,17,1,-1,-1,-1
20,-1,449,416,20,14,1,-1,-1,-1
21,-1,246,413,17,15,1,-1,-1,-1
21,-1,340,310,17,17,1,-1,-1,-1
21,-1,450,411,19,17,1,-1,-1,-1
22,-1,246,413,17,15,1,-1,-1,-1
22,-1,340,310,17,17,1,-1,-1,-1
22,-1,450,411,19,17,1,-1,-1,-1
23,-1,246,408,17,16,1,-1,-1,-1
23,-1,339,304,17,17,1,-1,-1,-1
23,-1,450,404,19,17,1,-1,-1,-1
24,-1,246,405,17,16,1,-1,-1,-1
24,-1,339,301,17,17,1,-1,-1,-1
24,-1,450,401,19,17,1,-1,-1,-1
25,-1,246,398,17,16,1,-1,-1,-1
25,-1,340,296,16,17,1,-1,-1,-1
25,-1,450,395,19,17,1,-1,-1,-1
26,-1,244,391,18,18,1,-1,-1,-1
26,-1,339,288,19,18,1,-1,-1,-1
26,-1,450,388,19,17,1,-1,-1,-1
27,-1,244,391,18,18,1,-1,-1,-1
27,-1,339,288,19,18,1,-1,-1,-1
27,-1,450,388,19,17,1,-1,-1,-1
28,-1,244,388,18,18,1,-1,-1,-1
28,-1,339,285,19,18,1,-1,-1,-1
28,-1,450,385,18,16,1,-1,-1,-1
29,-1,245,382,18,19,1,-1,-1,-1
29,-1,339,279,19,18,1,-1,-1,-1
29,-1,450,379,18,16,1,-1,-1,-1
30,-1,245,379,18,19,1,-1,-1,-1
30,-1,339,276,19,18,1,-1,-1,-1
30,-1,450,375,18,17,1,-1,-1,-1
31,-1,245,372,18,19,1,-1,-1,-1
31,-1,340,270,19,18,1,-1,-1,-1
31,-1,450,369,18,16,1,-1,-1,-1
32,-1,245,372,18,19,1,-1,-1,-1
32,-1,340,270,19,18,1,-1,-1,-1
32,-1,450,369,18,16,1,-1,-1,-1
33,-1,245,369,18,19,1,-1,-1,-1
33,-1,339,267,19,18,1,-1,-1,-1
33,-1,450,366,18,16,1,-1,-1,-1
34,-1,245,362,18,19,1,-1,-1,-1
34,-1,339,261,19,18,1,-1,-1,-1
34,-1,450,360,18,16,1,-1,-1,-1
35,-1,245,356,18,19,1,-1,-1,-1
35,-1,338,255,20,19,1,-1,-1,-1
35,-1,450,353,18,16,1,-1,-1,-1
36,-1,245,353,18,19,1,-1,-1,-1
36,-1,339,252,20,19,1,-1,-1,-1
36,-1,450,350,18,16,1,-1,-1,-1
37,-1,245,353,18,19,1,-1,-1,-1
37,-1,339,252,20,19,1,-1,-1,-1
37,-1,450,350,18,16,1,-1,-1,-1
38,-1,245,347,18,19,1,-1,-1,-1
38,-1,339,246,20,19,1,-1,-1,-1
38,-1,450,344,18,16,1,-1,-1,-1
39,-1,246,344,18,19,1,-1,-1,-1
39,-1,339,243,20,19,1,-1,-1,-1
39,-1,451,340,18,16,1,-1,-1,-1
40,-1,246,339,18,19,1,-1,-1,-1
40,-1,340,237,20,19,1,-1,-1,-1
40,-1,451,334,18,16,1,-1,-1,-1
41,-1,246,336,18,19,1,-1,-1,-1
41,-1,339,234,20,19,1,-1,-1,-1
41,-1,451,331,18,16,1,-1,-1,-1
42,-1,246,336,18,19,1,-1,-1,-1
42,-1,339,234,20,19,1,-1,-1,-1
42,-1,451,331,18,16,1,-1,-1,-1
43,-1,246,329,19,20,1,-1,-1,-1
43,-1,339,228,21,20,1,-1,-1,-1
43,-1,451,324,18,16,1,-1,-1,-1
44,-1,156,417,16,12,1,-1,-1,-1
44,-1,246,323,18,19,1,-1,-1,-1
44,-1,339,221,21,20,1,-1,-1,-1
44,-1,351,416,18,14,1,-1,-1,-1
44,-1,452,317,17,15,1,-1,-1,-1
45,-1,156,414,18,15,1,-1,-1,-1
45,-1,246,319,18,19,1,-1,-1,-1
45,-1,339,221,21,20,1,-1,-1,-1
45,-1,351,413,19,16,1,-1,-1,-1
45,-1,452,314,17,16,1,-1,-1,-1
46,-1,155,408,19,17,1,-1,-1,-1
46,-1,246,314,18,19,1,-1,-1,-1
46,-1,340,212,21,20,1,-1,-1,-1
46,-1,351,405,19,20,1,-1,-1,-1
46,-1,452,307,17,15,1,-1,-1,-1
47,-1,155,408,19,17,1,-1,-1,-1
47,-1,246,314,18,19,1,-1,-1,-1
47,-1,340,212,21,20,1,-1,-1,-1
47,-1,351,405,19,20,1,-1,-1,-1
47,-1,452,307,17,15,1,-1,-1,-1
48,-1,155,405,19,17,1,-1,-1,-1
48,-1,246,311,18,19,1,-1,-1,-1
48,-1,340,209,22,20,1,-1,-1,-1
48,-1,351,402,19,20,1,-1,-1,-1
48,-1,452,305,17,15,1,-1,-1,-1
49,-1,156,399,19,17,1,-1,-1,-1
49,-1,247,303,18,19,1,-1,-1,-1
49,-1,340,203,22,21,1,-1,-1,-1
49,-1,351,396,19,20,1,-1,-1,-1
49,-1,452,298,17,15,1,-1,-1,-1
50,-1,156,396,19,17,1,-1,-1,-1
50,-1,247,300,18,19,1,-1,-1,-1
50,-1,340,199,22,21,1,-1,-1,-1
50,-1,351,393,19,20,1,-1,-1,-1
50,-1,453,295,17,15,1,-1,-1,-1
51,-1,156,389,19,17,1,-1,-1,-1
51,-1,247,294,18,18,1,-1,-1,-1
51,-1,340,193,21,20,1,-1,-1,-1
51,-1,351,386,19,20,1,-1,-1,-1
51,-1,453,289,16,15,1,-1,-1,-1
52,-1,156,389,19,17,1,-1,-1,-1
52,-1,247,294,18,18,1,-1,-1,-1
52,-1,341,193,21,20,1,-1,-1,-1
52,-1,351,386,19,20,1,-1,-1,-1
52,-1,453,289,16,15,1,-1,-1,-1
53,-1,155,383,19,17,1,-1,-1,-1
53,-1,247,288,18,18,1,-1,-1,-1
53,-1,340,187,22,22,1,-1,-1,-1
53,-1,352,379,19,20,1,-1,-1,-1
53,-1,453,281,17,15,1,-1,-1,-1
54,-1,155,380,19,17,1,-1,-1,-1
54,-1,247,285,18,18,1,-1,-1,-1
54,-1,339,183,22,22,1,-1,-1,-1
54,-1,350,376,22,23,1,-1,-1,-1
54,-1,453,278,17,15,1,-1,-1,-1
55,-1,155,373,19,17,1,-1,-1,-1
55,-1,247,278,18,18,1,-1,-1,-1
55,-1,339,177,22,22,1,-1,-1,-1
55,-1,350,369,23,24,1,-1,-1,-1
55,-1,453,271,17,15,1,-1,-1,-1
56,-1,155,369,19,17,1,-1,-1,-1
56,-1,247,275,18,18,1,-1,-1,-1
56,-1,339,174,22,22,1,-1,-1,-1
56,-1,349,367,23,21,1,-1,-1,-1
56,-1,453,268,17,15,1,-1,-1,-1
56,-1,514,418,22,13,1,-1,-1,-1
57,-1,155,369,19,17,1,-1,-1,-1
57,-1,247,275,18,18,1,-1,-1,-1
57,-1,339,174,22,22,1,-1,-1,-1
57,-1,349,367,23,21,1,-1,-1,-1
57,-1,453,268,17,15,1,-1,-1,-1
57,-1,514,418,22,10,1,-1,-1,-1
58,-1,156,363,19,17,1,-1,-1,-1
58,-1,248,268,18,18,1,-1,-1,-1
58,-1,339,169,21,21,1,-1,-1,-1
58,-1,349,361,23,21,1,-1,-1,-1
58,-1,453,260,17,15,1,-1,-1,-1
58,-1,515,411,21,16,1,-1,-1,-1
59,-1,156,360,19,17,1,-1,-1,-1
59,-1,248,264,18,18,1,-1,-1,-1
59,-1,339,165,22,22,1,-1,-1,-1
59,-1,349,358,23,21,1,-1,-1,-1
59,-1,453,257,17,15,1,-1,-1,-1
59,-1,515,408,21,16,1,-1,-1,-1
60,-1,156,353,19,17,1,-1,-1,-1
60,-1,248,260,18,18,1,-1,-1,-1
60,-1,339,158,22,22,1,-1,-1,-1
60,-1,350,352,22,20,1,-1,-1,-1
60,-1,453,249,17,15,1,-1,-1,-1
60,-1,515,400,21,16,1,-1,-1,-1
60,-1,641,418,20,15,1,-1,-1,-1
61,-1,156,346,19,17,1,-1,-1,-1
61,-1,249,252,18,18,1,-1,-1,-1
61,-1,339,152,21,21,1,-1,-1,-1
61,-1,349,345,23,21,1,-1,-1,-1
61,-1,452,242,17,15,1,-1,-1,-1
61,-1,515,393,21,16,1,-1,-1,-1
61,-1,641,411,20,17,1,-1,-1,-1
62,-1,156,346,19,17,1,-1,-1,-1
62,-1,249,252,18,18,1,-1,-1,-1
62,-1,339,152,21,21,1,-1,-1,-1
62,-1,349,345,23,21,1,-1,-1,-1
62,-1,452,242,17,15,1,-1,-1,-1
62,-1,515,393,21,16,1,-1,-1,-1
62,-1,641,411,20,17,1,-1,-1,-1
63,-1,156,342,19,17,1,-1,-1,-1
63,-1,250,249,18,18,1,-1,-1,-1
63,-1,337,150,21,21,1,-1,-1,-1
63,-1,351,340,23,21,1,-1,-1,-1
63,-1,452,238,17,15,1,-1,-1,-1
63,-1,515,390,21,16,1,-1,-1,-1
63,-1,641,408,20,17,1,-1,-1,-1
64,-1,156,335,19,17,1,-1,-1,-1
64,-1,249,243,18,18,1,-1,-1,-1
64,-1,339,141,21,21,1,-1,-1,-1
64,-1,351,333,23,21,1,-1,-1,-1
64,-1,453,231,17,15,1,-1,-1,-1
64,-1,515,383,21,16,1,-1,-1,-1
64,-1,641,400,20,17,1,-1,-1,-1
65,-1,156,331,19,17,1,-1,-1,-1
65,-1,249,240,18,18,1,-1,-1,-1
65,-1,339,141,21,21,1,-1,-1,-1
65,-1,351,333,23,21,1,-1,-1,-1
65,-1,453,227,17,15,1,-1,-1,-1
65,-1,515,379,21,16,1,-1,-1,-1
65,-1,641,396,20,17,1,-1,-1,-1
66,-1,156,323,19,17,1,-1,-1,-1
66,-1,250,232,18,18,1,-1,-1,-1
66,-1,339,133,21,21,1,-1,-1,-1
66,-1,350,323,23,21,1,-1,-1,-1
66,-1,453,220,17,15,1,-1,-1,-1
66,-1,515,372,21,16,1,-1,-1,-1
66,-1,641,389,20,17,1,-1,-1,-1
67,-1,156,323,19,17,1,-1,-1,-1
67,-1,250,232,18,18,1,-1,-1,-1
67,-1,339,133,21,21,1,-1,-1,-1
67,-1,350,323,23,21,1,-1,-1,-1
67,-1,453,220,17,15,1,-1,-1,-1
67,-1,515,372,21,16,1,-1,-1,-1
67,-1,641,389,20,17,1,-1,-1,-1
68,-1,156,320,19,17,1,-1,-1,-1
68,-1,250,228,18,18,1,-1,-1,-1
68,-1,339,133,21,21,1,-1,-1,-1
68,-1,350,320,23,21,1,-1,-1,-1
68,-1,453,216,17,15,1,-1,-1,-1
68,-1,515,369,21,16,1,-1,-1,-1
68,-1,641,386,20,17,1,-1,-1,-1
69,-1,156,312,19,17,1,-1,-1,-1
69,-1,250,222,18,18,1,-1,-1,-1
69,-1,338,123,21,21,1,-1,-1,-1
69,-1,351,312,23,21,1,-1,-1,-1
69,-1,453,208,17,15,1,-1,-1,-1
69,-1,515,362,21,16,1,-1,-1,-1
69,-1,641,379,20,17,1,-1,-1,-1
70,-1,157,306,19,17,1,-1,-1,-1
70,-1,250,215,18,18,1,-1,-1,-1
70,-1,259,414,18,14,1,-1,-1,-1
70,-1,338,116,21,21,1,-1,-1,-1
70,-1,351,305,23,21,1,-1,-1,-1
70,-1,453,201,17,15,1,-1,-1,-1
70,-1,515,355,21,16,1,-1,-1,-1
70,-1,641,372,20,17,1,-1,-1,-1
71,-1,157,302,19,17,1,-1,-1,-1
71,-1,250,215,18,18,1,-1,-1,-1
71,-1,259,410,18,14,1,-1,-1,-1
71,-1,338,116,21,21,1,-1,-1,-1
71,-1,351,305,23,21,1,-1,-1,-1
71,-1,453,197,17,15,1,-1,-1,-1
71,-1,515,352,21,16,1,-1,-1,-1
71,-1,641,369,20,17,1,-1,-1,-1
72,-1,157,302,19,17,1,-1,-1,-1
72,-1,250,215,18,18,1,-1,-1,-1
72,-1,259,410,18,14,1,-1,-1,-1
72,-1,338,116,21,21,1,-1,-1,-1
72,-1,351,305,23,21,1,-1,-1,-1
72,-1,453,197,17,15,1,-1,-1,-1
72,-1,515,351,21,16,1,-1,-1,-1
72,-1,641,369,20,17,1,-1,-1,-1
73,-1,54,413,16,15,1,-1,-1,-1
73,-1,158,295,18,16,1,-1,-1,-1
73,-1,249,206,18,18,1,-1,-1,-1
73,-1,260,405,18,15,1,-1,-1,-1
73,-1,337,107,21,21,1,-1,-1,-1
73,-1,350,294,23,21,1,-1,-1,-1
73,-1,453,189,17,15,1,-1,-1,-1
73,-1,515,345,21,16,1,-1,-1,-1
73,-1,641,362,20,17,1,-1,-1,-1
74,-1,54,409,21,18,1,-1,-1,-1
74,-1,158,292,18,16,1,-1,-1,-1
74,-1,249,203,18,18,1,-1,-1,-1
74,-1,260,401,18,15,1,-1,-1,-1
74,-1,337,102,21,21,1,-1,-1,-1
74,-1,350,290,23,21,1,-1,-1,-1
74,-1,453,185,17,15,1,-1,-1,-1
74,-1,515,341,21,16,1,-1,-1,-1
74,-1,641,358,20,17,1,-1,-1,-1
75,-1,52,403,21,18,1,-1,-1,-1
75,-1,159,285,18,16,1,-1,-1,-1
75,-1,249,195,19,19,1,-1,-1,-1
75,-1,258,393,22,17,1,-1,-1,-1
75,-1,337,95,21,21,1,-1,-1,-1
75,-1,352,285,23,21,1,-1,-1,-1
75,-1,453,178,17,15,1,-1,-1,-1
75,-1,515,334,21,16,1,-1,-1,-1
75,-1,641,351,20,17,1,-1,-1,-1
76,-1,53,399,21,18,1,-1,-1,-1
76,-1,159,282,18,16,1,-1,-1,-1
76,-1,249,192,19,19,1,-1,-1,-1
76,-1,258,390,22,17,1,-1,-1,-1
76,-1,336,92,21,21,1,-1,-1,-1
76,-1,352,280,23,21,1,-1,-1,-1
76,-1,435,416,19,17,1,-1,-1,-1
76,-1,453,175,17,15,1,-1,-1,-1
76,-1,516,331,21,16,1,-1,-1,-1
76,-1,641,348,20,17,1,-1,-1,-1
77,-1,53,399,21,18,1,-1,-1,-1
77,-1,159,282,18,16,1,-1,-1,-1
77,-1,249,192,19,19,1,-1,-1,-1
77,-1,258,390,22,17,1,-1,-1,-1
77,-1,336,92,21,21,1,-1,-1,-1
77,-1,352,280,23,21,1,-1,-1,-1
77,-1,435,416,19,12,1,-1,-1,-1
77,-1,453,175,17,15,1,-1,-1,-1
77,-1,516,331,21,16,1,-1,-1,-1
77,-1,641,348,20,17,1,-1,-1,-1
78,-1,53,391,21,18,1,-1,-1,-1
78,-1,158,274,18,17,1,-1,-1,-1
78,-1,249,184,19,19,1,-1,-1,-1
78,-1,258,383,22,17,1,-1,-1,-1
78,-1,337,85,21,21,1,-1,-1,-1
78,-1,353,273,23,21,1,-1,-1,-1
78,-1,435,409,22,20,1,-1,-1,-1
78,-1,454,168,17,15,1,-1,-1,-1
78,-1,516,324,21,16,1,-1,-1,-1
78,-1,641,342,20,17,1,-1,-1,-1
79,-1,54,384,21,18,1,-1,-1,-1
79,-1,159,268,18,17,1,-1,-1,-1
79,-1,250,178,19,19,1,-1,-1,-1
79,-1,258,375,22,17,1,-1,-1,-1
79,-1,337,79,21,21,1,-1,-1,-1
79,-1,352,266,23,21,1,-1,-1,-1
79,-1,435,402,22,19,1,-1,-1,-1
79,-1,454,161,17,15,1,-1,-1,-1
79,-1,516,317,21,16,1,-1,-1,-1
79,-1,642,335,20,17,1,-1,-1,-1
80,-1,54,381,21,18,1,-1,-1,-1
80,-1,159,265,18,17,1,-1,-1,-1
80,-1,250,174,19,19,1,-1,-1,-1
80,-1,258,371,22,17,1,-1,-1,-1
80,-1,336,76,21,21,1,-1,-1,-1
80,-1,352,262,23,21,1,-1,-1,-1
80,-1,436,399,22,19,1,-1,-1,-1
80,-1,454,158,17,15,1,-1,-1,-1
80,-1,516,313,21,16,1,-1,-1,-1
80,-1,642,332,20,17,1,-1,-1,-1
81,-1,55,374,21,18,1,-1,-1,-1
81,-1,160,258,18,17,1,-1,-1,-1
81,-1,250,168,19,19,1,-1,-1,-1
81,-1,260,365,22,17,1,-1,-1,-1
81,-1,337,69,21,21,1,-1,-1,-1
81,-1,352,255,23,21,1,-1,-1,-1
81,-1,436,392,21,19,1,-1,-1,-1
81,-1,455,151,17,15,1,-1,-1,-1
81,-1,516,306,21,16,1,-1,-1,-1
81,-1,642,325,20,17,1,-1,-1,-1
82,-1,55,374,21,18,1,-1,-1,-1
82,-1,160,258,18,17,1,-1,-1,-1
82,-1,250,168,19,19,1,-1,-1,-1
82,-1,260,365,22,17,1,-1,-1,-1
82,-1,337,69,21,21,1,-1,-1,-1
82,-1,352,255,23,21,1,-1,-1,-1
82,-1,436,392,21,19,1,-1,-1,-1
82,-1,455,151,17,15,1,-1,-1,-1
82,-1,516,306,21,16,1,-1,-1,-1
82,-1,642,325,20,17,1,-1,-1,-1
83,-1,55,370,22,19,1,-1,-1,-1
83,-1,160,254,18,17,1,-1,-1,-1
83,-1,250,165,19,19,1,-1,-1,-1
83,-1,260,362,22,17,1,-1,-1,-1
83,-1,337,69,20,16,1,-1,-1,-1
83,-1,352,251,24,22,1,-1,-1,-1
83,-1,436,389,22,19,1,-1,-1,-1
83,-1,455,148,16,14,1,-1,-1,-1
83,-1,516,303,21,16,1,-1,-1,-1
83,-1,551,419,19,13,1,-1,-1,-1
83,-1,642,322,20,17,1,-1,-1,-1
84,-1,55,361,22,19,1,-1,-1,-1
84,-1,160,248,18,17,1,-1,-1,-1
84,-1,251,157,19,19,1,-1,-1,-1
84,-1,260,353,22,17,1,-1,-1,-1
84,-1,338,60,20,19,1,-1,-1,-1
84,-1,354,246,21,19,1,-1,-1,-1
84,-1,437,382,22,19,1,-1,-1,-1
84,-1,455,141,17,15,1,-1,-1,-1
84,-1,517,296,21,16,1,-1,-1,-1
84,-1,551,412,20,16,1,-1,-1,-1
84,-1,643,315,20,17,1,-1,-1,-1
84,-1,742,413,18,15,1,-1,-1,-1
85,-1,56,358,22,19,1,-1,-1,-1
85,-1,160,245,18,17,1,-1,-1,-1
85,-1,251,154,19,19,1,-1,-1,-1
85,-1,260,349,22,17,1,-1,-1,-1
85,-1,338,57,20,19,1,-1,-1,-1
85,-1,354,242,21,19,1,-1,-1,-1
85,-1,437,379,21,19,1,-1,-1,-1
85,-1,455,137,17,15,1,-1,-1,-1
85,-1,517,293,21,16,1,-1,-1,-1
85,-1,551,409,20,16,1,-1,-1,-1
85,-1,643,312,20,17,1,-1,-1,-1
85,-1,742,410,18,15,1,-1,-1,-1
86,-1,57,352,22,19,1,-1,-1,-1
86,-1,161,236,18,17,1,-1,-1,-1
86,-1,251,148,19,19,1,-1,-1,-1
86,-1,260,343,22,17,1,-1,-1,-1
86,-1,338,51,20,19,1,-1,-1,-1
86,-1,353,233,24,22,1,-1,-1,-1
86,-1,437,372,21,18,1,-1,-1,-1
86,-1,455,130,17,15,1,-1,-1,-1
86,-1,517,286,21,16,1,-1,-1,-1
86,-1,551,402,20,16,1,-1,-1,-1
86,-1,644,306,20,17,1,-1,-1,-1
86,-1,742,403,18,15,1,-1,-1,-1
87,-1,57,352,22,19,1,-1,-1,-1
87,-1,161,236,18,17,1,-1,-1,-1
87,-1,251,148,19,19,1,-1,-1,-1
87,-1,260,343,22,17,1,-1,-1,-1
87,-1,338,51,20,19,1,-1,-1,-1
87,-1,353,233,24,22,1,-1,-1,-1
87,-1,437,372,21,18,1,-1,-1,-1
87,-1,455,130,17,15,1,-1,-1,-1
87,-1,517,286,21,16,1,-1,-1,-1
87,-1,551,402,20,16,1,-1,-1,-1
87,-1,644,306,20,17,1,-1,-1,-1
87,-1,742,403,18,15,1,-1,-1,-1
88,-1,58,344,22,19,1,-1,-1,-1
88,-1,161,229,18,17,1,-1,-1,-1
88,-1,177,413,17,15,1,-1,-1,-1
88,-1,250,140,19,19,1,-1,-1,-1
88,-1,260,336,22,17,1,-1,-1,-1
88,-1,338,44,20,19,1,-1,-1,-1
88,-1,353,227,24,22,1,-1,-1,-1
88,-1,369,411,21,17,1,-1,-1,-1
88,-1,438,365,21,18,1,-1,-1,-1
88,-1,456,123,18,15,1,-1,-1,-1
88,-1,518,279,21,16,1,-1,-1,-1
88,-1,552,395,20,16,1,-1,-1,-1
88,-1,644,299,20,17,1,-1,-1,-1
88,-1,742,395,18,15,1,-1,-1,-1
89,-1,58,340,22,19,1,-1,-1,-1
89,-1,162,226,18,17,1,-1,-1,-1
89,-1,177,409,18,16,1,-1,-1,-1
89,-1,250,137,19,19,1,-1,-1,-1
89,-1,260,332,22,17,1,-1,-1,-1
89,-1,338,40,20,19,1,-1,-1,-1
89,-1,353,223,25,23,1,-1,-1,-1
89,-1,369,407,21,17,1,-1,-1,-1
89,-1,437,361,21,18,1,-1,-1,-1
89,-1,455,120,18,16,1,-1,-1,-1
89,-1,518,275,21,16,1,-1,-1,-1
89,-1,551,392,20,16,1,-1,-1,-1
89,-1,644,295,20,17,1,-1,-1,-1
89,-1,743,392,18,15,1,-1,-1,-1
90,-1,57,333,22,19,1,-1,-1,-1
90,-1,162,219,18,17,1,-1,-1,-1
90,-1,178,403,20,16,1,-1,-1,-1
90,-1,253,131,18,18,1,-1,-1,-1
90,-1,261,325,22,17,1,-1,-1,-1
90,-1,338,31,20,19,1,-1,-1,-1
90,-1,353,215,25,23,1,-1,-1,-1
90,-1,370,400,20,21,1,-1,-1,-1
90,-1,438,354,21,18,1,-1,-1,-1
90,-1,456,113,17,15,1,-1,-1,-1
90,-1,518,268,21,16,1,-1,-1,-1
90,-1,552,385,20,16,1,-1,-1,-1
90,-1,644,289,20,17,1,-1,-1,-1
90,-1,743,385,18,15,1,-1,-1,-1
91,-1,58,330,22,19,1,-1,-1,-1
91,-1,162,215,18,17,1,-1,-1,-1
91,-1,178,399,21,17,1,-1,-1,-1
91,-1,253,128,18,18,1,-1,-1,-1
91,-1,262,322,22,17,1,-1,-1,-1
91,-1,338,31,20,19,1,-1,-1,-1
91,-1,353,211,26,24,1,-1,-1,-1
91,-1,370,396,20,21,1,-1,-1,-1
91,-1,438,351,21,18,1,-1,-1,-1
91,-1,456,109,17,15,1,-1,-1,-1
91,-1,518,265,21,16,1,-1,-1,-1
91,-1,552,381,20,16,1,-1,-1,-1
91,-1,644,286,20,17,1,-1,-1,-1
91,-1,743,381,18,15,1,-1,-1,-1
92,-1,58,330,22,19,1,-1,-1,-1
92,-1,162,215,18,17,1,-1,-1,-1
92,-1,178,399,21,17,1,-1,-1,-1
92,-1,253,128,18,18,1,-1,-1,-1
92,-1,262,322,22,17,1,-1,-1,-1
92,-1,338,31,20,19,1,-1,-1,-1
92,-1,353,211,26,24,1,-1,-1,-1
92,-1,370,396,20,21,1,-1,-1,-1
92,-1,438,351,21,18,1,-1,-1,-1
92,-1,456,109,17,15,1,-1,-1,-1
92,-1,518,265,21,16,1,-1,-1,-1
92,-1,552,381,20,16,1,-1,-1,-1
92,-1,644,286,20,17,1,-1,-1,-1
92,-1,743,381,18,15,1,-1,-1,-1
93,-1,59,321,22,19,1,-1,-1,-1
93,-1,160,208,20,18,1,-1,-1,-1
93,-1,178,395,20,16,1,-1,-1,-1
93,-1,254,121,17,18,1,-1,-1,-1
93,-1,262,314,22,17,1,-1,-1,-1
93,-1,339,23,20,19,1,-1,-1,-1
93,-1,352,201,26,23,1,-1,-1,-1
93,-1,371,389,20,21,1,-1,-1,-1
93,-1,439,344,21,18,1,-1,-1,-1
93,-1,457,102,18,16,1,-1,-1,-1
93,-1,518,258,21,16,1,-1,-1,-1
93,-1,552,375,20,16,1,-1,-1,-1
93,-1,645,279,20,17,1,-1,-1,-1
93,-1,743,374,18,15,1,-1,-1,-1
94,-1,59,317,22,19,1,-1,-1,-1
94,-1,160,204,20,18,1,-1,-1,-1
94,-1,178,389,21,17,1,-1,-1,-1
94,-1,254,117,17,18,1,-1,-1,-1
94,-1,262,310,22,17,1,-1,-1,-1
94,-1,339,20,20,19,1,-1,-1,-1
94,-1,352,201,26,23,1,-1,-1,-1
94,-1,371,389,21,22,1,-1,-1,-1
94,-1,439,341,21,18,1,-1,-1,-1
94,-1,457,98,17,15,1,-1,-1,-1
94,-1,519,254,21,16,1,-1,-1,-1
94,-1,552,371,20,16,1,-1,-1,-1
94,-1,645,276,20,17,1,-1,-1,-1
94,-1,744,371,18,15,1,-1,-1,-1
95,-1,59,310,22,19,1,-1,-1,-1
95,-1,162,199,20,18,1,-1,-1,-1
95,-1,178,381,21,17,1,-1,-1,-1
95,-1,255,111,17,18,1,-1,-1,-1
95,-1,263,304,22,17,1,-1,-1,-1
95,-1,340,11,20,19,1,-1,-1,-1
95,-1,353,194,25,22,1,-1,-1,-1
95,-1,372,379,20,21,1,-1,-1,-1
95,-1,440,334,21,18,1,-1,-1,-1
95,-1,458,91,18,16,1,-1,-1,-1
95,-1,519,247,21,16,1,-1,-1,-1
95,-1,553,364,20,16,1,-1,-1,-1
95,-1,645,268,20,17,1,-1,-1,-1
95,-1,744,364,18,15,1,-1,-1,-1
96,-1,59,306,22,19,1,-1,-1,-1
96,-1,163,195,20,18,1,-1,-1,-1
96,-1,181,378,21,17,1,-1,-1,-1
96,-1,255,111,17,18,1,-1,-1,-1
96,-1,263,300,22,17,1,-1,-1,-1
96,-1,340,7,20,19,1,-1,-1,-1
96,-1,353,193,25,22,1,-1,-1,-1
96,-1,372,375,20,21,1,-1,-1,-1
96,-1,440,330,21,18,1,-1,-1,-1
96,-1,458,87,18,16,1,-1,-1,-1
96,-1,520,244,21,16,1,-1,-1,-1
96,-1,553,361,20,16,1,-1,-1,-1
96,-1,646,265,20,17,1,-1,-1,-1
96,-1,744,360,18,15,1,-1,-1,-1
97,-1,59,306,22,19,1,-1,-1,-1
97,-1,163,195,20,18,1,-1,-1,-1
97,-1,181,378,21,17,1,-1,-1,-1
97,-1,255,111,17,18,1,-1,-1,-1
97,-1,263,300,22,17,1,-1,-1,-1
97,-1,340,7,20,19,1,-1,-1,-1
97,-1,353,193,25,22,1,-1,-1,-1
97,-1,372,375,20,21,1,-1,-1,-1
97,-1,440,330,21,18,1,-1,-1,-1
97,-1,458,87,18,16,1,-1,-1,-1
97,-1,520,244,21,16,1,-1,-1,-1
97,-1,553,361,20,16,1,-1,-1,-1
97,-1,646,265,20,17,1,-1,-1,-1
97,-1,744,360,18,15,1,-1,-1,-1
98,-1,61,299,21,18,1,-1,-1,-1
98,-1,162,186,20,18,1,-1,-1,-1
98,-1,180,372,21,17,1,-1,-1,-1
98,-1,256,99,17,18,1,-1,-1,-1
98,-1,264,292,22,17,1,-1,-1,-1
98,-1,341,0,20,19,1,-1,-1,-1
98,-1,355,182,26,23,1,-1,-1,-1
98,-1,373,368,20,21,1,-1,-1,-1
98,-1,441,324,20,18,1,-1,-1,-1
98,-1,459,80,18,16,1,-1,-1,-1
98,-1,520,236,21,16,1,-1,-1,-1
98,-1,554,354,20,16,1,-1,-1,-1
98,-1,646,258,20,17,1,-1,-1,-1
98,-1,745,353,18,15,1,-1,-1,-1
99,-1,61,292,21,18,1,-1,-1,-1
99,-1,163,179,20,18,1,-1,-1,-1
99,-1,181,364,21,17,1,-1,-1,-1
99,-1,258,93,17,18,1,-1,-1,-1
99,-1,265,285,21,17,1,-1,-1,-1
99,-1,342,-7,19,18,1,-1,-1,-1
99,-1,356,175,25,22,1,-1,-1,-1
99,-1,374,361,19,20,1,-1,-1,-1
99,-1,441,317,20,18,1,-1,-1,-1
99,-1,459,73,18,16,1,-1,-1,-1
99,-1,521,230,21,16,1,-1,-1,-1
99,-1,554,347,20,16,1,-1,-1,-1
99,-1,647,251,20,17,1,-1,-1,-1
99,-1,746,346,18,15,1,-1,-1,-1
100,-1,62,288,20,18,1,-1,-1,-1
100,-1,163,175,20,18,1,-1,-1,-1
100,-1,181,361,21,17,1,-1,-1,-1
100,-1,258,90,18,19,1,-1,-1,-1
100,-1,265,282,22,17,1,-1,-1,-1
100,-1,342,-3,18,10,1,-1,-1,-1
100,-1,357,170,25,22,1,-1,-1,-1
100,-1,374,358,19,20,1,-1,-1,-1
100,-1,442,313,21,18,1,-1,-1,-1
100,-1,459,69,18,16,1,-1,-1,-1
100,-1,521,226,21,16,1,-1,-1,-1
100,-1,555,344,20,16,1,-1,-1,-1
100,-1,647,247,20,17,1,-1,-1,-1
100,-1,746,342,19,15,1,-1,-1,-1
101,-1,65,281,20,18,1,-1,-1,-1
101,-1,165,168,20,18,1,-1,-1,-1
101,-1,181,352,21,21,1,-1,-1,-1
101,-1,258,82,19,21,1,-1,-1,-1
101,-1,268,275,22,17,1,-1,-1,-1
101,-1,357,162,26,23,1,-1,-1,-1
101,-1,374,351,19,20,1,-1,-1,-1
101,-1,442,306,21,18,1,-1,-1,-1
101,-1,459,61,18,17,1,-1,-1,-1
101,-1,522,219,21,16,1,-1,-1,-1
101,-1,555,337,20,16,1,-1,-1,-1
101,-1,648,240,20,17,1,-1,-1,-1
101,-1,747,335,18,15,1,-1,-1,-1
102,-1,65,281,20,18,1,-1,-1,-1
102,-1,165,168,20,18,1,-1,-1,-1
102,-1,181,352,21,21,1,-1,-1,-1
102,-1,258,82,19,21,1,-1,-1,-1
102,-1,268,275,22,17,1,-1,-1,-1
102,-1,357,162,26,23,1,-1,-1,-1
102,-1,374,351,19,20,1,-1,-1,-1
102,-1,442,306,21,18,1,-1,-1,-1
102,-1,459,61,18,17,1,-1,-1,-1
102,-1,522,219,21,16,1,-1,-1,-1
102,-1,555,337,20,16,1,-1,-1,-1
102,-1,648,240,20,17,1,-1,-1,-1
102,-1,747,335,18,15,1,-1,-1,-1
103,-1,65,277,20,18,1,-1,-1,-1
103,-1,165,164,20,18,1,-1,-1,-1
103,-1,182,348,21,21,1,-1,-1,-1
103,-1,259,82,18,16,1,-1,-1,-1
103,-1,269,271,22,17,1,-1,-1,-1
103,-1,358,162,25,19,1,-1,-1,-1
103,-1,375,347,19,20,1,-1,-1,-1
103,-1,443,303,20,18,1,-1,-1,-1
103,-1,459,57,18,17,1,-1,-1,-1
103,-1,522,215,21,16,1,-1,-1,-1
103,-1,555,333,20,16,1,-1,-1,-1
103,-1,648,237,20,17,1,-1,-1,-1
103,-1,747,331,18,15,1,-1,-1,-1
104,-1,65,269,20,18,1,-1,-1,-1
104,-1,165,157,20,18,1,-1,-1,-1
104,-1,183,341,21,21,1,-1,-1,-1
104,-1,259,75,18,16,1,-1,-1,-1
104,-1,269,262,22,17,1,-1,-1,-1
104,-1,359,153,25,19,1,-1,-1,-1
104,-1,376,340,19,20,1,-1,-1,-1
104,-1,443,296,20,17,1,-1,-1,-1
104,-1,461,49,18,17,1,-1,-1,-1
104,-1,523,208,21,16,1,-1,-1,-1
104,-1,556,326,20,16,1,-1,-1,-1
104,-1,649,230,20,17,1,-1,-1,-1
104,-1,747,324,18,15,1,-1,-1,-1
105,-1,67,265,20,18,1,-1,-1,-1
105,-1,165,153,20,18,1,-1,-1,-1
105,-1,183,337,21,21,1,-1,-1,-1
105,-1,259,72,18,16,1,-1,-1,-1
105,-1,269,260,22,17,1,-1,-1,-1
105,-1,359,149,25,19,1,-1,-1,-1
105,-1,376,336,18,19,1,-1,-1,-1
105,-1,443,293,21,18,1,-1,-1,-1
105,-1,460,43,18,17,1,-1,-1,-1
105,-1,523,205,21,16,1,-1,-1,-1
105,-1,556,323,20,16,1,-1,-1,-1
105,-1,649,226,20,17,1,-1,-1,-1
105,-1,653,416,19,13,1,-1,-1,-1
105,-1,748,320,18,15,1,-1,-1,-1
106,-1,66,258,20,18,1,-1,-1,-1
106,-1,166,146,19,17,1,-1,-1,-1
106,-1,183,329,21,21,1,-1,-1,-1
106,-1,260,63,18,16,1,-1,-1,-1
106,-1,269,252,22,17,1,-1,-1,-1
106,-1,358,142,25,19,1,-1,-1,-1
106,-1,376,329,19,20,1,-1,-1,-1
106,-1,444,286,20,18,1,-1,-1,-1
106,-1,461,37,18,17,1,-1,-1,-1
106,-1,485,415,18,16,1,-1,-1,-1
106,-1,523,198,21,16,1,-1,-1,-1
106,-1,556,316,20,16,1,-1,-1,-1
106,-1,650,219,20,17,1,-1,-1,-1
106,-1,653,409,21,19,1,-1,-1,-1
106,-1,748,313,18,15,1,-1,-1,-1
107,-1,66,258,20,18,1,-1,-1,-1
107,-1,166,146,19,17,1,-1,-1,-1
107,-1,183,329,21,21,1,-1,-1,-1
107,-1,260,63,18,16,1,-1,-1,-1
107,-1,269,252,22,17,1,-1,-1,-1
107,-1,358,142,25,19,1,-1,-1,-1
107,-1,376,329,19,20,1,-1,-1,-1
107,-1,444,286,20,18,1,-1,-1,-1
107,-1,461,37,18,17,1,-1,-1,-1
107,-1,485,415,18,13,1,-1,-1,-1
107,-1,523,198,21,16,1,-1,-1,-1
107,-1,556,316,20,16,1,-1,-1,-1
107,-1,650,219,20,17,1,-1,-1,-1
107,-1,653,409,21,19,1,-1,-1,-1
107,-1,748,313,18,15,1,-1,-1,-1
108,-1,66,250,20,18,1,-1,-1,-1
108,-1,167,138,19,18,1,-1,-1,-1
108,-1,182,323,21,21,1,-1,-1,-1
108,-1,260,57,18,16,1,-1,-1,-1
108,-1,270,243,22,20,1,-1,-1,-1
108,-1,360,136,24,19,1,-1,-1,-1
108,-1,377,321,20,21,1,-1,-1,-1
108,-1,445,279,20,17,1,-1,-1,-1
108,-1,460,29,18,17,1,-1,-1,-1
108,-1,486,408,18,16,1,-1,-1,-1
108,-1,524,191,21,16,1,-1,-1,-1
108,-1,556,309,20,16,1,-1,-1,-1
108,-1,650,212,20,17,1,-1,-1,-1
108,-1,654,402,21,19,1,-1,-1,-1
108,-1,749,306,18,15,1,-1,-1,-1
109,-1,66,246,20,18,1,-1,-1,-1
109,-1,167,134,19,18,1,-1,-1,-1
109,-1,183,319,20,20,1,-1,-1,-1
109,-1,260,54,18,16,1,-1,-1,-1
109,-1,270,243,22,20,1,-1,-1,-1
109,-1,360,132,24,19,1,-1,-1,-1
109,-1,377,318,19,20,1,-1,-1,-1
109,-1,445,276,20,17,1,-1,-1,-1
109,-1,460,24,22,22,1,-1,-1,-1
109,-1,486,404,18,16,1,-1,-1,-1
109,-1,524,187,21,16,1,-1,-1,-1
109,-1,557,305,19,15,1,-1,-1,-1
109,-1,650,208,20,17,1,-1,-1,-1
109,-1,654,399,21,19,1,-1,-1,-1
109,-1,749,302,18,15,1,-1,-1,-1
110,-1,66,239,20,18,1,-1,-1,-1
110,-1,168,127,19,18,1,-1,-1,-1
110,-1,183,312,20,20,1,-1,-1,-1
110,-1,261,47,18,16,1,-1,-1,-1
110,-1,271,231,22,20,1,-1,-1,-1
110,-1,361,122,24,19,1,-1,-1,-1
110,-1,378,310,19,20,1,-1,-1,-1
110,-1,446,269,20,17,1,-1,-1,-1
110,-1,459,14,22,22,1,-1,-1,-1
110,-1,487,397,18,16,1,-1,-1,-1
110,-1,525,180,21,16,1,-1,-1,-1
110,-1,557,298,19,15,1,-1,-1,-1
110,-1,651,201,20,17,1,-1,-1,-1
110,-1,654,391,21,19,1,-1,-1,-1
110,-1,749,294,19,18,1,-1,-1,-1
111,-1,66,235,20,18,1,-1,-1,-1
111,-1,168,123,19,18,1,-1,-1,-1
111,-1,183,311,20,20,1,-1,-1,-1
111,-1,262,44,17,15,1,-1,-1,-1
111,-1,271,231,22,20,1,-1,-1,-1
111,-1,278,418,14,13,1,-1,-1,-1
111,-1,362,119,24,19,1,-1,-1,-1
111,-1,379,307,19,20,1,-1,-1,-1
111,-1,446,265,20,17,1,-1,-1,-1
111,-1,460,14,22,22,1,-1,-1,-1
111,-1,487,393,18,16,1,-1,-1,-1
111,-1,525,177,21,16,1,-1,-1,-1
111,-1,557,295,19,15,1,-1,-1,-1
111,-1,652,198,19,16,1,-1,-1,-1
111,-1,654,387,22,20,1,-1,-1,-1
111,-1,749,290,19,18,1,-1,-1,-1
112,-1,66,235,20,18,1,-1,-1,-1
112,-1,168,123,19,18,1,-1,-1,-1
112,-1,183,311,20,20,1,-1,-1,-1
112,-1,262,44,17,15,1,-1,-1,-1
112,-1,271,231,22,20,1,-1,-1,-1
112,-1,278,418,14,10,1,-1,-1,-1
112,-1,362,119,24,19,1,-1,-1,-1
112,-1,379,307,19,20,1,-1,-1,-1
112,-1,446,265,20,17,1,-1,-1,-1
112,-1,460,14,22,22,1,-1,-1,-1
112,-1,487,393,18,16,1,-1,-1,-1
112,-1,525,177,21,16,1,-1,-1,-1
112,-1,557,295,19,15,1,-1,-1,-1
112,-1,652,198,19,16,1,-1,-1,-1
112,-1,654,387,22,20,1,-1,-1,-1
112,-1,749,290,19,18,1,-1,-1,-1
113,-1,67,228,21,19,1,-1,-1,-1
113,-1,170,117,18,17,1,-1,-1,-1
113,-1,183,300,20,20,1,-1,-1,-1
113,-1,263,37,18,16,1,-1,-1,-1
113,-1,272,220,22,20,1,-1,-1,-1
113,-1,275,408,22,19,1,-1,-1,-1
113,-1,362,113,24,19,1,-1,-1,-1
113,-1,379,300,18,19,1,-1,-1,-1
113,-1,446,258,20,18,1,-1,-1,-1
113,-1,460,5,22,22,1,-1,-1,-1
113,-1,488,386,18,16,1,-1,-1,-1
113,-1,526,170,21,16,1,-1,-1,-1
113,-1,558,288,19,15,1,-1,-1,-1
113,-1,652,191,19,16,1,-1,-1,-1
113,-1,655,381,21,19,1,-1,-1,-1
113,-1,750,283,19,18,1,-1,-1,-1
114,-1,67,224,21,19,1,-1,-1,-1
114,-1,171,113,18,17,1,-1,-1,-1
114,-1,183,296,20,20,1,-1,-1,-1
114,-1,263,34,18,16,1,-1,-1,-1
114,-1,272,216,22,20,1,-1,-1,-1
114,-1,276,404,22,19,1,-1,-1,-1
114,-1,362,110,24,19,1,-1,-1,-1
114,-1,380,297,19,19,1,-1,-1,-1
114,-1,446,255,20,18,1,-1,-1,-1
114,-1,460,5,22,22,1,-1,-1,-1
114,-1,489,383,18,16,1,-1,-1,-1
114,-1,526,166,20,16,1,-1,-1,-1
114,-1,558,284,19,15,1,-1,-1,-1
114,-1,653,187,19,17,1,-1,-1,-1
114,-1,655,377,21,19,1,-1,-1,-1
114,-1,750,279,19,18,1,-1,-1,-1
115,-1,67,217,21,19,1,-1,-1,-1
115,-1,170,105,18,17,1,-1,-1,-1
115,-1,186,292,20,20,1,-1,-1,-1
115,-1,264,27,18,16,1,-1,-1,-1
115,-1,273,209,22,20,1,-1,-1,-1
115,-1,277,397,21,18,1,-1,-1,-1
115,-1,362,103,24,19,1,-1,-1,-1
115,-1,381,290,18,19,1,-1,-1,-1
115,-1,447,249,20,18,1,-1,-1,-1
115,-1,462,-10,22,22,1,-1,-1,-1
115,-1,489,375,18,16,1,-1,-1,-1
115,-1,527,159,21,16,1,-1,-1,-1
115,-1,558,277,19,15,1,-1,-1,-1
115,-1,653,179,20,17,1,-1,-1,-1
115,-1,656,371,21,19,1,-1,-1,-1
115,-1,751,273,19,18,1,-1,-1,-1
116,-1,67,210,21,19,1,-1,-1,-1
116,-1,171,99,18,17,1,-1,-1,-1
116,-1,185,283,20,20,1,-1,-1,-1
116,-1,264,19,18,16,1,-1,-1,-1
116,-1,274,202,22,20,1,-1,-1,-1
116,-1,277,391,20,18,1,-1,-1,-1
116,-1,363,96,24,19,1,-1,-1,-1
116,-1,382,283,18,18,1,-1,-1,-1
116,-1,448,241,21,18,1,-1,-1,-1
116,-1,490,368,18,16,1,-1,-1,-1
116,-1,527,152,21,16,1,-1,-1,-1
116,-1,559,270,20,16,1,-1,-1,-1
116,-1,653,172,21,17,1,-1,-1,-1
116,-1,656,363,21,19,1,-1,-1,-1
116,-1,752,265,18,17,1,-1,-1,-1
117,-1,67,210,21,19,1,-1,-1,-1
117,-1,171,99,18,17,1,-1,-1,-1
117,-1,185,283,20,20,1,-1,-1,-1
117,-1,264,19,18,16,1,-1,-1,-1
117,-1,274,202,22,20,1,-1,-1,-1
117,-1,277,391,20,18,1,-1,-1,-1
117,-1,363,96,24,19,1,-1,-1,-1
117,-1,382,283,18,18,1,-1,-1,-1
117,-1,448,242,21,18,1,-1,-1,-1
117,-1,490,368,18,16,1,-1,-1,-1
117,-1,527,152,21,16,1,-1,-1,-1
117,-1,559,270,20,16,1,-1,-1,-1
117,-1,653,172,21,17,1,-1,-1,-1
117,-1,656,363,21,19,1,-1,-1,-1
117,-1,752,265,18,17,1,-1,-1,-1
118,-1,67,207,21,19,1,-1,-1,-1
118,-1,171,95,18,17,1,-1,-1,-1
118,-1,185,279,20,20,1,-1,-1,-1
118,-1,264,16,18,16,1,-1,-1,-1
118,-1,274,202,22,20,1,-1,-1,-1
118,-1,278,387,20,18,1,-1,-1,-1
118,-1,363,96,24,19,1,-1,-1,-1
118,-1,382,279,18,19,1,-1,-1,-1
118,-1,448,238,20,18,1,-1,-1,-1
118,-1,490,365,18,16,1,-1,-1,-1
118,-1,528,148,21,16,1,-1,-1,-1
118,-1,559,266,20,16,1,-1,-1,-1
118,-1,654,168,20,17,1,-1,-1,-1
118,-1,657,360,21,19,1,-1,-1,-1
118,-1,753,262,18,17,1,-1,-1,-1
119,-1,68,198,21,19,1,-1,-1,-1
119,-1,170,87,19,18,1,-1,-1,-1
119,-1,185,273,20,20,1,-1,-1,-1
119,-1,265,8,18,16,1,-1,-1,-1
119,-1,274,191,22,20,1,-1,-1,-1
119,-1,278,380,20,18,1,-1,-1,-1
119,-1,364,84,24,19,1,-1,-1,-1
119,-1,383,273,17,18,1,-1,-1,-1
119,-1,448,231,21,18,1,-1,-1,-1
119,-1,490,357,17,15,1,-1,-1,-1
119,-1,528,141,21,16,1,-1,-1,-1
119,-1,559,259,20,16,1,-1,-1,-1
119,-1,655,161,20,17,1,-1,-1,-1
119,-1,657,353,21,19,1,-1,-1,-1
119,-1,754,254,16,17,1,-1,-1,-1
120,-1,68,194,21,19,1,-1,-1,-1
120,-1,170,83,19,18,1,-1,-1,-1
120,-1,185,273,20,20,1,-1,-1,-1
120,-1,265,5,18,16,1,-1,-1,-1
120,-1,274,191,22,20,1,-1,-1,-1
120,-1,279,374,20,18,1,-1,-1,-1
120,-1,364,84,24,19,1,-1,-1,-1
120,-1,384,269,17,18,1,-1,-1,-1
120,-1,448,228,21,18,1,-1,-1,-1
120,-1,491,354,17,15,1,-1,-1,-1
120,-1,528,137,21,16,1,-1,-1,-1
120,-1,559,255,20,16,1,-1,-1,-1
120,-1,655,158,20,17,1,-1,-1,-1
120,-1,657,349,21,19,1,-1,-1,-1
120,-1,754,250,16,17,1,-1,-1,-1
121,-1,68,188,21,19,1,-1,-1,-1
121,-1,171,77,19,18,1,-1,-1,-1
121,-1,185,262,20,20,1,-1,-1,-1
121,-1,265,-1,18,16,1,-1,-1,-1
121,-1,274,179,22,20,1,-1,-1,-1
121,-1,280,367,20,18,1,-1,-1,-1
121,-1,366,75,24,19,1,-1,-1,-1
121,-1,384,262,18,18,1,-1,-1,-1
121,-1,448,221,21,18,1,-1,-1,-1
121,-1,491,347,17,15,1,-1,-1,-1
121,-1,529,130,21,16,1,-1,-1,-1
121,-1,560,248,19,16,1,-1,-1,-1
121,-1,655,150,20,17,1,-1,-1,-1
121,-1,657,342,21,19,1,-1,-1,-1
121,-1,754,244,16,17,1,-1,-1,-1
122,-1,68,188,21,19,1,-1,-1,-1
122,-1,171,77,19,18,1,-1,-1,-1
122,-1,185,262,20,20,1,-1,-1,-1
122,-1,265,-1,18,16,1,-1,-1,-1
122,-1,274,179,22,20,1,-1,-1,-1
122,-1,280,367,20,18,1,-1,-1,-1
122,-1,366,75,24,19,1,-1,-1,-1
122,-1,384,262,18,18,1,-1,-1,-1
122,-1,448,221,21,18,1,-1,-1,-1
122,-1,491,347,17,15,1,-1,-1,-1
122,-1,529,130,21,16,1,-1,-1,-1
122,-1,560,248,20,16,1,-1,-1,-1
122,-1,655,150,20,17,1,-1,-1,-1
122,-1,657,342,21,19,1,-1,-1,-1
122,-1,754,244,16,17,1,-1,-1,-1
123,-1,68,184,21,19,1,-1,-1,-1
123,-1,171,73,19,18,1,-1,-1,-1
123,-1,185,262,20,20,1,-1,-1,-1
123,-1,266,-5,17,15,1,-1,-1,-1
123,-1,274,175,22,20,1,-1,-1,-1
123,-1,280,363,19,17,1,-1,-1,-1
123,-1,366,75,24,19,1,-1,-1,-1
123,-1,384,259,17,18,1,-1,-1,-1
123,-1,448,217,21,18,1,-1,-1,-1
123,-1,491,343,17,15,1,-1,-1,-1
123,-1,529,127,21,16,1,-1,-1,-1
123,-1,560,245,20,16,1,-1,-1,-1
123,-1,655,146,20,17,1,-1,-1,-1
123,-1,657,339,21,19,1,-1,-1,-1
123,-1,754,240,16,17,1,-1,-1,-1
124,-1,68,177,20,19,1,-1,-1,-1
124,-1,170,65,20,19,1,-1,-1,-1
124,-1,188,253,20,20,1,-1,-1,-1
124,-1,276,170,22,20,1,-1,-1,-1
124,-1,281,356,20,18,1,-1,-1,-1
124,-1,365,63,24,19,1,-1,-1,-1
124,-1,385,252,18,18,1,-1,-1,-1
124,-1,448,211,22,19,1,-1,-1,-1
124,-1,491,336,17,15,1,-1,-1,-1
124,-1,530,120,20,15,1,-1,-1,-1
124,-1,560,238,20,16,1,-1,-1,-1
124,-1,656,139,19,17,1,-1,-1,-1
124,-1,657,332,21,19,1,-1,-1,-1
124,-1,753,232,20,17,1,-1,-1,-1
125,-1,69,170,21,19,1,-1,-1,-1
125,-1,170,58,20,19,1,-1,-1,-1
125,-1,185,245,20,20,1,-1,-1,-1
125,-1,274,163,22,20,1,-1,-1,-1
125,-1,281,348,20,18,1,-1,-1,-1
125,-1,365,57,24,19,1,-1,-1,-1
125,-1,386,245,17,18,1,-1,-1,-1
125,-1,448,204,22,19,1,-1,-1,-1
125,-1,491,329,17,15,1,-1,-1,-1
125,-1,530,113,20,15,1,-1,-1,-1
125,-1,561,231,20,16,1,-1,-1,-1
125,-1,574,415,18,14,1,-1,-1,-1
125,-1,656,132,19,16,1,-1,-1,-1
125,-1,658,325,21,19,1,-1,-1,-1
125,-1,753,225,20,17,1,-1,-1,-1
126,-1,69,166,21,19,1,-1,-1,-1
126,-1,171,53,20,19,1,-1,-1,-1
126,-1,186,241,20,19,1,-1,-1,-1
126,-1,275,158,22,20,1,-1,-1,-1
126,-1,281,344,20,18,1,-1,-1,-1
126,-1,364,53,24,19,1,-1,-1,-1
126,-1,386,242,17,18,1,-1,-1,-1
126,-1,448,200,22,19,1,-1,-1,-1
126,-1,491,326,17,15,1,-1,-1,-1
126,-1,530,109,20,15,1,-1,-1,-1
126,-1,561,227,20,16,1,-1,-1,-1
126,-1,574,412,19,19,1,-1,-1,-1
126,-1,656,128,19,17,1,-1,-1,-1
126,-1,658,321,21,19,1,-1,-1,-1
126,-1,754,222,20,17,1,-1,-1,-1
127,-1,69,166,21,19,1,-1,-1,-1
127,-1,171,53,20,19,1,-1,-1,-1
127,-1,186,241,20,19,1,-1,-1,-1
127,-1,275,158,22,20,1,-1,-1,-1
127,-1,281,344,20,18,1,-1,-1,-1
127,-1,364,53,24,19,1,-1,-1,-1
127,-1,386,242,17,18,1,-1,-1,-1
127,-1,448,200,22,19,1,-1,-1,-1
127,-1,491,326,17,15,1,-1,-1,-1
127,-1,530,109,20,15,1,-1,-1,-1
127,-1,561,227,20,16,1,-1,-1,-1
127,-1,574,412,19,16,1,-1,-1,-1
127,-1,656,128,19,17,1,-1,-1,-1
127,-1,658,321,21,19,1,-1,-1,-1
127,-1,754,222,20,17,1,-1,-1,-1
128,-1,69,157,21,19,1,-1,-1,-1
128,-1,171,46,20,19,1,-1,-1,-1
128,-1,187,234,20,19,1,-1,-1,-1
128,-1,276,151,22,20,1,-1,-1,-1
128,-1,282,337,20,18,1,-1,-1,-1
128,-1,365,47,24,19,1,-1,-1,-1
128,-1,385,234,17,18,1,-1,-1,-1
128,-1,449,193,22,19,1,-1,-1,-1
128,-1,491,319,17,15,1,-1,-1,-1
128,-1,530,102,20,15,1,-1,-1,-1
128,-1,561,220,20,16,1,-1,-1,-1
128,-1,574,405,19,19,1,-1,-1,-1
128,-1,656,120,20,17,1,-1,-1,-1
128,-1,658,314,21,19,1,-1,-1,-1
128,-1,754,215,20,17,1,-1,-1,-1
129,-1,69,154,21,19,1,-1,-1,-1
129,-1,172,43,20,19,1,-1,-1,-1
129,-1,187,234,20,19,1,-1,-1,-1
129,-1,275,147,22,20,1,-1,-1,-1
129,-1,283,333,20,18,1,-1,-1,-1
129,-1,365,42,24,19,1,-1,-1,-1
129,-1,385,230,17,18,1,-1,-1,-1
129,-1,447,189,22,19,1,-1,-1,-1
129,-1,491,315,17,15,1,-1,-1,-1
129,-1,530,98,20,16,1,-1,-1,-1
129,-1,561,216,20,16,1,-1,-1,-1
129,-1,574,401,19,19,1,-1,-1,-1
129,-1,656,117,20,17,1,-1,-1,-1
129,-1,658,311,21,19,1,-1,-1,-1
129,-1,755,211,20,17,1,-1,-1,-1
130,-1,69,146,21,19,1,-1,-1,-1
130,-1,171,36,20,19,1,-1,-1,-1
130,-1,187,225,20,19,1,-1,-1,-1
130,-1,276,140,21,20,1,-1,-1,-1
130,-1,283,326,20,18,1,-1,-1,-1
130,-1,365,36,24,19,1,-1,-1,-1
130,-1,383,414,18,19,1,-1,-1,-1
130,-1,386,224,17,18,1,-1,-1,-1
130,-1,447,182,22,19,1,-1,-1,-1
130,-1,492,308,17,15,1,-1,-1,-1
130,-1,531,91,20,15,1,-1,-1,-1
130,-1,561,209,20,16,1,-1,-1,-1
130,-1,574,395,19,19,1,-1,-1,-1
130,-1,657,110,20,17,1,-1,-1,-1
130,-1,658,304,21,19,1,-1,-1,-1
130,-1,755,204,19,16,1,-1,-1,-1
131,-1,69,142,21,19,1,-1,-1,-1
131,-1,171,32,20,19,1,-1,-1,-1
131,-1,188,221,20,19,1,-1,-1,-1
131,-1,276,137,21,20,1,-1,-1,-1
131,-1,283,323,20,18,1,-1,-1,-1
131,-1,366,33,24,19,1,-1,-1,-1
131,-1,386,220,16,17,1,-1,-1,-1
131,-1,386,410,15,19,1,-1,-1,-1
131,-1,447,179,22,19,1,-1,-1,-1
131,-1,492,305,17,15,1,-1,-1,-1
131,-1,531,88,20,15,1,-1,-1,-1
131,-1,562,205,20,16,1,-1,-1,-1
131,-1,574,391,19,19,1,-1,-1,-1
131,-1,657,106,20,17,1,-1,-1,-1
131,-1,658,300,21,19,1,-1,-1,-1
131,-1,755,200,19,16,1,-1,-1,-1
132,-1,69,142,21,19,1,-1,-1,-1
132,-1,171,32,20,19,1,-1,-1,-1
132,-1,188,221,20,19,1,-1,-1,-1
132,-1,276,137,21,20,1,-1,-1,-1
132,-1,283,323,20,18,1,-1,-1,-1
132,-1,366,33,24,19,1,-1,-1,-1
132,-1,386,220,16,17,1,-1,-1,-1
132,-1,386,410,15,18,1,-1,-1,-1
132,-1,447,179,22,19,1,-1,-1,-1
132,-1,492,305,17,15,1,-1,-1,-1
132,-1,531,88,20,15,1,-1,-1,-1
132,-1,562,205,20,16,1,-1,-1,-1
132,-1,574,391,19,19,1,-1,-1,-1
132,-1,657,106,20,17,1,-1,-1,-1
132,-1,658,300,21,19,1,-1,-1,-1
132,-1,755,200,19,16,1,-1,-1,-1
133,-1,69,136,21,19,1,-1,-1,-1
133,-1,171,26,19,18,1,-1,-1,-1
133,-1,188,214,20,19,1,-1,-1,-1
133,-1,276,129,21,20,1,-1,-1,-1
133,-1,284,316,19,17,1,-1,-1,-1
133,-1,365,26,24,19,1,-1,-1,-1
133,-1,385,405,18,18,1,-1,-1,-1
133,-1,386,214,16,17,1,-1,-1,-1
133,-1,447,172,22,19,1,-1,-1,-1
133,-1,492,298,17,15,1,-1,-1,-1
133,-1,531,81,20,15,1,-1,-1,-1
133,-1,562,198,20,16,1,-1,-1,-1
133,-1,574,384,19,19,1,-1,-1,-1
133,-1,657,99,20,17,1,-1,-1,-1
133,-1,658,293,21,19,1,-1,-1,-1
133,-1,756,193,19,16,1,-1,-1,-1
134,-1,70,128,21,19,1,-1,-1,-1
134,-1,171,18,19,18,1,-1,-1,-1
134,-1,188,208,20,19,1,-1,-1,-1
134,-1,277,122,21,20,1,-1,-1,-1
134,-1,286,309,19,17,1,-1,-1,-1
134,-1,367,19,24,19,1,-1,-1,-1
134,-1,384,398,18,18,1,-1,-1,-1
134,-1,387,206,16,17,1,-1,-1,-1
134,-1,448,165,22,19,1,-1,-1,-1
134,-1,492,291,17,15,1,-1,-1,-1
134,-1,532,74,20,15,1,-1,-1,-1
134,-1,562,191,20,16,1,-1,-1,-1
134,-1,575,378,19,19,1,-1,-1,-1
134,-1,658,92,19,16,1,-1,-1,-1
134,-1,658,286,21,19,1,-1,-1,-1
134,-1,756,186,19,16,1,-1,-1,-1
135,-1,70,125,21,19,1,-1,-1,-1
135,-1,171,15,19,18,1,-1,-1,-1
135,-1,188,202,20,19,1,-1,-1,-1
135,-1,277,118,21,20,1,-1,-1,-1
135,-1,286,308,20,18,1,-1,-1,-1
135,-1,366,16,24,19,1,-1,-1,-1
135,-1,384,394,18,18,1,-1,-1,-1
135,-1,387,203,16,17,1,-1,-1,-1
135,-1,447,162,23,20,1,-1,-1,-1
135,-1,493,288,17,15,1,-1,-1,-1
135,-1,531,69,21,16,1,-1,-1,-1
135,-1,563,188,20,16,1,-1,-1,-1
135,-1,575,374,19,19,1,-1,-1,-1
135,-1,658,89,19,17,1,-1,-1,-1
135,-1,659,283,21,19,1,-1,-1,-1
135,-1,756,183,19,16,1,-1,-1,-1
136,-1,71,119,21,19,1,-1,-1,-1
136,-1,173,10,19,18,1,-1,-1,-1
136,-1,189,198,20,19,1,-1,-1,-1
136,-1,278,112,21,20,1,-1,-1,-1
136,-1,285,301,21,19,1,-1,-1,-1
136,-1,367,8,23,19,1,-1,-1,-1
136,-1,385,387,18,18,1,-1,-1,-1
136,-1,387,196,16,17,1,-1,-1,-1
136,-1,448,155,22,19,1,-1,-1,-1
136,-1,493,282,17,15,1,-1,-1,-1
136,-1,531,62,21,16,1,-1,-1,-1
136,-1,563,181,20,16,1,-1,-1,-1
136,-1,575,368,19,19,1,-1,-1,-1
136,-1,658,81,20,17,1,-1,-1,-1
136,-1,659,276,20,18,1,-1,-1,-1
136,-1,757,176,19,16,1,-1,-1,-1
137,-1,71,119,21,19,1,-1,-1,-1
137,-1,173,10,19,18,1,-1,-1,-1
137,-1,189,198,20,19,1,-1,-1,-1
137,-1,278,112,21,20,1,-1,-1,-1
137,-1,285,301,21,19,1,-1,-1,-1
137,-1,367,8,23,19,1,-1,-1,-1
137,-1,385,387,18,18,1,-1,-1,-1
137,-1,387,196,16,17,1,-1,-1,-1
137,-1,448,155,22,19,1,-1,-1,-1
137,-1,493,282,17,15,1,-1,-1,-1
137,-1,531,62,21,16,1,-1,-1,-1
137,-1,563,181,20,16,1,-1,-1,-1
137,-1,575,368,19,19,1,-1,-1,-1
137,-1,658,81,20,17,1,-1,-1,-1
137,-1,659,276,20,18,1,-1,-1,-1
137,-1,757,176,19,16,1,-1,-1,-1
138,-1,71,115,21,19,1,-1,-1,-1
138,-1,173,7,18,17,1,-1,-1,-1
138,-1,189,198,20,19,1,-1,-1,-1
138,-1,278,112,21,20,1,-1,-1,-1
138,-1,285,301,21,19,1,-1,-1,-1
138,-1,367,8,23,19,1,-1,-1,-1
138,-1,385,384,18,18,1,-1,-1,-1
138,-1,388,193,16,17,1,-1,-1,-1
138,-1,448,152,22,19,1,-1,-1,-1
138,-1,493,278,17,15,1,-1,-1,-1
138,-1,532,59,21,16,1,-1,-1,-1
138,-1,564,177,20,16,1,-1,-1,-1
138,-1,575,364,19,19,1,-1,-1,-1
138,-1,658,78,20,17,1,-1,-1,-1
138,-1,659,273,20,18,1,-1,-1,-1
138,-1,757,173,19,16,1,-1,-1,-1
139,-1,70,108,21,19,1,-1,-1,-1
139,-1,173,1,18,15,1,-1,-1,-1
139,-1,190,188,20,19,1,-1,-1,-1
139,-1,279,102,21,20,1,-1,-1,-1
139,-1,285,287,21,19,1,-1,-1,-1
139,-1,367,-1,23,22,1,-1,-1,-1
139,-1,386,376,18,18,1,-1,-1,-1
139,-1,388,185,17,18,1,-1,-1,-1
139,-1,448,145,22,19,1,-1,-1,-1
139,-1,493,272,17,15,1,-1,-1,-1
139,-1,532,52,21,16,1,-1,-1,-1
139,-1,564,171,20,16,1,-1,-1,-1
139,-1,575,357,19,19,1,-1,-1,-1
139,-1,658,71,20,17,1,-1,-1,-1
139,-1,660,266,20,18,1,-1,-1,-1
139,-1,757,166,19,16,1,-1,-1,-1
140,-1,70,103,21,19,1,-1,-1,-1
140,-1,173,-3,18,15,1,-1,-1,-1
140,-1,190,185,20,19,1,-1,-1,-1
140,-1,279,98,21,20,1,-1,-1,-1
140,-1,285,284,21,19,1,-1,-1,-1
140,-1,367,-4,23,21,1,-1,-1,-1
140,-1,386,373,18,18,1,-1,-1,-1
140,-1,388,182,17,18,1,-1,-1,-1
140,-1,449,142,22,19,1,-1,-1,-1
140,-1,494,268,17,15,1,-1,-1,-1
140,-1,532,49,20,15,1,-1,-1,-1
140,-1,564,167,20,16,1,-1,-1,-1
140,-1,575,354,19,19,1,-1,-1,-1
140,-1,658,67,20,17,1,-1,-1,-1
140,-1,660,262,20,18,1,-1,-1,-1
140,-1,757,162,19,17,1,-1,-1,-1
141,-1,71,97,21,19,1,-1,-1,-1
141,-1,190,177,20,19,1,-1,-1,-1
141,-1,277,91,21,20,1,-1,-1,-1
141,-1,286,276,21,19,1,-1,-1,-1
141,-1,386,366,18,18,1,-1,-1,-1
141,-1,388,174,17,18,1,-1,-1,-1
141,-1,449,135,22,19,1,-1,-1,-1
141,-1,493,261,18,16,1,-1,-1,-1
141,-1,532,42,20,15,1,-1,-1,-1
141,-1,565,160,20,16,1,-1,-1,-1
141,-1,575,347,19,19,1,-1,-1,-1
141,-1,659,61,20,17,1,-1,-1,-1
141,-1,660,255,20,18,1,-1,-1,-1
141,-1,758,156,19,16,1,-1,-1,-1
142,-1,71,97,21,19,1,-1,-1,-1
142,-1,190,177,20,19,1,-1,-1,-1
142,-1,277,91,21,20,1,-1,-1,-1
142,-1,286,276,21,19,1,-1,-1,-1
142,-1,386,366,18,18,1,-1,-1,-1
142,-1,388,174,17,18,1,-1,-1,-1
142,-1,449,135,22,19,1,-1,-1,-1
142,-1,493,261,18,16,1,-1,-1,-1
142,-1,532,42,20,15,1,-1,-1,-1
142,-1,565,160,20,16,1,-1,-1,-1
142,-1,575,347,19,19,1,-1,-1,-1
142,-1,659,61,20,17,1,-1,-1,-1
142,-1,660,255,20,18,1,-1,-1,-1
142,-1,758,156,19,16,1,-1,-1,-1
143,-1,72,90,21,19,1,-1,-1,-1
143,-1,190,170,20,19,1,-1,-1,-1
143,-1,277,83,21,20,1,-1,-1,-1
143,-1,286,269,22,19,1,-1,-1,-1
143,-1,387,359,18,18,1,-1,-1,-1
143,-1,388,167,18,19,1,-1,-1,-1
143,-1,449,127,22,19,1,-1,-1,-1
143,-1,494,254,18,16,1,-1,-1,-1
143,-1,532,34,22,16,1,-1,-1,-1
143,-1,566,153,20,16,1,-1,-1,-1
143,-1,575,340,19,19,1,-1,-1,-1
143,-1,659,55,19,16,1,-1,-1,-1
143,-1,661,249,19,18,1,-1,-1,-1
143,-1,758,149,18,15,1,-1,-1,-1
144,-1,72,86,21,19,1,-1,-1,-1
144,-1,191,166,20,19,1,-1,-1,-1
144,-1,280,82,21,20,1,-1,-1,-1
144,-1,288,266,21,19,1,-1,-1,-1
144,-1,387,355,18,18,1,-1,-1,-1
144,-1,388,161,18,19,1,-1,-1,-1
144,-1,449,124,22,19,1,-1,-1,-1
144,-1,494,251,18,16,1,-1,-1,-1
144,-1,532,31,21,16,1,-1,-1,-1
144,-1,566,149,20,16,1,-1,-1,-1
144,-1,575,337,19,19,1,-1,-1,-1
144,-1,659,51,19,16,1,-1,-1,-1
144,-1,661,245,19,17,1,-1,-1,-1
144,-1,758,146,18,16,1,-1,-1,-1
145,-1,72,79,21,19,1,-1,-1,-1
145,-1,191,159,20,19,1,-1,-1,-1
145,-1,280,72,21,20,1,-1,-1,-1
145,-1,288,258,21,19,1,-1,-1,-1
145,-1,387,348,18,18,1,-1,-1,-1
145,-1,388,153,18,19,1,-1,-1,-1
145,-1,450,118,22,19,1,-1,-1,-1
145,-1,494,244,18,16,1,-1,-1,-1
145,-1,532,24,21,16,1,-1,-1,-1
145,-1,566,142,20,16,1,-1,-1,-1
145,-1,575,330,18,18,1,-1,-1,-1
145,-1,659,45,19,16,1,-1,-1,-1
145,-1,661,238,19,18,1,-1,-1,-1
145,-1,758,139,18,16,1,-1,-1,-1
146,-1,72,76,21,19,1,-1,-1,-1
146,-1,191,159,20,19,1,-1,-1,-1
146,-1,280,69,21,20,1,-1,-1,-1
146,-1,288,255,21,19,1,-1,-1,-1
146,-1,387,345,18,18,1,-1,-1,-1
146,-1,388,150,18,19,1,-1,-1,-1
146,-1,449,113,23,19,1,-1,-1,-1
146,-1,494,240,18,16,1,-1,-1,-1
146,-1,532,21,21,16,1,-1,-1,-1
146,-1,566,139,20,16,1,-1,-1,-1
146,-1,575,326,19,19,1,-1,-1,-1
146,-1,659,41,19,16,1,-1,-1,-1
146,-1,661,234,19,18,1,-1,-1,-1
146,-1,758,136,18,16,1,-1,-1,-1
147,-1,72,76,21,19,1,-1,-1,-1
147,-1,191,159,20,19,1,-1,-1,-1
147,-1,280,69,21,20,1,-1,-1,-1
147,-1,288,255,21,19,1,-1,-1,-1
147,-1,387,345,18,18,1,-1,-1,-1
147,-1,388,150,18,19,1,-1,-1,-1
147,-1,449,113,23,19,1,-1,-1,-1
147,-1,494,240,18,16,1,-1,-1,-1
147,-1,532,21,21,16,1,-1,-1,-1
147,-1,566,139,20,16,1,-1,-1,-1
147,-1,575,326,19,19,1,-1,-1,-1
147,-1,659,41,19,16,1,-1,-1,-1
147,-1,661,234,19,18,1,-1,-1,-1
147,-1,758,136,18,16,1,-1,-1,-1
148,-1,73,69,20,18,1,-1,-1,-1
148,-1,191,151,20,19,1,-1,-1,-1
148,-1,281,64,21,20,1,-1,-1,-1
148,-1,288,246,23,21,1,-1,-1,-1
148,-1,387,145,18,19,1,-1,-1,-1
148,-1,388,338,17,17,1,-1,-1,-1
148,-1,450,106,23,19,1,-1,-1,-1
148,-1,495,234,17,15,1,-1,-1,-1
148,-1,532,14,21,16,1,-1,-1,-1
148,-1,567,131,20,16,1,-1,-1,-1
148,-1,575,319,19,19,1,-1,-1,-1
148,-1,659,35,19,16,1,-1,-1,-1
148,-1,662,227,19,18,1,-1,-1,-1
148,-1,759,129,18,15,1,-1,-1,-1
149,-1,73,66,20,18,1,-1,-1,-1
149,-1,191,148,20,19,1,-1,-1,-1
149,-1,281,59,21,20,1,-1,-1,-1
149,-1,288,246,23,21,1,-1,-1,-1
149,-1,387,141,18,19,1,-1,-1,-1
149,-1,388,335,17,17,1,-1,-1,-1
149,-1,452,103,23,19,1,-1,-1,-1
149,-1,495,230,17,15,1,-1,-1,-1
149,-1,532,11,21,16,1,-1,-1,-1
149,-1,567,128,20,16,1,-1,-1,-1
149,-1,575,316,19,19,1,-1,-1,-1
149,-1,659,32,19,16,1,-1,-1,-1
149,-1,662,224,19,17,1,-1,-1,-1
149,-1,759,126,18,16,1,-1,-1,-1
150,-1,74,59,20,18,1,-1,-1,-1
150,-1,191,142,20,19,1,-1,-1,-1
150,-1,281,53,20,19,1,-1,-1,-1
150,-1,288,236,23,21,1,-1,-1,-1
150,-1,387,134,18,19,1,-1,-1,-1
150,-1,388,328,17,17,1,-1,-1,-1
150,-1,451,96,23,19,1,-1,-1,-1
150,-1,488,415,20,14,1,-1,-1,-1
150,-1,495,223,17,15,1,-1,-1,-1
150,-1,532,5,21,16,1,-1,-1,-1
150,-1,568,121,20,16,1,-1,-1,-1
150,-1,575,309,19,19,1,-1,-1,-1
150,-1,659,25,19,16,1,-1,-1,-1
150,-1,663,217,19,17,1,-1,-1,-1
150,-1,759,120,18,16,1,-1,-1,-1
