1,1,506,707,22,16,1,1,1
2,1,513,708,22,16,1,1,1
3,1,519,708,22,16,1,1,1
4,1,525,708,22,16,1,1,1
5,1,531,708,22,16,1,1,1
6,1,537,709,22,16,1,1,1
7,1,544,710,21,16,1,1,1
8,1,550,710,21,16,1,1,1
9,1,554,711,21,15,1,1,1
10,1,556,712,21,16,1,1,1
11,1,556,713,21,16,1,1,1
12,1,558,714,21,15,1,1,1
13,1,559,715,21,16,1,1,1
14,1,561,716,21,15,1,1,1
15,1,562,716,21,15,1,1,1
16,1,562,716,21,15,1,1,1
17,1,564,717,21,15,1,1,1
18,1,564,717,21,15,1,1,1
19,1,566,718,21,15,1,1,1
20,1,567,719,21,15,1,1,1
21,1,567,720,21,16,1,1,1
22,1,569,722,21,16,1,1,1
23,1,571,724,21,15,1,1,1
24,1,571,727,21,15,1,1,1
25,1,572,729,21,15,1,1,1
26,1,571,733,22,16,1,1,1
27,1,573,738,21,15,1,1,1
28,1,572,743,21,15,1,1,1
29,1,573,748,21,15,1,1,1
30,1,574,751,21,16,1,1,1
31,1,575,753,21,15,1,1,1
32,1,575,754,21,16,1,1,1
33,1,576,755,21,15,1,1,1
34,1,576,755,21,15,1,1,1
35,1,577,758,21,15,1,1,1
36,1,577,758,22,16,1,1,1
37,1,577,759,21,15,1,1,1
38,1,576,758,21,15,1,1,1
39,1,576,759,21,15,1,1,1
40,1,576,759,21,15,1,1,1
41,1,576,760,21,16,1,1,1
42,1,577,763,22,16,1,1,1
43,1,578,767,22,16,1,1,1
44,1,578,773,21,16,1,1,1
45,1,578,779,22,16,1,1,1
46,1,579,785,22,16,1,1,1
47,1,579,792,22,16,1,1,1
48,1,579,795,22,16,1,1,1
49,1,579,796,22,16,1,1,1
50,1,581,796,21,15,1,1,1
51,1,581,794,21,16,1,1,1
52,1,581,794,22,16,1,1,1
53,1,580,794,21,15,1,1,1
54,1,581,794,21,16,1,1,1
55,1,581,794,21,15,1,1,1
56,1,581,794,21,16,1,1,1
57,1,582,794,21,15,1,1,1
58,1,583,795,21,15,1,1,1
59,1,583,795,21,15,1,1,1
60,1,583,795,21,15,1,1,1
61,1,585,795,21,15,1,1,1
62,1,585,794,21,15,1,1,1
63,1,585,794,21,15,1,1,1
64,1,586,794,21,15,1,1,1
65,1,586,794,21,15,1,1,1
66,1,586,792,21,15,1,1,1
67,1,586,792,21,15,1,1,1
68,1,587,792,21,15,1,1,1
69,1,587,791,21,15,1,1,1
70,1,588,791,21,15,1,1,1
71,1,590,791,20,15,1,1,1
72,1,591,790,21,15,1,1,1
73,1,592,790,21,15,1,1,1
74,1,592,791,20,15,1,1,1
75,1,592,791,21,15,1,1,1
76,1,592,790,21,15,1,1,1
77,1,593,790,21,15,1,1,1
78,1,593,790,21,15,1,1,1
79,1,594,792,21,15,1,1,1
80,1,594,792,21,15,1,1,1
81,1,595,792,21,15,1,1,1
82,1,595,793,21,15,1,1,1
83,1,595,793,21,15,1,1,1
84,1,596,794,21,15,1,1,1
85,1,597,795,21,15,1,1,1
86,1,598,796,21,15,1,1,1
87,1,600,798,21,15,1,1,1
88,1,601,800,20,15,1,1,1
89,1,601,800,21,15,1,1,1
90,1,602,802,21,15,1,1,1
91,1,603,803,21,15,1,1,1
92,1,604,804,21,15,1,1,1
93,1,605,805,21,15,1,1,1
94,1,606,806,21,15,1,1,1
95,1,607,806,21,15,1,1,1
96,1,608,806,21,15,1,1,1
97,1,609,806,21,15,1,1,1
98,1,611,807,21,15,1,1,1
99,1,612,807,21,15,1,1,1
100,1,613,809,21,15,1,1,1
101,1,614,811,21,15,1,1,1
102,1,615,813,20,15,1,1,1
103,1,616,813,21,15,1,1,1
104,1,616,814,21,15,1,1,1
105,1,616,814,21,15,1,1,1
106,1,617,815,21,15,1,1,1
107,1,617,817,21,15,1,1,1
108,1,617,818,21,15,1,1,1
109,1,618,818,21,15,1,1,1
110,1,618,819,21,15,1,1,1
111,1,619,820,21,15,1,1,1
112,1,620,821,21,15,1,1,1
113,1,620,822,21,16,1,1,1
114,1,621,824,21,15,1,1,1
115,1,621,825,21,15,1,1,1
116,1,621,826,21,15,1,1,1
117,1,621,827,21,15,1,1,1
118,1,621,827,21,15,1,1,1
119,1,621,827,21,15,1,1,1
120,1,622,827,21,15,1,1,1
121,1,623,827,21,15,1,1,1
122,1,623,827,21,15,1,1,1
123,1,622,827,21,15,1,1,1
124,1,623,826,21,15,1,1,1
125,1,623,827,21,15,1,1,1
126,1,622,826,21,15,1,1,1
127,1,622,825,21,15,1,1,1
128,1,622,824,21,15,1,1,1
129,1,621,823,21,15,1,1,1
130,1,621,823,21,15,1,1,1
131,1,620,824,20,15,1,1,1
132,1,619,823,21,15,1,1,1
133,1,619,824,20,15,1,1,1
134,1,618,824,21,15,1,1,1
135,1,618,825,20,15,1,1,1
136,1,618,825,21,15,1,1,1
137,1,616,825,21,15,1,1,1
138,1,615,826,20,15,1,1,1
139,1,612,826,21,15,1,1,1
140,1,609,826,21,15,1,1,1
141,1,607,826,21,15,1,1,1
142,1,605,825,21,15,1,1,1
143,1,603,825,21,15,1,1,1
144,1,601,826,21,15,1,1,1
145,1,599,826,21,15,1,1,1
146,1,597,827,21,15,1,1,1
147,1,596,827,21,15,1,1,1
148,1,595,828,21,15,1,1,1
149,1,594,828,21,15,1,1,1
150,1,593,829,21,15,1,1,1
151,1,594,829,21,15,1,1,1
152,1,593,830,21,15,1,1,1
153,1,594,830,21,15,1,1,1
154,1,592,830,21,15,1,1,1
155,1,591,831,21,15,1,1,1
156,1,591,832,21,15,1,1,1
157,1,590,834,21,15,1,1,1
158,1,589,836,21,15,1,1,1
159,1,589,838,20,15,1,1,1
160,1,588,840,21,15,1,1,1
161,1,588,841,21,15,1,1,1
162,1,587,843,21,15,1,1,1
163,1,586,844,21,15,1,1,1
164,1,585,844,21,15,1,1,1
165,1,584,845,21,15,1,1,1
166,1,583,845,21,15,1,1,1
167,1,582,846,21,15,1,1,1
168,1,581,847,21,15,1,1,1
169,1,580,848,21,15,1,1,1
170,1,579,848,21,15,1,1,1
171,1,579,848,21,15,1,1,1
172,1,579,849,20,15,1,1,1
173,1,577,849,21,15,1,1,1
174,1,575,850,21,15,1,1,1
175,1,573,851,21,15,1,1,1
176,1,571,851,21,15,1,1,1
177,1,570,852,21,15,1,1,1
178,1,568,854,21,15,1,1,1
179,1,567,854,21,15,1,1,1
180,1,565,855,21,15,1,1,1
181,1,562,855,21,15,1,1,1
182,1,559,855,21,15,1,1,1
183,1,554,855,21,15,1,1,1
184,1,549,855,21,15,1,1,1
185,1,543,855,21,15,1,1,1
186,1,535,855,21,15,1,1,1
187,1,526,856,21,15,1,1,1
188,1,519,856,21,15,1,1,1
189,1,513,856,21,15,1,1,1
190,1,508,856,21,15,1,1,1
191,1,503,856,21,15,1,1,1
192,1,499,856,21,15,1,1,1
193,1,496,855,21,15,1,1,1
194,1,492,855,21,15,1,1,1
195,1,486,855,21,15,1,1,1
196,1,481,855,21,15,1,1,1
197,1,474,855,21,15,1,1,1
198,1,467,855,21,15,1,1,1
199,1,460,855,21,15,1,1,1
200,1,452,855,21,15,1,1,1
201,1,445,855,21,15,1,1,1
202,1,438,855,21,15,1,1,1
203,1,434,854,21,15,1,1,1
204,1,428,855,21,15,1,1,1
205,1,428,854,21,15,1,1,1
206,1,427,854,21,15,1,1,1
207,1,426,854,21,15,1,1,1
208,1,426,853,21,15,1,1,1
209,1,425,853,21,15,1,1,1
210,1,424,852,21,15,1,1,1
211,1,423,852,21,15,1,1,1
212,1,423,852,21,15,1,1,1
213,1,421,851,22,15,1,1,1
214,1,422,850,21,15,1,1,1
215,1,423,850,21,15,1,1,1
216,1,422,851,21,15,1,1,1
217,1,422,851,22,15,1,1,1
218,1,421,851,21,15,1,1,1
219,1,421,851,21,15,1,1,1
220,1,420,851,21,15,1,1,1
221,1,420,851,21,15,1,1,1
222,1,420,851,21,15,1,1,1
223,1,419,851,21,15,1,1,1
224,1,419,850,21,15,1,1,1
225,1,418,849,21,15,1,1,1
226,1,417,849,21,15,1,1,1
227,1,417,849,21,15,1,1,1
228,1,416,849,21,15,1,1,1
229,1,416,849,21,15,1,1,1
230,1,415,849,21,15,1,1,1
231,1,414,849,21,15,1,1,1
232,1,413,850,21,15,1,1,1
233,1,411,850,21,15,1,1,1
234,1,410,850,21,15,1,1,1
235,1,410,850,21,15,1,1,1
236,1,408,850,21,15,1,1,1
237,1,406,850,21,15,1,1,1
238,1,405,850,21,15,1,1,1
239,1,402,850,21,15,1,1,1
240,1,400,850,21,15,1,1,1
241,1,399,850,22,15,1,1,1
242,1,398,850,21,15,1,1,1
243,1,396,850,21,15,1,1,1
244,1,394,850,20,15,1,1,1
245,1,392,850,21,15,1,1,1
246,1,390,850,20,14,1,1,1
247,1,389,850,20,14,1,1,1
248,1,386,850,20,14,1,1,1
249,1,382,850,20,15,1,1,1
250,1,376,850,21,15,1,1,1
251,1,373,851,20,14,1,1,1
252,1,370,851,20,14,1,1,1
253,1,367,851,20,14,1,1,1
254,1,365,851,20,14,1,1,1
255,1,362,851,21,15,1,1,1
256,1,360,851,20,14,1,1,1
257,1,357,851,20,15,1,1,1
258,1,354,851,20,15,1,1,1
259,1,352,852,20,15,1,1,1
260,1,350,852,21,15,1,1,1
261,1,348,853,20,14,1,1,1
262,1,346,853,20,14,1,1,1
263,1,345,853,20,14,1,1,1
264,1,344,853,20,14,1,1,1
265,1,342,854,20,14,1,1,1
266,1,341,853,20,14,1,1,1
267,1,339,854,20,15,1,1,1
268,1,338,853,20,15,1,1,1
269,1,337,853,20,14,1,1,1
270,1,335,853,20,15,1,1,1
271,1,334,853,21,15,1,1,1
272,1,333,852,21,15,1,1,1
273,1,331,852,20,15,1,1,1
274,1,330,851,21,15,1,1,1
275,1,330,850,20,14,1,1,1
276,1,329,850,20,14,1,1,1
277,1,329,849,20,14,1,1,1
278,1,329,850,20,14,1,1,1
279,1,328,849,20,14,1,1,1
280,1,326,849,20,15,1,1,1
281,1,325,849,20,14,1,1,1
282,1,324,849,20,15,1,1,1
283,1,323,848,20,14,1,1,1
284,1,322,849,20,14,1,1,1
285,1,321,847,20,14,1,1,1
286,1,322,847,20,14,1,1,1
287,1,323,848,20,14,1,1,1
288,1,323,848,20,14,1,1,1
289,1,324,844,20,14,1,1,1
290,1,324,843,20,15,1,1,1
291,1,323,841,20,14,1,1,1
292,1,322,841,21,15,1,1,1
293,1,322,842,20,14,1,1,1
294,1,319,842,21,15,1,1,1
295,1,318,843,21,15,1,1,1
296,1,316,843,21,15,1,1,1
297,1,315,844,20,14,1,1,1
298,1,313,844,20,15,1,1,1
299,1,311,843,21,15,1,1,1
300,1,311,843,21,15,1,1,1
301,1,311,842,21,15,1,1,1
302,1,309,842,21,15,1,1,1
303,1,309,843,21,15,1,1,1
304,1,308,843,21,15,1,1,1
305,1,308,844,21,15,1,1,1
306,1,306,844,21,15,1,1,1
307,1,303,844,21,15,1,1,1
308,1,298,844,21,15,1,1,1
309,1,292,843,21,15,1,1,1
310,1,286,842,20,15,1,1,1
311,1,281,842,21,15,1,1,1
312,1,276,840,21,15,1,1,1
313,1,274,840,21,15,1,1,1
314,1,273,838,21,15,1,1,1
315,1,273,837,21,15,1,1,1
316,1,273,837,21,15,1,1,1
317,1,273,836,21,15,1,1,1
318,1,271,836,21,15,1,1,1
319,1,270,836,21,15,1,1,1
320,1,270,835,21,15,1,1,1
321,1,268,836,21,15,1,1,1
322,1,266,835,21,15,1,1,1
323,1,265,835,21,15,1,1,1
324,1,264,835,21,15,1,1,1
325,1,264,835,20,15,1,1,1
326,1,264,835,20,15,1,1,1
327,1,263,835,21,15,1,1,1
328,1,263,835,21,15,1,1,1
329,1,263,836,21,15,1,1,1
330,1,262,836,21,15,1,1,1
331,1,263,836,21,15,1,1,1
332,1,263,836,21,15,1,1,1
333,1,263,837,21,15,1,1,1
334,1,263,836,21,15,1,1,1
335,1,264,836,21,15,1,1,1
336,1,265,836,21,15,1,1,1
337,1,265,837,21,15,1,1,1
338,1,265,836,21,15,1,1,1
339,1,264,836,21,15,1,1,1
340,1,264,836,21,15,1,1,1
341,1,265,836,21,15,1,1,1
342,1,266,836,21,15,1,1,1
343,1,266,835,21,15,1,1,1
344,1,265,834,22,16,1,1,1
345,1,265,834,21,15,1,1,1
346,1,264,834,21,15,1,1,1
347,1,263,834,21,15,1,1,1
348,1,263,834,21,15,1,1,1
349,1,262,834,21,15,1,1,1
350,1,262,834,21,15,1,1,1
351,1,262,834,21,15,1,1,1
352,1,261,834,21,15,1,1,1
353,1,262,834,21,15,1,1,1
354,1,262,833,21,15,1,1,1
355,1,260,832,21,15,1,1,1
356,1,259,832,21,15,1,1,1
357,1,258,831,21,15,1,1,1
358,1,257,831,21,15,1,1,1
359,1,256,830,21,15,1,1,1
360,1,255,829,21,15,1,1,1
361,1,253,829,21,15,1,1,1
362,1,251,830,21,15,1,1,1
363,1,251,829,21,15,1,1,1
364,1,250,829,21,15,1,1,1
365,1,250,829,21,15,1,1,1
366,1,251,830,21,15,1,1,1
367,1,250,831,21,15,1,1,1
368,1,250,831,21,15,1,1,1
369,1,249,831,21,15,1,1,1
370,1,248,831,21,15,1,1,1
371,1,247,831,21,15,1,1,1
372,1,247,831,21,15,1,1,1
373,1,248,831,21,15,1,1,1
374,1,247,831,21,15,1,1,1
375,1,247,832,21,15,1,1,1
376,1,247,832,21,15,1,1,1
377,1,248,832,21,15,1,1,1
378,1,248,832,20,15,1,1,1
379,1,248,831,21,15,1,1,1
380,1,248,830,21,15,1,1,1
381,1,248,830,20,15,1,1,1
382,1,249,830,20,15,1,1,1
383,1,250,830,21,15,1,1,1
384,1,252,829,21,15,1,1,1
385,1,256,828,21,15,1,1,1
386,1,260,829,21,15,1,1,1
387,1,264,828,21,15,1,1,1
388,1,271,829,21,15,1,1,1
389,1,279,828,21,15,1,1,1
390,1,288,826,21,15,1,1,1
391,1,296,825,21,15,1,1,1
392,1,302,824,21,15,1,1,1
393,1,306,824,20,15,1,1,1
394,1,308,823,21,15,1,1,1
395,1,309,823,21,15,1,1,1
396,1,309,823,21,15,1,1,1
397,1,310,823,21,15,1,1,1
398,1,310,823,21,15,1,1,1
399,1,310,823,21,15,1,1,1
400,1,310,824,21,15,1,1,1
401,1,311,825,21,15,1,1,1
402,1,311,825,21,15,1,1,1
403,1,310,826,20,14,1,1,1
404,1,310,824,21,15,1,1,1
405,1,311,823,21,15,1,1,1
406,1,311,823,21,15,1,1,1
407,1,312,822,20,15,1,1,1
408,1,311,822,21,15,1,1,1
409,1,309,820,21,15,1,1,1
410,1,309,818,21,15,1,1,1
411,1,309,814,21,15,1,1,1
412,1,310,808,21,15,1,1,1
413,1,310,802,21,15,1,1,1
414,1,310,793,21,15,1,1,1
415,1,309,782,21,15,1,1,1
416,1,309,771,21,15,1,1,1
417,1,308,756,21,15,1,1,1
418,1,307,742,21,15,1,1,1
419,1,307,728,21,15,1,1,1
420,1,307,715,20,15,1,1,1
421,1,305,702,21,15,1,1,1
422,1,303,691,21,15,1,1,1
423,1,303,684,21,15,1,1,1
424,1,302,676,21,15,1,1,1
425,1,301,676,21,15,1,1,1
426,1,300,677,21,15,1,1,1
427,1,297,677,21,15,1,1,1
428,1,295,678,20,14,1,1,1
429,1,294,678,21,15,1,1,1
430,1,292,679,21,15,1,1,1
431,1,292,680,21,15,1,1,1
432,1,291,680,21,15,1,1,1
433,1,290,681,21,15,1,1,1
434,1,289,682,21,15,1,1,1
435,1,287,683,21,15,1,1,1
436,1,288,685,21,15,1,1,1
437,1,286,686,21,15,1,1,1
438,1,283,686,21,15,1,1,1
439,1,280,687,21,15,1,1,1
440,1,276,687,21,15,1,1,1
441,1,271,687,21,15,1,1,1
442,1,266,687,21,15,1,1,1
443,1,262,688,21,15,1,1,1
444,1,257,688,21,15,1,1,1
445,1,254,688,21,15,1,1,1
446,1,251,689,21,15,1,1,1
447,1,247,689,21,15,1,1,1
448,1,242,690,21,15,1,1,1
449,1,237,690,21,15,1,1,1
450,1,232,690,21,15,1,1,1
451,1,226,690,21,15,1,1,1
452,1,219,691,21,15,1,1,1
453,1,214,690,21,15,1,1,1
454,1,211,692,21,15,1,1,1
455,1,208,693,21,15,1,1,1
456,1,207,694,21,15,1,1,1
457,1,206,694,21,15,1,1,1
458,1,204,695,21,15,1,1,1
459,1,203,696,21,15,1,1,1
460,1,202,697,21,15,1,1,1
461,1,201,697,21,15,1,1,1
462,1,201,697,21,15,1,1,1
463,1,201,697,21,15,1,1,1
464,1,201,697,21,15,1,1,1
465,1,201,698,21,15,1,1,1
466,1,201,699,21,15,1,1,1
467,1,201,700,21,15,1,1,1
468,1,200,703,21,15,1,1,1
469,1,201,706,21,15,1,1,1
470,1,201,708,21,15,1,1,1
471,1,201,711,21,15,1,1,1
472,1,200,714,21,15,1,1,1
473,1,200,716,21,15,1,1,1
474,1,198,720,21,15,1,1,1
475,1,199,722,21,15,1,1,1
476,1,199,723,21,15,1,1,1
477,1,199,724,21,15,1,1,1
478,1,200,726,21,15,1,1,1
479,1,200,727,21,15,1,1,1
480,1,202,729,21,15,1,1,1
481,1,202,734,21,15,1,1,1
482,1,202,741,21,15,1,1,1
483,1,202,750,21,15,1,1,1
1,2,509,620,22,19,1,1,1
2,2,512,621,22,19,1,1,1
3,2,514,621,22,19,1,1,1
4,2,517,621,22,19,1,1,1
5,2,519,622,22,19,1,1,1
6,2,521,623,22,19,1,1,1
7,2,523,624,22,19,1,1,1
8,2,525,625,21,18,1,1,1
9,2,525,626,21,18,1,1,1
10,2,523,628,21,18,1,1,1
11,2,520,629,21,18,1,1,1
12,2,517,630,21,18,1,1,1
13,2,515,632,21,18,1,1,1
14,2,512,633,21,18,1,1,1
15,2,509,634,21,18,1,1,1
16,2,506,634,21,18,1,1,1
17,2,504,635,20,18,1,1,1
18,2,500,636,21,18,1,1,1
19,2,498,638,21,18,1,1,1
20,2,495,639,20,18,1,1,1
21,2,492,641,21,18,1,1,1
22,2,489,643,21,18,1,1,1
23,2,487,646,21,18,1,1,1
24,2,485,649,20,17,1,1,1
25,2,481,652,20,17,1,1,1
26,2,477,656,20,17,1,1,1
27,2,474,661,20,17,1,1,1
28,2,471,667,20,17,1,1,1
29,2,468,672,20,17,1,1,1
30,2,465,676,20,17,1,1,1
31,2,462,678,20,17,1,1,1
32,2,459,679,20,17,1,1,1
33,2,456,681,20,17,1,1,1
34,2,454,682,20,17,1,1,1
35,2,450,684,20,17,1,1,1
36,2,447,685,20,17,1,1,1
37,2,444,685,20,17,1,1,1
38,2,439,685,20,18,1,1,1
39,2,435,686,20,17,1,1,1
40,2,432,686,20,17,1,1,1
41,2,430,688,20,17,1,1,1
42,2,428,690,20,17,1,1,1
43,2,425,694,20,17,1,1,1
44,2,422,700,21,18,1,1,1
45,2,419,706,20,18,1,1,1
46,2,416,713,20,18,1,1,1
47,2,414,719,20,18,1,1,1
48,2,411,722,20,18,1,1,1
49,2,408,723,20,18,1,1,1
50,2,406,723,20,17,1,1,1
51,2,404,721,20,17,1,1,1
52,2,401,721,20,17,1,1,1
53,2,398,720,20,17,1,1,1
54,2,395,721,20,17,1,1,1
55,2,393,721,20,17,1,1,1
56,2,391,721,19,17,1,1,1
57,2,389,722,19,16,1,1,1
58,2,387,722,20,17,1,1,1
59,2,385,723,19,16,1,1,1
60,2,383,722,19,16,1,1,1
61,2,382,722,19,16,1,1,1
62,2,380,722,19,16,1,1,1
63,2,379,722,19,16,1,1,1
64,2,378,722,19,16,1,1,1
65,2,377,722,18,16,1,1,1
66,2,376,721,18,16,1,1,1
67,2,375,721,18,16,1,1,1
68,2,375,721,18,16,1,1,1
69,2,374,720,19,16,1,1,1
70,2,375,720,18,16,1,1,1
71,2,376,720,18,16,1,1,1
72,2,377,719,18,16,1,1,1
73,2,378,719,19,16,1,1,1
74,2,378,719,19,16,1,1,1
75,2,379,719,19,16,1,1,1
76,2,379,718,19,16,1,1,1
77,2,381,719,19,16,1,1,1
78,2,382,719,19,16,1,1,1
79,2,383,720,19,16,1,1,1
80,2,385,720,19,16,1,1,1
81,2,386,721,19,16,1,1,1
82,2,387,722,19,16,1,1,1
83,2,388,722,19,17,1,1,1
84,2,390,724,19,16,1,1,1
85,2,392,725,19,17,1,1,1
86,2,395,727,19,17,1,1,1
87,2,397,729,19,17,1,1,1
88,2,399,731,19,17,1,1,1
89,2,401,733,19,17,1,1,1
90,2,402,735,19,17,1,1,1
91,2,404,736,20,17,1,1,1
92,2,406,738,19,17,1,1,1
93,2,409,739,20,17,1,1,1
94,2,411,740,19,17,1,1,1
95,2,414,740,20,17,1,1,1
96,2,416,740,19,17,1,1,1
97,2,418,740,20,17,1,1,1
98,2,421,741,19,17,1,1,1
99,2,424,742,19,17,1,1,1
100,2,426,743,19,17,1,1,1
101,2,428,745,19,17,1,1,1
102,2,430,746,19,17,1,1,1
103,2,432,747,19,16,1,1,1
104,2,434,748,19,17,1,1,1
105,2,435,748,19,17,1,1,1
106,2,436,749,19,17,1,1,1
107,2,438,750,19,17,1,1,1
108,2,439,752,19,17,1,1,1
109,2,441,752,19,16,1,1,1
110,2,442,753,19,16,1,1,1
111,2,444,754,19,16,1,1,1
112,2,446,755,19,16,1,1,1
113,2,448,755,19,17,1,1,1
114,2,449,757,20,17,1,1,1
115,2,450,758,19,17,1,1,1
116,2,451,759,19,17,1,1,1
117,2,452,759,19,17,1,1,1
118,2,452,759,20,17,1,1,1
119,2,454,759,20,17,1,1,1
120,2,455,758,20,17,1,1,1
121,2,457,758,20,17,1,1,1
122,2,459,757,19,17,1,1,1
123,2,460,756,19,17,1,1,1
124,2,461,756,19,17,1,1,1
125,2,462,755,19,17,1,1,1
126,2,463,754,19,17,1,1,1
127,2,463,753,19,16,1,1,1
128,2,464,751,19,17,1,1,1
129,2,464,750,19,17,1,1,1
130,2,464,750,19,16,1,1,1
131,2,464,750,19,16,1,1,1
132,2,464,750,19,16,1,1,1
133,2,465,750,19,17,1,1,1
134,2,465,751,19,17,1,1,1
135,2,466,751,19,17,1,1,1
136,2,466,751,19,17,1,1,1
137,2,466,751,19,17,1,1,1
138,2,465,752,19,17,1,1,1
139,2,463,751,19,17,1,1,1
140,2,461,751,19,17,1,1,1
141,2,460,751,19,17,1,1,1
142,2,459,751,19,17,1,1,1
143,2,458,751,19,17,1,1,1
144,2,456,751,19,17,1,1,1
145,2,455,752,19,16,1,1,1
146,2,454,752,19,17,1,1,1
147,2,454,752,19,17,1,1,1
148,2,453,753,19,17,1,1,1
149,2,453,753,19,17,1,1,1
150,2,454,753,19,17,1,1,1
151,2,455,753,20,17,1,1,1
152,2,455,753,20,17,1,1,1
153,2,456,754,20,17,1,1,1
154,2,456,754,20,17,1,1,1
155,2,456,754,20,17,1,1,1
156,2,456,755,19,17,1,1,1
157,2,456,757,20,17,1,1,1
158,2,456,758,20,17,1,1,1
159,2,457,760,20,17,1,1,1
160,2,457,762,20,17,1,1,1
161,2,458,763,20,17,1,1,1
162,2,457,764,20,17,1,1,1
163,2,457,764,20,17,1,1,1
164,2,457,764,20,17,1,1,1
165,2,457,765,20,17,1,1,1
166,2,457,765,20,17,1,1,1
167,2,456,766,19,17,1,1,1
168,2,456,766,20,17,1,1,1
169,2,455,766,20,17,1,1,1
170,2,456,766,20,17,1,1,1
171,2,456,766,20,17,1,1,1
172,2,456,766,20,17,1,1,1
173,2,455,766,20,17,1,1,1
174,2,454,766,20,17,1,1,1
175,2,453,767,20,17,1,1,1
176,2,451,767,20,17,1,1,1
177,2,451,768,20,17,1,1,1
178,2,451,769,20,17,1,1,1
179,2,450,769,20,17,1,1,1
180,2,449,769,20,17,1,1,1
181,2,447,769,20,17,1,1,1
182,2,444,769,20,17,1,1,1
183,2,440,768,20,17,1,1,1
184,2,436,768,20,17,1,1,1
185,2,430,768,20,17,1,1,1
186,2,422,767,21,17,1,1,1
187,2,415,768,20,17,1,1,1
188,2,408,768,20,17,1,1,1
189,2,403,767,20,17,1,1,1
190,2,398,767,20,17,1,1,1
191,2,394,766,20,17,1,1,1
192,2,390,766,20,17,1,1,1
193,2,387,765,20,17,1,1,1
194,2,384,765,20,17,1,1,1
195,2,379,764,20,17,1,1,1
196,2,374,764,20,17,1,1,1
197,2,368,764,20,17,1,1,1
198,2,361,763,20,17,1,1,1
199,2,354,764,20,17,1,1,1
200,2,348,763,20,17,1,1,1
201,2,341,763,20,17,1,1,1
202,2,335,762,20,17,1,1,1
203,2,331,761,20,17,1,1,1
204,2,326,761,20,17,1,1,1
205,2,326,761,20,17,1,1,1
206,2,326,760,20,17,1,1,1
207,2,326,760,20,17,1,1,1
208,2,326,759,20,17,1,1,1
209,2,325,759,20,17,1,1,1
210,2,325,757,20,17,1,1,1
211,2,325,757,20,17,1,1,1
212,2,325,756,20,17,1,1,1
213,2,324,755,20,17,1,1,1
214,2,326,754,20,17,1,1,1
215,2,327,753,20,17,1,1,1
216,2,328,753,20,17,1,1,1
217,2,328,753,20,17,1,1,1
218,2,329,753,20,17,1,1,1
219,2,329,752,20,17,1,1,1
220,2,330,752,20,17,1,1,1
221,2,331,752,20,17,1,1,1
222,2,332,752,20,17,1,1,1
223,2,333,751,20,17,1,1,1
224,2,333,750,20,17,1,1,1
225,2,334,749,20,17,1,1,1
226,2,335,748,20,17,1,1,1
227,2,336,748,20,17,1,1,1
228,2,337,748,20,17,1,1,1
229,2,338,747,20,17,1,1,1
230,2,339,747,20,17,1,1,1
231,2,340,747,20,17,1,1,1
232,2,340,748,20,17,1,1,1
233,2,341,747,20,17,1,1,1
234,2,342,747,20,17,1,1,1
235,2,343,748,20,17,1,1,1
236,2,343,747,20,17,1,1,1
237,2,343,747,20,17,1,1,1
238,2,344,747,20,17,1,1,1
239,2,343,746,20,17,1,1,1
240,2,344,746,20,17,1,1,1
241,2,345,746,20,17,1,1,1
242,2,345,745,20,17,1,1,1
243,2,346,744,20,17,1,1,1
244,2,346,744,20,17,1,1,1
245,2,346,744,20,17,1,1,1
246,2,347,743,20,17,1,1,1
247,2,348,743,20,17,1,1,1
248,2,348,743,20,17,1,1,1
249,2,346,743,20,17,1,1,1
250,2,344,742,20,17,1,1,1
251,2,344,743,20,17,1,1,1
252,2,343,743,20,17,1,1,1
253,2,343,742,20,17,1,1,1
254,2,344,742,20,17,1,1,1
255,2,346,741,20,17,1,1,1
256,2,346,741,20,17,1,1,1
257,2,346,741,20,17,1,1,1
258,2,347,741,20,17,1,1,1
259,2,347,741,20,17,1,1,1
260,2,348,741,20,17,1,1,1
261,2,350,741,20,17,1,1,1
262,2,351,741,20,17,1,1,1
263,2,353,741,20,17,1,1,1
264,2,355,741,20,17,1,1,1
265,2,356,741,20,17,1,1,1
266,2,358,740,20,17,1,1,1
267,2,359,741,20,17,1,1,1
268,2,361,740,20,17,1,1,1
269,2,362,739,20,17,1,1,1
270,2,363,739,20,17,1,1,1
271,2,364,738,20,17,1,1,1
272,2,365,738,20,17,1,1,1
273,2,366,737,20,17,1,1,1
274,2,367,737,20,17,1,1,1
275,2,369,736,20,17,1,1,1
276,2,371,735,20,17,1,1,1
277,2,372,734,20,17,1,1,1
278,2,375,734,20,17,1,1,1
279,2,376,734,20,17,1,1,1
280,2,376,733,20,17,1,1,1
281,2,377,732,21,17,1,1,1
282,2,378,732,20,17,1,1,1
283,2,378,731,21,18,1,1,1
284,2,379,731,21,17,1,1,1
285,2,379,730,20,17,1,1,1
286,2,382,729,21,18,1,1,1
287,2,384,730,21,18,1,1,1
288,2,386,730,21,18,1,1,1
289,2,387,726,21,17,1,1,1
290,2,389,725,21,18,1,1,1
291,2,389,724,21,18,1,1,1
292,2,390,723,21,18,1,1,1
293,2,391,723,21,18,1,1,1
294,2,389,724,21,18,1,1,1
295,2,389,724,21,18,1,1,1
296,2,389,724,21,18,1,1,1
297,2,388,724,21,18,1,1,1
298,2,387,724,21,18,1,1,1
299,2,387,723,21,18,1,1,1
300,2,387,723,21,18,1,1,1
301,2,387,722,21,18,1,1,1
302,2,387,722,21,17,1,1,1
303,2,386,722,20,17,1,1,1
304,2,386,723,20,17,1,1,1
305,2,385,723,20,17,1,1,1
306,2,383,724,20,17,1,1,1
307,2,380,724,20,17,1,1,1
308,2,375,724,20,17,1,1,1
309,2,368,723,21,18,1,1,1
310,2,361,722,21,18,1,1,1
311,2,356,722,21,17,1,1,1
312,2,350,721,21,17,1,1,1
313,2,347,721,20,17,1,1,1
314,2,345,720,21,17,1,1,1
315,2,344,719,21,18,1,1,1
316,2,342,719,21,18,1,1,1
317,2,340,719,21,18,1,1,1
318,2,336,718,21,18,1,1,1
319,2,334,718,21,18,1,1,1
320,2,332,718,21,18,1,1,1
321,2,328,718,21,18,1,1,1
322,2,325,718,20,17,1,1,1
323,2,322,717,21,18,1,1,1
324,2,319,718,21,18,1,1,1
325,2,316,718,21,18,1,1,1
326,2,314,717,21,18,1,1,1
327,2,311,717,21,18,1,1,1
328,2,308,717,20,17,1,1,1
329,2,306,717,20,17,1,1,1
330,2,302,716,21,17,1,1,1
331,2,300,716,21,18,1,1,1
332,2,298,716,20,17,1,1,1
333,2,295,715,20,17,1,1,1
334,2,293,715,20,17,1,1,1
335,2,290,714,21,18,1,1,1
336,2,288,713,21,18,1,1,1
337,2,285,713,21,18,1,1,1
338,2,282,712,20,17,1,1,1
339,2,278,711,21,18,1,1,1
340,2,275,710,21,18,1,1,1
341,2,274,709,21,18,1,1,1
342,2,271,708,21,17,1,1,1
343,2,269,707,21,18,1,1,1
344,2,266,706,21,18,1,1,1
345,2,262,706,21,18,1,1,1
346,2,259,705,21,18,1,1,1
347,2,255,704,21,18,1,1,1
348,2,252,704,21,18,1,1,1
349,2,248,703,21,18,1,1,1
350,2,245,702,21,18,1,1,1
351,2,243,702,21,18,1,1,1
352,2,240,702,21,18,1,1,1
353,2,237,700,21,18,1,1,1
354,2,237,700,20,17,1,1,1
355,2,233,699,21,17,1,1,1
356,2,228,697,22,19,1,1,1
357,2,225,696,22,19,1,1,1
358,2,222,695,22,19,1,1,1
359,2,219,694,22,19,1,1,1
360,2,216,693,22,19,1,1,1
361,2,213,692,22,19,1,1,1
362,2,209,692,23,19,1,1,1
363,2,207,692,22,19,1,1,1
364,2,204,692,22,19,1,1,1
365,2,203,692,22,19,1,1,1
366,2,202,692,22,19,1,1,1
367,2,200,693,22,19,1,1,1
368,2,198,693,22,19,1,1,1
369,2,196,693,22,19,1,1,1
370,2,194,693,22,19,1,1,1
371,2,192,691,27,21,1,1,1
372,2,191,691,27,21,1,1,1
373,2,190,692,27,21,1,1,1
374,2,188,692,27,21,1,1,1
375,2,188,693,27,21,1,1,1
376,2,188,693,27,21,1,1,1
377,2,188,693,27,21,1,1,1
378,2,187,693,27,21,1,1,1
379,2,187,692,27,21,1,1,1
380,2,186,691,27,21,1,1,1
381,2,186,691,27,21,1,1,1
382,2,187,692,27,21,1,1,1
383,2,189,692,27,21,1,1,1
384,2,190,691,27,21,1,1,1
385,2,194,691,26,21,1,1,1
386,2,198,691,27,21,1,1,1
387,2,203,691,27,21,1,1,1
388,2,210,691,27,21,1,1,1
389,2,220,691,26,21,1,1,1
390,2,229,690,27,21,1,1,1
391,2,237,688,26,21,1,1,1
392,2,243,687,27,21,1,1,1
393,2,248,687,26,20,1,1,1
394,2,250,687,26,21,1,1,1
395,2,252,687,26,20,1,1,1
396,2,253,687,26,20,1,1,1
397,2,254,687,26,20,1,1,1
398,2,254,688,26,20,1,1,1
399,2,255,688,26,20,1,1,1
400,2,256,689,26,20,1,1,1
401,2,258,690,26,20,1,1,1
402,2,258,690,27,21,1,1,1
403,2,258,690,26,20,1,1,1
404,2,259,689,26,20,1,1,1
405,2,261,688,25,20,1,1,1
406,2,263,688,25,20,1,1,1
407,2,264,687,25,20,1,1,1
408,2,265,687,25,20,1,1,1
409,2,265,685,26,20,1,1,1
410,2,265,682,26,21,1,1,1
411,2,266,678,26,20,1,1,1
412,2,267,672,26,20,1,1,1
413,2,269,666,26,20,1,1,1
414,2,270,658,26,20,1,1,1
415,2,270,648,26,20,1,1,1
416,2,272,636,26,20,1,1,1
417,2,272,622,26,20,1,1,1
418,2,272,607,26,20,1,1,1
419,2,272,593,26,20,1,1,1
420,2,272,580,25,20,1,1,1
421,2,272,569,25,20,1,1,1
422,2,271,557,26,20,1,1,1
423,2,272,549,26,20,1,1,1
424,2,272,543,25,19,1,1,1
425,2,272,542,26,20,1,1,1
426,2,272,543,26,20,1,1,1
427,2,271,544,25,20,1,1,1
428,2,270,544,25,20,1,1,1
429,2,270,545,26,20,1,1,1
430,2,269,545,26,20,1,1,1
431,2,270,546,25,20,1,1,1
432,2,269,547,25,19,1,1,1
433,2,269,548,25,19,1,1,1
434,2,269,549,25,19,1,1,1
435,2,269,550,25,19,1,1,1
436,2,269,553,24,19,1,1,1
437,2,268,554,25,19,1,1,1
438,2,266,554,25,19,1,1,1
439,2,264,554,25,19,1,1,1
440,2,260,554,25,19,1,1,1
441,2,256,555,25,19,1,1,1
442,2,251,555,25,19,1,1,1
443,2,247,554,25,19,1,1,1
444,2,243,554,25,19,1,1,1
445,2,240,555,25,19,1,1,1
446,2,237,555,25,19,1,1,1
447,2,233,556,25,19,1,1,1
448,2,229,556,25,19,1,1,1
449,2,224,556,25,19,1,1,1
450,2,219,556,25,19,1,1,1
451,2,213,556,25,19,1,1,1
452,2,206,557,25,19,1,1,1
453,2,201,556,25,19,1,1,1
454,2,197,558,25,19,1,1,1
455,2,194,558,25,19,1,1,1
456,2,193,559,25,19,1,1,1
457,2,191,560,25,19,1,1,1
458,2,189,560,25,19,1,1,1
459,2,188,561,25,19,1,1,1
460,2,185,562,25,19,1,1,1
461,2,184,562,25,19,1,1,1
462,2,183,562,26,19,1,1,1
463,2,183,562,25,19,1,1,1
464,2,183,563,25,19,1,1,1
465,2,183,563,25,19,1,1,1
466,2,182,564,25,19,1,1,1
467,2,181,565,25,19,1,1,1
468,2,179,568,25,19,1,1,1
469,2,178,570,26,20,1,1,1
470,2,178,573,26,20,1,1,1
471,2,178,575,26,20,1,1,1
472,2,176,577,26,20,1,1,1
473,2,175,580,26,20,1,1,1
474,2,174,584,25,19,1,1,1
475,2,173,586,25,19,1,1,1
476,2,172,587,26,19,1,1,1
477,2,172,588,26,19,1,1,1
478,2,171,589,26,19,1,1,1
479,2,171,590,26,19,1,1,1
480,2,172,593,25,19,1,1,1
481,2,171,597,25,19,1,1,1
482,2,170,604,25,19,1,1,1
483,2,170,613,26,19,1,1,1
1,3,913,672,23,19,1,1,1
2,3,917,672,23,19,1,1,1
3,3,921,672,23,19,1,1,1
4,3,925,673,23,19,1,1,1
5,3,929,674,23,19,1,1,1
6,3,933,674,23,19,1,1,1
7,3,937,674,23,19,1,1,1
8,3,941,674,23,19,1,1,1
9,3,943,675,23,19,1,1,1
10,3,942,675,23,19,1,1,1
11,3,940,676,23,19,1,1,1
12,3,940,677,23,19,1,1,1
13,3,939,678,23,19,1,1,1
14,3,938,679,23,19,1,1,1
15,3,937,679,23,19,1,1,1
16,3,936,679,23,19,1,1,1
17,3,935,680,23,19,1,1,1
18,3,933,680,23,19,1,1,1
19,3,933,682,23,19,1,1,1
20,3,932,682,23,19,1,1,1
21,3,931,685,23,19,1,1,1
22,3,930,687,23,19,1,1,1
23,3,929,689,23,19,1,1,1
24,3,928,692,23,19,1,1,1
25,3,927,695,22,18,1,1,1
26,3,924,699,23,19,1,1,1
27,3,923,704,23,19,1,1,1
28,3,921,709,22,19,1,1,1
29,3,920,715,23,19,1,1,1
30,3,919,718,23,19,1,1,1
31,3,918,720,23,19,1,1,1
32,3,916,722,23,19,1,1,1
33,3,915,722,23,19,1,1,1
34,3,914,724,22,18,1,1,1
35,3,913,726,22,18,1,1,1
36,3,910,727,23,19,1,1,1
37,3,909,728,23,19,1,1,1
38,3,906,728,23,19,1,1,1
39,3,904,729,23,19,1,1,1
40,3,902,730,23,19,1,1,1
41,3,901,732,23,19,1,1,1
42,3,900,735,23,19,1,1,1
43,3,898,739,23,19,1,1,1
44,3,897,746,23,19,1,1,1
45,3,896,753,23,19,1,1,1
46,3,895,759,22,18,1,1,1
47,3,894,766,23,19,1,1,1
48,3,892,770,23,19,1,1,1
49,3,891,772,23,19,1,1,1
50,3,890,772,23,19,1,1,1
51,3,889,772,22,18,1,1,1
52,3,887,772,22,18,1,1,1
53,3,884,772,22,18,1,1,1
54,3,883,773,22,18,1,1,1
55,3,881,773,22,18,1,1,1
56,3,879,775,22,18,1,1,1
57,3,879,776,22,18,1,1,1
58,3,878,776,22,18,1,1,1
59,3,876,776,22,19,1,1,1
60,3,874,776,22,18,1,1,1
61,3,874,776,22,18,1,1,1
62,3,873,776,22,18,1,1,1
63,3,871,776,22,18,1,1,1
64,3,870,776,22,18,1,1,1
65,3,868,776,22,18,1,1,1
66,3,866,775,22,18,1,1,1
67,3,865,775,22,18,1,1,1
68,3,863,775,22,18,1,1,1
69,3,862,774,22,18,1,1,1
70,3,861,774,22,18,1,1,1
71,3,861,774,22,18,1,1,1
72,3,860,774,22,18,1,1,1
73,3,859,774,22,18,1,1,1
74,3,858,774,22,18,1,1,1
75,3,856,774,22,18,1,1,1
76,3,855,774,21,18,1,1,1
77,3,854,774,22,18,1,1,1
78,3,853,775,21,18,1,1,1
79,3,851,776,22,18,1,1,1
80,3,850,776,21,18,1,1,1
81,3,849,776,22,18,1,1,1
82,3,847,777,21,18,1,1,1
83,3,846,777,21,18,1,1,1
84,3,845,777,21,18,1,1,1
85,3,845,778,21,18,1,1,1
86,3,844,778,21,18,1,1,1
87,3,844,778,22,18,1,1,1
88,3,843,779,21,18,1,1,1
89,3,843,779,22,18,1,1,1
90,3,841,780,22,18,1,1,1
91,3,841,781,22,18,1,1,1
92,3,840,781,22,18,1,1,1
93,3,840,781,22,18,1,1,1
94,3,839,782,22,18,1,1,1
95,3,839,782,22,18,1,1,1
96,3,838,782,22,18,1,1,1
97,3,838,782,22,18,1,1,1
98,3,838,783,22,18,1,1,1
99,3,838,784,22,18,1,1,1
100,3,838,785,22,18,1,1,1
101,3,836,787,22,18,1,1,1
102,3,836,788,22,18,1,1,1
103,3,835,789,21,18,1,1,1
104,3,835,790,22,18,1,1,1
105,3,833,791,22,18,1,1,1
106,3,833,792,21,18,1,1,1
107,3,832,793,22,18,1,1,1
108,3,831,794,21,18,1,1,1
109,3,830,795,21,18,1,1,1
110,3,829,797,21,18,1,1,1
111,3,828,798,22,18,1,1,1
112,3,827,799,22,18,1,1,1
113,3,827,800,22,18,1,1,1
114,3,826,802,22,18,1,1,1
115,3,826,803,22,18,1,1,1
116,3,824,805,21,17,1,1,1
117,3,823,805,21,18,1,1,1
118,3,822,806,21,18,1,1,1
119,3,822,807,20,17,1,1,1
120,3,821,807,21,17,1,1,1
121,3,821,808,21,17,1,1,1
122,3,820,808,21,17,1,1,1
123,3,819,809,21,17,1,1,1
124,3,818,809,21,17,1,1,1
125,3,818,810,21,17,1,1,1
126,3,817,810,21,17,1,1,1
127,3,817,809,21,17,1,1,1
128,3,817,809,21,17,1,1,1
129,3,816,808,21,17,1,1,1
130,3,816,808,20,17,1,1,1
131,3,814,809,20,17,1,1,1
132,3,815,809,21,17,1,1,1
133,3,815,809,20,17,1,1,1
134,3,815,810,20,17,1,1,1
135,3,815,810,21,17,1,1,1
136,3,816,810,21,17,1,1,1
137,3,816,811,21,17,1,1,1
138,3,815,811,21,17,1,1,1
139,3,814,811,21,17,1,1,1
140,3,812,811,21,17,1,1,1
141,3,812,811,21,17,1,1,1
142,3,811,811,21,17,1,1,1
143,3,811,811,21,17,1,1,1
144,3,811,811,21,17,1,1,1
145,3,811,811,20,17,1,1,1
146,3,811,811,20,17,1,1,1
147,3,812,812,21,17,1,1,1
148,3,814,812,21,17,1,1,1
149,3,815,812,21,17,1,1,1
150,3,817,813,20,17,1,1,1
151,3,820,813,20,17,1,1,1
152,3,822,813,20,17,1,1,1
153,3,825,814,20,17,1,1,1
154,3,826,814,20,17,1,1,1
155,3,828,814,21,17,1,1,1
156,3,830,815,21,17,1,1,1
157,3,832,816,21,18,1,1,1
158,3,834,819,21,18,1,1,1
159,3,836,821,22,18,1,1,1
160,3,839,823,22,18,1,1,1
161,3,841,824,22,18,1,1,1
162,3,843,825,22,18,1,1,1
163,3,845,825,22,18,1,1,1
164,3,847,826,22,18,1,1,1
165,3,849,827,22,18,1,1,1
166,3,851,828,22,18,1,1,1
167,3,853,829,22,18,1,1,1
168,3,855,830,22,18,1,1,1
169,3,857,830,22,18,1,1,1
170,3,860,830,22,18,1,1,1
171,3,862,831,22,18,1,1,1
172,3,864,831,22,18,1,1,1
173,3,866,832,22,18,1,1,1
174,3,867,832,22,18,1,1,1
175,3,867,833,22,18,1,1,1
176,3,868,834,22,18,1,1,1
177,3,869,835,22,18,1,1,1
178,3,870,836,22,18,1,1,1
179,3,871,837,21,17,1,1,1
180,3,871,837,22,18,1,1,1
181,3,871,838,21,17,1,1,1
182,3,869,838,22,18,1,1,1
183,3,867,838,21,17,1,1,1
184,3,864,838,21,17,1,1,1
185,3,860,838,21,17,1,1,1
186,3,853,837,22,18,1,1,1
187,3,848,838,21,17,1,1,1
188,3,842,838,21,17,1,1,1
189,3,838,839,21,17,1,1,1
190,3,834,839,21,17,1,1,1
191,3,830,839,21,17,1,1,1
192,3,828,838,21,17,1,1,1
193,3,826,838,21,17,1,1,1
194,3,823,838,21,17,1,1,1
195,3,819,838,21,17,1,1,1
196,3,815,838,21,17,1,1,1
197,3,810,839,21,17,1,1,1
198,3,804,839,21,17,1,1,1
199,3,797,839,20,16,1,1,1
200,3,791,839,21,17,1,1,1
201,3,785,839,21,17,1,1,1
202,3,779,839,21,17,1,1,1
203,3,775,838,21,17,1,1,1
204,3,771,839,21,17,1,1,1
205,3,771,839,20,17,1,1,1
206,3,771,839,21,17,1,1,1
207,3,771,839,21,17,1,1,1
208,3,771,839,21,17,1,1,1
209,3,770,839,21,17,1,1,1
210,3,770,838,21,17,1,1,1
211,3,770,838,21,17,1,1,1
212,3,771,838,20,16,1,1,1
213,3,770,837,21,17,1,1,1
214,3,771,837,20,16,1,1,1
215,3,772,837,20,16,1,1,1
216,3,773,837,20,16,1,1,1
217,3,773,837,20,16,1,1,1
218,3,774,838,20,16,1,1,1
219,3,774,838,20,16,1,1,1
220,3,774,838,20,16,1,1,1
221,3,775,838,21,17,1,1,1
222,3,776,838,20,16,1,1,1
223,3,777,838,20,16,1,1,1
224,3,777,837,20,16,1,1,1
225,3,777,836,20,16,1,1,1
226,3,778,836,20,16,1,1,1
227,3,779,836,20,16,1,1,1
228,3,779,836,20,16,1,1,1
229,3,781,836,20,16,1,1,1
230,3,781,836,20,16,1,1,1
231,3,782,836,20,16,1,1,1
232,3,782,836,20,16,1,1,1
233,3,782,837,20,16,1,1,1
234,3,783,837,20,16,1,1,1
235,3,783,837,20,16,1,1,1
236,3,783,837,20,16,1,1,1
237,3,784,837,20,16,1,1,1
238,3,784,837,20,16,1,1,1
239,3,783,836,20,16,1,1,1
240,3,783,836,20,16,1,1,1
241,3,783,836,20,16,1,1,1
242,3,784,835,20,16,1,1,1
243,3,784,835,20,16,1,1,1
244,3,784,835,20,16,1,1,1
245,3,784,835,19,16,1,1,1
246,3,784,835,19,16,1,1,1
247,3,784,835,20,16,1,1,1
248,3,784,835,20,16,1,1,1
249,3,781,836,19,15,1,1,1
250,3,779,836,19,16,1,1,1
251,3,778,836,20,16,1,1,1
252,3,777,836,20,16,1,1,1
253,3,776,836,19,16,1,1,1
254,3,777,836,20,16,1,1,1
255,3,777,835,20,16,1,1,1
256,3,777,836,20,16,1,1,1
257,3,777,835,20,16,1,1,1
258,3,777,836,20,17,1,1,1
259,3,777,836,20,16,1,1,1
260,3,778,837,20,16,1,1,1
261,3,778,837,20,16,1,1,1
262,3,779,837,20,16,1,1,1
263,3,780,838,20,16,1,1,1
264,3,781,838,20,16,1,1,1
265,3,782,838,20,16,1,1,1
266,3,782,838,20,16,1,1,1
267,3,783,838,19,16,1,1,1
268,3,784,838,20,16,1,1,1
269,3,784,838,20,16,1,1,1
270,3,785,838,20,17,1,1,1
271,3,785,838,20,16,1,1,1
272,3,785,837,20,16,1,1,1
273,3,786,837,20,16,1,1,1
274,3,787,838,19,16,1,1,1
275,3,787,837,20,16,1,1,1
276,3,787,836,20,16,1,1,1
277,3,789,836,20,16,1,1,1
278,3,790,837,19,16,1,1,1
279,3,790,837,20,16,1,1,1
280,3,790,836,20,16,1,1,1
281,3,790,837,19,16,1,1,1
282,3,790,836,20,16,1,1,1
283,3,790,836,20,16,1,1,1
284,3,790,836,19,16,1,1,1
285,3,790,835,20,16,1,1,1
286,3,790,835,19,16,1,1,1
287,3,790,836,20,16,1,1,1
288,3,791,837,20,16,1,1,1
289,3,791,834,20,16,1,1,1
290,3,791,834,19,16,1,1,1
291,3,791,833,20,16,1,1,1
292,3,790,833,20,16,1,1,1
293,3,789,834,21,17,1,1,1
294,3,787,836,20,16,1,1,1
295,3,786,836,20,16,1,1,1
296,3,784,837,20,16,1,1,1
297,3,782,837,20,16,1,1,1
298,3,779,836,20,16,1,1,1
299,3,777,836,20,17,1,1,1
300,3,775,836,20,16,1,1,1
301,3,773,835,19,16,1,1,1
302,3,770,835,20,16,1,1,1
303,3,767,835,20,16,1,1,1
304,3,765,836,20,16,1,1,1
305,3,762,836,20,16,1,1,1
306,3,758,837,20,16,1,1,1
307,3,752,837,20,16,1,1,1
308,3,745,836,20,16,1,1,1
309,3,736,835,20,16,1,1,1
310,3,728,835,20,16,1,1,1
311,3,720,834,20,16,1,1,1
312,3,713,833,20,16,1,1,1
313,3,707,832,21,17,1,1,1
314,3,703,831,21,16,1,1,1
315,3,700,830,21,16,1,1,1
316,3,697,830,20,16,1,1,1
317,3,693,829,20,16,1,1,1
318,3,688,829,20,16,1,1,1
319,3,683,829,20,16,1,1,1
320,3,679,828,20,16,1,1,1
321,3,675,828,20,16,1,1,1
322,3,670,828,20,16,1,1,1
323,3,666,828,20,16,1,1,1
324,3,662,828,20,16,1,1,1
325,3,658,828,20,16,1,1,1
326,3,655,828,20,16,1,1,1
327,3,651,828,20,16,1,1,1
328,3,648,828,20,16,1,1,1
329,3,645,828,20,16,1,1,1
330,3,641,828,20,16,1,1,1
331,3,639,828,20,16,1,1,1
332,3,637,828,20,16,1,1,1
333,3,634,828,20,16,1,1,1
334,3,631,827,20,16,1,1,1
335,3,629,827,19,16,1,1,1
336,3,628,827,20,16,1,1,1
337,3,626,827,20,16,1,1,1
338,3,623,826,20,16,1,1,1
339,3,620,826,20,16,1,1,1
340,3,618,826,20,16,1,1,1
341,3,618,825,20,16,1,1,1
342,3,617,825,20,16,1,1,1
343,3,615,824,20,16,1,1,1
344,3,613,824,20,16,1,1,1
345,3,612,824,20,16,1,1,1
346,3,610,824,20,16,1,1,1
347,3,608,824,20,16,1,1,1
348,3,606,824,20,16,1,1,1
349,3,605,824,20,16,1,1,1
350,3,603,824,20,16,1,1,1
351,3,603,824,20,16,1,1,1
352,3,602,824,20,16,1,1,1
353,3,601,823,20,16,1,1,1
354,3,601,823,20,16,1,1,1
355,3,599,822,20,16,1,1,1
356,3,598,821,20,16,1,1,1
357,3,597,820,20,16,1,1,1
358,3,596,820,20,16,1,1,1
359,3,595,820,20,16,1,1,1
360,3,593,819,21,16,1,1,1
361,3,592,819,20,16,1,1,1
362,3,590,819,20,16,1,1,1
363,3,590,819,20,16,1,1,1
364,3,589,819,20,16,1,1,1
365,3,589,819,20,16,1,1,1
366,3,589,818,21,16,1,1,1
367,3,589,819,20,16,1,1,1
368,3,589,819,20,16,1,1,1
369,3,588,818,20,16,1,1,1
370,3,587,818,20,16,1,1,1
371,3,586,817,20,16,1,1,1
372,3,586,817,20,16,1,1,1
373,3,587,817,20,16,1,1,1
374,3,586,817,20,16,1,1,1
375,3,586,817,20,16,1,1,1
376,3,587,817,20,16,1,1,1
377,3,588,816,20,16,1,1,1
378,3,587,816,20,16,1,1,1
379,3,588,814,20,16,1,1,1
380,3,588,814,20,16,1,1,1
381,3,588,813,20,16,1,1,1
382,3,589,813,20,16,1,1,1
383,3,592,813,20,16,1,1,1
384,3,594,812,20,16,1,1,1
385,3,598,811,20,16,1,1,1
386,3,602,811,20,16,1,1,1
387,3,607,810,21,16,1,1,1
388,3,614,810,20,16,1,1,1
389,3,623,810,20,16,1,1,1
390,3,631,808,21,17,1,1,1
391,3,639,807,20,16,1,1,1
392,3,645,805,20,16,1,1,1
393,3,649,805,20,16,1,1,1
394,3,651,805,20,16,1,1,1
395,3,652,804,20,16,1,1,1
396,3,653,804,20,16,1,1,1
397,3,653,803,20,16,1,1,1
398,3,654,803,20,16,1,1,1
399,3,655,803,20,16,1,1,1
400,3,656,803,20,16,1,1,1
401,3,657,804,20,16,1,1,1
402,3,657,804,20,16,1,1,1
403,3,657,803,20,16,1,1,1
404,3,658,802,20,16,1,1,1
405,3,659,801,20,16,1,1,1
406,3,660,800,20,16,1,1,1
407,3,661,799,20,16,1,1,1
408,3,661,799,20,16,1,1,1
409,3,660,797,20,16,1,1,1
410,3,660,795,20,16,1,1,1
411,3,660,790,20,16,1,1,1
412,3,660,784,20,16,1,1,1
413,3,661,778,21,16,1,1,1
414,3,661,769,21,17,1,1,1
415,3,661,759,20,16,1,1,1
416,3,660,747,20,16,1,1,1
417,3,659,733,20,16,1,1,1
418,3,659,719,20,16,1,1,1
419,3,659,705,21,16,1,1,1
420,3,658,691,21,17,1,1,1
421,3,657,680,20,16,1,1,1
422,3,657,669,21,17,1,1,1
423,3,656,661,20,16,1,1,1
424,3,656,654,20,16,1,1,1
425,3,656,653,20,16,1,1,1
426,3,655,653,20,16,1,1,1
427,3,653,654,20,16,1,1,1
428,3,651,655,20,16,1,1,1
429,3,651,655,21,16,1,1,1
430,3,650,656,21,16,1,1,1
431,3,650,657,20,16,1,1,1
432,3,648,657,21,17,1,1,1
433,3,648,658,21,17,1,1,1
434,3,647,659,21,17,1,1,1
435,3,646,660,21,17,1,1,1
436,3,646,662,21,17,1,1,1
437,3,644,663,21,17,1,1,1
438,3,642,663,21,17,1,1,1
439,3,640,664,21,17,1,1,1
440,3,636,663,21,17,1,1,1
441,3,632,664,21,17,1,1,1
442,3,628,664,21,17,1,1,1
443,3,624,664,21,17,1,1,1
444,3,620,664,21,17,1,1,1
445,3,617,665,21,17,1,1,1
446,3,614,665,21,17,1,1,1
447,3,611,665,21,17,1,1,1
448,3,607,666,21,17,1,1,1
449,3,603,666,21,17,1,1,1
450,3,599,666,21,17,1,1,1
451,3,593,666,22,18,1,1,1
452,3,587,667,22,17,1,1,1
453,3,582,666,21,17,1,1,1
454,3,579,668,21,17,1,1,1
455,3,578,668,21,17,1,1,1
456,3,577,669,21,17,1,1,1
457,3,576,670,21,17,1,1,1
458,3,575,670,21,17,1,1,1
459,3,574,671,21,17,1,1,1
460,3,573,671,21,17,1,1,1
461,3,573,672,21,17,1,1,1
462,3,573,671,21,17,1,1,1
463,3,573,671,21,17,1,1,1
464,3,574,672,21,17,1,1,1
465,3,574,673,21,17,1,1,1
466,3,575,673,22,17,1,1,1
467,3,575,675,21,17,1,1,1
468,3,574,677,22,17,1,1,1
469,3,575,680,22,17,1,1,1
470,3,576,682,22,18,1,1,1
471,3,577,685,22,18,1,1,1
472,3,576,687,22,18,1,1,1
473,3,576,690,21,17,1,1,1
474,3,575,693,22,17,1,1,1
475,3,577,695,22,18,1,1,1
476,3,577,697,22,18,1,1,1
477,3,577,698,22,18,1,1,1
478,3,579,700,21,17,1,1,1
479,3,579,700,22,17,1,1,1
480,3,581,703,21,17,1,1,1
481,3,581,707,22,18,1,1,1
482,3,582,714,22,18,1,1,1
483,3,583,724,21,17,1,1,1
1,4,1217,741,18,16,1,1,1
2,4,1222,741,17,16,1,1,1
3,4,1227,741,18,16,1,1,1
4,4,1232,741,18,16,1,1,1
5,4,1237,742,18,16,1,1,1
6,4,1242,742,18,16,1,1,1
7,4,1246,742,18,16,1,1,1
8,4,1251,741,18,16,1,1,1
9,4,1255,741,18,16,1,1,1
10,4,1255,741,18,16,1,1,1
11,4,1255,741,18,16,1,1,1
12,4,1255,742,18,16,1,1,1
13,4,1256,743,18,16,1,1,1
14,4,1256,744,18,16,1,1,1
15,4,1257,744,18,16,1,1,1
16,4,1256,744,18,16,1,1,1
17,4,1257,744,18,16,1,1,1
18,4,1258,745,18,16,1,1,1
19,4,1258,746,18,16,1,1,1
20,4,1259,746,18,16,1,1,1
21,4,1259,748,18,16,1,1,1
22,4,1260,750,18,16,1,1,1
23,4,1261,752,18,16,1,1,1
24,4,1261,754,18,16,1,1,1
25,4,1261,757,18,16,1,1,1
26,4,1261,760,18,16,1,1,1
27,4,1261,765,18,16,1,1,1
28,4,1261,770,18,16,1,1,1
29,4,1261,775,18,16,1,1,1
30,4,1262,778,18,16,1,1,1
31,4,1262,780,18,16,1,1,1
32,4,1263,781,18,16,1,1,1
33,4,1263,781,18,16,1,1,1
34,4,1264,782,17,16,1,1,1
35,4,1265,784,18,16,1,1,1
36,4,1264,785,18,16,1,1,1
37,4,1264,785,18,16,1,1,1
38,4,1263,786,18,16,1,1,1
39,4,1262,787,18,16,1,1,1
40,4,1263,788,18,16,1,1,1
41,4,1263,790,18,16,1,1,1
42,4,1264,793,18,16,1,1,1
43,4,1265,798,18,16,1,1,1
44,4,1266,804,18,16,1,1,1
45,4,1266,811,18,16,1,1,1
46,4,1267,818,18,16,1,1,1
47,4,1268,825,18,16,1,1,1
48,4,1268,828,18,16,1,1,1
49,4,1268,831,18,16,1,1,1
50,4,1269,831,18,16,1,1,1
51,4,1269,830,18,16,1,1,1
52,4,1269,831,18,16,1,1,1
53,4,1269,831,18,16,1,1,1
54,4,1269,833,18,16,1,1,1
55,4,1270,833,18,16,1,1,1
56,4,1270,834,18,16,1,1,1
57,4,1271,834,18,16,1,1,1
58,4,1272,835,18,16,1,1,1
59,4,1272,836,18,16,1,1,1
60,4,1272,835,18,16,1,1,1
61,4,1273,835,18,16,1,1,1
62,4,1274,834,18,16,1,1,1
63,4,1275,833,19,17,1,1,1
64,4,1275,834,18,16,1,1,1
65,4,1276,833,18,16,1,1,1
66,4,1276,832,18,16,1,1,1
67,4,1277,832,18,16,1,1,1
68,4,1278,831,19,17,1,1,1
69,4,1279,831,18,16,1,1,1
70,4,1281,830,18,16,1,1,1
71,4,1283,830,18,16,1,1,1
72,4,1285,829,18,16,1,1,1
73,4,1286,829,18,16,1,1,1
74,4,1287,830,18,16,1,1,1
75,4,1288,830,18,16,1,1,1
76,4,1289,830,18,16,1,1,1
77,4,1291,830,18,16,1,1,1
78,4,1292,830,18,16,1,1,1
79,4,1294,831,18,16,1,1,1
80,4,1295,831,18,16,1,1,1
81,4,1297,830,18,16,1,1,1
82,4,1298,830,18,16,1,1,1
83,4,1299,829,18,16,1,1,1
84,4,1301,829,18,16,1,1,1
85,4,1303,828,18,16,1,1,1
86,4,1306,827,18,16,1,1,1
87,4,1308,825,19,17,1,1,1
88,4,1310,824,18,16,1,1,1
89,4,1312,823,19,17,1,1,1
90,4,1315,822,18,16,1,1,1
91,4,1317,821,19,16,1,1,1
92,4,1318,820,18,16,1,1,1
93,4,1320,818,19,17,1,1,1
94,4,1323,819,18,16,1,1,1
95,4,1324,819,18,16,1,1,1
96,4,1326,818,18,16,1,1,1
97,4,1329,819,18,16,1,1,1
98,4,1331,819,18,16,1,1,1
99,4,1333,819,19,17,1,1,1
100,4,1335,820,18,16,1,1,1
101,4,1336,822,18,16,1,1,1
102,4,1337,823,18,16,1,1,1
103,4,1339,824,18,16,1,1,1
104,4,1340,825,18,16,1,1,1
105,4,1340,825,18,16,1,1,1
106,4,1341,826,19,17,1,1,1
107,4,1342,827,18,16,1,1,1
108,4,1343,828,18,16,1,1,1
109,4,1343,829,18,16,1,1,1
110,4,1344,831,18,16,1,1,1
111,4,1345,832,18,16,1,1,1
112,4,1346,834,18,16,1,1,1
113,4,1348,835,18,16,1,1,1
114,4,1348,837,18,16,1,1,1
115,4,1349,838,18,16,1,1,1
116,4,1349,839,18,16,1,1,1
117,4,1349,840,18,16,1,1,1
118,4,1349,841,18,16,1,1,1
119,4,1349,843,18,16,1,1,1
120,4,1350,844,18,16,1,1,1
121,4,1352,846,18,16,1,1,1
122,4,1352,848,18,16,1,1,1
123,4,1352,850,18,16,1,1,1
124,4,1352,852,18,16,1,1,1
125,4,1352,854,18,16,1,1,1
126,4,1351,855,18,16,1,1,1
127,4,1351,854,18,16,1,1,1
128,4,1351,854,18,16,1,1,1
129,4,1351,854,17,15,1,1,1
130,4,1350,855,18,16,1,1,1
131,4,1349,855,17,15,1,1,1
132,4,1349,856,17,15,1,1,1
133,4,1349,856,18,16,1,1,1
134,4,1348,857,18,16,1,1,1
135,4,1348,858,18,16,1,1,1
136,4,1348,858,18,16,1,1,1
137,4,1347,859,18,16,1,1,1
138,4,1345,860,18,16,1,1,1
139,4,1342,860,18,16,1,1,1
140,4,1339,860,18,16,1,1,1
141,4,1337,860,18,16,1,1,1
142,4,1335,860,18,16,1,1,1
143,4,1334,860,18,16,1,1,1
144,4,1332,861,18,16,1,1,1
145,4,1330,861,18,16,1,1,1
146,4,1328,862,18,16,1,1,1
147,4,1327,863,18,16,1,1,1
148,4,1327,863,18,16,1,1,1
149,4,1326,864,18,16,1,1,1
150,4,1326,864,18,16,1,1,1
151,4,1326,865,18,16,1,1,1
152,4,1326,865,18,16,1,1,1
153,4,1326,866,18,16,1,1,1
154,4,1325,867,18,16,1,1,1
155,4,1324,868,18,16,1,1,1
156,4,1324,869,17,15,1,1,1
157,4,1324,872,17,15,1,1,1
158,4,1323,875,17,15,1,1,1
159,4,1322,878,17,15,1,1,1
160,4,1322,880,17,15,1,1,1
161,4,1322,882,17,15,1,1,1
162,4,1320,883,18,16,1,1,1
163,4,1319,883,18,16,1,1,1
164,4,1318,884,18,16,1,1,1
165,4,1317,886,18,16,1,1,1
166,4,1316,887,18,16,1,1,1
167,4,1315,887,18,16,1,1,1
168,4,1314,888,18,16,1,1,1
169,4,1312,888,18,16,1,1,1
170,4,1312,888,18,16,1,1,1
171,4,1312,888,18,16,1,1,1
172,4,1311,888,18,16,1,1,1
173,4,1309,889,18,16,1,1,1
174,4,1307,889,18,16,1,1,1
175,4,1305,890,17,16,1,1,1
176,4,1303,890,18,16,1,1,1
177,4,1301,891,18,16,1,1,1
178,4,1300,892,18,16,1,1,1
179,4,1298,892,18,16,1,1,1
180,4,1296,893,18,16,1,1,1
181,4,1293,893,18,16,1,1,1
182,4,1289,893,18,16,1,1,1
183,4,1285,893,18,16,1,1,1
184,4,1279,892,18,16,1,1,1
185,4,1272,892,18,16,1,1,1
186,4,1264,892,18,16,1,1,1
187,4,1256,892,17,15,1,1,1
188,4,1248,891,18,16,1,1,1
189,4,1242,891,18,16,1,1,1
190,4,1237,891,18,16,1,1,1
191,4,1232,891,18,16,1,1,1
192,4,1228,890,18,16,1,1,1
193,4,1223,890,18,16,1,1,1
194,4,1219,889,18,16,1,1,1
195,4,1213,889,18,16,1,1,1
196,4,1208,889,18,16,1,1,1
197,4,1201,889,18,16,1,1,1
198,4,1194,890,18,16,1,1,1
199,4,1186,890,18,16,1,1,1
200,4,1178,889,18,16,1,1,1
201,4,1170,890,18,16,1,1,1
202,4,1164,889,18,16,1,1,1
203,4,1156,888,18,16,1,1,1
204,4,1151,888,18,16,1,1,1
205,4,1150,888,18,16,1,1,1
206,4,1148,888,18,16,1,1,1
207,4,1147,887,18,16,1,1,1
208,4,1145,887,18,16,1,1,1
209,4,1143,887,18,16,1,1,1
210,4,1141,887,18,16,1,1,1
211,4,1139,886,18,16,1,1,1
212,4,1138,886,18,16,1,1,1
213,4,1136,885,18,16,1,1,1
214,4,1135,884,18,16,1,1,1
215,4,1134,884,18,16,1,1,1
216,4,1133,884,18,16,1,1,1
217,4,1131,884,18,16,1,1,1
218,4,1130,884,18,16,1,1,1
219,4,1128,883,18,16,1,1,1
220,4,1127,883,18,16,1,1,1
221,4,1125,883,18,16,1,1,1
222,4,1124,883,18,16,1,1,1
223,4,1123,882,18,16,1,1,1
224,4,1121,881,18,16,1,1,1
225,4,1119,880,18,16,1,1,1
226,4,1118,879,18,16,1,1,1
227,4,1117,879,18,16,1,1,1
228,4,1116,878,18,16,1,1,1
229,4,1115,878,18,16,1,1,1
230,4,1113,878,18,16,1,1,1
231,4,1112,877,18,16,1,1,1
232,4,1110,877,18,16,1,1,1
233,4,1108,876,18,16,1,1,1
234,4,1107,876,18,16,1,1,1
235,4,1106,876,18,16,1,1,1
236,4,1104,875,18,16,1,1,1
237,4,1102,874,18,16,1,1,1
238,4,1101,874,18,16,1,1,1
239,4,1098,873,18,16,1,1,1
240,4,1096,872,18,16,1,1,1
241,4,1095,872,18,16,1,1,1
242,4,1094,871,18,16,1,1,1
243,4,1092,870,18,16,1,1,1
244,4,1090,870,18,16,1,1,1
245,4,1089,870,18,16,1,1,1
246,4,1087,869,18,16,1,1,1
247,4,1086,868,18,16,1,1,1
248,4,1084,869,18,16,1,1,1
249,4,1080,869,18,16,1,1,1
250,4,1076,868,18,16,1,1,1
251,4,1073,869,18,16,1,1,1
252,4,1071,869,18,16,1,1,1
253,4,1069,868,18,16,1,1,1
254,4,1068,868,18,16,1,1,1
255,4,1067,867,18,16,1,1,1
256,4,1066,867,18,16,1,1,1
257,4,1064,867,18,16,1,1,1
258,4,1063,867,18,16,1,1,1
259,4,1062,867,18,16,1,1,1
260,4,1061,867,18,16,1,1,1
261,4,1060,867,18,16,1,1,1
262,4,1060,867,18,16,1,1,1
263,4,1060,867,18,16,1,1,1
264,4,1060,867,18,16,1,1,1
265,4,1059,867,18,16,1,1,1
266,4,1059,867,18,16,1,1,1
267,4,1058,867,18,16,1,1,1
268,4,1058,866,18,16,1,1,1
269,4,1057,866,18,16,1,1,1
270,4,1056,865,18,16,1,1,1
271,4,1056,865,18,16,1,1,1
272,4,1055,865,18,16,1,1,1
273,4,1054,864,18,16,1,1,1
274,4,1053,864,18,16,1,1,1
275,4,1053,863,19,17,1,1,1
276,4,1053,863,19,16,1,1,1
277,4,1053,862,19,17,1,1,1
278,4,1053,863,19,16,1,1,1
279,4,1053,862,18,16,1,1,1
280,4,1052,862,18,16,1,1,1
281,4,1051,861,19,17,1,1,1
282,4,1051,861,18,16,1,1,1
283,4,1050,861,18,16,1,1,1
284,4,1050,861,18,16,1,1,1
285,4,1049,860,18,16,1,1,1
286,4,1050,861,18,16,1,1,1
287,4,1050,862,18,16,1,1,1
288,4,1050,863,18,16,1,1,1
289,4,1050,861,18,16,1,1,1
290,4,1051,861,19,17,1,1,1
291,4,1051,861,18,16,1,1,1
292,4,1051,861,18,16,1,1,1
293,4,1051,862,18,16,1,1,1
294,4,1051,864,18,16,1,1,1
295,4,1051,864,18,16,1,1,1
296,4,1051,865,19,17,1,1,1
297,4,1051,866,18,16,1,1,1
298,4,1051,866,18,16,1,1,1
299,4,1050,866,19,17,1,1,1
300,4,1051,866,19,17,1,1,1
301,4,1052,866,18,16,1,1,1
302,4,1051,866,19,16,1,1,1
303,4,1052,867,18,16,1,1,1
304,4,1053,868,19,17,1,1,1
305,4,1053,869,19,17,1,1,1
306,4,1052,870,18,16,1,1,1
307,4,1050,870,19,17,1,1,1
308,4,1046,870,19,17,1,1,1
309,4,1042,870,19,17,1,1,1
310,4,1037,870,19,17,1,1,1
311,4,1033,870,19,17,1,1,1
312,4,1029,869,19,17,1,1,1
313,4,1028,869,19,17,1,1,1
314,4,1028,869,19,17,1,1,1
315,4,1028,869,19,17,1,1,1
316,4,1028,869,19,17,1,1,1
317,4,1028,869,19,17,1,1,1
318,4,1027,870,19,17,1,1,1
319,4,1027,870,18,17,1,1,1
320,4,1026,870,19,17,1,1,1
321,4,1026,871,18,16,1,1,1
322,4,1025,871,18,16,1,1,1
323,4,1025,871,18,16,1,1,1
324,4,1024,871,18,16,1,1,1
325,4,1024,872,19,17,1,1,1
326,4,1024,872,18,16,1,1,1
327,4,1024,873,18,16,1,1,1
328,4,1025,873,18,16,1,1,1
329,4,1025,874,18,16,1,1,1
330,4,1024,873,18,16,1,1,1
331,4,1025,873,18,16,1,1,1
332,4,1026,873,18,16,1,1,1
333,4,1025,873,18,16,1,1,1
334,4,1026,872,18,17,1,1,1
335,4,1026,872,18,16,1,1,1
336,4,1027,872,18,16,1,1,1
337,4,1027,871,18,16,1,1,1
338,4,1027,871,18,16,1,1,1
339,4,1026,870,18,16,1,1,1
340,4,1027,870,18,16,1,1,1
341,4,1027,869,19,17,1,1,1
342,4,1028,869,18,16,1,1,1
343,4,1028,868,18,16,1,1,1
344,4,1028,868,18,16,1,1,1
345,4,1027,868,19,17,1,1,1
346,4,1026,868,19,17,1,1,1
347,4,1025,868,18,16,1,1,1
348,4,1025,869,18,17,1,1,1
349,4,1024,869,18,17,1,1,1
350,4,1023,868,19,17,1,1,1
351,4,1023,869,19,17,1,1,1
352,4,1023,869,18,16,1,1,1
353,4,1023,869,18,17,1,1,1
354,4,1023,869,18,16,1,1,1
355,4,1021,868,18,16,1,1,1
356,4,1020,868,18,17,1,1,1
357,4,1019,867,19,17,1,1,1
358,4,1018,867,18,16,1,1,1
359,4,1016,867,18,16,1,1,1
360,4,1015,867,18,16,1,1,1
361,4,1013,867,18,17,1,1,1
362,4,1011,867,19,17,1,1,1
363,4,1011,867,18,16,1,1,1
364,4,1010,868,17,16,1,1,1
365,4,1009,867,19,17,1,1,1
366,4,1009,867,18,16,1,1,1
367,4,1008,867,18,16,1,1,1
368,4,1007,867,18,16,1,1,1
369,4,1006,865,18,16,1,1,1
370,4,1004,865,18,16,1,1,1
371,4,1003,864,18,16,1,1,1
372,4,1002,863,18,16,1,1,1
373,4,1001,862,18,16,1,1,1
374,4,1000,862,18,16,1,1,1
375,4,999,862,18,16,1,1,1
376,4,999,861,19,17,1,1,1
377,4,999,862,18,16,1,1,1
378,4,998,861,18,17,1,1,1
379,4,998,860,18,17,1,1,1
380,4,997,859,18,16,1,1,1
381,4,997,859,18,16,1,1,1
382,4,997,859,18,16,1,1,1
383,4,999,859,18,16,1,1,1
384,4,1001,858,18,16,1,1,1
385,4,1004,858,18,16,1,1,1
386,4,1007,858,18,16,1,1,1
387,4,1012,857,18,16,1,1,1
388,4,1018,857,18,16,1,1,1
389,4,1026,857,18,16,1,1,1
390,4,1034,855,18,16,1,1,1
391,4,1041,854,18,16,1,1,1
392,4,1046,853,18,16,1,1,1
393,4,1050,853,18,16,1,1,1
394,4,1052,853,18,16,1,1,1
395,4,1053,853,18,16,1,1,1
396,4,1053,852,18,16,1,1,1
397,4,1053,852,18,16,1,1,1
398,4,1054,852,18,16,1,1,1
399,4,1054,851,18,16,1,1,1
400,4,1055,852,18,16,1,1,1
401,4,1057,852,18,16,1,1,1
402,4,1057,852,18,16,1,1,1
403,4,1057,852,18,16,1,1,1
404,4,1057,851,18,16,1,1,1
405,4,1058,850,18,16,1,1,1
406,4,1059,850,18,16,1,1,1
407,4,1059,849,18,16,1,1,1
408,4,1060,849,18,16,1,1,1
409,4,1059,848,18,16,1,1,1
410,4,1059,846,18,16,1,1,1
411,4,1059,842,18,16,1,1,1
412,4,1060,836,18,16,1,1,1
413,4,1061,830,18,16,1,1,1
414,4,1061,822,18,16,1,1,1
415,4,1061,813,18,16,1,1,1
416,4,1061,801,18,16,1,1,1
417,4,1060,787,18,16,1,1,1
418,4,1060,773,18,16,1,1,1
419,4,1060,760,18,16,1,1,1
420,4,1060,748,18,16,1,1,1
421,4,1059,736,18,16,1,1,1
422,4,1060,726,18,16,1,1,1
423,4,1060,718,18,16,1,1,1
424,4,1060,711,18,16,1,1,1
425,4,1060,711,18,16,1,1,1
426,4,1060,712,18,16,1,1,1
427,4,1059,713,18,16,1,1,1
428,4,1058,714,18,16,1,1,1
429,4,1057,715,18,16,1,1,1
430,4,1057,716,18,16,1,1,1
431,4,1057,717,18,16,1,1,1
432,4,1056,717,18,16,1,1,1
433,4,1056,718,18,16,1,1,1
434,4,1056,719,18,16,1,1,1
435,4,1055,721,18,16,1,1,1
436,4,1054,723,18,16,1,1,1
437,4,1053,724,18,16,1,1,1
438,4,1050,725,18,16,1,1,1
439,4,1049,726,18,16,1,1,1
440,4,1045,726,18,16,1,1,1
441,4,1042,726,18,16,1,1,1
442,4,1038,726,18,16,1,1,1
443,4,1034,727,18,16,1,1,1
444,4,1030,727,18,16,1,1,1
445,4,1027,729,18,16,1,1,1
446,4,1024,729,18,16,1,1,1
447,4,1021,730,18,16,1,1,1
448,4,1017,730,18,16,1,1,1
449,4,1012,730,18,16,1,1,1
450,4,1007,731,18,16,1,1,1
451,4,1002,731,17,16,1,1,1
452,4,996,732,18,16,1,1,1
453,4,991,732,18,16,1,1,1
454,4,987,733,18,16,1,1,1
455,4,985,734,18,16,1,1,1
456,4,984,734,18,16,1,1,1
457,4,983,735,18,16,1,1,1
458,4,981,735,18,16,1,1,1
459,4,980,736,18,16,1,1,1
460,4,979,737,18,16,1,1,1
461,4,978,737,18,16,1,1,1
462,4,977,737,18,16,1,1,1
463,4,978,737,18,16,1,1,1
464,4,977,738,18,16,1,1,1
465,4,977,738,18,16,1,1,1
466,4,977,739,18,16,1,1,1
467,4,976,740,18,16,1,1,1
468,4,975,743,18,16,1,1,1
469,4,975,745,18,16,1,1,1
470,4,975,748,18,16,1,1,1
471,4,975,750,18,16,1,1,1
472,4,974,753,18,16,1,1,1
473,4,973,756,18,16,1,1,1
474,4,973,759,18,16,1,1,1
475,4,973,761,18,16,1,1,1
476,4,972,763,18,16,1,1,1
477,4,972,764,18,16,1,1,1
478,4,972,765,18,16,1,1,1
479,4,972,766,18,16,1,1,1
480,4,972,768,18,16,1,1,1
481,4,972,772,18,16,1,1,1
482,4,972,779,18,16,1,1,1
483,4,972,789,18,16,1,1,1
1,5,1577,762,19,17,1,1,1
2,5,1584,762,19,17,1,1,1
3,5,1591,762,19,17,1,1,1
4,5,1598,762,19,17,1,1,1
5,5,1605,762,19,17,1,1,1
6,5,1612,762,19,17,1,1,1
7,5,1619,761,19,17,1,1,1
8,5,1625,759,19,17,1,1,1
9,5,1631,758,19,17,1,1,1
10,5,1632,757,19,17,1,1,1
11,5,1634,758,19,17,1,1,1
12,5,1636,758,19,17,1,1,1
13,5,1637,758,19,17,1,1,1
14,5,1639,758,19,17,1,1,1
15,5,1641,758,19,17,1,1,1
16,5,1642,758,19,17,1,1,1
17,5,1644,758,19,17,1,1,1
18,5,1646,758,19,17,1,1,1
19,5,1648,759,19,17,1,1,1
20,5,1648,758,19,17,1,1,1
21,5,1650,761,19,17,1,1,1
22,5,1652,762,19,17,1,1,1
23,5,1654,764,19,17,1,1,1
24,5,1655,767,19,17,1,1,1
25,5,1656,769,19,17,1,1,1
26,5,1656,773,19,17,1,1,1
27,5,1657,778,19,17,1,1,1
28,5,1657,784,19,17,1,1,1
29,5,1658,789,19,17,1,1,1
30,5,1660,793,19,17,1,1,1
31,5,1660,794,19,17,1,1,1
32,5,1661,796,20,18,1,1,1
33,5,1662,797,19,17,1,1,1
34,5,1664,798,20,18,1,1,1
35,5,1665,800,20,18,1,1,1
36,5,1664,801,20,18,1,1,1
37,5,1665,802,20,18,1,1,1
38,5,1664,804,20,18,1,1,1
39,5,1664,805,20,18,1,1,1
40,5,1664,807,20,18,1,1,1
41,5,1665,810,20,18,1,1,1
42,5,1666,813,20,18,1,1,1
43,5,1669,819,20,18,1,1,1
44,5,1670,827,20,18,1,1,1
45,5,1671,835,20,18,1,1,1
46,5,1672,842,20,18,1,1,1
47,5,1673,849,20,18,1,1,1
48,5,1673,854,20,18,1,1,1
49,5,1674,856,20,18,1,1,1
50,5,1675,857,20,18,1,1,1
51,5,1675,857,20,18,1,1,1
52,5,1675,858,19,17,1,1,1
53,5,1675,860,19,17,1,1,1
54,5,1675,862,19,17,1,1,1
55,5,1676,862,19,17,1,1,1
56,5,1676,864,19,17,1,1,1
57,5,1678,865,19,17,1,1,1
58,5,1679,866,19,17,1,1,1
59,5,1680,867,20,17,1,1,1
60,5,1680,867,19,17,1,1,1
61,5,1682,866,19,17,1,1,1
62,5,1682,866,19,17,1,1,1
63,5,1683,866,19,17,1,1,1
64,5,1683,865,19,17,1,1,1
65,5,1684,865,19,17,1,1,1
66,5,1684,864,19,17,1,1,1
67,5,1685,864,19,17,1,1,1
68,5,1686,863,19,17,1,1,1
69,5,1687,863,19,17,1,1,1
70,5,1689,862,19,17,1,1,1
71,5,1690,863,19,17,1,1,1
72,5,1692,862,19,17,1,1,1
73,5,1693,862,19,17,1,1,1
74,5,1693,862,19,17,1,1,1
75,5,1694,863,19,17,1,1,1
76,5,1695,862,19,17,1,1,1
77,5,1695,862,19,17,1,1,1
78,5,1697,863,19,17,1,1,1
79,5,1698,863,19,17,1,1,1
80,5,1699,863,19,17,1,1,1
81,5,1700,863,19,17,1,1,1
82,5,1700,862,18,16,1,1,1
83,5,1701,861,19,17,1,1,1
84,5,1702,859,19,17,1,1,1
85,5,1704,857,19,17,1,1,1
86,5,1705,854,19,17,1,1,1
87,5,1707,852,19,17,1,1,1
88,5,1709,849,19,17,1,1,1
89,5,1711,846,19,17,1,1,1
90,5,1712,843,19,17,1,1,1
91,5,1713,841,19,17,1,1,1
92,5,1715,838,19,17,1,1,1
93,5,1715,835,19,17,1,1,1
94,5,1717,835,19,17,1,1,1
95,5,1718,835,19,17,1,1,1
96,5,1719,834,19,17,1,1,1
97,5,1721,834,19,17,1,1,1
98,5,1722,834,19,17,1,1,1
99,5,1724,834,19,17,1,1,1
100,5,1725,835,19,17,1,1,1
101,5,1725,836,19,17,1,1,1
102,5,1727,836,19,17,1,1,1
103,5,1728,837,19,17,1,1,1
104,5,1728,837,19,17,1,1,1
105,5,1728,837,18,17,1,1,1
106,5,1728,837,18,17,1,1,1
107,5,1729,838,18,17,1,1,1
108,5,1728,839,19,17,1,1,1
109,5,1728,840,19,17,1,1,1
110,5,1729,842,19,17,1,1,1
111,5,1729,843,19,17,1,1,1
112,5,1730,845,19,17,1,1,1
113,5,1731,846,19,17,1,1,1
114,5,1731,847,19,17,1,1,1
115,5,1731,848,19,17,1,1,1
116,5,1731,849,19,17,1,1,1
117,5,1730,850,19,17,1,1,1
118,5,1730,851,19,17,1,1,1
119,5,1730,852,19,17,1,1,1
120,5,1731,854,19,17,1,1,1
121,5,1731,856,19,17,1,1,1
122,5,1731,859,19,17,1,1,1
123,5,1731,862,19,17,1,1,1
124,5,1730,865,19,17,1,1,1
125,5,1730,867,19,17,1,1,1
126,5,1729,869,19,17,1,1,1
127,5,1729,869,19,17,1,1,1
128,5,1728,868,19,17,1,1,1
129,5,1727,868,19,17,1,1,1
130,5,1726,869,19,17,1,1,1
131,5,1724,869,19,17,1,1,1
132,5,1724,869,19,17,1,1,1
133,5,1724,870,19,17,1,1,1
134,5,1723,871,19,17,1,1,1
135,5,1724,872,19,17,1,1,1
136,5,1723,872,19,17,1,1,1
137,5,1722,873,19,17,1,1,1
138,5,1720,874,19,17,1,1,1
139,5,1717,873,19,17,1,1,1
140,5,1714,874,19,17,1,1,1
141,5,1711,873,19,17,1,1,1
142,5,1709,873,19,17,1,1,1
143,5,1707,873,19,17,1,1,1
144,5,1705,874,19,17,1,1,1
145,5,1703,874,19,17,1,1,1
146,5,1701,874,19,17,1,1,1
147,5,1701,875,19,17,1,1,1
148,5,1700,876,19,17,1,1,1
149,5,1699,876,19,17,1,1,1
150,5,1699,877,19,17,1,1,1
151,5,1699,878,19,17,1,1,1
152,5,1700,878,19,17,1,1,1
153,5,1700,879,19,17,1,1,1
154,5,1699,880,20,17,1,1,1
155,5,1699,881,19,17,1,1,1
156,5,1699,883,20,17,1,1,1
157,5,1699,886,19,17,1,1,1
158,5,1699,890,19,17,1,1,1
159,5,1699,893,19,17,1,1,1
160,5,1699,896,19,17,1,1,1
161,5,1699,898,19,17,1,1,1
162,5,1698,900,19,17,1,1,1
163,5,1698,901,19,17,1,1,1
164,5,1697,902,19,17,1,1,1
165,5,1697,904,19,17,1,1,1
166,5,1696,906,19,17,1,1,1
167,5,1695,907,19,17,1,1,1
168,5,1695,908,19,17,1,1,1
169,5,1694,908,19,17,1,1,1
170,5,1694,908,19,17,1,1,1
171,5,1693,908,19,17,1,1,1
172,5,1693,909,20,18,1,1,1
173,5,1692,909,19,17,1,1,1
174,5,1690,910,19,17,1,1,1
175,5,1688,911,19,17,1,1,1
176,5,1686,911,19,17,1,1,1
177,5,1685,912,19,17,1,1,1
178,5,1684,913,19,17,1,1,1
179,5,1683,914,19,17,1,1,1
180,5,1681,914,19,17,1,1,1
181,5,1678,914,19,17,1,1,1
182,5,1674,914,19,17,1,1,1
183,5,1670,915,19,17,1,1,1
184,5,1664,914,19,17,1,1,1
185,5,1658,914,19,17,1,1,1
186,5,1649,913,19,17,1,1,1
187,5,1640,913,19,17,1,1,1
188,5,1632,914,19,17,1,1,1
189,5,1626,913,19,17,1,1,1
190,5,1620,914,19,17,1,1,1
191,5,1614,913,19,17,1,1,1
192,5,1610,913,19,17,1,1,1
193,5,1607,913,19,17,1,1,1
194,5,1602,913,19,17,1,1,1
195,5,1596,913,20,18,1,1,1
196,5,1590,913,19,17,1,1,1
197,5,1584,913,19,17,1,1,1
198,5,1575,913,20,18,1,1,1
199,5,1567,914,19,17,1,1,1
200,5,1559,914,20,18,1,1,1
201,5,1552,915,19,17,1,1,1
202,5,1545,914,19,17,1,1,1
203,5,1537,913,19,17,1,1,1
204,5,1531,914,19,17,1,1,1
205,5,1530,914,19,17,1,1,1
206,5,1529,914,19,17,1,1,1
207,5,1528,914,19,17,1,1,1
208,5,1526,914,20,18,1,1,1
209,5,1525,914,20,18,1,1,1
210,5,1524,914,19,17,1,1,1
211,5,1522,913,20,18,1,1,1
212,5,1522,914,19,17,1,1,1
213,5,1520,913,19,17,1,1,1
214,5,1521,913,19,17,1,1,1
215,5,1521,913,19,17,1,1,1
216,5,1520,914,19,17,1,1,1
217,5,1520,914,19,17,1,1,1
218,5,1519,915,19,17,1,1,1
219,5,1518,915,19,17,1,1,1
220,5,1517,915,19,17,1,1,1
221,5,1517,916,19,17,1,1,1
222,5,1517,916,19,17,1,1,1
223,5,1517,915,19,17,1,1,1
224,5,1516,914,19,17,1,1,1
225,5,1515,913,19,17,1,1,1
226,5,1514,912,19,17,1,1,1
227,5,1514,912,19,17,1,1,1
228,5,1514,912,19,17,1,1,1
229,5,1514,912,19,17,1,1,1
230,5,1513,912,19,17,1,1,1
231,5,1513,912,19,17,1,1,1
232,5,1512,912,19,17,1,1,1
233,5,1511,912,19,17,1,1,1
234,5,1510,911,19,17,1,1,1
235,5,1510,912,19,17,1,1,1
236,5,1509,911,19,17,1,1,1
237,5,1508,911,18,16,1,1,1
238,5,1507,909,19,17,1,1,1
239,5,1505,909,19,17,1,1,1
240,5,1504,908,19,17,1,1,1
241,5,1503,908,18,16,1,1,1
242,5,1502,907,18,17,1,1,1
243,5,1502,907,18,16,1,1,1
244,5,1501,907,18,16,1,1,1
245,5,1500,907,18,16,1,1,1
246,5,1499,906,18,16,1,1,1
247,5,1498,906,18,16,1,1,1
248,5,1497,907,18,16,1,1,1
249,5,1494,907,18,16,1,1,1
250,5,1490,908,18,16,1,1,1
251,5,1488,908,18,16,1,1,1
252,5,1487,908,18,16,1,1,1
253,5,1486,908,18,16,1,1,1
254,5,1486,908,18,17,1,1,1
255,5,1485,908,18,16,1,1,1
256,5,1485,908,18,16,1,1,1
257,5,1484,908,18,16,1,1,1
258,5,1484,909,18,16,1,1,1
259,5,1484,909,18,16,1,1,1
260,5,1484,909,18,16,1,1,1
261,5,1485,909,18,16,1,1,1
262,5,1486,910,19,17,1,1,1
263,5,1487,911,18,16,1,1,1
264,5,1488,911,18,16,1,1,1
265,5,1489,911,18,16,1,1,1
266,5,1490,911,18,16,1,1,1
267,5,1491,911,18,16,1,1,1
268,5,1492,911,18,16,1,1,1
269,5,1493,911,18,16,1,1,1
270,5,1494,911,18,16,1,1,1
271,5,1494,911,18,16,1,1,1
272,5,1494,911,19,17,1,1,1
273,5,1495,911,19,17,1,1,1
274,5,1496,911,18,16,1,1,1
275,5,1498,911,18,16,1,1,1
276,5,1499,911,18,16,1,1,1
277,5,1500,911,18,16,1,1,1
278,5,1502,912,18,16,1,1,1
279,5,1502,912,18,17,1,1,1
280,5,1503,911,19,17,1,1,1
281,5,1503,911,18,16,1,1,1
282,5,1504,911,18,17,1,1,1
283,5,1504,911,19,17,1,1,1
284,5,1504,911,19,17,1,1,1
285,5,1505,911,18,17,1,1,1
286,5,1507,911,19,17,1,1,1
287,5,1509,914,18,16,1,1,1
288,5,1510,915,18,16,1,1,1
289,5,1511,914,19,17,1,1,1
290,5,1512,915,18,16,1,1,1
291,5,1512,915,18,16,1,1,1
292,5,1512,916,18,17,1,1,1
293,5,1513,918,19,17,1,1,1
294,5,1512,920,19,17,1,1,1
295,5,1512,922,18,16,1,1,1
296,5,1511,923,19,17,1,1,1
297,5,1511,923,18,16,1,1,1
298,5,1509,924,19,17,1,1,1
299,5,1509,924,18,17,1,1,1
300,5,1509,923,19,17,1,1,1
301,5,1509,924,18,16,1,1,1
302,5,1508,925,18,16,1,1,1
303,5,1508,926,18,16,1,1,1
304,5,1507,927,19,17,1,1,1
305,5,1506,928,18,17,1,1,1
306,5,1504,929,19,17,1,1,1
307,5,1500,929,19,17,1,1,1
308,5,1494,929,19,17,1,1,1
309,5,1488,929,18,16,1,1,1
310,5,1482,928,19,17,1,1,1
311,5,1475,928,19,17,1,1,1
312,5,1470,928,19,17,1,1,1
313,5,1468,927,18,17,1,1,1
314,5,1466,927,18,16,1,1,1
315,5,1465,926,18,17,1,1,1
316,5,1464,927,18,16,1,1,1
317,5,1462,926,19,17,1,1,1
318,5,1460,926,19,17,1,1,1
319,5,1458,926,19,17,1,1,1
320,5,1457,926,19,17,1,1,1
321,5,1455,926,19,17,1,1,1
322,5,1453,926,19,17,1,1,1
323,5,1451,926,19,17,1,1,1
324,5,1449,926,19,17,1,1,1
325,5,1448,927,19,17,1,1,1
326,5,1447,927,19,17,1,1,1
327,5,1446,927,19,17,1,1,1
328,5,1446,927,19,17,1,1,1
329,5,1445,927,19,17,1,1,1
330,5,1443,927,20,18,1,1,1
331,5,1443,926,20,17,1,1,1
332,5,1444,926,19,17,1,1,1
333,5,1443,925,19,17,1,1,1
334,5,1443,924,19,17,1,1,1
335,5,1442,923,20,17,1,1,1
336,5,1443,923,19,17,1,1,1
337,5,1443,922,19,17,1,1,1
338,5,1442,921,19,17,1,1,1
339,5,1442,921,19,17,1,1,1
340,5,1442,920,19,17,1,1,1
341,5,1442,919,19,17,1,1,1
342,5,1442,919,19,17,1,1,1
343,5,1442,918,19,17,1,1,1
344,5,1443,918,19,17,1,1,1
345,5,1441,918,19,17,1,1,1
346,5,1441,918,19,17,1,1,1
347,5,1440,918,19,17,1,1,1
348,5,1440,919,19,17,1,1,1
349,5,1440,919,18,16,1,1,1
350,5,1439,919,19,17,1,1,1
351,5,1440,920,19,17,1,1,1
352,5,1440,920,18,16,1,1,1
353,5,1440,920,19,17,1,1,1
354,5,1441,920,18,16,1,1,1
355,5,1440,919,18,17,1,1,1
356,5,1440,919,18,16,1,1,1
357,5,1440,918,19,17,1,1,1
358,5,1439,918,18,17,1,1,1
359,5,1439,918,18,16,1,1,1
360,5,1439,918,19,17,1,1,1
361,5,1438,918,18,17,1,1,1
362,5,1437,918,18,17,1,1,1
363,5,1437,918,19,17,1,1,1
364,5,1437,919,18,16,1,1,1
365,5,1439,918,19,17,1,1,1
366,5,1440,917,19,17,1,1,1
367,5,1441,917,19,17,1,1,1
368,5,1442,915,19,17,1,1,1
369,5,1442,914,19,17,1,1,1
370,5,1442,912,18,17,1,1,1
371,5,1442,911,19,17,1,1,1
372,5,1444,909,19,17,1,1,1
373,5,1444,908,19,17,1,1,1
374,5,1445,907,19,17,1,1,1
375,5,1447,906,19,17,1,1,1
376,5,1449,906,19,17,1,1,1
377,5,1450,905,19,17,1,1,1
378,5,1452,905,18,16,1,1,1
379,5,1453,904,18,16,1,1,1
380,5,1454,902,19,17,1,1,1
381,5,1455,902,19,17,1,1,1
382,5,1457,901,19,17,1,1,1
383,5,1461,901,18,17,1,1,1
384,5,1464,900,18,16,1,1,1
385,5,1469,899,18,16,1,1,1
386,5,1475,898,18,17,1,1,1
387,5,1481,897,18,17,1,1,1
388,5,1489,897,19,17,1,1,1
389,5,1499,897,18,16,1,1,1
390,5,1509,895,19,17,1,1,1
391,5,1518,894,18,16,1,1,1
392,5,1526,893,19,17,1,1,1
393,5,1531,893,19,17,1,1,1
394,5,1534,892,18,16,1,1,1
395,5,1537,892,18,17,1,1,1
396,5,1538,890,19,17,1,1,1
397,5,1539,889,19,17,1,1,1
398,5,1541,889,19,17,1,1,1
399,5,1542,887,19,17,1,1,1
400,5,1544,887,19,17,1,1,1
401,5,1546,886,19,17,1,1,1
402,5,1548,887,19,17,1,1,1
403,5,1548,886,19,17,1,1,1
404,5,1549,885,19,17,1,1,1
405,5,1550,884,19,17,1,1,1
406,5,1552,883,19,17,1,1,1
407,5,1553,883,19,17,1,1,1
408,5,1554,882,19,17,1,1,1
409,5,1554,881,19,17,1,1,1
410,5,1555,879,19,17,1,1,1
411,5,1555,874,19,17,1,1,1
412,5,1557,868,19,17,1,1,1
413,5,1558,862,19,17,1,1,1
414,5,1559,855,19,17,1,1,1
415,5,1558,844,19,17,1,1,1
416,5,1559,833,19,17,1,1,1
417,5,1559,819,19,17,1,1,1
418,5,1558,805,19,17,1,1,1
419,5,1558,792,19,17,1,1,1
420,5,1558,779,19,17,1,1,1
421,5,1557,767,19,17,1,1,1
422,5,1559,757,19,17,1,1,1
423,5,1559,749,19,17,1,1,1
424,5,1559,742,19,17,1,1,1
425,5,1559,741,19,17,1,1,1
426,5,1559,742,19,17,1,1,1
427,5,1557,744,19,17,1,1,1
428,5,1556,745,19,17,1,1,1
429,5,1556,746,19,17,1,1,1
430,5,1556,747,19,17,1,1,1
431,5,1556,749,19,17,1,1,1
432,5,1555,749,19,17,1,1,1
433,5,1555,750,19,17,1,1,1
434,5,1555,751,19,17,1,1,1
435,5,1555,753,19,17,1,1,1
436,5,1553,755,19,17,1,1,1
437,5,1552,756,19,17,1,1,1
438,5,1550,758,19,17,1,1,1
439,5,1548,758,19,17,1,1,1
440,5,1544,758,19,17,1,1,1
441,5,1541,758,19,17,1,1,1
442,5,1537,759,19,17,1,1,1
443,5,1533,759,19,17,1,1,1
444,5,1530,760,19,17,1,1,1
445,5,1526,761,19,17,1,1,1
446,5,1524,762,19,17,1,1,1
447,5,1521,762,19,17,1,1,1
448,5,1516,762,19,17,1,1,1
449,5,1512,762,19,17,1,1,1
450,5,1507,763,19,17,1,1,1
451,5,1502,763,19,17,1,1,1
452,5,1495,764,19,17,1,1,1
453,5,1490,764,19,17,1,1,1
454,5,1488,765,19,17,1,1,1
455,5,1486,765,19,17,1,1,1
456,5,1485,766,19,17,1,1,1
457,5,1484,767,19,17,1,1,1
458,5,1483,767,19,17,1,1,1
459,5,1481,767,19,17,1,1,1
460,5,1481,768,19,17,1,1,1
461,5,1480,768,19,17,1,1,1
462,5,1480,768,19,17,1,1,1
463,5,1481,768,19,17,1,1,1
464,5,1481,769,18,17,1,1,1
465,5,1481,769,19,17,1,1,1
466,5,1481,770,19,17,1,1,1
467,5,1482,771,18,17,1,1,1
468,5,1481,773,18,16,1,1,1
469,5,1481,775,19,17,1,1,1
470,5,1482,778,19,17,1,1,1
471,5,1483,781,19,17,1,1,1
472,5,1482,783,19,17,1,1,1
473,5,1481,786,19,17,1,1,1
474,5,1481,789,19,17,1,1,1
475,5,1482,791,18,16,1,1,1
476,5,1482,793,19,17,1,1,1
477,5,1482,794,18,16,1,1,1
478,5,1483,795,18,16,1,1,1
479,5,1483,796,18,16,1,1,1
480,5,1485,798,19,17,1,1,1
481,5,1485,803,18,17,1,1,1
482,5,1486,810,18,16,1,1,1
483,5,1487,819,18,17,1,1,1
1,6,1586,542,30,23,1,1,1
2,6,1593,542,30,23,1,1,1
3,6,1599,542,30,23,1,1,1
4,6,1606,542,30,23,1,1,1
5,6,1612,542,30,23,1,1,1
6,6,1618,542,31,23,1,1,1
7,6,1624,541,30,23,1,1,1
8,6,1630,540,30,23,1,1,1
9,6,1634,539,30,23,1,1,1
10,6,1634,539,31,23,1,1,1
11,6,1635,539,30,23,1,1,1
12,6,1634,539,30,23,1,1,1
13,6,1634,539,31,24,1,1,1
14,6,1635,541,30,23,1,1,1
15,6,1635,542,29,22,1,1,1
16,6,1634,541,29,23,1,1,1
17,6,1632,541,31,24,1,1,1
18,6,1631,542,30,23,1,1,1
19,6,1631,544,30,23,1,1,1
20,6,1629,544,30,23,1,1,1
21,6,1628,547,29,22,1,1,1
22,6,1626,549,31,24,1,1,1
23,6,1625,552,31,24,1,1,1
24,6,1623,555,31,24,1,1,1
25,6,1620,559,30,23,1,1,1
26,6,1617,563,30,23,1,1,1
27,6,1615,569,30,23,1,1,1
28,6,1612,575,30,23,1,1,1
29,6,1610,581,29,22,1,1,1
30,6,1608,585,29,22,1,1,1
31,6,1604,588,29,22,1,1,1
32,6,1601,590,29,22,1,1,1
33,6,1599,592,29,22,1,1,1
34,6,1597,594,29,22,1,1,1
35,6,1594,596,29,22,1,1,1
36,6,1590,598,29,22,1,1,1
37,6,1587,600,28,22,1,1,1
38,6,1583,602,29,22,1,1,1
39,6,1579,604,28,22,1,1,1
40,6,1577,606,29,22,1,1,1
41,6,1574,610,28,22,1,1,1
42,6,1572,614,28,21,1,1,1
43,6,1572,621,27,21,1,1,1
44,6,1570,628,27,20,1,1,1
45,6,1568,636,27,20,1,1,1
46,6,1565,643,27,21,1,1,1
47,6,1564,652,26,20,1,1,1
48,6,1561,657,26,20,1,1,1
49,6,1559,659,26,20,1,1,1
50,6,1558,661,26,20,1,1,1
51,6,1556,662,25,19,1,1,1
52,6,1555,663,25,19,1,1,1
53,6,1552,665,25,20,1,1,1
54,6,1552,667,25,19,1,1,1
55,6,1551,669,25,19,1,1,1
56,6,1550,670,25,19,1,1,1
57,6,1551,672,26,20,1,1,1
58,6,1551,673,26,20,1,1,1
59,6,1551,674,26,20,1,1,1
60,6,1551,674,26,20,1,1,1
61,6,1552,674,26,20,1,1,1
62,6,1552,674,26,20,1,1,1
63,6,1553,674,26,20,1,1,1
64,6,1553,674,27,20,1,1,1
65,6,1553,673,27,20,1,1,1
66,6,1553,672,27,21,1,1,1
67,6,1554,672,26,20,1,1,1
68,6,1555,671,27,21,1,1,1
69,6,1556,670,27,21,1,1,1
70,6,1558,670,27,21,1,1,1
71,6,1560,670,27,21,1,1,1
72,6,1562,669,27,21,1,1,1
73,6,1564,670,27,20,1,1,1
74,6,1565,669,28,21,1,1,1
75,6,1567,670,27,21,1,1,1
76,6,1568,669,27,21,1,1,1
77,6,1570,669,27,21,1,1,1
78,6,1571,669,27,21,1,1,1
79,6,1573,670,27,21,1,1,1
80,6,1576,670,27,20,1,1,1
81,6,1577,669,27,21,1,1,1
82,6,1578,669,27,20,1,1,1
83,6,1580,668,27,20,1,1,1
84,6,1581,667,27,21,1,1,1
85,6,1584,666,27,21,1,1,1
86,6,1586,664,26,20,1,1,1
87,6,1588,661,26,20,1,1,1
88,6,1589,659,27,20,1,1,1
89,6,1590,657,26,20,1,1,1
90,6,1592,654,27,20,1,1,1
91,6,1592,653,27,21,1,1,1
92,6,1594,651,27,20,1,1,1
93,6,1595,650,26,20,1,1,1
94,6,1597,650,26,20,1,1,1
95,6,1597,650,26,20,1,1,1
96,6,1598,650,26,20,1,1,1
97,6,1599,650,27,21,1,1,1
98,6,1600,650,26,20,1,1,1
99,6,1600,651,27,20,1,1,1
100,6,1601,652,27,20,1,1,1
101,6,1600,653,27,21,1,1,1
102,6,1601,655,26,20,1,1,1
103,6,1600,656,26,20,1,1,1
104,6,1599,657,27,21,1,1,1
105,6,1599,658,27,20,1,1,1
106,6,1598,659,27,20,1,1,1
107,6,1596,660,27,21,1,1,1
108,6,1596,663,26,20,1,1,1
109,6,1594,663,27,20,1,1,1
110,6,1593,666,26,20,1,1,1
111,6,1593,668,26,20,1,1,1
112,6,1592,670,26,20,1,1,1
113,6,1592,672,26,20,1,1,1
114,6,1590,674,26,20,1,1,1
115,6,1589,676,26,20,1,1,1
116,6,1587,678,25,19,1,1,1
117,6,1585,679,26,20,1,1,1
118,6,1584,680,25,19,1,1,1
119,6,1582,682,26,20,1,1,1
120,6,1582,685,26,20,1,1,1
121,6,1582,687,25,19,1,1,1
122,6,1580,691,25,19,1,1,1
123,6,1579,693,26,20,1,1,1
124,6,1577,696,25,19,1,1,1
125,6,1576,699,25,19,1,1,1
126,6,1574,701,25,19,1,1,1
127,6,1572,702,25,19,1,1,1
128,6,1571,702,25,19,1,1,1
129,6,1568,702,24,19,1,1,1
130,6,1566,704,24,18,1,1,1
131,6,1563,704,24,19,1,1,1
132,6,1561,705,24,19,1,1,1
133,6,1560,707,24,19,1,1,1
134,6,1557,709,24,18,1,1,1
135,6,1556,710,24,18,1,1,1
136,6,1554,711,24,19,1,1,1
137,6,1552,712,24,18,1,1,1
138,6,1548,713,24,18,1,1,1
139,6,1544,714,24,19,1,1,1
140,6,1540,714,24,19,1,1,1
141,6,1536,715,24,18,1,1,1
142,6,1533,715,24,18,1,1,1
143,6,1530,716,24,18,1,1,1
144,6,1527,717,24,18,1,1,1
145,6,1523,718,24,18,1,1,1
146,6,1519,719,24,18,1,1,1
147,6,1517,720,24,18,1,1,1
148,6,1515,721,24,18,1,1,1
149,6,1513,722,24,18,1,1,1
150,6,1512,723,23,18,1,1,1
151,6,1511,725,23,18,1,1,1
152,6,1510,726,23,18,1,1,1
153,6,1508,727,24,18,1,1,1
154,6,1506,728,24,18,1,1,1
155,6,1504,729,23,18,1,1,1
156,6,1503,732,23,18,1,1,1
157,6,1501,735,24,18,1,1,1
158,6,1499,738,23,18,1,1,1
159,6,1498,742,24,18,1,1,1
160,6,1497,745,23,18,1,1,1
161,6,1496,748,23,18,1,1,1
162,6,1494,750,23,17,1,1,1
163,6,1492,751,24,17,1,1,1
164,6,1490,753,23,17,1,1,1
165,6,1488,754,24,17,1,1,1
166,6,1486,756,24,17,1,1,1
167,6,1483,757,23,17,1,1,1
168,6,1481,759,23,17,1,1,1
169,6,1479,760,23,17,1,1,1
170,6,1478,760,23,17,1,1,1
171,6,1476,761,24,17,1,1,1
172,6,1474,762,23,17,1,1,1
173,6,1471,763,23,17,1,1,1
174,6,1469,763,23,17,1,1,1
175,6,1465,765,23,17,1,1,1
176,6,1462,765,23,17,1,1,1
177,6,1460,767,23,17,1,1,1
178,6,1457,769,23,17,1,1,1
179,6,1454,770,23,17,1,1,1
180,6,1452,771,23,17,1,1,1
181,6,1448,772,23,17,1,1,1
182,6,1443,772,23,17,1,1,1
183,6,1439,772,22,16,1,1,1
184,6,1433,772,22,17,1,1,1
185,6,1426,773,22,16,1,1,1
186,6,1417,773,22,16,1,1,1
187,6,1409,774,22,16,1,1,1
188,6,1402,774,22,16,1,1,1
189,6,1396,774,22,16,1,1,1
190,6,1391,774,22,16,1,1,1
191,6,1387,774,22,16,1,1,1
192,6,1383,774,22,16,1,1,1
193,6,1380,774,22,16,1,1,1
194,6,1377,774,22,16,1,1,1
195,6,1373,773,22,16,1,1,1
196,6,1369,774,21,15,1,1,1
197,6,1364,774,21,16,1,1,1
198,6,1359,774,21,15,1,1,1
199,6,1352,774,22,16,1,1,1
200,6,1347,774,22,16,1,1,1
201,6,1341,774,22,16,1,1,1
202,6,1336,774,22,16,1,1,1
203,6,1331,772,22,16,1,1,1
204,6,1328,773,22,16,1,1,1
205,6,1329,773,22,16,1,1,1
206,6,1330,772,22,16,1,1,1
207,6,1332,772,22,16,1,1,1
208,6,1334,772,22,16,1,1,1
209,6,1335,772,22,16,1,1,1
210,6,1336,771,22,16,1,1,1
211,6,1337,770,22,16,1,1,1
212,6,1339,770,22,16,1,1,1
213,6,1340,770,22,16,1,1,1
214,6,1343,769,22,16,1,1,1
215,6,1346,768,22,16,1,1,1
216,6,1348,769,22,16,1,1,1
217,6,1350,769,23,17,1,1,1
218,6,1352,769,23,17,1,1,1
219,6,1355,769,22,16,1,1,1
220,6,1356,769,23,17,1,1,1
221,6,1359,770,23,17,1,1,1
222,6,1361,769,23,17,1,1,1
223,6,1364,769,22,16,1,1,1
224,6,1366,768,22,16,1,1,1
225,6,1368,767,22,16,1,1,1
226,6,1370,767,22,16,1,1,1
227,6,1373,766,22,16,1,1,1
228,6,1375,766,23,16,1,1,1
229,6,1377,766,23,16,1,1,1
230,6,1379,766,23,17,1,1,1
231,6,1382,765,22,16,1,1,1
232,6,1384,765,22,16,1,1,1
233,6,1385,765,23,17,1,1,1
234,6,1387,764,22,16,1,1,1
235,6,1390,764,22,16,1,1,1
236,6,1391,764,22,16,1,1,1
237,6,1392,762,23,17,1,1,1
238,6,1393,762,22,16,1,1,1
239,6,1394,761,23,17,1,1,1
240,6,1395,760,23,17,1,1,1
241,6,1397,760,23,17,1,1,1
242,6,1399,759,23,16,1,1,1
243,6,1400,758,23,17,1,1,1
244,6,1401,758,23,17,1,1,1
245,6,1403,758,23,16,1,1,1
246,6,1404,758,23,17,1,1,1
247,6,1406,757,23,17,1,1,1
248,6,1406,758,23,16,1,1,1
249,6,1405,758,23,17,1,1,1
250,6,1404,758,23,16,1,1,1
251,6,1404,759,23,17,1,1,1
252,6,1404,759,23,17,1,1,1
253,6,1404,759,23,16,1,1,1
254,6,1406,759,22,16,1,1,1
255,6,1407,758,22,16,1,1,1
256,6,1407,759,22,16,1,1,1
257,6,1407,758,24,17,1,1,1
258,6,1407,759,23,17,1,1,1
259,6,1407,759,24,17,1,1,1
260,6,1408,760,23,17,1,1,1
261,6,1408,760,24,17,1,1,1
262,6,1409,761,23,17,1,1,1
263,6,1409,761,24,17,1,1,1
264,6,1409,761,24,18,1,1,1
265,6,1408,761,25,18,1,1,1
266,6,1407,761,25,18,1,1,1
267,6,1406,761,24,18,1,1,1
268,6,1406,761,24,18,1,1,1
269,6,1405,761,24,17,1,1,1
270,6,1403,761,24,18,1,1,1
271,6,1401,762,24,17,1,1,1
272,6,1399,762,24,17,1,1,1
273,6,1396,762,24,17,1,1,1
274,6,1394,762,24,18,1,1,1
275,6,1392,762,24,18,1,1,1
276,6,1390,762,24,17,1,1,1
277,6,1388,762,24,18,1,1,1
278,6,1386,763,24,18,1,1,1
279,6,1383,763,24,17,1,1,1
280,6,1379,763,24,17,1,1,1
281,6,1376,763,24,18,1,1,1
282,6,1372,764,24,18,1,1,1
283,6,1369,764,24,17,1,1,1
284,6,1364,764,24,17,1,1,1
285,6,1361,764,24,17,1,1,1
286,6,1357,765,24,17,1,1,1
287,6,1355,767,24,17,1,1,1
288,6,1352,769,24,17,1,1,1
289,6,1348,767,24,17,1,1,1
290,6,1344,768,24,18,1,1,1
291,6,1341,770,23,17,1,1,1
292,6,1336,770,24,17,1,1,1
293,6,1332,772,24,17,1,1,1
294,6,1327,774,23,17,1,1,1
295,6,1322,775,23,17,1,1,1
296,6,1318,777,23,17,1,1,1
297,6,1312,778,23,17,1,1,1
298,6,1307,778,23,17,1,1,1
299,6,1301,778,23,17,1,1,1
300,6,1297,779,23,17,1,1,1
301,6,1291,779,24,17,1,1,1
302,6,1286,780,23,17,1,1,1
303,6,1281,781,24,17,1,1,1
304,6,1276,783,22,16,1,1,1
305,6,1271,784,22,16,1,1,1
306,6,1264,785,21,16,1,1,1
307,6,1256,786,21,15,1,1,1
308,6,1246,786,21,15,1,1,1
309,6,1236,786,21,15,1,1,1
310,6,1225,786,21,15,1,1,1
311,6,1215,786,21,15,1,1,1
312,6,1205,786,21,15,1,1,1
313,6,1198,786,21,15,1,1,1
314,6,1192,786,21,15,1,1,1
315,6,1187,786,21,15,1,1,1
316,6,1182,786,21,15,1,1,1
317,6,1176,787,21,15,1,1,1
318,6,1169,787,21,15,1,1,1
319,6,1163,788,21,15,1,1,1
320,6,1157,788,20,14,1,1,1
321,6,1151,788,20,15,1,1,1
322,6,1145,788,21,15,1,1,1
323,6,1140,788,21,15,1,1,1
324,6,1135,789,21,15,1,1,1
325,6,1131,790,20,14,1,1,1
326,6,1126,789,20,14,1,1,1
327,6,1123,789,20,14,1,1,1
328,6,1119,790,19,14,1,1,1
329,6,1115,790,20,14,1,1,1
330,6,1111,790,20,14,1,1,1
331,6,1109,790,19,14,1,1,1
332,6,1107,789,20,14,1,1,1
333,6,1103,789,20,14,1,1,1
334,6,1101,789,19,14,1,1,1
335,6,1098,787,20,14,1,1,1
336,6,1097,787,20,14,1,1,1
337,6,1095,786,20,14,1,1,1
338,6,1093,786,20,14,1,1,1
339,6,1090,785,20,14,1,1,1
340,6,1088,784,20,14,1,1,1
341,6,1087,784,20,15,1,1,1
342,6,1086,783,20,15,1,1,1
343,6,1085,782,20,15,1,1,1
344,6,1083,781,21,15,1,1,1
345,6,1082,782,20,15,1,1,1
346,6,1080,782,21,15,1,1,1
347,6,1078,782,20,14,1,1,1
348,6,1076,782,21,15,1,1,1
349,6,1075,782,20,14,1,1,1
350,6,1073,782,20,14,1,1,1
351,6,1073,782,21,15,1,1,1
352,6,1072,782,21,15,1,1,1
353,6,1071,782,20,15,1,1,1
354,6,1070,782,21,15,1,1,1
355,6,1069,780,21,15,1,1,1
356,6,1068,780,21,15,1,1,1
357,6,1066,779,21,15,1,1,1
358,6,1065,779,20,15,1,1,1
359,6,1064,779,21,15,1,1,1
360,6,1063,778,21,15,1,1,1
361,6,1062,778,21,15,1,1,1
362,6,1060,779,21,15,1,1,1
363,6,1059,779,21,15,1,1,1
364,6,1058,779,21,15,1,1,1
365,6,1058,778,21,15,1,1,1
366,6,1058,777,21,15,1,1,1
367,6,1057,778,21,15,1,1,1
368,6,1057,777,20,14,1,1,1
369,6,1056,776,21,15,1,1,1
370,6,1055,774,21,15,1,1,1
371,6,1054,774,21,15,1,1,1
372,6,1054,772,21,15,1,1,1
373,6,1053,771,21,15,1,1,1
374,6,1053,771,20,15,1,1,1
375,6,1053,770,21,15,1,1,1
376,6,1053,770,21,15,1,1,1
377,6,1054,770,21,15,1,1,1
378,6,1054,769,21,15,1,1,1
379,6,1054,768,21,15,1,1,1
380,6,1053,767,21,15,1,1,1
381,6,1054,766,21,15,1,1,1
382,6,1055,767,21,15,1,1,1
383,6,1057,766,21,15,1,1,1
384,6,1059,765,21,15,1,1,1
385,6,1062,764,21,15,1,1,1
386,6,1066,764,21,15,1,1,1
387,6,1071,763,21,15,1,1,1
388,6,1077,763,21,15,1,1,1
389,6,1086,762,21,15,1,1,1
390,6,1094,761,21,15,1,1,1
391,6,1101,759,21,15,1,1,1
392,6,1107,758,21,15,1,1,1
393,6,1110,758,21,15,1,1,1
394,6,1112,757,21,15,1,1,1
395,6,1113,757,21,15,1,1,1
396,6,1113,756,21,15,1,1,1
397,6,1113,755,21,15,1,1,1
398,6,1114,755,20,15,1,1,1
399,6,1113,754,21,15,1,1,1
400,6,1114,754,21,15,1,1,1
401,6,1114,754,21,15,1,1,1
402,6,1114,754,21,15,1,1,1
403,6,1114,754,21,15,1,1,1
404,6,1114,753,21,15,1,1,1
405,6,1114,752,21,15,1,1,1
406,6,1114,751,22,15,1,1,1
407,6,1115,750,21,15,1,1,1
408,6,1114,750,21,15,1,1,1
409,6,1113,749,21,15,1,1,1
410,6,1113,746,21,15,1,1,1
411,6,1112,742,21,15,1,1,1
412,6,1112,736,21,15,1,1,1
413,6,1113,730,21,15,1,1,1
414,6,1112,722,21,15,1,1,1
415,6,1112,712,21,15,1,1,1
416,6,1111,700,21,15,1,1,1
417,6,1110,687,21,15,1,1,1
418,6,1109,673,21,15,1,1,1
419,6,1108,659,21,15,1,1,1
420,6,1107,646,21,15,1,1,1
421,6,1106,634,21,15,1,1,1
422,6,1106,623,21,15,1,1,1
423,6,1105,616,20,15,1,1,1
424,6,1104,609,21,15,1,1,1
425,6,1104,608,21,15,1,1,1
426,6,1103,608,21,15,1,1,1
427,6,1100,609,21,15,1,1,1
428,6,1099,610,21,15,1,1,1
429,6,1098,611,21,15,1,1,1
430,6,1097,612,21,15,1,1,1
431,6,1096,613,21,15,1,1,1
432,6,1095,613,21,15,1,1,1
433,6,1094,614,21,15,1,1,1
434,6,1093,615,21,15,1,1,1
435,6,1092,616,21,15,1,1,1
436,6,1090,618,21,15,1,1,1
437,6,1088,619,21,15,1,1,1
438,6,1086,620,21,15,1,1,1
439,6,1083,620,21,15,1,1,1
440,6,1080,620,21,15,1,1,1
441,6,1075,621,21,15,1,1,1
442,6,1071,620,21,15,1,1,1
443,6,1067,620,21,15,1,1,1
444,6,1063,620,21,15,1,1,1
445,6,1059,621,21,15,1,1,1
446,6,1056,622,21,15,1,1,1
447,6,1053,622,21,15,1,1,1
448,6,1048,622,21,15,1,1,1
449,6,1044,622,21,15,1,1,1
450,6,1039,622,21,15,1,1,1
451,6,1033,622,21,15,1,1,1
452,6,1026,623,21,15,1,1,1
453,6,1021,622,21,15,1,1,1
454,6,1018,624,21,15,1,1,1
455,6,1015,624,21,15,1,1,1
456,6,1015,625,21,15,1,1,1
457,6,1013,625,21,15,1,1,1
458,6,1012,625,21,15,1,1,1
459,6,1011,626,21,15,1,1,1
460,6,1009,626,21,15,1,1,1
461,6,1009,626,21,15,1,1,1
462,6,1008,626,21,15,1,1,1
463,6,1008,626,21,15,1,1,1
464,6,1008,626,21,15,1,1,1
465,6,1008,627,21,15,1,1,1
466,6,1008,627,21,15,1,1,1
467,6,1007,628,21,15,1,1,1
468,6,1007,630,21,15,1,1,1
469,6,1006,632,21,15,1,1,1
470,6,1007,635,21,15,1,1,1
471,6,1007,637,21,15,1,1,1
472,6,1007,640,21,15,1,1,1
473,6,1006,642,21,15,1,1,1
474,6,1005,645,21,15,1,1,1
475,6,1006,647,21,15,1,1,1
476,6,1005,649,21,15,1,1,1
477,6,1005,649,21,15,1,1,1
478,6,1005,650,21,15,1,1,1
479,6,1005,651,21,15,1,1,1
480,6,1006,653,21,15,1,1,1
481,6,1007,657,21,15,1,1,1
482,6,1007,664,21,15,1,1,1
483,6,1007,673,21,15,1,1,1
166,7,1903,877,16,21,1,1,1
167,7,1900,878,16,21,1,1,1
168,7,1897,879,16,21,1,1,1
169,7,1895,880,19,21,1,1,1
170,7,1894,881,19,21,1,1,1
171,7,1891,881,19,21,1,1,1
172,7,1889,881,19,21,1,1,1
173,7,1886,882,19,21,1,1,1
174,7,1883,883,19,20,1,1,1
175,7,1878,884,19,20,1,1,1
176,7,1875,884,18,20,1,1,1
177,7,1872,886,19,20,1,1,1
178,7,1868,887,18,20,1,1,1
179,7,1865,888,18,20,1,1,1
180,7,1861,888,18,20,1,1,1
181,7,1857,889,18,20,1,1,1
182,7,1850,890,18,19,1,1,1
183,7,1843,890,18,20,1,1,1
184,7,1836,889,18,20,1,1,1
185,7,1826,889,18,20,1,1,1
186,7,1815,889,18,20,1,1,1
187,7,1804,889,18,20,1,1,1
188,7,1795,889,17,19,1,1,1
189,7,1786,890,18,19,1,1,1
190,7,1778,890,17,19,1,1,1
191,7,1771,889,17,19,1,1,1
192,7,1765,890,17,19,1,1,1
193,7,1759,889,17,19,1,1,1
194,7,1752,890,17,19,1,1,1
195,7,1744,890,17,18,1,1,1
196,7,1737,890,17,19,1,1,1
197,7,1728,891,17,19,1,1,1
198,7,1718,892,17,19,1,1,1
199,7,1708,892,17,19,1,1,1
200,7,1698,892,17,19,1,1,1
201,7,1688,893,16,18,1,1,1
202,7,1679,892,17,19,1,1,1
203,7,1670,892,16,18,1,1,1
204,7,1663,892,17,18,1,1,1
205,7,1660,893,16,18,1,1,1
206,7,1658,892,16,18,1,1,1
207,7,1656,892,17,19,1,1,1
208,7,1653,893,17,19,1,1,1
209,7,1651,893,17,19,1,1,1
210,7,1649,893,17,19,1,1,1
211,7,1646,893,17,19,1,1,1
212,7,1644,893,17,19,1,1,1
213,7,1642,893,17,18,1,1,1
214,7,1641,892,17,19,1,1,1
215,7,1641,893,17,19,1,1,1
216,7,1640,894,17,19,1,1,1
217,7,1639,894,17,19,1,1,1
218,7,1638,895,17,18,1,1,1
219,7,1637,895,17,19,1,1,1
220,7,1636,896,17,18,1,1,1
221,7,1636,896,16,18,1,1,1
222,7,1636,896,17,19,1,1,1
223,7,1636,895,16,18,1,1,1
224,7,1635,894,17,19,1,1,1
225,7,1635,893,17,19,1,1,1
226,7,1635,893,17,19,1,1,1
227,7,1635,892,17,19,1,1,1
228,7,1635,892,16,18,1,1,1
229,7,1636,892,16,18,1,1,1
230,7,1636,892,17,18,1,1,1
231,7,1637,890,16,18,1,1,1
232,7,1637,890,17,19,1,1,1
233,7,1637,889,17,19,1,1,1
234,7,1636,888,17,19,1,1,1
235,7,1637,888,17,19,1,1,1
236,7,1637,887,17,19,1,1,1
237,7,1637,886,17,19,1,1,1
238,7,1636,885,17,19,1,1,1
239,7,1636,884,17,19,1,1,1
240,7,1635,882,17,19,1,1,1
241,7,1636,881,17,19,1,1,1
242,7,1636,880,17,19,1,1,1
243,7,1636,879,16,18,1,1,1
244,7,1635,879,16,18,1,1,1
245,7,1635,878,17,19,1,1,1
246,7,1635,877,17,19,1,1,1
247,7,1635,877,17,19,1,1,1
248,7,1633,876,17,19,1,1,1
249,7,1631,877,17,19,1,1,1
250,7,1626,876,17,19,1,1,1
251,7,1625,876,17,20,1,1,1
252,7,1623,876,17,20,1,1,1
253,7,1622,875,17,19,1,1,1
254,7,1622,875,18,20,1,1,1
255,7,1622,874,17,19,1,1,1
256,7,1621,874,17,19,1,1,1
257,7,1619,874,17,19,1,1,1
258,7,1619,874,17,19,1,1,1
259,7,1618,874,17,19,1,1,1
260,7,1617,874,17,19,1,1,1
261,7,1617,874,17,19,1,1,1
262,7,1617,874,18,20,1,1,1
263,7,1617,874,17,19,1,1,1
264,7,1617,874,17,20,1,1,1
265,7,1616,874,17,19,1,1,1
266,7,1616,874,18,20,1,1,1
267,7,1615,873,18,20,1,1,1
268,7,1615,873,18,20,1,1,1
269,7,1614,873,18,20,1,1,1
270,7,1614,873,18,20,1,1,1
271,7,1612,873,18,20,1,1,1
272,7,1611,873,18,20,1,1,1
273,7,1610,873,18,20,1,1,1
274,7,1610,873,18,20,1,1,1
275,7,1609,873,17,20,1,1,1
276,7,1609,873,17,20,1,1,1
277,7,1608,873,17,19,1,1,1
278,7,1609,873,17,19,1,1,1
279,7,1607,873,18,20,1,1,1
280,7,1606,873,18,20,1,1,1
281,7,1604,872,17,19,1,1,1
282,7,1602,872,17,19,1,1,1
283,7,1601,872,17,20,1,1,1
284,7,1599,872,18,20,1,1,1
285,7,1598,871,17,20,1,1,1
286,7,1598,872,18,20,1,1,1
287,7,1598,874,18,20,1,1,1
288,7,1598,876,18,20,1,1,1
289,7,1597,874,17,20,1,1,1
290,7,1597,875,18,20,1,1,1
291,7,1596,876,18,20,1,1,1
292,7,1595,877,18,20,1,1,1
293,7,1594,879,18,20,1,1,1
294,7,1593,882,17,19,1,1,1
295,7,1592,883,18,20,1,1,1
296,7,1590,884,18,20,1,1,1
297,7,1589,885,17,19,1,1,1
298,7,1588,885,17,20,1,1,1
299,7,1586,886,17,20,1,1,1
300,7,1586,885,18,20,1,1,1
301,7,1586,886,18,20,1,1,1
302,7,1585,886,18,20,1,1,1
303,7,1585,888,18,20,1,1,1
304,7,1585,890,18,20,1,1,1
305,7,1584,890,18,20,1,1,1
306,7,1583,891,18,20,1,1,1
307,7,1579,892,17,20,1,1,1
308,7,1574,892,17,20,1,1,1
309,7,1568,891,17,20,1,1,1
310,7,1562,891,17,20,1,1,1
311,7,1556,891,17,20,1,1,1
312,7,1551,891,17,20,1,1,1
313,7,1549,891,17,20,1,1,1
314,7,1548,890,17,20,1,1,1
315,7,1547,890,17,20,1,1,1
316,7,1547,890,17,20,1,1,1
317,7,1546,891,17,20,1,1,1
318,7,1544,891,17,20,1,1,1
319,7,1543,891,17,20,1,1,1
320,7,1542,891,17,20,1,1,1
321,7,1541,891,17,20,1,1,1
322,7,1539,891,17,20,1,1,1
323,7,1537,891,17,20,1,1,1
324,7,1536,891,17,20,1,1,1
325,7,1536,892,17,20,1,1,1
326,7,1535,891,17,20,1,1,1
327,7,1535,892,17,20,1,1,1
328,7,1535,892,17,20,1,1,1
329,7,1534,892,17,20,1,1,1
330,7,1534,891,17,20,1,1,1
331,7,1534,891,17,20,1,1,1
332,7,1535,890,17,20,1,1,1
333,7,1535,890,16,19,1,1,1
334,7,1535,889,17,19,1,1,1
335,7,1536,888,16,19,1,1,1
336,7,1537,888,16,19,1,1,1
337,7,1537,887,16,19,1,1,1
338,7,1538,886,16,19,1,1,1
339,7,1537,885,16,19,1,1,1
340,7,1537,884,16,19,1,1,1
341,7,1538,883,16,19,1,1,1
342,7,1539,883,16,19,1,1,1
343,7,1540,882,16,19,1,1,1
344,7,1541,881,16,19,1,1,1
345,7,1540,882,16,19,1,1,1
346,7,1540,881,16,19,1,1,1
347,7,1540,881,16,19,1,1,1
348,7,1540,882,16,19,1,1,1
349,7,1540,881,16,19,1,1,1
350,7,1540,881,16,19,1,1,1
351,7,1541,881,16,19,1,1,1
352,7,1542,881,16,19,1,1,1
353,7,1542,881,16,19,1,1,1
354,7,1544,881,16,19,1,1,1
355,7,1544,880,16,19,1,1,1
356,7,1544,880,16,19,1,1,1
357,7,1544,878,16,19,1,1,1
358,7,1544,878,16,19,1,1,1
359,7,1544,878,16,19,1,1,1
360,7,1544,877,16,19,1,1,1
361,7,1544,877,16,19,1,1,1
362,7,1544,877,16,19,1,1,1
363,7,1544,877,17,20,1,1,1
364,7,1544,877,16,19,1,1,1
365,7,1547,876,17,19,1,1,1
366,7,1548,875,16,19,1,1,1
367,7,1549,875,16,19,1,1,1
368,7,1550,872,17,19,1,1,1
369,7,1551,870,16,19,1,1,1
370,7,1551,868,16,19,1,1,1
371,7,1551,867,17,20,1,1,1
372,7,1553,865,17,19,1,1,1
373,7,1553,864,16,19,1,1,1
374,7,1554,862,17,19,1,1,1
375,7,1555,861,17,20,1,1,1
376,7,1558,860,17,19,1,1,1
377,7,1560,859,16,19,1,1,1
378,7,1560,858,17,20,1,1,1
379,7,1562,857,17,20,1,1,1
380,7,1563,856,17,20,1,1,1
381,7,1565,855,16,19,1,1,1
382,7,1567,855,17,20,1,1,1
383,7,1570,855,17,20,1,1,1
384,7,1574,853,17,20,1,1,1
385,7,1579,852,17,20,1,1,1
386,7,1584,851,17,20,1,1,1
387,7,1590,850,17,20,1,1,1
388,7,1599,850,17,20,1,1,1
389,7,1610,850,17,20,1,1,1
390,7,1620,848,17,20,1,1,1
391,7,1630,846,17,20,1,1,1
392,7,1637,845,17,20,1,1,1
393,7,1642,845,17,20,1,1,1
394,7,1646,844,17,20,1,1,1
395,7,1648,844,17,20,1,1,1
396,7,1650,843,16,19,1,1,1
397,7,1651,841,17,20,1,1,1
398,7,1653,841,17,20,1,1,1
399,7,1654,839,17,20,1,1,1
400,7,1656,838,17,20,1,1,1
401,7,1658,837,17,19,1,1,1
402,7,1659,837,17,20,1,1,1
403,7,1659,837,17,20,1,1,1
404,7,1660,835,17,20,1,1,1
405,7,1662,834,17,20,1,1,1
406,7,1663,833,17,20,1,1,1
407,7,1664,833,17,20,1,1,1
408,7,1665,832,17,20,1,1,1
409,7,1664,831,17,20,1,1,1
410,7,1665,829,17,20,1,1,1
411,7,1666,825,17,20,1,1,1
412,7,1667,818,17,20,1,1,1
413,7,1668,812,17,20,1,1,1
414,7,1669,804,17,20,1,1,1
415,7,1668,794,17,20,1,1,1
416,7,1668,782,18,21,1,1,1
417,7,1667,769,18,21,1,1,1
418,7,1667,756,17,20,1,1,1
419,7,1667,742,17,20,1,1,1
420,7,1666,729,17,20,1,1,1
421,7,1666,717,18,21,1,1,1
422,7,1667,706,17,20,1,1,1
423,7,1667,699,17,20,1,1,1
424,7,1667,691,17,20,1,1,1
425,7,1667,691,17,20,1,1,1
426,7,1666,691,17,20,1,1,1
427,7,1664,693,17,20,1,1,1
428,7,1662,695,17,20,1,1,1
429,7,1661,696,17,20,1,1,1
430,7,1660,697,17,20,1,1,1
431,7,1660,698,17,20,1,1,1
432,7,1659,699,17,20,1,1,1
433,7,1658,700,17,20,1,1,1
434,7,1658,701,17,20,1,1,1
435,7,1656,703,17,20,1,1,1
436,7,1654,705,17,20,1,1,1
437,7,1652,707,17,20,1,1,1
438,7,1649,708,17,20,1,1,1
439,7,1646,708,17,20,1,1,1
440,7,1643,708,17,20,1,1,1
441,7,1638,709,17,20,1,1,1
442,7,1634,709,17,20,1,1,1
443,7,1629,709,17,20,1,1,1
444,7,1625,709,17,20,1,1,1
445,7,1620,711,17,20,1,1,1
446,7,1617,711,17,20,1,1,1
447,7,1613,712,17,20,1,1,1
448,7,1608,712,16,19,1,1,1
449,7,1603,712,17,19,1,1,1
450,7,1597,712,17,20,1,1,1
451,7,1591,712,17,20,1,1,1
452,7,1584,713,17,20,1,1,1
453,7,1578,713,17,20,1,1,1
454,7,1574,714,17,20,1,1,1
455,7,1572,714,17,20,1,1,1
456,7,1570,714,17,20,1,1,1
457,7,1569,715,17,20,1,1,1
458,7,1567,715,17,20,1,1,1
459,7,1565,715,17,20,1,1,1
460,7,1563,716,17,20,1,1,1
461,7,1562,716,17,20,1,1,1
462,7,1561,716,17,20,1,1,1
463,7,1561,716,17,20,1,1,1
464,7,1561,716,16,19,1,1,1
465,7,1560,716,17,20,1,1,1
466,7,1560,717,16,19,1,1,1
467,7,1560,718,17,20,1,1,1
468,7,1558,720,16,19,1,1,1
469,7,1558,721,17,20,1,1,1
470,7,1558,724,17,19,1,1,1
471,7,1558,726,17,19,1,1,1
472,7,1556,728,17,20,1,1,1
473,7,1555,731,17,20,1,1,1
474,7,1554,734,17,20,1,1,1
475,7,1553,735,17,20,1,1,1
476,7,1553,737,17,20,1,1,1
477,7,1553,738,17,20,1,1,1
478,7,1552,739,17,20,1,1,1
479,7,1552,740,17,20,1,1,1
480,7,1553,742,17,20,1,1,1
481,7,1553,746,17,20,1,1,1
482,7,1553,753,17,20,1,1,1
483,7,1553,763,17,20,1,1,1
194,8,1894,650,25,26,1,1,1
195,8,1886,650,25,26,1,1,1
196,8,1879,652,25,26,1,1,1
197,8,1870,653,25,26,1,1,1
198,8,1860,654,25,26,1,1,1
199,8,1850,655,25,26,1,1,1
200,8,1840,656,25,26,1,1,1
201,8,1830,657,25,26,1,1,1
202,8,1822,658,25,26,1,1,1
203,8,1811,657,25,26,1,1,1
204,8,1804,659,24,25,1,1,1
205,8,1802,660,24,25,1,1,1
206,8,1800,660,25,26,1,1,1
207,8,1798,660,24,25,1,1,1
208,8,1796,661,24,25,1,1,1
209,8,1794,662,24,25,1,1,1
210,8,1792,663,24,25,1,1,1
211,8,1789,663,24,25,1,1,1
212,8,1788,664,24,25,1,1,1
213,8,1785,664,24,25,1,1,1
214,8,1785,664,24,25,1,1,1
215,8,1785,664,24,25,1,1,1
216,8,1783,665,24,25,1,1,1
217,8,1782,666,24,25,1,1,1
218,8,1781,667,24,25,1,1,1
219,8,1779,668,24,25,1,1,1
220,8,1778,669,24,25,1,1,1
221,8,1777,670,24,25,1,1,1
222,8,1776,670,24,25,1,1,1
223,8,1775,670,24,25,1,1,1
224,8,1774,669,24,25,1,1,1
225,8,1772,669,24,25,1,1,1
226,8,1772,669,24,25,1,1,1
227,8,1771,669,23,24,1,1,1
228,8,1770,669,24,25,1,1,1
229,8,1769,669,24,25,1,1,1
230,8,1768,670,24,25,1,1,1
231,8,1768,670,23,24,1,1,1
232,8,1766,670,23,24,1,1,1
233,8,1765,670,24,24,1,1,1
234,8,1764,670,23,24,1,1,1
235,8,1763,670,23,24,1,1,1
236,8,1762,670,23,24,1,1,1
237,8,1760,669,23,24,1,1,1
238,8,1758,668,23,24,1,1,1
239,8,1756,668,23,24,1,1,1
240,8,1754,668,23,24,1,1,1
241,8,1753,667,23,24,1,1,1
242,8,1753,667,23,24,1,1,1
243,8,1751,667,23,24,1,1,1
244,8,1750,667,23,24,1,1,1
245,8,1748,667,24,25,1,1,1
246,8,1748,667,23,24,1,1,1
247,8,1747,667,23,24,1,1,1
248,8,1745,668,24,25,1,1,1
249,8,1742,669,24,24,1,1,1
250,8,1737,670,23,24,1,1,1
251,8,1735,671,23,24,1,1,1
252,8,1734,671,22,23,1,1,1
253,8,1732,672,23,24,1,1,1
254,8,1732,672,23,24,1,1,1
255,8,1731,672,23,24,1,1,1
256,8,1730,673,23,23,1,1,1
257,8,1729,673,23,24,1,1,1
258,8,1728,674,23,24,1,1,1
259,8,1727,674,23,24,1,1,1
260,8,1728,675,23,24,1,1,1
261,8,1728,676,23,24,1,1,1
262,8,1728,677,22,23,1,1,1
263,8,1729,677,27,21,1,1,1
264,8,1729,678,27,21,1,1,1
265,8,1730,678,27,21,1,1,1
266,8,1730,678,27,21,1,1,1
267,8,1730,679,27,21,1,1,1
268,8,1731,679,26,21,1,1,1
269,8,1731,679,27,21,1,1,1
270,8,1731,679,28,22,1,1,1
271,8,1731,680,27,21,1,1,1
272,8,1731,680,27,21,1,1,1
273,8,1731,681,27,21,1,1,1
274,8,1732,681,27,21,1,1,1
275,8,1733,682,27,21,1,1,1
276,8,1733,682,27,21,1,1,1
277,8,1735,682,27,21,1,1,1
278,8,1737,684,26,20,1,1,1
279,8,1736,684,26,20,1,1,1
280,8,1737,684,26,20,1,1,1
281,8,1736,685,26,20,1,1,1
282,8,1737,685,26,20,1,1,1
283,8,1737,685,26,20,1,1,1
284,8,1737,685,26,20,1,1,1
285,8,1738,685,25,20,1,1,1
286,8,1740,686,26,20,1,1,1
287,8,1743,689,25,20,1,1,1
288,8,1745,691,25,20,1,1,1
289,8,1747,690,25,20,1,1,1
290,8,1750,691,25,20,1,1,1
291,8,1751,692,26,20,1,1,1
292,8,1753,694,25,19,1,1,1
293,8,1755,695,26,20,1,1,1
294,8,1757,698,26,20,1,1,1
295,8,1759,699,26,20,1,1,1
296,8,1761,701,26,20,1,1,1
297,8,1762,701,26,20,1,1,1
298,8,1764,701,26,20,1,1,1
299,8,1766,701,26,20,1,1,1
300,8,1768,701,27,21,1,1,1
301,8,1771,701,26,20,1,1,1
302,8,1773,702,26,21,1,1,1
303,8,1777,703,26,21,1,1,1
304,8,1779,703,27,21,1,1,1
305,8,1782,704,28,21,1,1,1
306,8,1783,704,28,22,1,1,1
307,8,1782,704,28,22,1,1,1
308,8,1780,704,28,22,1,1,1
309,8,1777,703,28,22,1,1,1
310,8,1774,703,28,22,1,1,1
311,8,1771,703,28,22,1,1,1
312,8,1769,702,28,22,1,1,1
313,8,1769,702,28,22,1,1,1
314,8,1771,701,28,22,1,1,1
315,8,1774,701,27,22,1,1,1
316,8,1777,701,27,21,1,1,1
317,8,1778,701,27,21,1,1,1
318,8,1778,701,28,22,1,1,1
319,8,1780,701,27,22,1,1,1
320,8,1782,701,27,21,1,1,1
321,8,1783,701,27,21,1,1,1
322,8,1784,701,27,21,1,1,1
323,8,1785,700,28,22,1,1,1
324,8,1786,701,27,21,1,1,1
325,8,1788,702,28,22,1,1,1
326,8,1790,701,27,21,1,1,1
327,8,1792,702,27,22,1,1,1
328,8,1794,702,28,22,1,1,1
329,8,1795,702,27,22,1,1,1
330,8,1796,701,28,22,1,1,1
331,8,1799,701,27,21,1,1,1
332,8,1800,699,28,22,1,1,1
333,8,1802,699,28,22,1,1,1
334,8,1804,698,28,22,1,1,1
335,8,1806,696,28,22,1,1,1
336,8,1809,696,28,22,1,1,1
337,8,1810,695,28,22,1,1,1
338,8,1812,693,28,22,1,1,1
339,8,1812,692,28,22,1,1,1
340,8,1815,692,27,21,1,1,1
341,8,1816,691,28,22,1,1,1
342,8,1819,691,27,21,1,1,1
343,8,1820,690,28,22,1,1,1
344,8,1822,690,28,22,1,1,1
345,8,1822,690,28,22,1,1,1
346,8,1823,690,28,22,1,1,1
347,8,1823,690,28,22,1,1,1
348,8,1823,690,28,22,1,1,1
349,8,1824,690,28,22,1,1,1
350,8,1825,691,27,21,1,1,1
351,8,1826,691,27,22,1,1,1
352,8,1827,692,27,21,1,1,1
353,8,1827,691,29,23,1,1,1
354,8,1829,691,28,22,1,1,1
355,8,1829,691,28,22,1,1,1
356,8,1829,690,28,22,1,1,1
357,8,1829,690,28,22,1,1,1
358,8,1830,690,27,21,1,1,1
359,8,1829,690,27,21,1,1,1
360,8,1829,690,27,22,1,1,1
361,8,1829,690,27,21,1,1,1
362,8,1828,690,27,22,1,1,1
363,8,1828,691,27,22,1,1,1
364,8,1828,691,27,21,1,1,1
365,8,1829,690,28,22,1,1,1
366,8,1830,689,27,21,1,1,1
367,8,1830,688,27,22,1,1,1
368,8,1831,687,27,21,1,1,1
369,8,1831,685,26,21,1,1,1
370,8,1829,682,27,21,1,1,1
371,8,1830,681,27,21,1,1,1
372,8,1830,679,27,21,1,1,1
373,8,1829,678,27,21,1,1,1
374,8,1828,677,27,21,1,1,1
375,8,1829,676,26,21,1,1,1
376,8,1830,675,26,21,1,1,1
377,8,1832,674,26,21,1,1,1
378,8,1832,674,26,21,1,1,1
379,8,1832,672,27,21,1,1,1
380,8,1833,671,27,21,1,1,1
381,8,1833,671,27,21,1,1,1
382,8,1835,671,27,21,1,1,1
383,8,1838,671,27,21,1,1,1
384,8,1841,669,27,21,1,1,1
385,8,1845,668,27,21,1,1,1
386,8,1850,667,27,21,1,1,1
387,8,1856,667,27,21,1,1,1
388,8,1865,667,27,21,1,1,1
389,8,1875,666,27,21,1,1,1
390,8,1886,665,26,20,1,1,1
391,8,1895,663,27,21,1,1,1
392,8,1901,662,27,22,1,1,1
393,8,1901,662,27,22,1,1,1
394,8,1901,662,27,22,1,1,1
395,8,1901,662,27,22,1,1,1
310,9,1900,843,19,22,1,1,1
311,9,1896,843,19,22,1,1,1
312,9,1893,843,19,21,1,1,1
313,9,1893,842,23,21,1,1,1
314,9,1894,841,23,21,1,1,1
315,9,1896,841,23,21,1,1,1
316,9,1899,840,23,21,1,1,1
317,9,1900,840,24,22,1,1,1
318,9,1900,840,23,21,1,1,1
319,9,1901,840,23,21,1,1,1
320,9,1903,840,23,21,1,1,1
321,9,1904,840,23,21,1,1,1
322,9,1905,840,23,21,1,1,1
323,9,1907,840,23,21,1,1,1
324,9,1908,840,22,20,1,1,1
325,9,1908,840,22,20,1,1,1
326,9,1908,840,22,20,1,1,1
327,9,1908,840,22,20,1,1,1
438,10,1898,531,21,22,1,1,1
439,10,1896,532,21,22,1,1,1
440,10,1891,532,21,22,1,1,1
441,10,1887,533,28,25,1,1,1
442,10,1883,533,28,25,1,1,1
443,10,1878,534,28,25,1,1,1
444,10,1873,534,29,26,1,1,1
445,10,1869,536,28,25,1,1,1
446,10,1866,536,28,25,1,1,1
447,10,1862,537,28,25,1,1,1
448,10,1857,537,29,25,1,1,1
449,10,1852,538,28,25,1,1,1
450,10,1846,538,28,25,1,1,1
451,10,1839,539,28,25,1,1,1
452,10,1832,540,28,25,1,1,1
453,10,1826,540,28,25,1,1,1
454,10,1823,541,28,25,1,1,1
455,10,1820,542,28,25,1,1,1
456,10,1819,542,28,25,1,1,1
457,10,1817,542,29,25,1,1,1
458,10,1816,543,28,25,1,1,1
459,10,1814,543,28,25,1,1,1
460,10,1813,543,28,25,1,1,1
461,10,1812,543,28,25,1,1,1
462,10,1811,544,28,25,1,1,1
463,10,1811,544,28,25,1,1,1
464,10,1811,544,28,25,1,1,1
465,10,1812,545,28,25,1,1,1
466,10,1811,545,28,25,1,1,1
467,10,1811,546,29,26,1,1,1
468,10,1810,548,28,25,1,1,1
469,10,1810,550,28,25,1,1,1
470,10,1810,553,28,25,1,1,1
471,10,1810,555,29,26,1,1,1
472,10,1809,558,29,26,1,1,1
473,10,1808,561,28,25,1,1,1
474,10,1808,564,28,25,1,1,1
475,10,1807,566,28,25,1,1,1
476,10,1807,568,28,25,1,1,1
477,10,1807,569,28,25,1,1,1
478,10,1807,570,28,25,1,1,1
479,10,1808,571,28,25,1,1,1
480,10,1809,572,28,25,1,1,1
481,10,1809,577,28,25,1,1,1
482,10,1809,584,27,25,1,1,1
483,10,1810,594,27,25,1,1,1
