1,-1,75,495,63,41,1,-1,-1,-1
1,-1,879,520,63,38,1,-1,-1,-1
1,-1,909,468,47,30,1,-1,-1,-1
1,-1,1776,337,93,46,1,-1,-1,-1
2,-1,78,495,62,41,1,-1,-1,-1
2,-1,880,520,64,39,1,-1,-1,-1
2,-1,909,467,51,33,1,-1,-1,-1
2,-1,1769,336,93,46,1,-1,-1,-1
3,-1,80,496,62,40,1,-1,-1,-1
3,-1,881,520,63,38,1,-1,-1,-1
3,-1,923,467,47,30,1,-1,-1,-1
3,-1,1764,336,92,46,1,-1,-1,-1
4,-1,81,496,62,40,1,-1,-1,-1
4,-1,882,520,63,38,1,-1,-1,-1
4,-1,927,467,47,30,1,-1,-1,-1
4,-1,1758,336,92,46,1,-1,-1,-1
5,-1,83,497,62,40,1,-1,-1,-1
5,-1,883,520,63,38,1,-1,-1,-1
5,-1,932,467,47,30,1,-1,-1,-1
5,-1,1752,335,93,46,1,-1,-1,-1
6,-1,86,497,62,40,1,-1,-1,-1
6,-1,884,520,63,38,1,-1,-1,-1
6,-1,939,468,45,29,1,-1,-1,-1
6,-1,1743,334,93,46,1,-1,-1,-1
7,-1,90,498,62,40,1,-1,-1,-1
7,-1,885,520,62,37,1,-1,-1,-1
7,-1,948,468,45,29,1,-1,-1,-1
7,-1,1732,334,93,46,1,-1,-1,-1
8,-1,91,498,62,40,1,-1,-1,-1
8,-1,885,520,62,38,1,-1,-1,-1
8,-1,952,468,45,29,1,-1,-1,-1
8,-1,1725,333,94,46,1,-1,-1,-1
9,-1,92,498,62,40,1,-1,-1,-1
9,-1,885,520,62,38,1,-1,-1,-1
9,-1,953,468,45,29,1,-1,-1,-1
9,-1,1722,333,93,46,1,-1,-1,-1
10,-1,95,498,61,40,1,-1,-1,-1
10,-1,885,521,63,38,1,-1,-1,-1
10,-1,958,469,44,28,1,-1,-1,-1
10,-1,1716,332,94,46,1,-1,-1,-1
11,-1,100,499,60,39,1,-1,-1,-1
11,-1,884,520,64,39,1,-1,-1,-1
11,-1,967,470,42,27,1,-1,-1,-1
11,-1,1704,332,94,46,1,-1,-1,-1
12,-1,102,499,61,39,1,-1,-1,-1
12,-1,885,521,63,38,1,-1,-1,-1
12,-1,971,470,42,27,1,-1,-1,-1
12,-1,1697,330,97,48,1,-1,-1,-1
13,-1,104,499,61,39,1,-1,-1,-1
13,-1,885,521,63,38,1,-1,-1,-1
13,-1,976,471,39,25,1,-1,-1,-1
13,-1,1689,329,103,51,1,-1,-1,-1
14,-1,106,499,61,39,1,-1,-1,-1
14,-1,884,520,63,38,1,-1,-1,-1
14,-1,980,472,36,23,1,-1,-1,-1
14,-1,1680,327,111,55,1,-1,-1,-1
15,-1,108,499,61,39,1,-1,-1,-1
15,-1,883,520,64,38,1,-1,-1,-1
15,-1,984,472,43,34,1,-1,-1,-1
15,-1,1669,324,120,59,1,-1,-1,-1
16,-1,111,499,60,39,1,-1,-1,-1
16,-1,882,520,64,38,1,-1,-1,-1
16,-1,989,472,43,34,1,-1,-1,-1
16,-1,1669,324,120,59,1,-1,-1,-1
17,-1,113,499,60,39,1,-1,-1,-1
17,-1,882,520,64,39,1,-1,-1,-1
17,-1,993,473,43,34,1,-1,-1,-1
17,-1,1669,324,120,59,1,-1,-1,-1
18,-1,115,499,59,38,1,-1,-1,-1
18,-1,881,520,64,39,1,-1,-1,-1
18,-1,994,472,43,34,1,-1,-1,-1
18,-1,1669,324,120,59,1,-1,-1,-1
19,-1,116,499,60,38,1,-1,-1,-1
19,-1,881,520,63,38,1,-1,-1,-1
19,-1,994,467,50,40,1,-1,-1,-1
19,-1,1653,319,88,54,1,-1,-1,-1
20,-1,119,499,59,38,1,-1,-1,-1
20,-1,880,520,64,38,1,-1,-1,-1
20,-1,994,467,50,40,1,-1,-1,-1
20,-1,1642,318,89,54,1,-1,-1,-1
21,-1,121,498,59,38,1,-1,-1,-1
21,-1,879,520,64,38,1,-1,-1,-1
21,-1,1008,468,50,40,1,-1,-1,-1
21,-1,1634,317,90,55,1,-1,-1,-1
22,-1,123,498,59,38,1,-1,-1,-1
22,-1,878,520,64,39,1,-1,-1,-1
22,-1,1008,468,50,40,1,-1,-1,-1
22,-1,1634,318,90,55,1,-1,-1,-1
23,-1,126,497,58,37,1,-1,-1,-1
23,-1,877,520,63,38,1,-1,-1,-1
23,-1,1015,465,50,40,1,-1,-1,-1
23,-1,1619,316,89,55,1,-1,-1,-1
24,-1,131,496,58,37,1,-1,-1,-1
24,-1,874,520,64,39,1,-1,-1,-1
24,-1,1025,465,52,41,1,-1,-1,-1
24,-1,1598,317,89,55,1,-1,-1,-1
25,-1,133,496,58,37,1,-1,-1,-1
25,-1,873,520,64,39,1,-1,-1,-1
25,-1,1030,464,53,42,1,-1,-1,-1
25,-1,1598,317,89,55,1,-1,-1,-1
26,-1,136,496,58,37,1,-1,-1,-1
26,-1,872,520,63,38,1,-1,-1,-1
26,-1,1037,467,53,43,1,-1,-1,-1
26,-1,1586,317,90,55,1,-1,-1,-1
27,-1,138,495,58,37,1,-1,-1,-1
27,-1,871,520,63,38,1,-1,-1,-1
27,-1,1037,467,53,43,1,-1,-1,-1
27,-1,1586,317,90,55,1,-1,-1,-1
28,-1,141,495,58,37,1,-1,-1,-1
28,-1,868,519,63,38,1,-1,-1,-1
28,-1,1048,467,54,44,1,-1,-1,-1
28,-1,1567,316,89,55,1,-1,-1,-1
29,-1,143,495,58,37,1,-1,-1,-1
29,-1,866,519,65,39,1,-1,-1,-1
29,-1,1048,467,54,44,1,-1,-1,-1
29,-1,1556,313,99,61,1,-1,-1,-1
30,-1,146,494,57,37,1,-1,-1,-1
30,-1,864,519,64,38,1,-1,-1,-1
30,-1,1048,465,57,46,1,-1,-1,-1
30,-1,1556,313,80,59,1,-1,-1,-1
31,-1,148,494,57,37,1,-1,-1,-1
31,-1,863,519,64,39,1,-1,-1,-1
31,-1,1048,465,57,46,1,-1,-1,-1
31,-1,1548,313,80,59,1,-1,-1,-1
32,-1,152,493,57,37,1,-1,-1,-1
32,-1,860,519,65,39,1,-1,-1,-1
32,-1,1072,467,57,46,1,-1,-1,-1
32,-1,1535,313,80,59,1,-1,-1,-1
33,-1,154,493,57,37,1,-1,-1,-1
33,-1,859,519,64,39,1,-1,-1,-1
33,-1,1072,467,57,46,1,-1,-1,-1
33,-1,1527,313,80,59,1,-1,-1,-1
34,-1,156,493,57,37,1,-1,-1,-1
34,-1,858,519,63,38,1,-1,-1,-1
34,-1,1072,467,57,46,1,-1,-1,-1
34,-1,1518,312,80,59,1,-1,-1,-1
35,-1,159,493,57,36,1,-1,-1,-1
35,-1,856,519,62,38,1,-1,-1,-1
35,-1,1072,467,57,46,1,-1,-1,-1
35,-1,1508,310,88,65,1,-1,-1,-1
36,-1,163,493,56,36,1,-1,-1,-1
36,-1,854,519,61,37,1,-1,-1,-1
36,-1,1086,466,57,46,1,-1,-1,-1
36,-1,1496,309,88,65,1,-1,-1,-1
37,-1,167,493,57,37,1,-1,-1,-1
37,-1,853,519,61,37,1,-1,-1,-1
37,-1,1086,465,59,48,1,-1,-1,-1
37,-1,1488,309,88,65,1,-1,-1,-1
38,-1,170,493,57,37,1,-1,-1,-1
38,-1,851,519,62,37,1,-1,-1,-1
38,-1,1096,467,55,44,1,-1,-1,-1
38,-1,1479,309,87,64,1,-1,-1,-1
39,-1,173,493,56,36,1,-1,-1,-1
39,-1,850,519,62,37,1,-1,-1,-1
39,-1,1108,472,45,32,1,-1,-1,-1
39,-1,1474,309,83,61,1,-1,-1,-1
40,-1,178,493,56,36,1,-1,-1,-1
40,-1,847,519,62,37,1,-1,-1,-1
40,-1,1108,472,45,32,1,-1,-1,-1
40,-1,1461,310,83,61,1,-1,-1,-1
41,-1,181,493,55,36,1,-1,-1,-1
41,-1,845,519,62,37,1,-1,-1,-1
41,-1,1118,473,45,32,1,-1,-1,-1
41,-1,1440,304,91,67,1,-1,-1,-1
42,-1,184,493,56,36,1,-1,-1,-1
42,-1,844,519,61,37,1,-1,-1,-1
42,-1,1122,474,43,30,1,-1,-1,-1
42,-1,1439,304,92,68,1,-1,-1,-1
43,-1,187,493,55,36,1,-1,-1,-1
43,-1,843,518,62,37,1,-1,-1,-1
43,-1,1118,471,49,35,1,-1,-1,-1
43,-1,1423,304,90,67,1,-1,-1,-1
44,-1,190,493,55,35,1,-1,-1,-1
44,-1,842,519,62,37,1,-1,-1,-1
44,-1,1133,476,39,28,1,-1,-1,-1
44,-1,1424,304,90,67,1,-1,-1,-1
45,-1,195,493,55,35,1,-1,-1,-1
45,-1,839,518,62,37,1,-1,-1,-1
45,-1,1139,475,41,29,1,-1,-1,-1
45,-1,1399,301,90,67,1,-1,-1,-1
46,-1,198,493,55,35,1,-1,-1,-1
46,-1,837,518,61,37,1,-1,-1,-1
46,-1,1140,474,42,30,1,-1,-1,-1
46,-1,1390,299,95,71,1,-1,-1,-1
47,-1,200,493,54,35,1,-1,-1,-1
47,-1,837,518,61,37,1,-1,-1,-1
47,-1,1141,474,44,31,1,-1,-1,-1
47,-1,1386,301,89,66,1,-1,-1,-1
48,-1,203,493,54,35,1,-1,-1,-1
48,-1,836,518,61,37,1,-1,-1,-1
48,-1,1141,473,46,33,1,-1,-1,-1
48,-1,1377,301,90,67,1,-1,-1,-1
49,-1,209,493,53,34,1,-1,-1,-1
49,-1,834,518,62,37,1,-1,-1,-1
49,-1,1141,472,51,37,1,-1,-1,-1
49,-1,1377,301,90,67,1,-1,-1,-1
50,-1,211,493,54,35,1,-1,-1,-1
50,-1,833,519,61,37,1,-1,-1,-1
50,-1,1155,472,52,37,1,-1,-1,-1
50,-1,1356,303,90,67,1,-1,-1,-1
51,-1,212,493,54,35,1,-1,-1,-1
51,-1,832,518,61,37,1,-1,-1,-1
51,-1,1158,473,50,36,1,-1,-1,-1
51,-1,1352,302,93,69,1,-1,-1,-1
52,-1,216,494,53,34,1,-1,-1,-1
52,-1,832,519,61,37,1,-1,-1,-1
52,-1,1160,472,52,37,1,-1,-1,-1
52,-1,1343,303,90,67,1,-1,-1,-1
53,-1,222,494,53,34,1,-1,-1,-1
53,-1,831,519,61,37,1,-1,-1,-1
53,-1,1166,472,54,38,1,-1,-1,-1
53,-1,1326,303,89,66,1,-1,-1,-1
54,-1,225,495,52,34,1,-1,-1,-1
54,-1,830,519,61,37,1,-1,-1,-1
54,-1,1172,472,52,37,1,-1,-1,-1
54,-1,1317,302,90,67,1,-1,-1,-1
55,-1,227,495,51,33,1,-1,-1,-1
55,-1,830,519,61,37,1,-1,-1,-1
55,-1,1175,470,53,37,1,-1,-1,-1
55,-1,1312,302,91,68,1,-1,-1,-1
56,-1,230,495,52,34,1,-1,-1,-1
56,-1,830,519,61,37,1,-1,-1,-1
56,-1,1178,470,52,37,1,-1,-1,-1
56,-1,1304,302,91,68,1,-1,-1,-1
57,-1,237,495,52,34,1,-1,-1,-1
57,-1,829,519,61,37,1,-1,-1,-1
57,-1,1178,471,52,36,1,-1,-1,-1
57,-1,1304,302,91,68,1,-1,-1,-1
58,-1,240,495,52,34,1,-1,-1,-1
58,-1,829,519,61,37,1,-1,-1,-1
58,-1,1191,474,52,36,1,-1,-1,-1
58,-1,1276,302,91,68,1,-1,-1,-1
59,-1,242,495,52,34,1,-1,-1,-1
59,-1,829,519,62,37,1,-1,-1,-1
59,-1,1192,474,51,35,1,-1,-1,-1
59,-1,1275,302,90,67,1,-1,-1,-1
60,-1,246,496,52,34,1,-1,-1,-1
60,-1,829,519,62,37,1,-1,-1,-1
60,-1,1192,474,52,36,1,-1,-1,-1
60,-1,1265,302,90,67,1,-1,-1,-1
61,-1,254,496,51,33,1,-1,-1,-1
61,-1,829,519,61,37,1,-1,-1,-1
61,-1,1201,474,52,36,1,-1,-1,-1
61,-1,1253,302,89,67,1,-1,-1,-1
62,-1,257,496,51,33,1,-1,-1,-1
62,-1,829,519,61,37,1,-1,-1,-1
62,-1,1201,473,56,38,1,-1,-1,-1
62,-1,1242,298,99,75,1,-1,-1,-1
63,-1,259,496,51,33,1,-1,-1,-1
63,-1,828,519,62,37,1,-1,-1,-1
63,-1,1202,472,58,40,1,-1,-1,-1
63,-1,1238,297,103,77,1,-1,-1,-1
64,-1,263,496,51,33,1,-1,-1,-1
64,-1,829,520,62,37,1,-1,-1,-1
64,-1,1202,471,60,42,1,-1,-1,-1
64,-1,1230,306,82,56,1,-1,-1,-1
65,-1,272,497,51,33,1,-1,-1,-1
65,-1,829,520,62,37,1,-1,-1,-1
65,-1,1202,472,58,40,1,-1,-1,-1
65,-1,1214,305,81,55,1,-1,-1,-1
66,-1,276,497,50,33,1,-1,-1,-1
66,-1,828,519,63,38,1,-1,-1,-1
66,-1,1205,304,81,55,1,-1,-1,-1
66,-1,1224,470,59,41,1,-1,-1,-1
67,-1,278,497,50,32,1,-1,-1,-1
67,-1,828,519,63,38,1,-1,-1,-1
67,-1,1201,304,80,55,1,-1,-1,-1
67,-1,1225,470,59,41,1,-1,-1,-1
68,-1,283,497,50,33,1,-1,-1,-1
68,-1,829,520,62,37,1,-1,-1,-1
68,-1,1193,304,79,54,1,-1,-1,-1
68,-1,1225,470,58,41,1,-1,-1,-1
69,-1,292,497,50,32,1,-1,-1,-1
69,-1,830,519,62,38,1,-1,-1,-1
69,-1,1175,302,78,54,1,-1,-1,-1
69,-1,1225,470,58,41,1,-1,-1,-1
70,-1,297,497,51,33,1,-1,-1,-1
70,-1,831,519,63,38,1,-1,-1,-1
70,-1,1168,303,76,52,1,-1,-1,-1
70,-1,1225,470,59,41,1,-1,-1,-1
71,-1,300,497,50,32,1,-1,-1,-1
71,-1,832,519,62,38,1,-1,-1,-1
71,-1,1164,302,75,51,1,-1,-1,-1
71,-1,1243,468,59,41,1,-1,-1,-1
72,-1,306,497,50,32,1,-1,-1,-1
72,-1,833,519,62,38,1,-1,-1,-1
72,-1,1156,302,74,51,1,-1,-1,-1
72,-1,1246,469,57,40,1,-1,-1,-1
73,-1,316,497,50,32,1,-1,-1,-1
73,-1,835,519,62,38,1,-1,-1,-1
73,-1,1139,302,69,47,1,-1,-1,-1
73,-1,1253,470,56,39,1,-1,-1,-1
74,-1,322,498,49,32,1,-1,-1,-1
74,-1,837,519,62,38,1,-1,-1,-1
74,-1,1129,301,71,48,1,-1,-1,-1
74,-1,1257,470,56,39,1,-1,-1,-1
75,-1,327,498,49,31,1,-1,-1,-1
75,-1,838,520,62,37,1,-1,-1,-1
75,-1,1120,300,70,48,1,-1,-1,-1
75,-1,1258,470,55,38,1,-1,-1,-1
76,-1,332,498,48,31,1,-1,-1,-1
76,-1,839,520,62,37,1,-1,-1,-1
76,-1,1110,299,71,49,1,-1,-1,-1
76,-1,1258,469,59,41,1,-1,-1,-1
77,-1,338,498,48,31,1,-1,-1,-1
77,-1,841,520,61,37,1,-1,-1,-1
77,-1,1100,299,71,49,1,-1,-1,-1
77,-1,1259,469,59,41,1,-1,-1,-1
78,-1,343,498,48,31,1,-1,-1,-1
78,-1,843,520,62,37,1,-1,-1,-1
78,-1,1091,299,72,49,1,-1,-1,-1
78,-1,1259,469,59,41,1,-1,-1,-1
79,-1,351,498,48,31,1,-1,-1,-1
79,-1,846,520,61,37,1,-1,-1,-1
79,-1,1078,298,72,49,1,-1,-1,-1
79,-1,1259,468,59,41,1,-1,-1,-1
80,-1,356,498,48,31,1,-1,-1,-1
80,-1,847,520,62,37,1,-1,-1,-1
80,-1,1069,297,73,50,1,-1,-1,-1
80,-1,1276,474,44,36,1,-1,-1,-1
81,-1,362,498,48,31,1,-1,-1,-1
81,-1,850,520,61,37,1,-1,-1,-1
81,-1,1059,297,72,49,1,-1,-1,-1
81,-1,1276,474,44,36,1,-1,-1,-1
82,-1,368,499,46,30,1,-1,-1,-1
82,-1,851,520,61,37,1,-1,-1,-1
82,-1,1050,296,73,50,1,-1,-1,-1
82,-1,1283,474,45,37,1,-1,-1,-1
83,-1,373,499,46,30,1,-1,-1,-1
83,-1,852,520,61,37,1,-1,-1,-1
83,-1,1040,296,73,50,1,-1,-1,-1
83,-1,1284,474,45,37,1,-1,-1,-1
84,-1,376,500,46,30,1,-1,-1,-1
84,-1,853,520,62,37,1,-1,-1,-1
84,-1,1036,296,74,51,1,-1,-1,-1
84,-1,1287,475,43,35,1,-1,-1,-1
85,-1,387,500,46,30,1,-1,-1,-1
85,-1,856,519,62,37,1,-1,-1,-1
85,-1,1018,295,74,51,1,-1,-1,-1
85,-1,1292,476,43,36,1,-1,-1,-1
86,-1,392,500,47,30,1,-1,-1,-1
86,-1,857,519,63,38,1,-1,-1,-1
86,-1,1010,294,75,51,1,-1,-1,-1
86,-1,1295,477,43,35,1,-1,-1,-1
87,-1,395,501,47,30,1,-1,-1,-1
87,-1,858,519,62,38,1,-1,-1,-1
87,-1,1005,294,76,52,1,-1,-1,-1
87,-1,1297,477,42,35,1,-1,-1,-1
88,-1,401,501,46,30,1,-1,-1,-1
88,-1,859,519,63,38,1,-1,-1,-1
88,-1,995,293,80,55,1,-1,-1,-1
88,-1,1298,477,42,35,1,-1,-1,-1
89,-1,411,501,46,30,1,-1,-1,-1
89,-1,861,519,63,38,1,-1,-1,-1
89,-1,977,292,81,55,1,-1,-1,-1
89,-1,1299,477,42,35,1,-1,-1,-1
90,-1,416,501,46,30,1,-1,-1,-1
90,-1,862,519,63,38,1,-1,-1,-1
90,-1,969,292,81,56,1,-1,-1,-1
90,-1,1299,476,44,36,1,-1,-1,-1
91,-1,418,501,46,30,1,-1,-1,-1
91,-1,863,519,63,38,1,-1,-1,-1
91,-1,964,292,81,56,1,-1,-1,-1
91,-1,1299,476,44,36,1,-1,-1,-1
92,-1,423,502,45,29,1,-1,-1,-1
92,-1,863,519,63,38,1,-1,-1,-1
92,-1,956,291,81,56,1,-1,-1,-1
92,-1,1311,475,46,38,1,-1,-1,-1
93,-1,432,501,47,30,1,-1,-1,-1
93,-1,865,520,63,38,1,-1,-1,-1
93,-1,938,290,82,56,1,-1,-1,-1
93,-1,1316,475,46,38,1,-1,-1,-1
94,-1,437,502,46,30,1,-1,-1,-1
94,-1,866,520,63,38,1,-1,-1,-1
94,-1,930,290,81,56,1,-1,-1,-1
94,-1,1318,475,46,38,1,-1,-1,-1
95,-1,439,502,46,29,1,-1,-1,-1
95,-1,866,520,63,38,1,-1,-1,-1
95,-1,925,290,82,56,1,-1,-1,-1
95,-1,1319,475,47,39,1,-1,-1,-1
96,-1,443,502,46,30,1,-1,-1,-1
96,-1,866,521,63,38,1,-1,-1,-1
96,-1,919,290,80,54,1,-1,-1,-1
96,-1,1322,475,47,39,1,-1,-1,-1
97,-1,451,502,46,29,1,-1,-1,-1
97,-1,867,521,63,38,1,-1,-1,-1
97,-1,902,289,79,54,1,-1,-1,-1
97,-1,1326,474,48,39,1,-1,-1,-1
98,-1,453,502,45,29,1,-1,-1,-1
98,-1,867,521,63,38,1,-1,-1,-1
98,-1,898,289,80,54,1,-1,-1,-1
98,-1,1326,474,48,40,1,-1,-1,-1
99,-1,452,497,54,40,1,-1,-1,-1
99,-1,867,521,63,38,1,-1,-1,-1
99,-1,890,287,76,51,1,-1,-1,-1
99,-1,1326,474,48,40,1,-1,-1,-1
100,-1,458,497,54,40,1,-1,-1,-1
100,-1,867,521,63,38,1,-1,-1,-1
100,-1,878,287,75,50,1,-1,-1,-1
100,-1,1330,474,48,40,1,-1,-1,-1
101,-1,463,497,54,40,1,-1,-1,-1
101,-1,865,286,74,50,1,-1,-1,-1
101,-1,866,521,63,38,1,-1,-1,-1
101,-1,1333,474,48,40,1,-1,-1,-1
102,-1,465,497,54,40,1,-1,-1,-1
102,-1,863,286,74,49,1,-1,-1,-1
102,-1,866,521,63,38,1,-1,-1,-1
102,-1,1335,474,48,40,1,-1,-1,-1
103,-1,468,497,54,40,1,-1,-1,-1
103,-1,855,286,73,49,1,-1,-1,-1
103,-1,865,521,63,38,1,-1,-1,-1
103,-1,1337,474,48,40,1,-1,-1,-1
104,-1,475,497,53,39,1,-1,-1,-1
104,-1,842,284,74,49,1,-1,-1,-1
104,-1,864,521,63,38,1,-1,-1,-1
104,-1,1340,474,47,40,1,-1,-1,-1
105,-1,478,498,53,39,1,-1,-1,-1
105,-1,833,284,74,50,1,-1,-1,-1
105,-1,863,521,63,38,1,-1,-1,-1
105,-1,1342,474,47,40,1,-1,-1,-1
106,-1,482,498,53,39,1,-1,-1,-1
106,-1,824,283,73,49,1,-1,-1,-1
106,-1,862,521,63,38,1,-1,-1,-1
106,-1,1345,474,47,40,1,-1,-1,-1
107,-1,490,498,52,39,1,-1,-1,-1
107,-1,807,282,75,50,1,-1,-1,-1
107,-1,860,521,64,39,1,-1,-1,-1
107,-1,1349,476,45,38,1,-1,-1,-1
108,-1,493,498,52,38,1,-1,-1,-1
108,-1,798,282,74,50,1,-1,-1,-1
108,-1,858,520,66,40,1,-1,-1,-1
108,-1,1352,476,44,37,1,-1,-1,-1
109,-1,495,498,52,38,1,-1,-1,-1
109,-1,794,282,73,49,1,-1,-1,-1
109,-1,858,521,63,38,1,-1,-1,-1
109,-1,1352,476,45,37,1,-1,-1,-1
110,-1,497,497,52,38,1,-1,-1,-1
110,-1,790,282,73,49,1,-1,-1,-1
110,-1,858,521,63,38,1,-1,-1,-1
110,-1,1353,476,45,37,1,-1,-1,-1
111,-1,505,497,51,38,1,-1,-1,-1
111,-1,767,281,73,49,1,-1,-1,-1
111,-1,855,521,62,37,1,-1,-1,-1
111,-1,1368,477,44,37,1,-1,-1,-1
112,-1,507,497,51,38,1,-1,-1,-1
112,-1,763,281,73,49,1,-1,-1,-1
112,-1,854,521,62,38,1,-1,-1,-1
112,-1,1369,477,44,37,1,-1,-1,-1
113,-1,509,497,51,38,1,-1,-1,-1
113,-1,758,280,74,50,1,-1,-1,-1
113,-1,854,521,62,37,1,-1,-1,-1
113,-1,1371,478,42,36,1,-1,-1,-1
114,-1,511,497,50,37,1,-1,-1,-1
114,-1,749,280,74,49,1,-1,-1,-1
114,-1,851,520,63,38,1,-1,-1,-1
114,-1,1374,477,44,37,1,-1,-1,-1
115,-1,516,498,50,37,1,-1,-1,-1
115,-1,735,279,75,50,1,-1,-1,-1
115,-1,850,520,62,38,1,-1,-1,-1
115,-1,1378,477,44,37,1,-1,-1,-1
116,-1,521,498,49,37,1,-1,-1,-1
116,-1,726,279,75,50,1,-1,-1,-1
116,-1,848,520,62,38,1,-1,-1,-1
116,-1,1380,477,45,37,1,-1,-1,-1
117,-1,524,498,49,36,1,-1,-1,-1
117,-1,717,279,75,50,1,-1,-1,-1
117,-1,847,520,62,37,1,-1,-1,-1
117,-1,1382,477,45,38,1,-1,-1,-1
118,-1,528,498,49,36,1,-1,-1,-1
118,-1,708,279,75,50,1,-1,-1,-1
118,-1,846,520,62,37,1,-1,-1,-1
118,-1,1385,479,42,35,1,-1,-1,-1
119,-1,533,498,49,37,1,-1,-1,-1
119,-1,694,279,75,50,1,-1,-1,-1
119,-1,844,520,62,37,1,-1,-1,-1
119,-1,1388,478,45,38,1,-1,-1,-1
120,-1,537,498,50,37,1,-1,-1,-1
120,-1,685,279,76,51,1,-1,-1,-1
120,-1,843,520,61,37,1,-1,-1,-1
120,-1,1389,479,44,37,1,-1,-1,-1
121,-1,540,498,50,37,1,-1,-1,-1
121,-1,676,279,76,51,1,-1,-1,-1
121,-1,841,520,61,37,1,-1,-1,-1
121,-1,1390,479,44,37,1,-1,-1,-1
122,-1,543,497,51,38,1,-1,-1,-1
122,-1,668,279,76,51,1,-1,-1,-1
122,-1,840,520,61,37,1,-1,-1,-1
122,-1,1390,479,44,37,1,-1,-1,-1
123,-1,545,496,53,40,1,-1,-1,-1
123,-1,656,278,77,51,1,-1,-1,-1
123,-1,839,520,62,37,1,-1,-1,-1
123,-1,1390,479,45,38,1,-1,-1,-1
124,-1,553,497,53,39,1,-1,-1,-1
124,-1,642,279,76,51,1,-1,-1,-1
124,-1,837,519,61,37,1,-1,-1,-1
124,-1,1391,478,46,38,1,-1,-1,-1
125,-1,557,497,53,39,1,-1,-1,-1
125,-1,634,279,76,51,1,-1,-1,-1
125,-1,836,519,62,38,1,-1,-1,-1
125,-1,1391,478,46,39,1,-1,-1,-1
126,-1,561,497,53,39,1,-1,-1,-1
126,-1,623,278,83,56,1,-1,-1,-1
126,-1,836,519,61,37,1,-1,-1,-1
126,-1,1391,478,47,39,1,-1,-1,-1
127,-1,565,497,53,39,1,-1,-1,-1
127,-1,615,279,82,55,1,-1,-1,-1
127,-1,836,519,61,37,1,-1,-1,-1
127,-1,1403,474,47,39,1,-1,-1,-1
128,-1,573,498,52,38,1,-1,-1,-1
128,-1,601,279,83,56,1,-1,-1,-1
128,-1,835,518,61,37,1,-1,-1,-1
128,-1,1405,475,46,38,1,-1,-1,-1
129,-1,578,498,52,38,1,-1,-1,-1
129,-1,591,279,88,59,1,-1,-1,-1
129,-1,835,518,61,37,1,-1,-1,-1
129,-1,1406,475,45,38,1,-1,-1,-1
130,-1,582,279,88,59,1,-1,-1,-1
130,-1,583,498,51,38,1,-1,-1,-1
130,-1,834,518,61,37,1,-1,-1,-1
130,-1,1407,475,47,39,1,-1,-1,-1
131,-1,574,281,86,58,1,-1,-1,-1
131,-1,588,499,50,37,1,-1,-1,-1
131,-1,834,518,62,37,1,-1,-1,-1
131,-1,1409,475,48,40,1,-1,-1,-1
132,-1,562,282,86,58,1,-1,-1,-1
132,-1,596,499,50,37,1,-1,-1,-1
132,-1,833,518,62,37,1,-1,-1,-1
132,-1,1410,475,48,40,1,-1,-1,-1
133,-1,554,283,87,58,1,-1,-1,-1
133,-1,601,499,50,37,1,-1,-1,-1
133,-1,834,518,61,37,1,-1,-1,-1
133,-1,1410,475,48,40,1,-1,-1,-1
134,-1,551,284,87,58,1,-1,-1,-1
134,-1,604,500,49,36,1,-1,-1,-1
134,-1,833,518,62,37,1,-1,-1,-1
134,-1,1411,475,48,40,1,-1,-1,-1
135,-1,548,284,86,58,1,-1,-1,-1
135,-1,606,500,49,37,1,-1,-1,-1
135,-1,834,518,61,37,1,-1,-1,-1
135,-1,1412,475,48,39,1,-1,-1,-1
136,-1,537,285,87,58,1,-1,-1,-1
136,-1,613,500,50,37,1,-1,-1,-1
136,-1,833,518,62,37,1,-1,-1,-1
136,-1,1412,475,49,40,1,-1,-1,-1
137,-1,529,286,88,59,1,-1,-1,-1
137,-1,618,500,50,37,1,-1,-1,-1
137,-1,833,519,62,37,1,-1,-1,-1
137,-1,1414,475,47,39,1,-1,-1,-1
138,-1,529,286,88,59,1,-1,-1,-1
138,-1,618,500,50,37,1,-1,-1,-1
138,-1,833,519,61,37,1,-1,-1,-1
138,-1,1414,475,47,39,1,-1,-1,-1
139,-1,522,287,88,59,1,-1,-1,-1
139,-1,622,500,50,37,1,-1,-1,-1
139,-1,833,519,62,37,1,-1,-1,-1
139,-1,1415,474,47,39,1,-1,-1,-1
140,-1,515,288,88,59,1,-1,-1,-1
140,-1,627,500,50,37,1,-1,-1,-1
140,-1,833,519,63,38,1,-1,-1,-1
140,-1,1415,474,47,39,1,-1,-1,-1
141,-1,505,289,88,59,1,-1,-1,-1
141,-1,634,501,49,36,1,-1,-1,-1
141,-1,833,520,62,37,1,-1,-1,-1
141,-1,1416,474,47,39,1,-1,-1,-1
142,-1,502,290,88,59,1,-1,-1,-1
142,-1,637,501,48,36,1,-1,-1,-1
142,-1,833,520,62,37,1,-1,-1,-1
142,-1,1416,474,47,39,1,-1,-1,-1
143,-1,489,291,89,60,1,-1,-1,-1
143,-1,646,502,48,36,1,-1,-1,-1
143,-1,834,520,62,37,1,-1,-1,-1
143,-1,1416,473,48,39,1,-1,-1,-1
144,-1,483,292,90,60,1,-1,-1,-1
144,-1,651,502,48,35,1,-1,-1,-1
144,-1,835,521,62,37,1,-1,-1,-1
144,-1,1417,473,48,40,1,-1,-1,-1
145,-1,481,292,89,60,1,-1,-1,-1
145,-1,653,502,48,36,1,-1,-1,-1
145,-1,835,521,62,37,1,-1,-1,-1
145,-1,1417,473,48,40,1,-1,-1,-1
146,-1,476,293,89,60,1,-1,-1,-1
146,-1,658,502,48,36,1,-1,-1,-1
146,-1,836,521,61,37,1,-1,-1,-1
146,-1,1417,473,48,40,1,-1,-1,-1
147,-1,465,296,87,58,1,-1,-1,-1
147,-1,667,502,48,35,1,-1,-1,-1
147,-1,837,521,62,37,1,-1,-1,-1
147,-1,1419,473,49,41,1,-1,-1,-1
148,-1,463,296,87,58,1,-1,-1,-1
148,-1,669,502,49,36,1,-1,-1,-1
148,-1,838,521,62,37,1,-1,-1,-1
148,-1,1419,473,49,41,1,-1,-1,-1
149,-1,461,296,88,59,1,-1,-1,-1
149,-1,672,502,48,36,1,-1,-1,-1
149,-1,839,521,62,37,1,-1,-1,-1
149,-1,1419,473,50,41,1,-1,-1,-1
150,-1,454,298,87,58,1,-1,-1,-1
150,-1,679,502,48,35,1,-1,-1,-1
150,-1,840,520,62,37,1,-1,-1,-1
150,-1,1420,473,50,41,1,-1,-1,-1
151,-1,449,299,88,59,1,-1,-1,-1
151,-1,683,502,49,36,1,-1,-1,-1
151,-1,842,520,60,36,1,-1,-1,-1
151,-1,1421,473,50,41,1,-1,-1,-1
152,-1,444,300,88,59,1,-1,-1,-1
152,-1,689,502,49,36,1,-1,-1,-1
152,-1,843,520,60,36,1,-1,-1,-1
152,-1,1421,473,50,41,1,-1,-1,-1
153,-1,440,308,73,49,1,-1,-1,-1
153,-1,694,502,49,36,1,-1,-1,-1
153,-1,845,519,60,36,1,-1,-1,-1
153,-1,1421,473,51,42,1,-1,-1,-1
154,-1,434,310,72,48,1,-1,-1,-1
154,-1,701,502,49,37,1,-1,-1,-1
154,-1,847,518,60,36,1,-1,-1,-1
154,-1,1421,473,51,42,1,-1,-1,-1
155,-1,430,311,72,48,1,-1,-1,-1
155,-1,707,503,49,36,1,-1,-1,-1
155,-1,849,518,61,37,1,-1,-1,-1
155,-1,1422,473,51,43,1,-1,-1,-1
156,-1,426,313,72,48,1,-1,-1,-1
156,-1,712,503,48,35,1,-1,-1,-1
156,-1,850,518,61,37,1,-1,-1,-1
156,-1,1422,473,52,43,1,-1,-1,-1
157,-1,422,314,72,48,1,-1,-1,-1
157,-1,717,503,48,35,1,-1,-1,-1
157,-1,853,518,60,36,1,-1,-1,-1
157,-1,1422,473,51,43,1,-1,-1,-1
158,-1,418,315,72,48,1,-1,-1,-1
158,-1,723,504,47,35,1,-1,-1,-1
158,-1,854,518,61,37,1,-1,-1,-1
158,-1,1422,473,51,43,1,-1,-1,-1
159,-1,415,316,72,48,1,-1,-1,-1
159,-1,726,504,46,34,1,-1,-1,-1
159,-1,855,518,61,37,1,-1,-1,-1
159,-1,1422,473,52,43,1,-1,-1,-1
160,-1,406,318,72,48,1,-1,-1,-1
160,-1,736,504,48,35,1,-1,-1,-1
160,-1,860,519,61,37,1,-1,-1,-1
160,-1,1422,473,52,43,1,-1,-1,-1
161,-1,402,319,72,48,1,-1,-1,-1
161,-1,742,504,48,35,1,-1,-1,-1
161,-1,862,519,60,36,1,-1,-1,-1
161,-1,1422,473,52,43,1,-1,-1,-1
162,-1,400,320,71,48,1,-1,-1,-1
162,-1,745,504,47,35,1,-1,-1,-1
162,-1,862,519,61,37,1,-1,-1,-1
162,-1,1422,473,52,43,1,-1,-1,-1
163,-1,396,321,71,48,1,-1,-1,-1
163,-1,751,505,47,35,1,-1,-1,-1
163,-1,865,519,61,37,1,-1,-1,-1
163,-1,1422,473,52,43,1,-1,-1,-1
164,-1,392,322,71,48,1,-1,-1,-1
164,-1,755,504,49,36,1,-1,-1,-1
164,-1,866,519,61,37,1,-1,-1,-1
164,-1,1422,473,52,43,1,-1,-1,-1
165,-1,388,322,71,48,1,-1,-1,-1
165,-1,761,505,47,35,1,-1,-1,-1
165,-1,869,520,60,36,1,-1,-1,-1
165,-1,1422,473,52,43,1,-1,-1,-1
166,-1,383,323,71,48,1,-1,-1,-1
166,-1,768,505,46,34,1,-1,-1,-1
166,-1,870,520,61,37,1,-1,-1,-1
166,-1,1422,473,52,43,1,-1,-1,-1
167,-1,376,324,71,48,1,-1,-1,-1
167,-1,776,506,46,34,1,-1,-1,-1
167,-1,873,520,59,36,1,-1,-1,-1
167,-1,1422,473,52,43,1,-1,-1,-1
168,-1,372,325,71,47,1,-1,-1,-1
168,-1,781,506,46,34,1,-1,-1,-1
168,-1,874,520,60,36,1,-1,-1,-1
168,-1,1421,473,51,42,1,-1,-1,-1
169,-1,368,326,71,48,1,-1,-1,-1
169,-1,787,506,45,34,1,-1,-1,-1
169,-1,875,519,61,37,1,-1,-1,-1
169,-1,1421,473,51,42,1,-1,-1,-1
170,-1,363,326,71,48,1,-1,-1,-1
170,-1,793,506,44,33,1,-1,-1,-1
170,-1,876,519,61,37,1,-1,-1,-1
170,-1,1421,473,60,48,1,-1,-1,-1
171,-1,356,328,70,47,1,-1,-1,-1
171,-1,802,508,42,31,1,-1,-1,-1
171,-1,877,519,60,36,1,-1,-1,-1
171,-1,1420,473,60,48,1,-1,-1,-1
172,-1,353,328,71,47,1,-1,-1,-1
172,-1,804,508,42,31,1,-1,-1,-1
172,-1,877,519,60,36,1,-1,-1,-1
172,-1,1418,472,61,49,1,-1,-1,-1
173,-1,346,329,70,47,1,-1,-1,-1
173,-1,812,508,42,31,1,-1,-1,-1
173,-1,877,519,61,37,1,-1,-1,-1
173,-1,1415,472,61,49,1,-1,-1,-1
174,-1,341,329,70,47,1,-1,-1,-1
174,-1,817,508,41,31,1,-1,-1,-1
174,-1,877,519,60,36,1,-1,-1,-1
174,-1,1413,472,61,49,1,-1,-1,-1
175,-1,336,330,71,47,1,-1,-1,-1
175,-1,823,508,41,30,1,-1,-1,-1
175,-1,876,519,61,37,1,-1,-1,-1
175,-1,1410,472,62,50,1,-1,-1,-1
176,-1,331,330,70,47,1,-1,-1,-1
176,-1,828,509,40,30,1,-1,-1,-1
176,-1,877,519,60,36,1,-1,-1,-1
176,-1,1408,472,62,49,1,-1,-1,-1
177,-1,325,331,71,47,1,-1,-1,-1
177,-1,833,509,40,30,1,-1,-1,-1
177,-1,876,519,60,36,1,-1,-1,-1
177,-1,1407,472,61,49,1,-1,-1,-1
178,-1,319,331,71,48,1,-1,-1,-1
178,-1,839,509,40,29,1,-1,-1,-1
178,-1,876,519,59,36,1,-1,-1,-1
178,-1,1405,473,59,47,1,-1,-1,-1
179,-1,316,331,71,48,1,-1,-1,-1
179,-1,841,510,39,29,1,-1,-1,-1
179,-1,876,519,60,36,1,-1,-1,-1
179,-1,1405,473,58,46,1,-1,-1,-1
180,-1,311,331,71,48,1,-1,-1,-1
180,-1,846,510,39,29,1,-1,-1,-1
180,-1,876,519,59,36,1,-1,-1,-1
180,-1,1397,474,58,46,1,-1,-1,-1
181,-1,302,331,71,48,1,-1,-1,-1
181,-1,853,511,39,29,1,-1,-1,-1
181,-1,874,519,60,36,1,-1,-1,-1
181,-1,1396,474,58,46,1,-1,-1,-1
182,-1,300,331,71,48,1,-1,-1,-1
182,-1,856,511,39,29,1,-1,-1,-1
182,-1,874,519,61,36,1,-1,-1,-1
182,-1,1395,474,59,46,1,-1,-1,-1
183,-1,294,331,71,48,1,-1,-1,-1
183,-1,861,511,38,28,1,-1,-1,-1
183,-1,873,519,61,36,1,-1,-1,-1
183,-1,1397,474,58,46,1,-1,-1,-1
184,-1,286,332,71,48,1,-1,-1,-1
184,-1,868,512,38,28,1,-1,-1,-1
184,-1,871,519,61,36,1,-1,-1,-1
184,-1,1397,474,58,46,1,-1,-1,-1
185,-1,281,332,70,47,1,-1,-1,-1
185,-1,869,519,61,36,1,-1,-1,-1
185,-1,874,512,37,28,1,-1,-1,-1
185,-1,1398,474,57,45,1,-1,-1,-1
186,-1,275,332,70,47,1,-1,-1,-1
186,-1,868,519,60,36,1,-1,-1,-1
186,-1,878,512,37,28,1,-1,-1,-1
186,-1,1397,474,57,46,1,-1,-1,-1
187,-1,270,332,70,47,1,-1,-1,-1
187,-1,866,519,59,36,1,-1,-1,-1
187,-1,883,513,37,28,1,-1,-1,-1
187,-1,1397,474,58,46,1,-1,-1,-1
188,-1,262,333,70,47,1,-1,-1,-1
188,-1,863,519,60,36,1,-1,-1,-1
188,-1,890,513,37,28,1,-1,-1,-1
188,-1,1397,474,58,46,1,-1,-1,-1
189,-1,258,333,70,47,1,-1,-1,-1
189,-1,861,519,60,36,1,-1,-1,-1
189,-1,895,513,38,28,1,-1,-1,-1
189,-1,1380,468,59,47,1,-1,-1,-1
190,-1,253,334,69,47,1,-1,-1,-1
190,-1,859,519,60,36,1,-1,-1,-1
190,-1,899,513,38,28,1,-1,-1,-1
190,-1,1378,468,60,48,1,-1,-1,-1
191,-1,249,334,69,47,1,-1,-1,-1
191,-1,857,519,60,36,1,-1,-1,-1
191,-1,904,513,38,28,1,-1,-1,-1
191,-1,1377,468,60,48,1,-1,-1,-1
192,-1,248,334,69,46,1,-1,-1,-1
192,-1,856,518,61,37,1,-1,-1,-1
192,-1,906,513,38,28,1,-1,-1,-1
192,-1,1376,467,62,49,1,-1,-1,-1
193,-1,244,334,69,46,1,-1,-1,-1
193,-1,854,519,60,36,1,-1,-1,-1
193,-1,911,514,38,28,1,-1,-1,-1
193,-1,1373,468,59,47,1,-1,-1,-1
194,-1,239,334,69,46,1,-1,-1,-1
194,-1,851,514,60,41,1,-1,-1,-1
194,-1,919,508,48,34,1,-1,-1,-1
194,-1,1370,466,61,49,1,-1,-1,-1
195,-1,238,334,69,47,1,-1,-1,-1
195,-1,850,514,60,41,1,-1,-1,-1
195,-1,920,508,49,35,1,-1,-1,-1
195,-1,1369,466,61,48,1,-1,-1,-1
196,-1,236,335,69,47,1,-1,-1,-1
196,-1,848,514,60,41,1,-1,-1,-1
196,-1,925,508,49,34,1,-1,-1,-1
196,-1,1366,466,61,49,1,-1,-1,-1
197,-1,233,336,69,46,1,-1,-1,-1
197,-1,845,514,59,40,1,-1,-1,-1
197,-1,933,508,48,34,1,-1,-1,-1
197,-1,1363,465,62,49,1,-1,-1,-1
198,-1,231,336,68,46,1,-1,-1,-1
198,-1,842,514,61,41,1,-1,-1,-1
198,-1,938,509,47,34,1,-1,-1,-1
198,-1,1362,466,60,48,1,-1,-1,-1
199,-1,230,336,68,46,1,-1,-1,-1
199,-1,841,514,59,41,1,-1,-1,-1
199,-1,942,509,47,33,1,-1,-1,-1
199,-1,1359,465,61,49,1,-1,-1,-1
200,-1,229,336,68,46,1,-1,-1,-1
200,-1,839,514,60,41,1,-1,-1,-1
200,-1,947,509,47,33,1,-1,-1,-1
200,-1,1358,466,61,48,1,-1,-1,-1
201,-1,228,337,68,46,1,-1,-1,-1
201,-1,838,515,59,40,1,-1,-1,-1
201,-1,951,508,48,34,1,-1,-1,-1
201,-1,1356,466,61,48,1,-1,-1,-1
202,-1,228,337,68,46,1,-1,-1,-1
202,-1,837,515,59,40,1,-1,-1,-1
202,-1,954,508,48,34,1,-1,-1,-1
202,-1,1355,466,60,47,1,-1,-1,-1
203,-1,225,337,69,47,1,-1,-1,-1
203,-1,834,515,58,40,1,-1,-1,-1
203,-1,962,508,48,34,1,-1,-1,-1
203,-1,1349,465,63,50,1,-1,-1,-1
204,-1,225,338,70,47,1,-1,-1,-1
204,-1,832,515,59,40,1,-1,-1,-1
204,-1,965,509,46,33,1,-1,-1,-1
204,-1,1348,465,63,50,1,-1,-1,-1
205,-1,224,338,70,47,1,-1,-1,-1
205,-1,832,515,59,41,1,-1,-1,-1
205,-1,967,510,45,32,1,-1,-1,-1
205,-1,1348,466,61,49,1,-1,-1,-1
206,-1,223,338,70,47,1,-1,-1,-1
206,-1,830,515,58,40,1,-1,-1,-1
206,-1,974,510,47,33,1,-1,-1,-1
206,-1,1347,466,62,50,1,-1,-1,-1
207,-1,222,338,70,48,1,-1,-1,-1
207,-1,828,515,58,40,1,-1,-1,-1
207,-1,978,510,48,34,1,-1,-1,-1
207,-1,1344,467,59,47,1,-1,-1,-1
208,-1,221,338,71,48,1,-1,-1,-1
208,-1,827,515,59,40,1,-1,-1,-1
208,-1,982,511,47,33,1,-1,-1,-1
208,-1,1343,467,60,48,1,-1,-1,-1
209,-1,220,339,71,48,1,-1,-1,-1
209,-1,826,515,59,40,1,-1,-1,-1
209,-1,987,511,48,34,1,-1,-1,-1
209,-1,1342,467,61,48,1,-1,-1,-1
210,-1,220,339,71,48,1,-1,-1,-1
210,-1,825,515,60,41,1,-1,-1,-1
210,-1,991,511,48,34,1,-1,-1,-1
210,-1,1340,466,62,49,1,-1,-1,-1
211,-1,219,339,72,49,1,-1,-1,-1
211,-1,824,514,60,41,1,-1,-1,-1
211,-1,995,512,48,34,1,-1,-1,-1
211,-1,1337,468,59,47,1,-1,-1,-1
212,-1,209,338,72,49,1,-1,-1,-1
212,-1,823,515,60,41,1,-1,-1,-1
212,-1,1000,512,48,34,1,-1,-1,-1
212,-1,1336,468,59,47,1,-1,-1,-1
213,-1,208,338,72,49,1,-1,-1,-1
213,-1,822,514,60,41,1,-1,-1,-1
213,-1,1004,512,49,35,1,-1,-1,-1
213,-1,1334,468,59,47,1,-1,-1,-1
214,-1,207,338,71,49,1,-1,-1,-1
214,-1,821,515,60,41,1,-1,-1,-1
214,-1,1011,512,49,34,1,-1,-1,-1
214,-1,1331,467,62,49,1,-1,-1,-1
215,-1,206,338,73,50,1,-1,-1,-1
215,-1,821,515,60,41,1,-1,-1,-1
215,-1,1016,512,49,35,1,-1,-1,-1
215,-1,1329,466,63,50,1,-1,-1,-1
216,-1,205,338,71,48,1,-1,-1,-1
216,-1,821,515,60,41,1,-1,-1,-1
216,-1,1021,512,49,35,1,-1,-1,-1
216,-1,1328,466,64,51,1,-1,-1,-1
217,-1,203,338,71,48,1,-1,-1,-1
217,-1,820,515,60,41,1,-1,-1,-1
217,-1,1026,512,49,35,1,-1,-1,-1
217,-1,1326,466,65,52,1,-1,-1,-1
218,-1,200,339,71,49,1,-1,-1,-1
218,-1,821,515,60,41,1,-1,-1,-1
218,-1,1034,513,48,34,1,-1,-1,-1
218,-1,1324,466,66,53,1,-1,-1,-1
219,-1,199,339,71,48,1,-1,-1,-1
219,-1,821,515,60,41,1,-1,-1,-1
219,-1,1036,513,48,34,1,-1,-1,-1
219,-1,1324,466,66,53,1,-1,-1,-1
220,-1,198,339,71,49,1,-1,-1,-1
220,-1,821,515,59,40,1,-1,-1,-1
220,-1,1039,513,48,34,1,-1,-1,-1
220,-1,1324,466,66,53,1,-1,-1,-1
221,-1,197,340,70,48,1,-1,-1,-1
221,-1,820,514,61,42,1,-1,-1,-1
221,-1,1043,513,48,34,1,-1,-1,-1
221,-1,1323,465,67,53,1,-1,-1,-1
222,-1,194,341,70,48,1,-1,-1,-1
222,-1,821,515,61,42,1,-1,-1,-1
222,-1,1051,514,47,33,1,-1,-1,-1
222,-1,1322,465,67,54,1,-1,-1,-1
223,-1,193,341,70,48,1,-1,-1,-1
223,-1,822,515,60,41,1,-1,-1,-1
223,-1,1055,513,48,34,1,-1,-1,-1
223,-1,1306,465,68,54,1,-1,-1,-1
224,-1,193,341,69,47,1,-1,-1,-1
224,-1,822,515,60,41,1,-1,-1,-1
224,-1,1060,513,49,35,1,-1,-1,-1
224,-1,1305,465,68,54,1,-1,-1,-1
225,-1,188,341,70,47,1,-1,-1,-1
225,-1,823,515,59,41,1,-1,-1,-1
225,-1,1064,514,47,34,1,-1,-1,-1
225,-1,1302,464,69,55,1,-1,-1,-1
226,-1,187,342,69,47,1,-1,-1,-1
226,-1,823,515,62,42,1,-1,-1,-1
226,-1,1069,514,47,33,1,-1,-1,-1
226,-1,1299,464,69,55,1,-1,-1,-1
227,-1,183,343,68,46,1,-1,-1,-1
227,-1,826,515,62,42,1,-1,-1,-1
227,-1,1075,514,47,33,1,-1,-1,-1
227,-1,1296,464,69,55,1,-1,-1,-1
228,-1,183,342,68,46,1,-1,-1,-1
228,-1,827,515,60,41,1,-1,-1,-1
228,-1,1077,514,47,33,1,-1,-1,-1
228,-1,1295,464,69,55,1,-1,-1,-1
229,-1,181,343,68,47,1,-1,-1,-1
229,-1,828,516,60,41,1,-1,-1,-1
229,-1,1078,514,48,34,1,-1,-1,-1
229,-1,1294,464,69,55,1,-1,-1,-1
230,-1,179,343,68,46,1,-1,-1,-1
230,-1,828,516,61,41,1,-1,-1,-1
230,-1,1083,514,49,34,1,-1,-1,-1
230,-1,1291,464,68,54,1,-1,-1,-1
231,-1,177,344,67,46,1,-1,-1,-1
231,-1,830,516,60,41,1,-1,-1,-1
231,-1,1088,514,49,35,1,-1,-1,-1
231,-1,1286,463,70,56,1,-1,-1,-1
232,-1,175,344,67,46,1,-1,-1,-1
232,-1,830,516,61,42,1,-1,-1,-1
232,-1,1093,514,48,34,1,-1,-1,-1
232,-1,1282,463,71,56,1,-1,-1,-1
233,-1,174,345,67,45,1,-1,-1,-1
233,-1,831,516,62,42,1,-1,-1,-1
233,-1,1098,515,48,34,1,-1,-1,-1
233,-1,1279,464,68,54,1,-1,-1,-1
234,-1,172,345,66,45,1,-1,-1,-1
234,-1,831,516,62,42,1,-1,-1,-1
234,-1,1103,515,47,33,1,-1,-1,-1
234,-1,1278,464,67,53,1,-1,-1,-1
235,-1,171,345,66,45,1,-1,-1,-1
235,-1,831,515,63,43,1,-1,-1,-1
235,-1,1107,514,48,34,1,-1,-1,-1
235,-1,1277,464,67,53,1,-1,-1,-1
236,-1,169,345,66,45,1,-1,-1,-1
236,-1,832,515,64,43,1,-1,-1,-1
236,-1,1114,514,48,34,1,-1,-1,-1
236,-1,1276,464,66,53,1,-1,-1,-1
237,-1,168,345,66,45,1,-1,-1,-1
237,-1,833,515,64,44,1,-1,-1,-1
237,-1,1120,515,47,33,1,-1,-1,-1
237,-1,1275,463,68,54,1,-1,-1,-1
238,-1,168,345,66,45,1,-1,-1,-1
238,-1,833,515,64,44,1,-1,-1,-1
238,-1,1122,515,48,34,1,-1,-1,-1
238,-1,1275,463,68,54,1,-1,-1,-1
239,-1,168,345,66,45,1,-1,-1,-1
239,-1,844,517,64,44,1,-1,-1,-1
239,-1,1124,514,48,34,1,-1,-1,-1
239,-1,1256,462,68,54,1,-1,-1,-1
240,-1,168,346,65,45,1,-1,-1,-1
240,-1,846,517,63,43,1,-1,-1,-1
240,-1,1132,515,48,34,1,-1,-1,-1
240,-1,1247,462,67,54,1,-1,-1,-1
241,-1,168,346,66,45,1,-1,-1,-1
241,-1,847,516,65,45,1,-1,-1,-1
241,-1,1139,515,46,33,1,-1,-1,-1
241,-1,1240,461,68,54,1,-1,-1,-1
242,-1,168,346,66,45,1,-1,-1,-1
242,-1,849,517,64,44,1,-1,-1,-1
242,-1,1144,515,46,33,1,-1,-1,-1
242,-1,1233,461,69,54,1,-1,-1,-1
243,-1,168,346,66,45,1,-1,-1,-1
243,-1,850,516,64,44,1,-1,-1,-1
243,-1,1150,516,46,33,1,-1,-1,-1
243,-1,1224,460,71,57,1,-1,-1,-1
244,-1,168,346,66,45,1,-1,-1,-1
244,-1,850,516,65,45,1,-1,-1,-1
244,-1,1156,516,46,33,1,-1,-1,-1
244,-1,1216,461,69,55,1,-1,-1,-1
245,-1,168,346,66,45,1,-1,-1,-1
245,-1,852,515,64,44,1,-1,-1,-1
245,-1,1162,516,47,34,1,-1,-1,-1
245,-1,1207,456,76,60,1,-1,-1,-1
246,-1,168,346,66,45,1,-1,-1,-1
246,-1,852,514,65,44,1,-1,-1,-1
246,-1,1169,517,46,33,1,-1,-1,-1
246,-1,1198,457,75,60,1,-1,-1,-1
247,-1,168,346,66,45,1,-1,-1,-1
247,-1,854,514,64,44,1,-1,-1,-1
247,-1,1175,517,46,33,1,-1,-1,-1
247,-1,1189,457,76,60,1,-1,-1,-1
248,-1,168,346,66,45,1,-1,-1,-1
248,-1,855,514,63,43,1,-1,-1,-1
248,-1,1179,456,76,60,1,-1,-1,-1
248,-1,1182,517,45,32,1,-1,-1,-1
249,-1,169,346,66,45,1,-1,-1,-1
249,-1,855,514,63,43,1,-1,-1,-1
249,-1,1173,463,64,51,1,-1,-1,-1
249,-1,1186,517,48,34,1,-1,-1,-1
250,-1,169,346,66,45,1,-1,-1,-1
250,-1,855,514,63,43,1,-1,-1,-1
250,-1,1166,461,69,55,1,-1,-1,-1
250,-1,1189,517,47,33,1,-1,-1,-1
251,-1,173,349,64,44,1,-1,-1,-1
251,-1,856,514,63,43,1,-1,-1,-1
251,-1,1153,466,53,46,1,-1,-1,-1
251,-1,1201,518,46,33,1,-1,-1,-1
252,-1,174,350,64,43,1,-1,-1,-1
252,-1,856,514,63,43,1,-1,-1,-1
252,-1,1147,466,53,46,1,-1,-1,-1
252,-1,1204,518,46,33,1,-1,-1,-1
253,-1,175,350,64,43,1,-1,-1,-1
253,-1,856,514,63,43,1,-1,-1,-1
253,-1,1143,466,53,46,1,-1,-1,-1
253,-1,1205,517,47,33,1,-1,-1,-1
254,-1,176,349,64,44,1,-1,-1,-1
254,-1,856,514,63,43,1,-1,-1,-1
254,-1,1128,466,53,46,1,-1,-1,-1
254,-1,1216,518,46,33,1,-1,-1,-1
255,-1,180,349,63,43,1,-1,-1,-1
255,-1,856,514,63,43,1,-1,-1,-1
255,-1,1117,465,54,47,1,-1,-1,-1
255,-1,1219,517,50,35,1,-1,-1,-1
256,-1,182,349,63,43,1,-1,-1,-1
256,-1,857,514,63,43,1,-1,-1,-1
256,-1,1106,464,55,48,1,-1,-1,-1
256,-1,1227,518,46,33,1,-1,-1,-1
257,-1,184,349,64,44,1,-1,-1,-1
257,-1,857,514,63,43,1,-1,-1,-1
257,-1,1096,465,52,45,1,-1,-1,-1
257,-1,1232,519,47,33,1,-1,-1,-1
258,-1,187,349,64,43,1,-1,-1,-1
258,-1,857,514,63,43,1,-1,-1,-1
258,-1,1086,465,52,45,1,-1,-1,-1
258,-1,1237,519,47,34,1,-1,-1,-1
259,-1,188,349,63,43,1,-1,-1,-1
259,-1,857,514,63,43,1,-1,-1,-1
259,-1,1081,465,52,45,1,-1,-1,-1
259,-1,1238,519,48,34,1,-1,-1,-1
260,-1,193,350,63,43,1,-1,-1,-1
260,-1,857,514,63,43,1,-1,-1,-1
260,-1,1061,465,52,45,1,-1,-1,-1
260,-1,1249,518,48,34,1,-1,-1,-1
261,-1,194,350,63,43,1,-1,-1,-1
261,-1,857,514,63,43,1,-1,-1,-1
261,-1,1056,465,52,45,1,-1,-1,-1
261,-1,1252,519,48,34,1,-1,-1,-1
262,-1,195,350,63,43,1,-1,-1,-1
262,-1,857,514,63,43,1,-1,-1,-1
262,-1,1051,465,52,45,1,-1,-1,-1
262,-1,1254,519,47,34,1,-1,-1,-1
263,-1,197,350,64,43,1,-1,-1,-1
263,-1,860,513,65,45,1,-1,-1,-1
263,-1,1040,464,52,45,1,-1,-1,-1
263,-1,1260,519,47,33,1,-1,-1,-1
264,-1,200,351,64,43,1,-1,-1,-1
264,-1,860,513,65,45,1,-1,-1,-1
264,-1,1025,464,51,44,1,-1,-1,-1
264,-1,1269,519,47,33,1,-1,-1,-1
265,-1,201,351,63,43,1,-1,-1,-1
265,-1,860,513,65,45,1,-1,-1,-1
265,-1,1021,464,51,44,1,-1,-1,-1
265,-1,1270,519,48,34,1,-1,-1,-1
266,-1,204,351,62,42,1,-1,-1,-1
266,-1,860,513,65,45,1,-1,-1,-1
266,-1,1008,459,60,52,1,-1,-1,-1
266,-1,1274,519,49,35,1,-1,-1,-1
267,-1,206,352,63,43,1,-1,-1,-1
267,-1,860,514,65,44,1,-1,-1,-1
267,-1,995,459,61,53,1,-1,-1,-1
267,-1,1282,519,49,35,1,-1,-1,-1
268,-1,209,352,62,42,1,-1,-1,-1
268,-1,860,514,65,44,1,-1,-1,-1
268,-1,989,459,59,51,1,-1,-1,-1
268,-1,1286,519,49,35,1,-1,-1,-1
269,-1,211,352,62,42,1,-1,-1,-1
269,-1,860,514,65,44,1,-1,-1,-1
269,-1,981,459,60,52,1,-1,-1,-1
269,-1,1289,520,48,34,1,-1,-1,-1
270,-1,213,352,61,42,1,-1,-1,-1
270,-1,860,514,65,44,1,-1,-1,-1
270,-1,975,459,59,51,1,-1,-1,-1
270,-1,1292,520,48,34,1,-1,-1,-1
271,-1,214,352,61,41,1,-1,-1,-1
271,-1,860,514,65,44,1,-1,-1,-1
271,-1,972,459,59,51,1,-1,-1,-1
271,-1,1296,520,47,33,1,-1,-1,-1
272,-1,215,353,61,41,1,-1,-1,-1
272,-1,860,514,64,44,1,-1,-1,-1
272,-1,965,459,59,51,1,-1,-1,-1
272,-1,1299,520,48,34,1,-1,-1,-1
273,-1,217,353,60,41,1,-1,-1,-1
273,-1,859,514,65,45,1,-1,-1,-1
273,-1,960,459,59,52,1,-1,-1,-1
273,-1,1302,520,48,34,1,-1,-1,-1
274,-1,218,354,59,40,1,-1,-1,-1
274,-1,857,513,65,45,1,-1,-1,-1
274,-1,954,459,59,51,1,-1,-1,-1
274,-1,1306,520,48,34,1,-1,-1,-1
275,-1,219,354,59,40,1,-1,-1,-1
275,-1,857,513,65,45,1,-1,-1,-1
275,-1,949,459,59,51,1,-1,-1,-1
275,-1,1308,520,49,35,1,-1,-1,-1
276,-1,220,354,58,40,1,-1,-1,-1
276,-1,857,513,65,45,1,-1,-1,-1
276,-1,945,459,58,50,1,-1,-1,-1
276,-1,1319,522,49,35,1,-1,-1,-1
277,-1,221,354,58,40,1,-1,-1,-1
277,-1,857,513,65,45,1,-1,-1,-1
277,-1,943,459,58,50,1,-1,-1,-1
277,-1,1320,522,50,35,1,-1,-1,-1
278,-1,224,355,59,40,1,-1,-1,-1
278,-1,856,513,65,45,1,-1,-1,-1
278,-1,933,459,59,51,1,-1,-1,-1
278,-1,1327,522,50,36,1,-1,-1,-1
279,-1,224,355,59,40,1,-1,-1,-1
279,-1,855,513,65,45,1,-1,-1,-1
279,-1,931,459,59,51,1,-1,-1,-1
279,-1,1329,522,50,35,1,-1,-1,-1
280,-1,226,355,59,40,1,-1,-1,-1
280,-1,854,513,65,45,1,-1,-1,-1
280,-1,924,458,59,52,1,-1,-1,-1
280,-1,1335,522,51,36,1,-1,-1,-1
281,-1,226,355,60,41,1,-1,-1,-1
281,-1,853,513,65,45,1,-1,-1,-1
281,-1,919,458,60,52,1,-1,-1,-1
281,-1,1339,524,48,34,1,-1,-1,-1
282,-1,226,355,60,41,1,-1,-1,-1
282,-1,853,513,66,45,1,-1,-1,-1
282,-1,917,458,60,52,1,-1,-1,-1
282,-1,1341,525,46,33,1,-1,-1,-1
283,-1,226,355,60,41,1,-1,-1,-1
283,-1,852,513,66,45,1,-1,-1,-1
283,-1,915,458,60,52,1,-1,-1,-1
283,-1,1344,525,44,31,1,-1,-1,-1
284,-1,227,354,61,42,1,-1,-1,-1
284,-1,850,513,67,46,1,-1,-1,-1
284,-1,909,459,59,51,1,-1,-1,-1
284,-1,1350,525,45,32,1,-1,-1,-1
285,-1,227,354,62,42,1,-1,-1,-1
285,-1,849,513,67,46,1,-1,-1,-1
285,-1,905,459,59,51,1,-1,-1,-1
285,-1,1354,524,46,33,1,-1,-1,-1
286,-1,241,353,62,42,1,-1,-1,-1
286,-1,839,511,67,46,1,-1,-1,-1
286,-1,892,458,73,51,1,-1,-1,-1
286,-1,1358,525,46,32,1,-1,-1,-1
287,-1,242,353,62,42,1,-1,-1,-1
287,-1,838,511,66,45,1,-1,-1,-1
287,-1,890,459,71,49,1,-1,-1,-1
287,-1,1363,525,45,32,1,-1,-1,-1
288,-1,243,352,63,43,1,-1,-1,-1
288,-1,838,512,65,44,1,-1,-1,-1
288,-1,883,458,73,51,1,-1,-1,-1
288,-1,1367,525,45,32,1,-1,-1,-1
289,-1,244,352,63,43,1,-1,-1,-1
289,-1,836,511,66,46,1,-1,-1,-1
289,-1,880,458,73,51,1,-1,-1,-1
289,-1,1368,525,46,33,1,-1,-1,-1
290,-1,248,353,62,42,1,-1,-1,-1
290,-1,834,511,66,45,1,-1,-1,-1
290,-1,875,457,74,51,1,-1,-1,-1
290,-1,1371,524,47,33,1,-1,-1,-1
291,-1,250,352,62,42,1,-1,-1,-1
291,-1,834,511,67,46,1,-1,-1,-1
291,-1,870,457,73,51,1,-1,-1,-1
291,-1,1373,523,50,35,1,-1,-1,-1
292,-1,252,352,62,42,1,-1,-1,-1
292,-1,832,511,66,45,1,-1,-1,-1
292,-1,865,457,73,51,1,-1,-1,-1
292,-1,1376,522,50,36,1,-1,-1,-1
293,-1,255,352,61,41,1,-1,-1,-1
293,-1,832,511,66,45,1,-1,-1,-1
293,-1,863,457,73,51,1,-1,-1,-1
293,-1,1381,523,49,35,1,-1,-1,-1
294,-1,257,352,60,41,1,-1,-1,-1
294,-1,830,511,66,45,1,-1,-1,-1
294,-1,863,457,74,51,1,-1,-1,-1
294,-1,1385,522,52,37,1,-1,-1,-1
295,-1,258,352,60,41,1,-1,-1,-1
295,-1,829,511,66,45,1,-1,-1,-1
295,-1,863,457,74,51,1,-1,-1,-1
295,-1,1390,523,50,35,1,-1,-1,-1
296,-1,258,352,60,41,1,-1,-1,-1
296,-1,828,511,66,45,1,-1,-1,-1
296,-1,863,457,74,51,1,-1,-1,-1
296,-1,1392,523,50,35,1,-1,-1,-1
297,-1,258,352,60,41,1,-1,-1,-1
297,-1,828,511,66,45,1,-1,-1,-1
297,-1,840,458,72,50,1,-1,-1,-1
297,-1,1395,523,50,35,1,-1,-1,-1
298,-1,259,352,61,41,1,-1,-1,-1
298,-1,826,511,66,45,1,-1,-1,-1
298,-1,829,458,72,50,1,-1,-1,-1
298,-1,1402,524,48,34,1,-1,-1,-1
299,-1,259,352,62,42,1,-1,-1,-1
299,-1,822,458,72,50,1,-1,-1,-1
299,-1,825,511,66,46,1,-1,-1,-1
299,-1,1408,525,48,34,1,-1,-1,-1
300,-1,260,351,62,42,1,-1,-1,-1
300,-1,814,458,71,49,1,-1,-1,-1
300,-1,825,511,66,45,1,-1,-1,-1
300,-1,1411,524,50,35,1,-1,-1,-1
301,-1,260,351,64,43,1,-1,-1,-1
301,-1,804,456,79,56,1,-1,-1,-1
301,-1,824,511,65,45,1,-1,-1,-1
301,-1,1416,525,50,35,1,-1,-1,-1
302,-1,260,351,64,43,1,-1,-1,-1
302,-1,804,456,79,55,1,-1,-1,-1
302,-1,823,511,66,45,1,-1,-1,-1
302,-1,1420,524,50,36,1,-1,-1,-1
303,-1,279,350,64,44,1,-1,-1,-1
303,-1,779,457,79,55,1,-1,-1,-1
303,-1,822,511,66,45,1,-1,-1,-1
303,-1,1427,524,50,36,1,-1,-1,-1
304,-1,280,350,64,44,1,-1,-1,-1
304,-1,778,459,75,52,1,-1,-1,-1
304,-1,822,511,66,45,1,-1,-1,-1
304,-1,1429,525,50,36,1,-1,-1,-1
305,-1,280,350,64,44,1,-1,-1,-1
305,-1,779,458,78,54,1,-1,-1,-1
305,-1,822,511,66,45,1,-1,-1,-1
305,-1,1431,525,50,35,1,-1,-1,-1
306,-1,280,349,64,44,1,-1,-1,-1
306,-1,779,458,78,54,1,-1,-1,-1
306,-1,821,511,66,45,1,-1,-1,-1
306,-1,1435,525,50,36,1,-1,-1,-1
307,-1,289,350,61,42,1,-1,-1,-1
307,-1,751,457,78,54,1,-1,-1,-1
307,-1,821,511,67,46,1,-1,-1,-1
307,-1,1439,525,50,35,1,-1,-1,-1
308,-1,293,349,62,42,1,-1,-1,-1
308,-1,751,457,78,54,1,-1,-1,-1
308,-1,821,511,67,46,1,-1,-1,-1
308,-1,1446,525,50,36,1,-1,-1,-1
309,-1,295,349,61,42,1,-1,-1,-1
309,-1,730,455,78,54,1,-1,-1,-1
309,-1,820,510,67,46,1,-1,-1,-1
309,-1,1450,526,50,35,1,-1,-1,-1
310,-1,295,349,61,42,1,-1,-1,-1
310,-1,725,453,83,57,1,-1,-1,-1
310,-1,820,510,67,46,1,-1,-1,-1
310,-1,1453,526,49,35,1,-1,-1,-1
311,-1,296,349,61,42,1,-1,-1,-1
311,-1,712,453,78,54,1,-1,-1,-1
311,-1,820,510,67,46,1,-1,-1,-1
311,-1,1455,526,49,35,1,-1,-1,-1
312,-1,295,349,61,42,1,-1,-1,-1
312,-1,712,453,78,54,1,-1,-1,-1
312,-1,820,511,66,46,1,-1,-1,-1
312,-1,1461,527,49,35,1,-1,-1,-1
313,-1,308,348,61,42,1,-1,-1,-1
313,-1,694,455,78,54,1,-1,-1,-1
313,-1,820,511,66,45,1,-1,-1,-1
313,-1,1465,527,49,35,1,-1,-1,-1
314,-1,310,348,61,42,1,-1,-1,-1
314,-1,684,454,80,56,1,-1,-1,-1
314,-1,820,511,67,46,1,-1,-1,-1
314,-1,1468,527,50,36,1,-1,-1,-1
315,-1,316,348,59,41,1,-1,-1,-1
315,-1,669,447,95,66,1,-1,-1,-1
315,-1,820,511,66,45,1,-1,-1,-1
315,-1,1472,527,51,36,1,-1,-1,-1
316,-1,320,349,57,39,1,-1,-1,-1
316,-1,660,454,80,59,1,-1,-1,-1
316,-1,820,511,66,45,1,-1,-1,-1
316,-1,1475,526,52,37,1,-1,-1,-1
317,-1,323,348,59,40,1,-1,-1,-1
317,-1,649,453,81,60,1,-1,-1,-1
317,-1,820,511,66,45,1,-1,-1,-1
317,-1,1479,526,52,37,1,-1,-1,-1
318,-1,325,348,57,39,1,-1,-1,-1
318,-1,639,453,81,60,1,-1,-1,-1
318,-1,820,511,66,45,1,-1,-1,-1
318,-1,1483,527,51,36,1,-1,-1,-1
319,-1,326,348,56,38,1,-1,-1,-1
319,-1,629,453,80,59,1,-1,-1,-1
319,-1,820,511,66,46,1,-1,-1,-1
319,-1,1486,527,51,36,1,-1,-1,-1
320,-1,328,348,56,38,1,-1,-1,-1
320,-1,629,454,80,59,1,-1,-1,-1
320,-1,820,511,66,46,1,-1,-1,-1
320,-1,1490,527,50,35,1,-1,-1,-1
321,-1,336,346,60,40,1,-1,-1,-1
321,-1,624,454,80,59,1,-1,-1,-1
321,-1,820,511,66,46,1,-1,-1,-1
321,-1,1492,527,50,35,1,-1,-1,-1
322,-1,338,346,59,39,1,-1,-1,-1
322,-1,613,454,80,59,1,-1,-1,-1
322,-1,820,511,66,46,1,-1,-1,-1
322,-1,1496,527,50,35,1,-1,-1,-1
323,-1,344,346,59,39,1,-1,-1,-1
323,-1,607,454,79,58,1,-1,-1,-1
323,-1,819,511,66,46,1,-1,-1,-1
323,-1,1500,528,50,35,1,-1,-1,-1
324,-1,346,347,58,39,1,-1,-1,-1
324,-1,588,453,80,59,1,-1,-1,-1
324,-1,820,511,66,46,1,-1,-1,-1
324,-1,1503,528,50,35,1,-1,-1,-1
325,-1,347,347,58,39,1,-1,-1,-1
325,-1,588,453,80,59,1,-1,-1,-1
325,-1,819,511,67,46,1,-1,-1,-1
325,-1,1507,528,50,35,1,-1,-1,-1
326,-1,347,347,58,39,1,-1,-1,-1
326,-1,588,453,80,59,1,-1,-1,-1
326,-1,820,511,67,46,1,-1,-1,-1
326,-1,1510,528,50,35,1,-1,-1,-1
327,-1,358,349,59,39,1,-1,-1,-1
327,-1,561,450,80,59,1,-1,-1,-1
327,-1,820,512,66,46,1,-1,-1,-1
327,-1,1512,528,50,35,1,-1,-1,-1
328,-1,367,349,58,39,1,-1,-1,-1
328,-1,541,449,81,60,1,-1,-1,-1
328,-1,821,512,66,46,1,-1,-1,-1
328,-1,1520,529,50,35,1,-1,-1,-1
329,-1,368,349,60,39,1,-1,-1,-1
329,-1,537,449,80,59,1,-1,-1,-1
329,-1,821,512,66,46,1,-1,-1,-1
329,-1,1522,529,50,35,1,-1,-1,-1
330,-1,371,349,58,39,1,-1,-1,-1
330,-1,531,447,84,62,1,-1,-1,-1
330,-1,822,512,66,46,1,-1,-1,-1
330,-1,1524,529,50,35,1,-1,-1,-1
331,-1,378,349,58,39,1,-1,-1,-1
331,-1,509,449,84,62,1,-1,-1,-1
331,-1,823,512,66,46,1,-1,-1,-1
331,-1,1530,529,50,35,1,-1,-1,-1
332,-1,380,349,57,38,1,-1,-1,-1
332,-1,509,449,84,62,1,-1,-1,-1
332,-1,823,512,66,46,1,-1,-1,-1
332,-1,1532,529,51,36,1,-1,-1,-1
333,-1,388,349,57,38,1,-1,-1,-1
333,-1,490,448,85,63,1,-1,-1,-1
333,-1,825,513,65,46,1,-1,-1,-1
333,-1,1539,529,50,35,1,-1,-1,-1
334,-1,392,350,56,38,1,-1,-1,-1
334,-1,480,448,86,64,1,-1,-1,-1
334,-1,825,512,67,47,1,-1,-1,-1
334,-1,1544,530,50,35,1,-1,-1,-1
335,-1,394,350,57,38,1,-1,-1,-1
335,-1,476,448,86,63,1,-1,-1,-1
335,-1,826,512,68,47,1,-1,-1,-1
335,-1,1546,530,50,35,1,-1,-1,-1
336,-1,399,350,56,38,1,-1,-1,-1
336,-1,476,448,86,63,1,-1,-1,-1
336,-1,827,512,67,47,1,-1,-1,-1
336,-1,1551,530,50,35,1,-1,-1,-1
337,-1,404,350,57,38,1,-1,-1,-1
337,-1,458,446,85,63,1,-1,-1,-1
337,-1,828,513,66,46,1,-1,-1,-1
337,-1,1555,530,50,35,1,-1,-1,-1
338,-1,409,350,56,38,1,-1,-1,-1
338,-1,449,446,85,63,1,-1,-1,-1
338,-1,830,513,66,46,1,-1,-1,-1
338,-1,1559,529,51,35,1,-1,-1,-1
339,-1,413,350,56,38,1,-1,-1,-1
339,-1,449,446,86,63,1,-1,-1,-1
339,-1,830,513,66,46,1,-1,-1,-1
339,-1,1564,530,50,35,1,-1,-1,-1
340,-1,416,351,55,37,1,-1,-1,-1
340,-1,436,445,85,63,1,-1,-1,-1
340,-1,830,513,66,46,1,-1,-1,-1
340,-1,1567,530,50,35,1,-1,-1,-1
341,-1,420,351,55,37,1,-1,-1,-1
341,-1,428,445,85,63,1,-1,-1,-1
341,-1,831,513,66,46,1,-1,-1,-1
341,-1,1571,530,50,35,1,-1,-1,-1
342,-1,420,445,86,63,1,-1,-1,-1
342,-1,424,351,55,37,1,-1,-1,-1
342,-1,830,513,67,47,1,-1,-1,-1
342,-1,1575,530,51,36,1,-1,-1,-1
343,-1,413,444,87,64,1,-1,-1,-1
343,-1,429,351,55,37,1,-1,-1,-1
343,-1,831,513,67,46,1,-1,-1,-1
343,-1,1580,530,51,35,1,-1,-1,-1
344,-1,406,444,85,63,1,-1,-1,-1
344,-1,434,353,54,36,1,-1,-1,-1
344,-1,831,513,67,47,1,-1,-1,-1
344,-1,1584,530,51,36,1,-1,-1,-1
345,-1,399,444,86,63,1,-1,-1,-1
345,-1,438,352,54,36,1,-1,-1,-1
345,-1,831,513,68,47,1,-1,-1,-1
345,-1,1589,531,51,36,1,-1,-1,-1
346,-1,396,444,87,64,1,-1,-1,-1
346,-1,439,352,54,36,1,-1,-1,-1
346,-1,832,512,68,47,1,-1,-1,-1
346,-1,1591,531,51,36,1,-1,-1,-1
347,-1,382,443,87,64,1,-1,-1,-1
347,-1,447,352,55,37,1,-1,-1,-1
347,-1,832,512,68,47,1,-1,-1,-1
347,-1,1599,531,52,37,1,-1,-1,-1
348,-1,380,443,87,64,1,-1,-1,-1
348,-1,448,352,56,37,1,-1,-1,-1
348,-1,832,512,68,47,1,-1,-1,-1
348,-1,1601,531,51,36,1,-1,-1,-1
349,-1,378,443,88,65,1,-1,-1,-1
349,-1,450,352,55,37,1,-1,-1,-1
349,-1,832,512,68,47,1,-1,-1,-1
349,-1,1603,531,53,37,1,-1,-1,-1
350,-1,368,442,88,65,1,-1,-1,-1
350,-1,456,353,55,37,1,-1,-1,-1
350,-1,832,512,69,48,1,-1,-1,-1
350,-1,1609,531,52,36,1,-1,-1,-1
351,-1,367,443,87,65,1,-1,-1,-1
351,-1,458,353,55,37,1,-1,-1,-1
351,-1,832,511,69,48,1,-1,-1,-1
351,-1,1611,531,53,37,1,-1,-1,-1
352,-1,357,443,87,64,1,-1,-1,-1
352,-1,463,355,54,36,1,-1,-1,-1
352,-1,833,512,69,48,1,-1,-1,-1
352,-1,1617,531,53,37,1,-1,-1,-1
353,-1,354,443,88,65,1,-1,-1,-1
353,-1,466,356,53,36,1,-1,-1,-1
353,-1,833,512,69,48,1,-1,-1,-1
353,-1,1619,532,52,36,1,-1,-1,-1
354,-1,351,442,88,65,1,-1,-1,-1
354,-1,467,355,53,36,1,-1,-1,-1
354,-1,832,511,70,49,1,-1,-1,-1
354,-1,1620,532,52,37,1,-1,-1,-1
355,-1,345,441,91,67,1,-1,-1,-1
355,-1,469,355,55,37,1,-1,-1,-1
355,-1,833,512,69,48,1,-1,-1,-1
355,-1,1623,532,54,38,1,-1,-1,-1
356,-1,335,441,90,67,1,-1,-1,-1
356,-1,470,354,57,38,1,-1,-1,-1
356,-1,834,512,69,48,1,-1,-1,-1
356,-1,1629,533,52,37,1,-1,-1,-1
357,-1,333,440,91,68,1,-1,-1,-1
357,-1,471,354,58,39,1,-1,-1,-1
357,-1,834,512,69,48,1,-1,-1,-1
357,-1,1630,532,54,38,1,-1,-1,-1
358,-1,327,440,92,68,1,-1,-1,-1
358,-1,471,354,58,39,1,-1,-1,-1
358,-1,834,512,69,48,1,-1,-1,-1
358,-1,1634,532,54,38,1,-1,-1,-1
359,-1,321,438,96,71,1,-1,-1,-1
359,-1,471,354,58,39,1,-1,-1,-1
359,-1,834,512,68,48,1,-1,-1,-1
359,-1,1637,533,54,38,1,-1,-1,-1
360,-1,319,437,97,72,1,-1,-1,-1
360,-1,471,354,60,40,1,-1,-1,-1
360,-1,834,512,69,48,1,-1,-1,-1
360,-1,1638,533,54,38,1,-1,-1,-1
361,-1,309,432,107,79,1,-1,-1,-1
361,-1,494,359,61,41,1,-1,-1,-1
361,-1,835,512,69,48,1,-1,-1,-1
361,-1,1642,533,55,38,1,-1,-1,-1
362,-1,306,432,108,80,1,-1,-1,-1
362,-1,494,359,62,42,1,-1,-1,-1
362,-1,835,512,70,49,1,-1,-1,-1
362,-1,1644,534,54,38,1,-1,-1,-1
363,-1,300,428,114,84,1,-1,-1,-1
363,-1,501,360,59,39,1,-1,-1,-1
363,-1,835,512,70,49,1,-1,-1,-1
363,-1,1646,534,55,39,1,-1,-1,-1
364,-1,300,428,115,85,1,-1,-1,-1
364,-1,493,359,62,42,1,-1,-1,-1
364,-1,837,512,69,48,1,-1,-1,-1
364,-1,1649,534,56,39,1,-1,-1,-1
365,-1,279,445,92,53,1,-1,-1,-1
365,-1,511,361,62,42,1,-1,-1,-1
365,-1,837,512,70,48,1,-1,-1,-1
365,-1,1652,534,72,39,1,-1,-1,-1
366,-1,272,443,97,56,1,-1,-1,-1
366,-1,511,361,62,42,1,-1,-1,-1
366,-1,838,512,69,48,1,-1,-1,-1
366,-1,1654,534,73,39,1,-1,-1,-1
367,-1,270,445,91,53,1,-1,-1,-1
367,-1,513,360,67,46,1,-1,-1,-1
367,-1,838,512,69,48,1,-1,-1,-1
367,-1,1655,534,72,39,1,-1,-1,-1
368,-1,267,445,92,53,1,-1,-1,-1
368,-1,511,361,62,42,1,-1,-1,-1
368,-1,839,512,68,47,1,-1,-1,-1
368,-1,1656,534,73,40,1,-1,-1,-1
369,-1,258,445,92,53,1,-1,-1,-1
369,-1,511,361,62,42,1,-1,-1,-1
369,-1,839,512,69,48,1,-1,-1,-1
369,-1,1660,534,73,39,1,-1,-1,-1
370,-1,258,445,82,54,1,-1,-1,-1
370,-1,533,362,60,40,1,-1,-1,-1
370,-1,840,512,68,48,1,-1,-1,-1
370,-1,1662,534,73,40,1,-1,-1,-1
371,-1,253,445,82,54,1,-1,-1,-1
371,-1,533,362,60,40,1,-1,-1,-1
371,-1,840,512,68,48,1,-1,-1,-1
371,-1,1664,534,74,40,1,-1,-1,-1
372,-1,247,445,82,54,1,-1,-1,-1
372,-1,533,362,61,40,1,-1,-1,-1
372,-1,841,512,68,47,1,-1,-1,-1
372,-1,1667,535,73,40,1,-1,-1,-1
373,-1,244,445,82,54,1,-1,-1,-1
373,-1,533,362,61,40,1,-1,-1,-1
373,-1,841,512,68,47,1,-1,-1,-1
373,-1,1668,535,73,40,1,-1,-1,-1
374,-1,241,444,82,54,1,-1,-1,-1
374,-1,547,363,59,40,1,-1,-1,-1
374,-1,841,512,67,47,1,-1,-1,-1
374,-1,1671,535,74,40,1,-1,-1,-1
375,-1,238,444,83,55,1,-1,-1,-1
375,-1,551,363,59,39,1,-1,-1,-1
375,-1,841,512,67,47,1,-1,-1,-1
375,-1,1674,535,74,40,1,-1,-1,-1
376,-1,229,444,82,54,1,-1,-1,-1
376,-1,555,364,59,39,1,-1,-1,-1
376,-1,841,512,67,46,1,-1,-1,-1
376,-1,1677,535,74,40,1,-1,-1,-1
377,-1,227,444,83,54,1,-1,-1,-1
377,-1,559,364,60,40,1,-1,-1,-1
377,-1,841,511,67,46,1,-1,-1,-1
377,-1,1679,535,74,40,1,-1,-1,-1
378,-1,226,443,83,55,1,-1,-1,-1
378,-1,560,364,59,39,1,-1,-1,-1
378,-1,842,511,66,46,1,-1,-1,-1
378,-1,1680,535,74,40,1,-1,-1,-1
379,-1,226,444,83,54,1,-1,-1,-1
379,-1,565,364,60,40,1,-1,-1,-1
379,-1,842,511,66,46,1,-1,-1,-1
379,-1,1683,535,74,40,1,-1,-1,-1
380,-1,207,443,83,55,1,-1,-1,-1
380,-1,570,362,60,40,1,-1,-1,-1
380,-1,842,511,66,46,1,-1,-1,-1
380,-1,1685,535,75,41,1,-1,-1,-1
381,-1,204,444,79,52,1,-1,-1,-1
381,-1,574,363,57,38,1,-1,-1,-1
381,-1,842,511,65,46,1,-1,-1,-1
381,-1,1688,535,76,41,1,-1,-1,-1
382,-1,196,443,83,55,1,-1,-1,-1
382,-1,570,362,60,40,1,-1,-1,-1
382,-1,842,511,65,46,1,-1,-1,-1
382,-1,1690,536,75,41,1,-1,-1,-1
383,-1,191,443,82,54,1,-1,-1,-1
383,-1,582,363,60,40,1,-1,-1,-1
383,-1,841,511,66,46,1,-1,-1,-1
383,-1,1693,536,75,41,1,-1,-1,-1
384,-1,188,442,83,55,1,-1,-1,-1
384,-1,584,362,61,41,1,-1,-1,-1
384,-1,841,511,66,46,1,-1,-1,-1
384,-1,1694,536,76,41,1,-1,-1,-1
385,-1,180,442,82,54,1,-1,-1,-1
385,-1,590,362,61,41,1,-1,-1,-1
385,-1,841,512,66,46,1,-1,-1,-1
385,-1,1698,536,76,41,1,-1,-1,-1
386,-1,177,442,82,54,1,-1,-1,-1
386,-1,592,362,62,41,1,-1,-1,-1
386,-1,840,512,66,46,1,-1,-1,-1
386,-1,1699,536,76,41,1,-1,-1,-1
387,-1,171,442,83,55,1,-1,-1,-1
387,-1,596,362,61,41,1,-1,-1,-1
387,-1,840,512,66,46,1,-1,-1,-1
387,-1,1702,536,76,41,1,-1,-1,-1
388,-1,164,441,86,57,1,-1,-1,-1
388,-1,602,363,60,40,1,-1,-1,-1
388,-1,838,512,66,46,1,-1,-1,-1
388,-1,1704,536,77,42,1,-1,-1,-1
389,-1,162,442,82,54,1,-1,-1,-1
389,-1,603,363,60,40,1,-1,-1,-1
389,-1,838,512,67,46,1,-1,-1,-1
389,-1,1705,536,77,41,1,-1,-1,-1
390,-1,152,441,82,55,1,-1,-1,-1
390,-1,610,363,60,40,1,-1,-1,-1
390,-1,837,512,66,46,1,-1,-1,-1
390,-1,1709,537,76,41,1,-1,-1,-1
391,-1,149,441,82,55,1,-1,-1,-1
391,-1,613,364,59,39,1,-1,-1,-1
391,-1,837,512,66,46,1,-1,-1,-1
391,-1,1710,536,76,41,1,-1,-1,-1
392,-1,143,441,82,54,1,-1,-1,-1
392,-1,617,363,60,40,1,-1,-1,-1
392,-1,837,511,67,47,1,-1,-1,-1
392,-1,1712,537,77,42,1,-1,-1,-1
393,-1,136,440,83,55,1,-1,-1,-1
393,-1,622,364,58,39,1,-1,-1,-1
393,-1,837,512,66,46,1,-1,-1,-1
393,-1,1714,536,78,42,1,-1,-1,-1
394,-1,130,441,82,54,1,-1,-1,-1
394,-1,626,364,59,39,1,-1,-1,-1
394,-1,837,512,66,46,1,-1,-1,-1
394,-1,1717,537,77,42,1,-1,-1,-1
395,-1,124,441,82,54,1,-1,-1,-1
395,-1,631,364,58,39,1,-1,-1,-1
395,-1,836,511,67,47,1,-1,-1,-1
395,-1,1719,537,78,42,1,-1,-1,-1
396,-1,117,440,82,54,1,-1,-1,-1
396,-1,637,364,57,38,1,-1,-1,-1
396,-1,836,512,67,47,1,-1,-1,-1
396,-1,1721,538,78,42,1,-1,-1,-1
397,-1,107,440,81,54,1,-1,-1,-1
397,-1,641,365,54,36,1,-1,-1,-1
397,-1,836,512,67,46,1,-1,-1,-1
397,-1,1725,538,78,42,1,-1,-1,-1
398,-1,104,440,80,53,1,-1,-1,-1
398,-1,641,365,54,36,1,-1,-1,-1
398,-1,836,512,66,46,1,-1,-1,-1
398,-1,1726,538,78,42,1,-1,-1,-1
399,-1,100,439,81,54,1,-1,-1,-1
399,-1,652,366,55,37,1,-1,-1,-1
399,-1,836,512,66,46,1,-1,-1,-1
399,-1,1726,538,78,42,1,-1,-1,-1
400,-1,93,439,82,54,1,-1,-1,-1
400,-1,657,367,52,35,1,-1,-1,-1
400,-1,836,512,66,46,1,-1,-1,-1
400,-1,1727,538,79,43,1,-1,-1,-1
401,-1,87,439,81,53,1,-1,-1,-1
401,-1,662,366,54,36,1,-1,-1,-1
401,-1,836,512,67,46,1,-1,-1,-1
401,-1,1729,538,79,43,1,-1,-1,-1
402,-1,77,439,81,54,1,-1,-1,-1
402,-1,668,366,54,36,1,-1,-1,-1
402,-1,835,512,67,46,1,-1,-1,-1
402,-1,1731,538,79,43,1,-1,-1,-1
403,-1,75,439,80,53,1,-1,-1,-1
403,-1,671,366,54,36,1,-1,-1,-1
403,-1,835,512,66,46,1,-1,-1,-1
403,-1,1732,539,78,42,1,-1,-1,-1
404,-1,72,438,80,53,1,-1,-1,-1
404,-1,672,366,54,36,1,-1,-1,-1
404,-1,835,512,66,46,1,-1,-1,-1
404,-1,1733,538,79,43,1,-1,-1,-1
405,-1,65,438,81,54,1,-1,-1,-1
405,-1,672,366,54,36,1,-1,-1,-1
405,-1,835,512,67,46,1,-1,-1,-1
405,-1,1735,538,79,43,1,-1,-1,-1
406,-1,59,437,81,53,1,-1,-1,-1
406,-1,672,366,54,37,1,-1,-1,-1
406,-1,835,512,66,46,1,-1,-1,-1
406,-1,1736,538,80,43,1,-1,-1,-1
407,-1,49,437,81,54,1,-1,-1,-1
407,-1,672,366,54,36,1,-1,-1,-1
407,-1,834,512,66,46,1,-1,-1,-1
407,-1,1740,539,79,43,1,-1,-1,-1
408,-1,46,437,81,54,1,-1,-1,-1
408,-1,692,367,54,36,1,-1,-1,-1
408,-1,834,512,66,46,1,-1,-1,-1
408,-1,1741,539,79,43,1,-1,-1,-1
