1,-1,204,104,15,12,1,-1,-1,-1
1,-1,274,4,15,12,1,-1,-1,-1
1,-1,289,69,15,14,1,-1,-1,-1
1,-1,337,210,14,13,1,-1,-1,-1
2,-1,-3,155,13,12,1,-1,-1,-1
2,-1,211,105,15,12,1,-1,-1,-1
2,-1,273,6,15,12,1,-1,-1,-1
2,-1,287,70,15,14,1,-1,-1,-1
2,-1,335,212,14,13,1,-1,-1,-1
3,-1,4,156,12,12,1,-1,-1,-1
3,-1,219,106,14,11,1,-1,-1,-1
3,-1,273,7,15,12,1,-1,-1,-1
3,-1,286,71,15,14,1,-1,-1,-1
3,-1,333,214,14,13,1,-1,-1,-1
4,-1,9,156,12,12,1,-1,-1,-1
4,-1,227,106,14,11,1,-1,-1,-1
4,-1,274,8,15,12,1,-1,-1,-1
4,-1,285,71,15,14,1,-1,-1,-1
4,-1,331,215,14,13,1,-1,-1,-1
5,-1,15,155,12,12,1,-1,-1,-1
5,-1,234,106,14,11,1,-1,-1,-1
5,-1,273,9,14,12,1,-1,-1,-1
5,-1,283,71,14,13,1,-1,-1,-1
5,-1,328,216,14,13,1,-1,-1,-1
6,-1,15,155,12,12,1,-1,-1,-1
6,-1,234,106,14,11,1,-1,-1,-1
6,-1,273,9,14,12,1,-1,-1,-1
6,-1,283,71,14,13,1,-1,-1,-1
6,-1,328,216,14,13,1,-1,-1,-1
7,-1,25,155,12,12,1,-1,-1,-1
7,-1,249,107,12,12,1,-1,-1,-1
7,-1,272,11,14,12,1,-1,-1,-1
7,-1,279,71,13,12,1,-1,-1,-1
7,-1,323,219,13,13,1,-1,-1,-1
8,-1,29,154,12,12,1,-1,-1,-1
8,-1,255,107,12,12,1,-1,-1,-1
8,-1,270,12,13,11,1,-1,-1,-1
8,-1,276,71,13,12,1,-1,-1,-1
8,-1,319,220,13,12,1,-1,-1,-1
9,-1,34,153,12,12,1,-1,-1,-1
9,-1,260,107,12,12,1,-1,-1,-1
9,-1,269,13,13,11,1,-1,-1,-1
9,-1,273,71,13,12,1,-1,-1,-1
9,-1,316,221,13,12,1,-1,-1,-1
10,-1,39,154,12,12,1,-1,-1,-1
10,-1,267,108,12,12,1,-1,-1,-1
10,-1,268,15,13,11,1,-1,-1,-1
10,-1,271,72,13,12,1,-1,-1,-1
10,-1,312,222,13,12,1,-1,-1,-1
11,-1,43,154,12,12,1,-1,-1,-1
11,-1,266,17,13,11,1,-1,-1,-1
11,-1,268,72,13,12,1,-1,-1,-1
11,-1,273,109,12,12,1,-1,-1,-1
11,-1,308,224,13,12,1,-1,-1,-1
12,-1,43,154,12,12,1,-1,-1,-1
12,-1,266,17,13,11,1,-1,-1,-1
12,-1,268,72,13,12,1,-1,-1,-1
12,-1,273,109,12,12,1,-1,-1,-1
12,-1,308,224,13,12,1,-1,-1,-1
13,-1,53,153,12,12,1,-1,-1,-1
13,-1,263,73,13,12,1,-1,-1,-1
13,-1,264,19,13,11,1,-1,-1,-1
13,-1,285,109,12,12,1,-1,-1,-1
13,-1,302,226,13,12,1,-1,-1,-1
14,-1,58,153,12,12,1,-1,-1,-1
14,-1,260,72,13,12,1,-1,-1,-1
14,-1,263,20,13,11,1,-1,-1,-1
14,-1,291,109,12,12,1,-1,-1,-1
14,-1,299,227,13,12,1,-1,-1,-1
15,-1,62,151,12,12,1,-1,-1,-1
15,-1,256,71,13,12,1,-1,-1,-1
15,-1,261,20,13,11,1,-1,-1,-1
15,-1,295,228,12,12,1,-1,-1,-1
15,-1,296,109,12,12,1,-1,-1,-1
16,-1,66,150,12,12,1,-1,-1,-1
16,-1,253,71,13,12,1,-1,-1,-1
16,-1,259,20,12,11,1,-1,-1,-1
16,-1,291,228,12,12,1,-1,-1,-1
16,-1,301,109,12,12,1,-1,-1,-1
17,-1,70,148,12,12,1,-1,-1,-1
17,-1,249,69,13,12,1,-1,-1,-1
17,-1,257,20,12,11,1,-1,-1,-1
17,-1,287,228,12,12,1,-1,-1,-1
17,-1,306,108,12,12,1,-1,-1,-1
18,-1,70,148,12,12,1,-1,-1,-1
18,-1,249,69,13,12,1,-1,-1,-1
18,-1,257,20,12,11,1,-1,-1,-1
18,-1,287,228,12,12,1,-1,-1,-1
18,-1,306,108,12,12,1,-1,-1,-1
19,-1,10,158,15,12,1,-1,-1,-1
19,-1,81,142,12,12,1,-1,-1,-1
19,-1,243,63,13,12,1,-1,-1,-1
19,-1,255,16,12,11,1,-1,-1,-1
19,-1,281,225,12,12,1,-1,-1,-1
19,-1,318,104,12,12,1,-1,-1,-1
20,-1,22,155,15,12,1,-1,-1,-1
20,-1,87,139,12,12,1,-1,-1,-1
20,-1,241,61,13,12,1,-1,-1,-1
20,-1,254,15,12,11,1,-1,-1,-1
20,-1,278,224,12,12,1,-1,-1,-1
20,-1,325,103,12,12,1,-1,-1,-1
21,-1,35,151,15,12,1,-1,-1,-1
21,-1,93,136,12,12,1,-1,-1,-1
21,-1,238,58,13,12,1,-1,-1,-1
21,-1,253,14,12,11,1,-1,-1,-1
21,-1,276,222,12,12,1,-1,-1,-1
21,-1,331,101,12,12,1,-1,-1,-1
22,-1,48,147,15,12,1,-1,-1,-1
22,-1,100,133,12,12,1,-1,-1,-1
22,-1,235,54,13,12,1,-1,-1,-1
22,-1,252,12,12,11,1,-1,-1,-1
22,-1,273,220,11,11,1,-1,-1,-1
22,-1,338,99,12,12,1,-1,-1,-1
23,-1,61,144,15,12,1,-1,-1,-1
23,-1,106,131,12,12,1,-1,-1,-1
23,-1,232,52,13,12,1,-1,-1,-1
23,-1,252,11,12,11,1,-1,-1,-1
23,-1,270,219,11,11,1,-1,-1,-1
23,-1,344,98,13,13,1,-1,-1,-1
24,-1,61,144,15,12,1,-1,-1,-1
24,-1,106,131,12,12,1,-1,-1,-1
24,-1,232,52,13,12,1,-1,-1,-1
24,-1,252,11,12,11,1,-1,-1,-1
24,-1,270,219,11,11,1,-1,-1,-1
24,-1,344,98,13,13,1,-1,-1,-1
25,-1,86,138,16,13,1,-1,-1,-1
25,-1,119,126,12,12,1,-1,-1,-1
25,-1,226,46,13,12,1,-1,-1,-1
25,-1,250,9,12,11,1,-1,-1,-1
25,-1,264,216,11,11,1,-1,-1,-1
25,-1,357,96,13,13,1,-1,-1,-1
26,-1,99,136,16,13,1,-1,-1,-1
26,-1,126,125,12,12,1,-1,-1,-1
26,-1,224,44,13,12,1,-1,-1,-1
26,-1,250,8,12,11,1,-1,-1,-1
26,-1,262,215,11,11,1,-1,-1,-1
26,-1,364,96,13,13,1,-1,-1,-1
27,-1,113,133,16,13,1,-1,-1,-1
27,-1,134,122,12,12,1,-1,-1,-1
27,-1,222,41,13,12,1,-1,-1,-1
27,-1,250,7,12,11,1,-1,-1,-1
27,-1,261,214,11,11,1,-1,-1,-1
27,-1,372,95,13,13,1,-1,-1,-1
28,-1,127,130,17,14,1,-1,-1,-1
28,-1,142,121,12,12,1,-1,-1,-1
28,-1,221,39,13,12,1,-1,-1,-1
28,-1,251,7,12,11,1,-1,-1,-1
28,-1,260,213,11,11,1,-1,-1,-1
28,-1,380,94,13,13,1,-1,-1,-1
29,-1,142,128,17,14,1,-1,-1,-1
29,-1,151,120,12,12,1,-1,-1,-1
29,-1,221,37,13,12,1,-1,-1,-1
29,-1,253,7,12,11,1,-1,-1,-1
29,-1,260,213,11,11,1,-1,-1,-1
29,-1,389,94,13,13,1,-1,-1,-1
30,-1,142,128,17,14,1,-1,-1,-1
30,-1,151,120,12,12,1,-1,-1,-1
30,-1,221,37,13,12,1,-1,-1,-1
30,-1,253,7,12,11,1,-1,-1,-1
30,-1,260,213,11,11,1,-1,-1,-1
30,-1,389,94,13,13,1,-1,-1,-1
31,-1,166,116,14,10,1,-1,-1,-1
31,-1,171,124,16,11,1,-1,-1,-1
31,-1,219,33,13,12,1,-1,-1,-1
31,-1,255,7,12,11,1,-1,-1,-1
31,-1,259,211,11,11,1,-1,-1,-1
31,-1,404,94,15,13,1,-1,-1,-1
32,-1,175,114,14,10,1,-1,-1,-1
32,-1,186,122,16,11,1,-1,-1,-1
32,-1,218,31,13,12,1,-1,-1,-1
32,-1,256,7,12,11,1,-1,-1,-1
32,-1,258,210,11,11,1,-1,-1,-1
32,-1,412,94,15,13,1,-1,-1,-1
32,-1,609,192,14,11,1,-1,-1,-1
33,-1,184,112,14,10,1,-1,-1,-1
33,-1,201,119,16,11,1,-1,-1,-1
33,-1,218,28,13,12,1,-1,-1,-1
33,-1,258,6,12,11,1,-1,-1,-1
33,-1,259,209,11,11,1,-1,-1,-1
33,-1,421,94,15,13,1,-1,-1,-1
33,-1,600,191,14,11,1,-1,-1,-1
34,-1,193,111,14,10,1,-1,-1,-1
34,-1,215,117,16,11,1,-1,-1,-1
34,-1,217,26,13,12,1,-1,-1,-1
34,-1,259,6,12,11,1,-1,-1,-1
34,-1,259,209,11,11,1,-1,-1,-1
34,-1,429,94,15,13,1,-1,-1,-1
34,-1,590,190,14,11,1,-1,-1,-1
35,-1,202,110,14,10,1,-1,-1,-1
35,-1,216,25,13,12,1,-1,-1,-1
35,-1,229,115,16,11,1,-1,-1,-1
35,-1,259,209,11,11,1,-1,-1,-1
35,-1,260,7,12,11,1,-1,-1,-1
35,-1,437,95,15,13,1,-1,-1,-1
35,-1,581,191,13,11,1,-1,-1,-1
36,-1,202,110,14,10,1,-1,-1,-1
36,-1,216,25,13,12,1,-1,-1,-1
36,-1,229,115,16,11,1,-1,-1,-1
36,-1,259,209,11,11,1,-1,-1,-1
36,-1,260,7,12,11,1,-1,-1,-1
36,-1,437,95,15,13,1,-1,-1,-1
36,-1,581,191,13,11,1,-1,-1,-1
37,-1,215,24,13,12,1,-1,-1,-1
37,-1,221,111,16,11,1,-1,-1,-1
37,-1,260,114,14,12,1,-1,-1,-1
37,-1,260,211,11,11,1,-1,-1,-1
37,-1,263,10,12,11,1,-1,-1,-1
37,-1,454,98,15,13,1,-1,-1,-1
37,-1,561,192,15,12,1,-1,-1,-1
38,-1,215,24,13,12,1,-1,-1,-1
38,-1,230,111,16,11,1,-1,-1,-1
38,-1,261,212,11,11,1,-1,-1,-1
38,-1,264,11,12,11,1,-1,-1,-1
38,-1,275,113,13,11,1,-1,-1,-1
38,-1,463,100,15,13,1,-1,-1,-1
38,-1,551,193,15,12,1,-1,-1,-1
39,-1,214,23,13,12,1,-1,-1,-1
39,-1,240,111,16,11,1,-1,-1,-1
39,-1,261,213,11,11,1,-1,-1,-1
39,-1,265,13,12,11,1,-1,-1,-1
39,-1,290,112,13,12,1,-1,-1,-1
39,-1,471,102,15,13,1,-1,-1,-1
39,-1,541,193,15,12,1,-1,-1,-1
40,-1,211,26,15,11,1,-1,-1,-1
40,-1,248,111,16,11,1,-1,-1,-1
40,-1,261,215,11,11,1,-1,-1,-1
40,-1,266,15,12,11,1,-1,-1,-1
40,-1,303,111,14,12,1,-1,-1,-1
40,-1,478,104,15,13,1,-1,-1,-1
40,-1,531,195,15,12,1,-1,-1,-1
41,-1,209,26,15,11,1,-1,-1,-1
41,-1,256,111,17,11,1,-1,-1,-1
41,-1,260,216,11,11,1,-1,-1,-1
41,-1,265,17,12,11,1,-1,-1,-1
41,-1,316,111,14,12,1,-1,-1,-1
41,-1,484,106,16,13,1,-1,-1,-1
41,-1,520,196,13,11,1,-1,-1,-1
42,-1,209,26,15,11,1,-1,-1,-1
42,-1,256,111,17,11,1,-1,-1,-1
42,-1,260,216,11,11,1,-1,-1,-1
42,-1,265,17,12,11,1,-1,-1,-1
42,-1,316,111,14,12,1,-1,-1,-1
42,-1,484,106,16,13,1,-1,-1,-1
42,-1,520,196,13,11,1,-1,-1,-1
43,-1,201,24,15,11,1,-1,-1,-1
43,-1,255,217,11,11,1,-1,-1,-1
43,-1,261,19,12,11,1,-1,-1,-1
43,-1,269,110,17,11,1,-1,-1,-1
43,-1,337,107,16,13,1,-1,-1,-1
43,-1,492,195,18,13,1,-1,-1,-1
43,-1,493,109,16,13,1,-1,-1,-1
44,-1,197,24,15,11,1,-1,-1,-1
44,-1,251,218,11,11,1,-1,-1,-1
44,-1,258,21,12,11,1,-1,-1,-1
44,-1,275,109,17,11,1,-1,-1,-1
44,-1,348,106,16,13,1,-1,-1,-1
44,-1,479,196,16,13,1,-1,-1,-1
44,-1,497,110,16,13,1,-1,-1,-1
45,-1,190,22,15,11,1,-1,-1,-1
45,-1,246,217,11,11,1,-1,-1,-1
45,-1,254,21,12,11,1,-1,-1,-1
45,-1,280,108,17,11,1,-1,-1,-1
45,-1,357,104,16,13,1,-1,-1,-1
45,-1,467,196,17,13,1,-1,-1,-1
45,-1,500,111,16,13,1,-1,-1,-1
46,-1,185,22,15,11,1,-1,-1,-1
46,-1,242,218,11,11,1,-1,-1,-1
46,-1,250,22,12,11,1,-1,-1,-1
46,-1,285,107,17,11,1,-1,-1,-1
46,-1,367,102,16,13,1,-1,-1,-1
46,-1,449,196,17,13,1,-1,-1,-1
46,-1,503,113,17,13,1,-1,-1,-1
47,-1,180,22,15,11,1,-1,-1,-1
47,-1,239,219,11,11,1,-1,-1,-1
47,-1,247,25,12,11,1,-1,-1,-1
47,-1,291,108,18,11,1,-1,-1,-1
47,-1,378,102,16,13,1,-1,-1,-1
47,-1,434,197,16,13,1,-1,-1,-1
47,-1,507,116,16,13,1,-1,-1,-1
48,-1,180,22,15,11,1,-1,-1,-1
48,-1,239,219,11,11,1,-1,-1,-1
48,-1,247,25,12,11,1,-1,-1,-1
48,-1,291,108,18,11,1,-1,-1,-1
48,-1,378,102,16,13,1,-1,-1,-1
48,-1,434,197,16,13,1,-1,-1,-1
48,-1,507,116,16,13,1,-1,-1,-1
49,-1,169,23,15,11,1,-1,-1,-1
49,-1,232,223,11,11,1,-1,-1,-1
49,-1,242,29,12,11,1,-1,-1,-1
49,-1,304,109,18,11,1,-1,-1,-1
49,-1,401,103,16,14,1,-1,-1,-1
49,-1,404,201,15,14,1,-1,-1,-1
49,-1,514,122,17,14,1,-1,-1,-1
50,-1,164,24,15,11,1,-1,-1,-1
50,-1,229,225,11,11,1,-1,-1,-1
50,-1,239,33,12,11,1,-1,-1,-1
50,-1,311,110,18,12,1,-1,-1,-1
50,-1,391,203,15,14,1,-1,-1,-1
50,-1,413,103,16,14,1,-1,-1,-1
50,-1,519,125,17,14,1,-1,-1,-1
51,-1,160,26,15,11,1,-1,-1,-1
51,-1,227,228,11,11,1,-1,-1,-1
51,-1,238,36,12,11,1,-1,-1,-1
51,-1,319,111,18,11,1,-1,-1,-1
51,-1,377,206,14,13,1,-1,-1,-1
51,-1,425,104,16,14,1,-1,-1,-1
51,-1,523,129,17,14,1,-1,-1,-1
52,-1,157,28,16,11,1,-1,-1,-1
52,-1,226,231,11,11,1,-1,-1,-1
52,-1,238,40,12,11,1,-1,-1,-1
52,-1,329,113,18,12,1,-1,-1,-1
52,-1,365,208,17,16,1,-1,-1,-1
52,-1,439,105,16,14,1,-1,-1,-1
52,-1,530,134,17,14,1,-1,-1,-1
53,-1,155,29,16,12,1,-1,-1,-1
53,-1,227,234,11,11,1,-1,-1,-1
53,-1,238,44,13,11,1,-1,-1,-1
53,-1,339,114,18,12,1,-1,-1,-1
53,-1,354,210,15,14,1,-1,-1,-1
53,-1,454,106,16,14,1,-1,-1,-1
53,-1,538,138,17,14,1,-1,-1,-1
54,-1,155,29,16,12,1,-1,-1,-1
54,-1,227,234,11,11,1,-1,-1,-1
54,-1,238,44,13,11,1,-1,-1,-1
54,-1,339,114,18,12,1,-1,-1,-1
54,-1,354,210,15,14,1,-1,-1,-1
54,-1,454,106,16,14,1,-1,-1,-1
54,-1,538,138,17,14,1,-1,-1,-1
55,-1,150,31,16,12,1,-1,-1,-1
55,-1,227,238,11,11,1,-1,-1,-1
55,-1,239,50,13,11,1,-1,-1,-1
55,-1,332,214,16,13,1,-1,-1,-1
55,-1,360,115,16,13,1,-1,-1,-1
55,-1,484,107,16,13,1,-1,-1,-1
55,-1,552,144,17,14,1,-1,-1,-1
55,-1,560,2,22,15,1,-1,-1,-1
56,-1,147,34,16,12,1,-1,-1,-1
56,-1,226,242,11,11,1,-1,-1,-1
56,-1,239,55,13,11,1,-1,-1,-1
56,-1,312,-2,18,12,1,-1,-1,-1
56,-1,319,217,17,14,1,-1,-1,-1
56,-1,370,117,16,13,1,-1,-1,-1
56,-1,498,109,17,14,1,-1,-1,-1
56,-1,559,150,17,14,1,-1,-1,-1
56,-1,585,7,25,17,1,-1,-1,-1
57,-1,145,37,16,12,1,-1,-1,-1
57,-1,227,246,11,11,1,-1,-1,-1
57,-1,241,59,13,11,1,-1,-1,-1
57,-1,309,220,17,14,1,-1,-1,-1
57,-1,325,1,18,13,1,-1,-1,-1
57,-1,382,119,16,13,1,-1,-1,-1
57,-1,490,-1,22,11,1,-1,-1,-1
57,-1,513,111,17,13,1,-1,-1,-1
57,-1,567,154,18,15,1,-1,-1,-1
57,-1,611,13,25,17,1,-1,-1,-1
58,-1,144,39,16,12,1,-1,-1,-1
58,-1,229,249,11,11,1,-1,-1,-1
58,-1,243,64,13,11,1,-1,-1,-1
58,-1,299,223,17,13,1,-1,-1,-1
58,-1,338,4,18,13,1,-1,-1,-1
58,-1,394,121,17,13,1,-1,-1,-1
58,-1,515,2,26,13,1,-1,-1,-1
58,-1,530,112,17,14,1,-1,-1,-1
58,-1,576,159,18,15,1,-1,-1,-1
59,-1,142,41,16,12,1,-1,-1,-1
59,-1,229,252,11,11,1,-1,-1,-1
59,-1,245,68,13,11,1,-1,-1,-1
59,-1,288,227,16,13,1,-1,-1,-1
59,-1,350,7,19,14,1,-1,-1,-1
59,-1,405,122,17,14,1,-1,-1,-1
59,-1,542,8,25,13,1,-1,-1,-1
59,-1,545,113,17,14,1,-1,-1,-1
59,-1,584,163,18,15,1,-1,-1,-1
60,-1,142,41,16,12,1,-1,-1,-1
60,-1,229,252,11,11,1,-1,-1,-1
60,-1,245,68,13,11,1,-1,-1,-1
60,-1,288,227,16,13,1,-1,-1,-1
60,-1,350,7,19,13,1,-1,-1,-1
60,-1,405,122,17,14,1,-1,-1,-1
60,-1,542,8,25,13,1,-1,-1,-1
60,-1,545,113,17,14,1,-1,-1,-1
60,-1,584,163,18,15,1,-1,-1,-1
61,-1,135,47,16,12,1,-1,-1,-1
61,-1,227,260,11,11,1,-1,-1,-1
61,-1,245,76,13,11,1,-1,-1,-1
61,-1,261,233,16,14,1,-1,-1,-1
61,-1,368,10,27,19,1,-1,-1,-1
61,-1,424,125,23,18,1,-1,-1,-1
61,-1,571,115,23,17,1,-1,-1,-1
61,-1,595,18,24,19,1,-1,-1,-1
61,-1,596,172,18,15,1,-1,-1,-1
62,-1,131,51,16,12,1,-1,-1,-1
62,-1,225,264,11,11,1,-1,-1,-1
62,-1,243,82,13,11,1,-1,-1,-1
62,-1,247,238,15,14,1,-1,-1,-1
62,-1,378,14,27,19,1,-1,-1,-1
62,-1,434,128,23,18,1,-1,-1,-1
62,-1,584,118,23,17,1,-1,-1,-1
62,-1,601,178,18,15,1,-1,-1,-1
63,-1,124,54,16,12,1,-1,-1,-1
63,-1,222,268,11,11,1,-1,-1,-1
63,-1,232,242,16,14,1,-1,-1,-1
63,-1,241,86,13,11,1,-1,-1,-1
63,-1,386,18,28,20,1,-1,-1,-1
63,-1,442,130,24,18,1,-1,-1,-1
63,-1,596,120,23,17,1,-1,-1,-1
63,-1,605,183,18,15,1,-1,-1,-1
64,-1,116,57,16,12,1,-1,-1,-1
64,-1,215,246,15,13,1,-1,-1,-1
64,-1,217,272,11,11,1,-1,-1,-1
64,-1,237,91,13,11,1,-1,-1,-1
64,-1,393,22,28,20,1,-1,-1,-1
64,-1,448,133,24,19,1,-1,-1,-1
64,-1,606,123,23,17,1,-1,-1,-1
64,-1,607,189,19,15,1,-1,-1,-1
65,-1,105,61,16,12,1,-1,-1,-1
65,-1,192,248,17,14,1,-1,-1,-1
65,-1,209,276,11,11,1,-1,-1,-1
65,-1,230,96,13,11,1,-1,-1,-1
65,-1,397,26,28,20,1,-1,-1,-1
65,-1,451,135,25,20,1,-1,-1,-1
65,-1,606,194,18,15,1,-1,-1,-1
65,-1,612,124,25,19,1,-1,-1,-1
66,-1,105,61,16,12,1,-1,-1,-1
66,-1,192,248,17,15,1,-1,-1,-1
66,-1,209,276,11,11,1,-1,-1,-1
66,-1,230,96,13,11,1,-1,-1,-1
66,-1,397,25,29,20,1,-1,-1,-1
66,-1,452,135,24,19,1,-1,-1,-1
66,-1,606,194,18,15,1,-1,-1,-1
66,-1,612,124,25,19,1,-1,-1,-1
67,-1,76,62,20,16,1,-1,-1,-1
67,-1,150,255,17,14,1,-1,-1,-1
67,-1,185,279,19,12,1,-1,-1,-1
67,-1,211,100,13,13,1,-1,-1,-1
67,-1,400,30,30,21,1,-1,-1,-1
67,-1,456,136,25,19,1,-1,-1,-1
67,-1,600,201,18,15,1,-1,-1,-1
68,-1,61,63,20,16,1,-1,-1,-1
68,-1,122,254,22,16,1,-1,-1,-1
68,-1,173,280,17,11,1,-1,-1,-1
68,-1,199,102,13,13,1,-1,-1,-1
68,-1,401,31,29,20,1,-1,-1,-1
68,-1,455,136,25,20,1,-1,-1,-1
68,-1,594,203,19,15,1,-1,-1,-1
69,-1,45,64,19,15,1,-1,-1,-1
69,-1,95,256,22,16,1,-1,-1,-1
69,-1,160,281,16,11,1,-1,-1,-1
69,-1,187,103,13,13,1,-1,-1,-1
69,-1,399,32,29,20,1,-1,-1,-1
69,-1,454,135,26,20,1,-1,-1,-1
69,-1,588,206,18,15,1,-1,-1,-1
70,-1,30,64,19,15,1,-1,-1,-1
70,-1,71,257,26,13,1,-1,-1,-1
70,-1,147,281,16,11,1,-1,-1,-1
70,-1,175,104,13,13,1,-1,-1,-1
70,-1,399,33,30,21,1,-1,-1,-1
70,-1,453,134,25,20,1,-1,-1,-1
70,-1,581,207,19,16,1,-1,-1,-1
71,-1,14,62,20,16,1,-1,-1,-1
71,-1,44,257,25,14,1,-1,-1,-1
71,-1,134,281,16,11,1,-1,-1,-1
71,-1,163,104,13,13,1,-1,-1,-1
71,-1,398,33,30,21,1,-1,-1,-1
71,-1,452,132,26,20,1,-1,-1,-1
71,-1,575,208,19,16,1,-1,-1,-1
72,-1,14,62,20,16,1,-1,-1,-1
72,-1,45,257,24,13,1,-1,-1,-1
72,-1,134,281,16,11,1,-1,-1,-1
72,-1,163,104,13,13,1,-1,-1,-1
72,-1,398,33,30,21,1,-1,-1,-1
72,-1,452,132,26,20,1,-1,-1,-1
72,-1,575,208,19,16,1,-1,-1,-1
73,-1,1,254,14,13,1,-1,-1,-1
73,-1,104,280,18,11,1,-1,-1,-1
73,-1,130,102,24,12,1,-1,-1,-1
73,-1,394,31,30,21,1,-1,-1,-1
73,-1,448,127,26,20,1,-1,-1,-1
73,-1,559,208,20,16,1,-1,-1,-1
74,-1,89,279,18,11,1,-1,-1,-1
74,-1,115,101,24,12,1,-1,-1,-1
74,-1,390,30,30,21,1,-1,-1,-1
74,-1,445,124,26,21,1,-1,-1,-1
74,-1,551,208,20,16,1,-1,-1,-1
75,-1,73,277,18,11,1,-1,-1,-1
75,-1,100,99,25,12,1,-1,-1,-1
75,-1,387,29,30,21,1,-1,-1,-1
75,-1,442,121,27,21,1,-1,-1,-1
75,-1,541,207,20,16,1,-1,-1,-1
76,-1,57,275,18,11,1,-1,-1,-1
76,-1,84,98,25,13,1,-1,-1,-1
76,-1,382,27,30,21,1,-1,-1,-1
76,-1,438,118,27,21,1,-1,-1,-1
76,-1,532,206,20,16,1,-1,-1,-1
77,-1,40,273,18,11,1,-1,-1,-1
77,-1,68,96,25,13,1,-1,-1,-1
77,-1,377,26,30,21,1,-1,-1,-1
77,-1,434,114,27,21,1,-1,-1,-1
77,-1,520,206,21,17,1,-1,-1,-1
78,-1,40,273,18,11,1,-1,-1,-1
78,-1,68,96,25,13,1,-1,-1,-1
78,-1,377,26,30,21,1,-1,-1,-1
78,-1,434,114,27,21,1,-1,-1,-1
78,-1,521,206,21,17,1,-1,-1,-1
79,-1,5,271,21,11,1,-1,-1,-1
79,-1,35,93,24,15,1,-1,-1,-1
79,-1,369,24,30,21,1,-1,-1,-1
79,-1,427,109,28,22,1,-1,-1,-1
79,-1,500,206,21,17,1,-1,-1,-1
80,-1,-4,270,15,11,1,-1,-1,-1
80,-1,19,92,24,15,1,-1,-1,-1
80,-1,364,23,31,21,1,-1,-1,-1
80,-1,424,107,28,22,1,-1,-1,-1
80,-1,490,206,21,18,1,-1,-1,-1
81,-1,2,91,25,15,1,-1,-1,-1
81,-1,358,23,30,21,1,-1,-1,-1
81,-1,419,105,28,22,1,-1,-1,-1
81,-1,479,206,21,18,1,-1,-1,-1
81,-1,611,93,18,23,1,-1,-1,-1
82,-1,351,23,30,21,1,-1,-1,-1
82,-1,414,103,27,21,1,-1,-1,-1
82,-1,467,207,21,18,1,-1,-1,-1
82,-1,606,92,20,22,1,-1,-1,-1
83,-1,344,23,30,21,1,-1,-1,-1
83,-1,408,101,28,22,1,-1,-1,-1
83,-1,454,207,21,18,1,-1,-1,-1
83,-1,600,90,23,23,1,-1,-1,-1
84,-1,344,23,30,21,1,-1,-1,-1
84,-1,408,101,28,22,1,-1,-1,-1
84,-1,454,207,21,18,1,-1,-1,-1
84,-1,600,90,23,23,1,-1,-1,-1
85,-1,328,22,31,22,1,-1,-1,-1
85,-1,395,97,28,22,1,-1,-1,-1
85,-1,429,210,22,16,1,-1,-1,-1
85,-1,588,88,23,23,1,-1,-1,-1
86,-1,320,23,31,22,1,-1,-1,-1
86,-1,389,96,29,22,1,-1,-1,-1
86,-1,416,211,22,16,1,-1,-1,-1
86,-1,582,87,23,23,1,-1,-1,-1
87,-1,313,22,31,22,1,-1,-1,-1
87,-1,384,94,29,22,1,-1,-1,-1
87,-1,404,212,23,16,1,-1,-1,-1
87,-1,577,86,23,23,1,-1,-1,-1
88,-1,307,22,31,22,1,-1,-1,-1
88,-1,380,92,29,23,1,-1,-1,-1
88,-1,393,213,23,17,1,-1,-1,-1
88,-1,572,85,23,23,1,-1,-1,-1
89,-1,300,22,31,22,1,-1,-1,-1
89,-1,376,90,29,23,1,-1,-1,-1
89,-1,382,213,23,17,1,-1,-1,-1
89,-1,567,84,24,24,1,-1,-1,-1
90,-1,300,22,31,22,1,-1,-1,-1
90,-1,376,90,29,23,1,-1,-1,-1
90,-1,382,213,23,17,1,-1,-1,-1
90,-1,567,84,24,24,1,-1,-1,-1
91,-1,290,21,32,22,1,-1,-1,-1
91,-1,362,215,24,17,1,-1,-1,-1
91,-1,370,86,30,23,1,-1,-1,-1
91,-1,560,82,24,24,1,-1,-1,-1
92,-1,285,21,32,22,1,-1,-1,-1
92,-1,352,216,24,17,1,-1,-1,-1
92,-1,367,84,30,24,1,-1,-1,-1
92,-1,556,82,24,24,1,-1,-1,-1
93,-1,280,22,32,22,1,-1,-1,-1
93,-1,342,217,24,18,1,-1,-1,-1
93,-1,365,83,30,24,1,-1,-1,-1
93,-1,553,82,24,24,1,-1,-1,-1
94,-1,277,22,32,23,1,-1,-1,-1
94,-1,334,219,25,18,1,-1,-1,-1
94,-1,365,82,31,24,1,-1,-1,-1
94,-1,551,82,24,24,1,-1,-1,-1
95,-1,274,23,32,23,1,-1,-1,-1
95,-1,327,221,25,18,1,-1,-1,-1
95,-1,365,81,31,24,1,-1,-1,-1
95,-1,550,82,24,24,1,-1,-1,-1
96,-1,274,23,32,23,1,-1,-1,-1
96,-1,327,221,25,18,1,-1,-1,-1
96,-1,365,81,31,24,1,-1,-1,-1
96,-1,550,82,24,24,1,-1,-1,-1
97,-1,270,24,32,23,1,-1,-1,-1
97,-1,314,225,25,19,1,-1,-1,-1
97,-1,366,80,31,25,1,-1,-1,-1
97,-1,548,83,24,24,1,-1,-1,-1
98,-1,269,25,32,22,1,-1,-1,-1
98,-1,308,226,26,19,1,-1,-1,-1
98,-1,368,79,32,25,1,-1,-1,-1
98,-1,548,84,25,25,1,-1,-1,-1
99,-1,267,26,32,22,1,-1,-1,-1
99,-1,302,228,26,19,1,-1,-1,-1
99,-1,369,79,32,25,1,-1,-1,-1
99,-1,547,85,25,25,1,-1,-1,-1
100,-1,264,27,33,23,1,-1,-1,-1
100,-1,295,231,26,19,1,-1,-1,-1
100,-1,370,78,32,25,1,-1,-1,-1
100,-1,545,86,25,25,1,-1,-1,-1
101,-1,261,28,33,23,1,-1,-1,-1
101,-1,287,233,26,19,1,-1,-1,-1
101,-1,369,78,32,25,1,-1,-1,-1
101,-1,542,87,25,25,1,-1,-1,-1
102,-1,261,28,33,23,1,-1,-1,-1
102,-1,287,233,26,19,1,-1,-1,-1
102,-1,369,78,32,25,1,-1,-1,-1
102,-1,542,87,25,25,1,-1,-1,-1
103,-1,253,31,33,23,1,-1,-1,-1
103,-1,272,238,26,19,1,-1,-1,-1
103,-1,369,79,32,25,1,-1,-1,-1
103,-1,537,90,25,25,1,-1,-1,-1
104,-1,250,32,33,23,1,-1,-1,-1
104,-1,265,240,26,19,1,-1,-1,-1
104,-1,370,75,32,25,1,-1,-1,-1
104,-1,534,91,25,25,1,-1,-1,-1
105,-1,246,33,33,23,1,-1,-1,-1
105,-1,257,241,27,20,1,-1,-1,-1
105,-1,370,74,32,25,1,-1,-1,-1
105,-1,531,91,25,25,1,-1,-1,-1
106,-1,241,33,33,23,1,-1,-1,-1
106,-1,250,242,27,20,1,-1,-1,-1
106,-1,370,74,32,25,1,-1,-1,-1
106,-1,528,92,25,25,1,-1,-1,-1
107,-1,236,32,33,23,1,-1,-1,-1
107,-1,241,243,27,20,1,-1,-1,-1
107,-1,369,72,32,25,1,-1,-1,-1
107,-1,524,91,25,25,1,-1,-1,-1
108,-1,236,32,33,23,1,-1,-1,-1
108,-1,241,243,27,20,1,-1,-1,-1
108,-1,369,72,32,25,1,-1,-1,-1
108,-1,524,91,25,25,1,-1,-1,-1
109,-1,223,243,27,20,1,-1,-1,-1
109,-1,224,31,34,24,1,-1,-1,-1
109,-1,364,69,32,25,1,-1,-1,-1
109,-1,513,90,25,25,1,-1,-1,-1
110,-1,215,242,28,20,1,-1,-1,-1
110,-1,218,29,34,24,1,-1,-1,-1
110,-1,362,67,32,25,1,-1,-1,-1
110,-1,508,89,25,25,1,-1,-1,-1
111,-1,207,241,28,20,1,-1,-1,-1
111,-1,213,28,34,24,1,-1,-1,-1
111,-1,362,64,32,25,1,-1,-1,-1
111,-1,504,87,25,25,1,-1,-1,-1
112,-1,200,240,28,20,1,-1,-1,-1
112,-1,209,26,34,24,1,-1,-1,-1
112,-1,361,61,32,25,1,-1,-1,-1
112,-1,500,85,25,25,1,-1,-1,-1
113,-1,194,238,28,21,1,-1,-1,-1
113,-1,204,24,34,24,1,-1,-1,-1
113,-1,361,58,32,25,1,-1,-1,-1
113,-1,496,83,25,25,1,-1,-1,-1
114,-1,194,238,29,21,1,-1,-1,-1
114,-1,204,24,34,24,1,-1,-1,-1
114,-1,361,58,33,25,1,-1,-1,-1
114,-1,496,83,25,25,1,-1,-1,-1
115,-1,183,234,29,21,1,-1,-1,-1
115,-1,197,19,34,24,1,-1,-1,-1
115,-1,362,52,33,26,1,-1,-1,-1
115,-1,490,78,26,26,1,-1,-1,-1
116,-1,178,232,28,21,1,-1,-1,-1
116,-1,193,17,35,24,1,-1,-1,-1
116,-1,363,49,33,26,1,-1,-1,-1
116,-1,487,76,26,26,1,-1,-1,-1
117,-1,174,231,28,21,1,-1,-1,-1
117,-1,190,15,35,25,1,-1,-1,-1
117,-1,364,46,33,26,1,-1,-1,-1
117,-1,484,74,26,26,1,-1,-1,-1
