1,-1,116,204,16,12,1,-1,-1,-1
1,-1,127,185,20,13,1,-1,-1,-1
1,-1,143,160,26,14,1,-1,-1,-1
1,-1,169,124,27,17,1,-1,-1,-1
1,-1,186,208,19,12,1,-1,-1,-1
1,-1,207,194,21,14,1,-1,-1,-1
1,-1,212,56,34,26,1,-1,-1,-1
1,-1,238,167,23,17,1,-1,-1,-1
1,-1,277,135,26,16,1,-1,-1,-1
1,-1,340,98,33,21,1,-1,-1,-1
2,-1,116,204,16,12,1,-1,-1,-1
2,-1,127,185,20,13,1,-1,-1,-1
2,-1,143,160,27,14,1,-1,-1,-1
2,-1,169,123,27,17,1,-1,-1,-1
2,-1,186,208,19,12,1,-1,-1,-1
2,-1,207,194,21,14,1,-1,-1,-1
2,-1,213,55,34,26,1,-1,-1,-1
2,-1,238,166,23,17,1,-1,-1,-1
2,-1,277,135,26,16,1,-1,-1,-1
2,-1,341,97,33,21,1,-1,-1,-1
3,-1,116,204,16,12,1,-1,-1,-1
3,-1,127,184,20,13,1,-1,-1,-1
3,-1,143,159,27,14,1,-1,-1,-1
3,-1,169,123,27,17,1,-1,-1,-1
3,-1,186,208,19,12,1,-1,-1,-1
3,-1,208,193,21,14,1,-1,-1,-1
3,-1,214,53,34,26,1,-1,-1,-1
3,-1,239,166,23,17,1,-1,-1,-1
3,-1,278,134,26,16,1,-1,-1,-1
3,-1,343,96,33,21,1,-1,-1,-1
4,-1,116,203,16,12,1,-1,-1,-1
4,-1,127,184,20,13,1,-1,-1,-1
4,-1,143,159,26,14,1,-1,-1,-1
4,-1,170,122,27,17,1,-1,-1,-1
4,-1,186,207,19,12,1,-1,-1,-1
4,-1,208,193,21,14,1,-1,-1,-1
4,-1,215,52,34,26,1,-1,-1,-1
4,-1,239,165,23,17,1,-1,-1,-1
4,-1,279,133,26,16,1,-1,-1,-1
4,-1,344,95,33,21,1,-1,-1,-1
5,-1,116,203,16,12,1,-1,-1,-1
5,-1,127,184,20,13,1,-1,-1,-1
5,-1,143,159,26,14,1,-1,-1,-1
5,-1,170,121,28,17,1,-1,-1,-1
5,-1,186,207,20,12,1,-1,-1,-1
5,-1,208,193,21,14,1,-1,-1,-1
5,-1,215,51,34,26,1,-1,-1,-1
5,-1,239,165,23,17,1,-1,-1,-1
5,-1,279,133,26,16,1,-1,-1,-1
5,-1,345,94,34,21,1,-1,-1,-1
6,-1,115,203,16,12,1,-1,-1,-1
6,-1,127,183,20,13,1,-1,-1,-1
6,-1,143,158,27,15,1,-1,-1,-1
6,-1,170,120,28,17,1,-1,-1,-1
6,-1,186,207,19,12,1,-1,-1,-1
6,-1,208,193,21,14,1,-1,-1,-1
6,-1,215,49,35,27,1,-1,-1,-1
6,-1,239,165,23,17,1,-1,-1,-1
6,-1,280,132,27,16,1,-1,-1,-1
6,-1,346,93,34,21,1,-1,-1,-1
7,-1,114,203,16,12,1,-1,-1,-1
7,-1,126,183,20,13,1,-1,-1,-1
7,-1,142,158,27,14,1,-1,-1,-1
7,-1,170,119,28,18,1,-1,-1,-1
7,-1,185,207,19,12,1,-1,-1,-1
7,-1,207,192,21,14,1,-1,-1,-1
7,-1,216,47,35,27,1,-1,-1,-1
7,-1,239,164,23,17,1,-1,-1,-1
7,-1,280,131,27,17,1,-1,-1,-1
7,-1,347,92,34,22,1,-1,-1,-1
8,-1,113,203,16,12,1,-1,-1,-1
8,-1,125,183,20,13,1,-1,-1,-1
8,-1,142,157,27,14,1,-1,-1,-1
8,-1,169,119,28,18,1,-1,-1,-1
8,-1,185,207,19,12,1,-1,-1,-1
8,-1,207,192,21,14,1,-1,-1,-1
8,-1,216,46,35,27,1,-1,-1,-1
8,-1,239,164,23,17,1,-1,-1,-1
8,-1,280,131,27,17,1,-1,-1,-1
8,-1,347,91,34,22,1,-1,-1,-1
9,-1,112,203,16,12,1,-1,-1,-1
9,-1,124,183,20,13,1,-1,-1,-1
9,-1,141,157,27,14,1,-1,-1,-1
9,-1,169,118,28,18,1,-1,-1,-1
9,-1,184,207,19,12,1,-1,-1,-1
9,-1,206,192,21,14,1,-1,-1,-1
9,-1,216,44,35,27,1,-1,-1,-1
9,-1,238,163,23,17,1,-1,-1,-1
9,-1,279,130,27,17,1,-1,-1,-1
9,-1,348,90,34,22,1,-1,-1,-1
10,-1,111,202,16,12,1,-1,-1,-1
10,-1,123,182,20,13,1,-1,-1,-1
10,-1,139,156,27,14,1,-1,-1,-1
10,-1,168,117,28,18,1,-1,-1,-1
10,-1,183,207,19,12,1,-1,-1,-1
10,-1,205,192,21,14,1,-1,-1,-1
10,-1,216,42,36,27,1,-1,-1,-1
10,-1,238,163,23,17,1,-1,-1,-1
10,-1,279,129,27,17,1,-1,-1,-1
10,-1,348,89,34,22,1,-1,-1,-1
11,-1,110,203,16,12,1,-1,-1,-1
11,-1,122,182,20,13,1,-1,-1,-1
11,-1,139,156,27,15,1,-1,-1,-1
11,-1,168,116,28,18,1,-1,-1,-1
11,-1,182,207,20,12,1,-1,-1,-1
11,-1,205,192,21,14,1,-1,-1,-1
11,-1,216,41,36,27,1,-1,-1,-1
11,-1,237,163,23,17,1,-1,-1,-1
11,-1,279,129,27,17,1,-1,-1,-1
11,-1,348,89,34,22,1,-1,-1,-1
12,-1,108,202,16,12,1,-1,-1,-1
12,-1,121,182,21,13,1,-1,-1,-1
12,-1,138,155,27,14,1,-1,-1,-1
12,-1,167,115,28,18,1,-1,-1,-1
12,-1,181,207,19,12,1,-1,-1,-1
12,-1,204,191,21,14,1,-1,-1,-1
12,-1,216,39,36,27,1,-1,-1,-1
12,-1,237,162,23,17,1,-1,-1,-1
12,-1,279,128,27,17,1,-1,-1,-1
12,-1,349,87,34,22,1,-1,-1,-1
13,-1,107,202,16,12,1,-1,-1,-1
13,-1,120,181,21,13,1,-1,-1,-1
13,-1,137,154,27,15,1,-1,-1,-1
13,-1,166,114,28,18,1,-1,-1,-1
13,-1,180,207,19,12,1,-1,-1,-1
13,-1,203,191,21,14,1,-1,-1,-1
13,-1,215,37,37,28,1,-1,-1,-1
13,-1,236,162,24,17,1,-1,-1,-1
13,-1,278,127,27,17,1,-1,-1,-1
13,-1,349,86,35,22,1,-1,-1,-1
14,-1,106,202,16,12,1,-1,-1,-1
14,-1,119,181,20,13,1,-1,-1,-1
14,-1,136,154,27,15,1,-1,-1,-1
14,-1,166,114,28,18,1,-1,-1,-1
14,-1,179,207,19,12,1,-1,-1,-1
14,-1,203,191,21,14,1,-1,-1,-1
14,-1,216,36,37,28,1,-1,-1,-1
14,-1,236,161,24,17,1,-1,-1,-1
14,-1,279,127,27,17,1,-1,-1,-1
14,-1,350,86,35,22,1,-1,-1,-1
15,-1,105,202,17,12,1,-1,-1,-1
15,-1,118,181,21,13,1,-1,-1,-1
15,-1,135,154,27,15,1,-1,-1,-1
15,-1,165,113,29,18,1,-1,-1,-1
15,-1,178,207,19,12,1,-1,-1,-1
15,-1,202,191,22,14,1,-1,-1,-1
15,-1,216,35,37,28,1,-1,-1,-1
15,-1,235,161,24,18,1,-1,-1,-1
15,-1,278,127,28,17,1,-1,-1,-1
15,-1,350,85,35,22,1,-1,-1,-1
16,-1,103,202,17,12,1,-1,-1,-1
16,-1,116,181,21,13,1,-1,-1,-1
16,-1,134,154,28,15,1,-1,-1,-1
16,-1,164,112,29,18,1,-1,-1,-1
16,-1,177,207,18,12,1,-1,-1,-1
16,-1,201,191,21,14,1,-1,-1,-1
16,-1,216,33,37,28,1,-1,-1,-1
16,-1,234,161,24,18,1,-1,-1,-1
16,-1,278,126,28,17,1,-1,-1,-1
16,-1,351,84,35,23,1,-1,-1,-1
17,-1,102,202,17,13,1,-1,-1,-1
17,-1,115,181,21,14,1,-1,-1,-1
17,-1,133,154,28,15,1,-1,-1,-1
17,-1,164,112,29,18,1,-1,-1,-1
17,-1,176,207,19,12,1,-1,-1,-1
17,-1,200,192,22,14,1,-1,-1,-1
17,-1,216,32,37,28,1,-1,-1,-1
17,-1,234,161,24,18,1,-1,-1,-1
17,-1,278,126,27,17,1,-1,-1,-1
17,-1,351,84,35,23,1,-1,-1,-1
18,-1,102,202,16,12,1,-1,-1,-1
18,-1,115,181,21,13,1,-1,-1,-1
18,-1,132,154,28,15,1,-1,-1,-1
18,-1,163,112,29,18,1,-1,-1,-1
18,-1,175,208,19,12,1,-1,-1,-1
18,-1,199,192,22,15,1,-1,-1,-1
18,-1,216,31,37,28,1,-1,-1,-1
18,-1,233,161,24,18,1,-1,-1,-1
18,-1,277,126,28,17,1,-1,-1,-1
18,-1,351,84,35,22,1,-1,-1,-1
19,-1,101,203,17,12,1,-1,-1,-1
19,-1,114,182,21,13,1,-1,-1,-1
19,-1,132,154,27,15,1,-1,-1,-1
19,-1,163,112,29,18,1,-1,-1,-1
19,-1,174,208,19,12,1,-1,-1,-1
19,-1,199,192,21,14,1,-1,-1,-1
19,-1,216,31,37,28,1,-1,-1,-1
19,-1,232,162,24,17,1,-1,-1,-1
19,-1,276,127,28,17,1,-1,-1,-1
19,-1,351,84,35,22,1,-1,-1,-1
20,-1,100,203,16,12,1,-1,-1,-1
20,-1,114,182,21,13,1,-1,-1,-1
20,-1,132,154,28,15,1,-1,-1,-1
20,-1,163,113,29,18,1,-1,-1,-1
20,-1,174,208,19,12,1,-1,-1,-1
20,-1,198,192,21,14,1,-1,-1,-1
20,-1,216,31,37,28,1,-1,-1,-1
20,-1,232,162,23,17,1,-1,-1,-1
20,-1,276,127,28,17,1,-1,-1,-1
20,-1,350,84,35,23,1,-1,-1,-1
21,-1,100,203,16,12,1,-1,-1,-1
21,-1,114,182,20,13,1,-1,-1,-1
21,-1,132,155,27,14,1,-1,-1,-1
21,-1,162,113,29,18,1,-1,-1,-1
21,-1,173,209,19,12,1,-1,-1,-1
21,-1,198,193,21,14,1,-1,-1,-1
21,-1,216,31,37,28,1,-1,-1,-1
21,-1,231,162,24,18,1,-1,-1,-1
21,-1,275,128,28,17,1,-1,-1,-1
21,-1,350,85,35,22,1,-1,-1,-1
22,-1,99,204,16,12,1,-1,-1,-1
22,-1,113,183,20,13,1,-1,-1,-1
22,-1,131,155,27,15,1,-1,-1,-1
22,-1,162,113,29,18,1,-1,-1,-1
22,-1,173,209,18,11,1,-1,-1,-1
22,-1,197,193,21,14,1,-1,-1,-1
22,-1,216,32,37,28,1,-1,-1,-1
22,-1,230,163,24,17,1,-1,-1,-1
22,-1,274,128,27,17,1,-1,-1,-1
22,-1,349,86,35,22,1,-1,-1,-1
23,-1,99,204,16,12,1,-1,-1,-1
23,-1,113,183,20,13,1,-1,-1,-1
23,-1,131,156,27,15,1,-1,-1,-1
23,-1,162,114,29,18,1,-1,-1,-1
23,-1,172,210,18,12,1,-1,-1,-1
23,-1,196,194,21,14,1,-1,-1,-1
23,-1,216,32,37,28,1,-1,-1,-1
23,-1,230,163,23,17,1,-1,-1,-1
23,-1,274,129,27,17,1,-1,-1,-1
23,-1,348,86,35,22,1,-1,-1,-1
24,-1,99,205,16,12,1,-1,-1,-1
24,-1,113,184,20,13,1,-1,-1,-1
24,-1,130,156,27,15,1,-1,-1,-1
24,-1,162,115,29,18,1,-1,-1,-1
24,-1,171,211,18,11,1,-1,-1,-1
24,-1,196,194,21,14,1,-1,-1,-1
24,-1,217,33,37,28,1,-1,-1,-1
24,-1,229,164,23,17,1,-1,-1,-1
24,-1,273,130,27,17,1,-1,-1,-1
24,-1,348,87,35,22,1,-1,-1,-1
25,-1,99,206,16,12,1,-1,-1,-1
25,-1,113,185,20,13,1,-1,-1,-1
25,-1,130,157,26,15,1,-1,-1,-1
25,-1,162,116,29,18,1,-1,-1,-1
25,-1,171,212,18,11,1,-1,-1,-1
25,-1,195,195,21,14,1,-1,-1,-1
25,-1,217,34,37,28,1,-1,-1,-1
25,-1,228,165,23,17,1,-1,-1,-1
25,-1,272,131,27,17,1,-1,-1,-1
25,-1,347,88,35,22,1,-1,-1,-1
26,-1,99,207,15,11,1,-1,-1,-1
26,-1,113,185,20,13,1,-1,-1,-1
26,-1,130,158,26,14,1,-1,-1,-1
26,-1,162,116,29,18,1,-1,-1,-1
26,-1,170,212,17,11,1,-1,-1,-1
26,-1,195,195,20,14,1,-1,-1,-1
26,-1,217,34,37,28,1,-1,-1,-1
26,-1,228,166,22,17,1,-1,-1,-1
26,-1,272,132,26,17,1,-1,-1,-1
26,-1,347,89,34,22,1,-1,-1,-1
27,-1,99,208,14,11,1,-1,-1,-1
27,-1,113,186,19,12,1,-1,-1,-1
27,-1,131,159,26,14,1,-1,-1,-1
27,-1,162,117,28,18,1,-1,-1,-1
27,-1,170,214,16,10,1,-1,-1,-1
27,-1,195,197,20,13,1,-1,-1,-1
27,-1,218,35,37,28,1,-1,-1,-1
27,-1,228,167,22,16,1,-1,-1,-1
27,-1,272,133,26,16,1,-1,-1,-1
27,-1,346,90,34,21,1,-1,-1,-1
28,-1,99,209,14,11,1,-1,-1,-1
28,-1,113,187,19,12,1,-1,-1,-1
28,-1,131,160,26,14,1,-1,-1,-1
28,-1,162,118,28,18,1,-1,-1,-1
28,-1,169,215,16,10,1,-1,-1,-1
28,-1,195,198,20,13,1,-1,-1,-1
28,-1,219,36,37,28,1,-1,-1,-1
28,-1,228,168,22,16,1,-1,-1,-1
28,-1,271,134,26,16,1,-1,-1,-1
28,-1,345,92,33,21,1,-1,-1,-1
29,-1,99,210,13,11,1,-1,-1,-1
29,-1,113,188,19,12,1,-1,-1,-1
29,-1,131,161,25,14,1,-1,-1,-1
29,-1,162,119,28,18,1,-1,-1,-1
29,-1,169,215,16,10,1,-1,-1,-1
29,-1,195,199,19,13,1,-1,-1,-1
29,-1,219,37,37,28,1,-1,-1,-1
29,-1,227,169,21,16,1,-1,-1,-1
29,-1,271,135,26,16,1,-1,-1,-1
29,-1,345,92,33,20,1,-1,-1,-1
30,-1,99,211,14,11,1,-1,-1,-1
30,-1,114,189,18,12,1,-1,-1,-1
30,-1,131,162,26,14,1,-1,-1,-1
30,-1,163,120,28,18,1,-1,-1,-1
30,-1,169,216,16,10,1,-1,-1,-1
30,-1,194,200,19,13,1,-1,-1,-1
30,-1,219,38,36,28,1,-1,-1,-1
30,-1,227,170,21,16,1,-1,-1,-1
30,-1,270,136,25,16,1,-1,-1,-1
30,-1,345,94,33,20,1,-1,-1,-1
31,-1,99,212,13,10,1,-1,-1,-1
31,-1,114,190,18,11,1,-1,-1,-1
31,-1,132,163,25,13,1,-1,-1,-1
31,-1,163,121,28,18,1,-1,-1,-1
31,-1,168,217,16,10,1,-1,-1,-1
31,-1,194,201,19,12,1,-1,-1,-1
31,-1,220,39,36,27,1,-1,-1,-1
31,-1,226,171,21,15,1,-1,-1,-1
31,-1,270,138,25,15,1,-1,-1,-1
31,-1,344,95,33,20,1,-1,-1,-1
32,-1,99,212,13,10,1,-1,-1,-1
32,-1,114,190,18,12,1,-1,-1,-1
32,-1,132,164,25,13,1,-1,-1,-1
32,-1,163,122,27,17,1,-1,-1,-1
32,-1,168,218,16,10,1,-1,-1,-1
32,-1,194,201,19,12,1,-1,-1,-1
32,-1,220,39,36,27,1,-1,-1,-1
32,-1,226,172,21,15,1,-1,-1,-1
32,-1,270,138,25,15,1,-1,-1,-1
32,-1,344,96,33,20,1,-1,-1,-1
33,-1,99,213,13,10,1,-1,-1,-1
33,-1,114,191,18,11,1,-1,-1,-1
33,-1,132,165,25,13,1,-1,-1,-1
33,-1,163,123,27,17,1,-1,-1,-1
33,-1,168,219,16,10,1,-1,-1,-1
33,-1,193,203,19,12,1,-1,-1,-1
33,-1,221,40,36,27,1,-1,-1,-1
33,-1,226,173,21,15,1,-1,-1,-1
33,-1,269,140,25,15,1,-1,-1,-1
33,-1,343,97,32,20,1,-1,-1,-1
34,-1,100,214,13,10,1,-1,-1,-1
34,-1,114,192,18,11,1,-1,-1,-1
34,-1,132,166,25,13,1,-1,-1,-1
34,-1,163,124,27,17,1,-1,-1,-1
34,-1,167,220,16,10,1,-1,-1,-1
34,-1,193,204,19,12,1,-1,-1,-1
34,-1,221,41,36,27,1,-1,-1,-1
34,-1,225,174,21,15,1,-1,-1,-1
34,-1,269,141,25,15,1,-1,-1,-1
34,-1,343,99,32,20,1,-1,-1,-1
35,-1,100,214,13,10,1,-1,-1,-1
35,-1,115,193,17,11,1,-1,-1,-1
35,-1,132,166,25,13,1,-1,-1,-1
35,-1,163,125,27,17,1,-1,-1,-1
35,-1,167,220,16,10,1,-1,-1,-1
35,-1,193,204,18,12,1,-1,-1,-1
35,-1,222,41,36,27,1,-1,-1,-1
35,-1,225,175,21,15,1,-1,-1,-1
35,-1,268,141,24,15,1,-1,-1,-1
35,-1,343,99,32,20,1,-1,-1,-1
36,-1,100,215,13,10,1,-1,-1,-1
36,-1,115,193,18,11,1,-1,-1,-1
36,-1,132,167,25,13,1,-1,-1,-1
36,-1,164,126,27,17,1,-1,-1,-1
36,-1,167,221,16,10,1,-1,-1,-1
36,-1,192,205,18,12,1,-1,-1,-1
36,-1,222,42,36,27,1,-1,-1,-1
36,-1,224,175,21,15,1,-1,-1,-1
36,-1,268,142,24,15,1,-1,-1,-1
36,-1,342,100,32,20,1,-1,-1,-1
37,-1,100,215,13,10,1,-1,-1,-1
37,-1,115,194,17,11,1,-1,-1,-1
37,-1,133,168,25,13,1,-1,-1,-1
37,-1,164,126,27,17,1,-1,-1,-1
37,-1,166,221,16,10,1,-1,-1,-1
37,-1,192,206,18,12,1,-1,-1,-1
37,-1,223,43,36,27,1,-1,-1,-1
37,-1,224,176,21,15,1,-1,-1,-1
37,-1,267,143,24,15,1,-1,-1,-1
37,-1,342,101,32,19,1,-1,-1,-1
38,-1,100,216,13,10,1,-1,-1,-1
38,-1,115,194,18,11,1,-1,-1,-1
38,-1,133,168,25,13,1,-1,-1,-1
38,-1,164,127,27,17,1,-1,-1,-1
38,-1,166,222,16,10,1,-1,-1,-1
38,-1,192,206,18,12,1,-1,-1,-1
38,-1,223,43,36,27,1,-1,-1,-1
38,-1,224,176,20,15,1,-1,-1,-1
38,-1,267,144,24,15,1,-1,-1,-1
38,-1,341,102,32,20,1,-1,-1,-1
39,-1,100,216,13,10,1,-1,-1,-1
39,-1,115,194,18,11,1,-1,-1,-1
39,-1,133,169,24,13,1,-1,-1,-1
39,-1,164,128,27,17,1,-1,-1,-1
39,-1,166,222,16,10,1,-1,-1,-1
39,-1,191,207,18,12,1,-1,-1,-1
39,-1,223,177,20,15,1,-1,-1,-1
39,-1,224,43,36,27,1,-1,-1,-1
39,-1,267,145,24,15,1,-1,-1,-1
39,-1,341,103,31,19,1,-1,-1,-1
40,-1,100,217,13,10,1,-1,-1,-1
40,-1,115,195,18,11,1,-1,-1,-1
40,-1,133,170,24,13,1,-1,-1,-1
40,-1,164,128,27,17,1,-1,-1,-1
40,-1,166,223,16,10,1,-1,-1,-1
40,-1,191,207,18,12,1,-1,-1,-1
40,-1,223,178,20,15,1,-1,-1,-1
40,-1,224,44,35,27,1,-1,-1,-1
40,-1,266,145,24,15,1,-1,-1,-1
40,-1,341,104,31,19,1,-1,-1,-1
41,-1,101,217,13,10,1,-1,-1,-1
41,-1,115,196,18,11,1,-1,-1,-1
41,-1,133,170,24,13,1,-1,-1,-1
41,-1,164,129,27,17,1,-1,-1,-1
41,-1,165,223,16,10,1,-1,-1,-1
41,-1,190,208,18,12,1,-1,-1,-1
41,-1,223,178,20,15,1,-1,-1,-1
41,-1,225,44,35,27,1,-1,-1,-1
41,-1,266,146,24,15,1,-1,-1,-1
41,-1,340,104,31,19,1,-1,-1,-1
42,-1,101,218,13,10,1,-1,-1,-1
42,-1,116,196,18,11,1,-1,-1,-1
42,-1,133,171,24,13,1,-1,-1,-1
42,-1,165,130,27,17,1,-1,-1,-1
42,-1,165,224,16,10,1,-1,-1,-1
42,-1,190,209,18,12,1,-1,-1,-1
42,-1,222,179,20,15,1,-1,-1,-1
42,-1,226,45,35,27,1,-1,-1,-1
42,-1,266,147,24,15,1,-1,-1,-1
42,-1,340,105,31,19,1,-1,-1,-1
43,-1,101,218,13,10,1,-1,-1,-1
43,-1,116,197,18,11,1,-1,-1,-1
43,-1,134,172,24,13,1,-1,-1,-1
43,-1,165,130,27,17,1,-1,-1,-1
43,-1,165,225,16,10,1,-1,-1,-1
43,-1,190,209,18,12,1,-1,-1,-1
43,-1,222,180,20,15,1,-1,-1,-1
43,-1,226,45,35,27,1,-1,-1,-1
43,-1,265,148,24,15,1,-1,-1,-1
43,-1,340,106,31,19,1,-1,-1,-1
44,-1,101,219,13,10,1,-1,-1,-1
44,-1,116,197,18,11,1,-1,-1,-1
44,-1,134,172,24,13,1,-1,-1,-1
44,-1,165,131,27,17,1,-1,-1,-1
44,-1,165,225,16,10,1,-1,-1,-1
44,-1,190,210,18,12,1,-1,-1,-1
44,-1,222,180,20,15,1,-1,-1,-1
44,-1,227,45,35,27,1,-1,-1,-1
44,-1,265,148,24,15,1,-1,-1,-1
44,-1,340,107,31,19,1,-1,-1,-1
45,-1,101,219,13,10,1,-1,-1,-1
45,-1,116,198,18,11,1,-1,-1,-1
45,-1,134,173,23,13,1,-1,-1,-1
45,-1,164,226,16,10,1,-1,-1,-1
45,-1,165,131,27,17,1,-1,-1,-1
45,-1,190,210,18,12,1,-1,-1,-1
45,-1,222,181,20,15,1,-1,-1,-1
45,-1,227,45,36,27,1,-1,-1,-1
45,-1,265,149,24,15,1,-1,-1,-1
45,-1,339,107,30,19,1,-1,-1,-1
46,-1,102,219,13,10,1,-1,-1,-1
46,-1,116,198,17,11,1,-1,-1,-1
46,-1,135,173,23,13,1,-1,-1,-1
46,-1,164,226,16,10,1,-1,-1,-1
46,-1,166,131,27,17,1,-1,-1,-1
46,-1,189,210,18,12,1,-1,-1,-1
46,-1,221,181,20,15,1,-1,-1,-1
46,-1,228,46,35,27,1,-1,-1,-1
46,-1,264,149,24,15,1,-1,-1,-1
46,-1,339,108,30,19,1,-1,-1,-1
47,-1,102,219,13,10,1,-1,-1,-1
47,-1,117,198,17,11,1,-1,-1,-1
47,-1,135,173,23,13,1,-1,-1,-1
47,-1,164,226,16,10,1,-1,-1,-1
47,-1,166,131,27,17,1,-1,-1,-1
47,-1,189,210,18,12,1,-1,-1,-1
47,-1,221,181,20,15,1,-1,-1,-1
47,-1,229,46,35,27,1,-1,-1,-1
47,-1,264,149,24,15,1,-1,-1,-1
47,-1,339,108,30,19,1,-1,-1,-1
48,-1,102,219,13,10,1,-1,-1,-1
48,-1,117,198,17,11,1,-1,-1,-1
48,-1,135,174,23,12,1,-1,-1,-1
48,-1,164,226,16,10,1,-1,-1,-1
48,-1,166,132,26,17,1,-1,-1,-1
48,-1,189,211,18,12,1,-1,-1,-1
48,-1,221,182,20,15,1,-1,-1,-1
48,-1,230,46,35,27,1,-1,-1,-1
48,-1,264,150,23,14,1,-1,-1,-1
48,-1,339,109,30,19,1,-1,-1,-1
49,-1,100,216,20,15,1,-1,-1,-1
49,-1,115,196,22,18,1,-1,-1,-1
49,-1,134,172,26,17,1,-1,-1,-1
49,-1,163,223,18,13,1,-1,-1,-1
49,-1,167,132,26,17,1,-1,-1,-1
49,-1,187,205,20,18,1,-1,-1,-1
49,-1,220,182,20,15,1,-1,-1,-1
49,-1,230,46,35,27,1,-1,-1,-1
49,-1,263,148,25,18,1,-1,-1,-1
49,-1,338,109,33,23,1,-1,-1,-1
50,-1,100,216,20,15,1,-1,-1,-1
50,-1,115,196,22,18,1,-1,-1,-1
50,-1,134,172,26,17,1,-1,-1,-1
50,-1,163,223,18,13,1,-1,-1,-1
50,-1,167,132,26,17,1,-1,-1,-1
50,-1,187,205,20,18,1,-1,-1,-1
50,-1,220,182,20,15,1,-1,-1,-1
50,-1,230,46,35,27,1,-1,-1,-1
50,-1,263,148,25,18,1,-1,-1,-1
50,-1,338,109,33,23,1,-1,-1,-1
51,-1,101,217,20,15,1,-1,-1,-1
51,-1,115,197,22,18,1,-1,-1,-1
51,-1,135,173,26,17,1,-1,-1,-1
51,-1,163,224,18,13,1,-1,-1,-1
51,-1,168,132,26,17,1,-1,-1,-1
51,-1,187,206,20,18,1,-1,-1,-1
51,-1,220,183,20,15,1,-1,-1,-1
51,-1,231,46,35,27,1,-1,-1,-1
51,-1,263,149,25,18,1,-1,-1,-1
51,-1,338,110,33,23,1,-1,-1,-1
52,-1,101,217,20,15,1,-1,-1,-1
52,-1,115,197,22,18,1,-1,-1,-1
52,-1,135,173,26,17,1,-1,-1,-1
52,-1,163,224,18,13,1,-1,-1,-1
52,-1,168,133,26,17,1,-1,-1,-1
52,-1,187,206,20,18,1,-1,-1,-1
52,-1,220,183,20,15,1,-1,-1,-1
52,-1,232,46,35,27,1,-1,-1,-1
52,-1,263,149,25,18,1,-1,-1,-1
52,-1,338,110,33,23,1,-1,-1,-1
53,-1,101,217,20,15,1,-1,-1,-1
53,-1,116,197,22,18,1,-1,-1,-1
53,-1,135,173,26,17,1,-1,-1,-1
53,-1,163,224,18,13,1,-1,-1,-1
53,-1,168,133,26,17,1,-1,-1,-1
53,-1,187,206,20,18,1,-1,-1,-1
53,-1,219,183,20,15,1,-1,-1,-1
53,-1,233,46,35,27,1,-1,-1,-1
53,-1,262,149,25,18,1,-1,-1,-1
53,-1,338,110,33,23,1,-1,-1,-1
54,-1,102,217,20,15,1,-1,-1,-1
54,-1,116,197,22,18,1,-1,-1,-1
54,-1,136,173,26,17,1,-1,-1,-1
54,-1,163,224,18,13,1,-1,-1,-1
54,-1,169,133,26,17,1,-1,-1,-1
54,-1,187,206,20,18,1,-1,-1,-1
54,-1,219,183,20,15,1,-1,-1,-1
54,-1,234,46,35,27,1,-1,-1,-1
54,-1,262,150,25,18,1,-1,-1,-1
54,-1,337,111,32,23,1,-1,-1,-1
55,-1,102,217,20,15,1,-1,-1,-1
55,-1,116,197,22,18,1,-1,-1,-1
55,-1,136,174,26,17,1,-1,-1,-1
55,-1,163,224,18,13,1,-1,-1,-1
55,-1,169,133,25,17,1,-1,-1,-1
55,-1,186,206,20,18,1,-1,-1,-1
55,-1,219,184,20,15,1,-1,-1,-1
55,-1,235,46,35,27,1,-1,-1,-1
55,-1,262,150,25,18,1,-1,-1,-1
55,-1,337,111,32,23,1,-1,-1,-1
56,-1,102,217,19,14,1,-1,-1,-1
56,-1,117,198,21,18,1,-1,-1,-1
56,-1,136,174,25,17,1,-1,-1,-1
56,-1,163,225,17,12,1,-1,-1,-1
56,-1,170,134,25,17,1,-1,-1,-1
56,-1,186,207,19,17,1,-1,-1,-1
56,-1,219,184,20,15,1,-1,-1,-1
56,-1,235,46,35,27,1,-1,-1,-1
56,-1,262,151,24,18,1,-1,-1,-1
56,-1,337,112,32,23,1,-1,-1,-1
57,-1,102,217,19,14,1,-1,-1,-1
57,-1,117,198,21,17,1,-1,-1,-1
57,-1,136,174,25,16,1,-1,-1,-1
57,-1,163,225,17,12,1,-1,-1,-1
57,-1,170,134,25,17,1,-1,-1,-1
57,-1,186,207,19,17,1,-1,-1,-1
57,-1,219,184,20,15,1,-1,-1,-1
57,-1,236,46,35,27,1,-1,-1,-1
57,-1,262,151,24,18,1,-1,-1,-1
57,-1,337,112,32,22,1,-1,-1,-1
58,-1,103,218,19,14,1,-1,-1,-1
58,-1,117,198,22,18,1,-1,-1,-1
58,-1,137,174,25,17,1,-1,-1,-1
58,-1,162,225,17,12,1,-1,-1,-1
58,-1,171,134,25,16,1,-1,-1,-1
58,-1,186,207,20,18,1,-1,-1,-1
58,-1,219,185,20,15,1,-1,-1,-1
58,-1,237,46,35,27,1,-1,-1,-1
58,-1,262,152,24,18,1,-1,-1,-1
58,-1,337,112,32,22,1,-1,-1,-1
59,-1,103,218,18,14,1,-1,-1,-1
59,-1,117,198,22,18,1,-1,-1,-1
59,-1,137,175,25,17,1,-1,-1,-1
59,-1,162,225,17,12,1,-1,-1,-1
59,-1,171,134,25,17,1,-1,-1,-1
59,-1,186,208,19,17,1,-1,-1,-1
59,-1,219,185,20,15,1,-1,-1,-1
59,-1,238,46,35,27,1,-1,-1,-1
59,-1,262,152,24,17,1,-1,-1,-1
59,-1,337,113,32,22,1,-1,-1,-1
60,-1,103,218,18,14,1,-1,-1,-1
60,-1,117,198,21,17,1,-1,-1,-1
60,-1,137,175,25,16,1,-1,-1,-1
60,-1,162,225,17,12,1,-1,-1,-1
60,-1,171,134,25,16,1,-1,-1,-1
60,-1,186,208,19,17,1,-1,-1,-1
60,-1,218,185,20,15,1,-1,-1,-1
60,-1,239,45,35,27,1,-1,-1,-1
60,-1,262,153,24,17,1,-1,-1,-1
60,-1,337,113,32,22,1,-1,-1,-1
61,-1,103,218,18,14,1,-1,-1,-1
61,-1,117,198,21,17,1,-1,-1,-1
61,-1,138,175,25,16,1,-1,-1,-1
61,-1,162,225,17,12,1,-1,-1,-1
61,-1,172,134,25,16,1,-1,-1,-1
61,-1,186,208,19,17,1,-1,-1,-1
61,-1,218,186,20,15,1,-1,-1,-1
61,-1,240,45,35,27,1,-1,-1,-1
61,-1,262,153,24,17,1,-1,-1,-1
61,-1,337,113,32,22,1,-1,-1,-1
62,-1,104,218,18,13,1,-1,-1,-1
62,-1,118,199,21,17,1,-1,-1,-1
62,-1,138,175,25,16,1,-1,-1,-1
62,-1,162,226,17,12,1,-1,-1,-1
62,-1,172,135,25,16,1,-1,-1,-1
62,-1,186,208,19,17,1,-1,-1,-1
62,-1,218,186,20,15,1,-1,-1,-1
62,-1,240,45,34,27,1,-1,-1,-1
62,-1,262,153,24,17,1,-1,-1,-1
62,-1,337,114,32,22,1,-1,-1,-1
63,-1,104,219,18,13,1,-1,-1,-1
63,-1,118,199,21,17,1,-1,-1,-1
63,-1,138,176,25,16,1,-1,-1,-1
63,-1,162,226,17,12,1,-1,-1,-1
63,-1,173,135,25,16,1,-1,-1,-1
63,-1,186,208,19,17,1,-1,-1,-1
63,-1,218,186,20,15,1,-1,-1,-1
63,-1,242,45,34,26,1,-1,-1,-1
63,-1,262,154,24,17,1,-1,-1,-1
63,-1,337,114,31,22,1,-1,-1,-1
64,-1,105,219,18,13,1,-1,-1,-1
64,-1,118,199,21,17,1,-1,-1,-1
64,-1,139,176,25,16,1,-1,-1,-1
64,-1,162,226,17,12,1,-1,-1,-1
64,-1,174,135,25,16,1,-1,-1,-1
64,-1,186,208,19,17,1,-1,-1,-1
64,-1,218,186,20,15,1,-1,-1,-1
64,-1,242,45,35,27,1,-1,-1,-1
64,-1,262,154,24,17,1,-1,-1,-1
64,-1,337,114,31,22,1,-1,-1,-1
65,-1,105,219,18,13,1,-1,-1,-1
65,-1,119,199,21,17,1,-1,-1,-1
65,-1,139,176,25,16,1,-1,-1,-1
65,-1,162,226,17,12,1,-1,-1,-1
65,-1,174,135,25,16,1,-1,-1,-1
65,-1,186,209,19,17,1,-1,-1,-1
65,-1,218,187,19,15,1,-1,-1,-1
65,-1,243,45,35,27,1,-1,-1,-1
65,-1,262,154,24,17,1,-1,-1,-1
65,-1,337,114,31,22,1,-1,-1,-1
66,-1,105,219,18,13,1,-1,-1,-1
66,-1,119,199,21,17,1,-1,-1,-1
66,-1,139,176,25,16,1,-1,-1,-1
66,-1,162,226,17,12,1,-1,-1,-1
66,-1,174,135,25,16,1,-1,-1,-1
66,-1,185,209,19,17,1,-1,-1,-1
66,-1,218,187,19,14,1,-1,-1,-1
66,-1,244,44,34,26,1,-1,-1,-1
66,-1,262,155,23,17,1,-1,-1,-1
66,-1,337,115,31,22,1,-1,-1,-1
67,-1,106,219,18,13,1,-1,-1,-1
67,-1,119,199,21,17,1,-1,-1,-1
67,-1,140,176,24,16,1,-1,-1,-1
67,-1,162,226,17,12,1,-1,-1,-1
67,-1,175,135,25,16,1,-1,-1,-1
67,-1,185,209,19,17,1,-1,-1,-1
67,-1,218,187,19,14,1,-1,-1,-1
67,-1,245,44,34,26,1,-1,-1,-1
67,-1,262,155,23,17,1,-1,-1,-1
67,-1,337,115,31,22,1,-1,-1,-1
68,-1,106,219,18,13,1,-1,-1,-1
68,-1,120,199,21,17,1,-1,-1,-1
68,-1,140,176,24,16,1,-1,-1,-1
68,-1,162,226,17,12,1,-1,-1,-1
68,-1,175,135,25,16,1,-1,-1,-1
68,-1,185,209,19,17,1,-1,-1,-1
68,-1,218,187,19,14,1,-1,-1,-1
68,-1,246,44,34,26,1,-1,-1,-1
68,-1,262,155,23,17,1,-1,-1,-1
68,-1,337,115,31,22,1,-1,-1,-1
69,-1,106,218,18,13,1,-1,-1,-1
69,-1,120,199,20,17,1,-1,-1,-1
69,-1,140,176,24,16,1,-1,-1,-1
69,-1,162,226,17,12,1,-1,-1,-1
69,-1,176,135,25,16,1,-1,-1,-1
69,-1,185,209,19,17,1,-1,-1,-1
69,-1,218,187,19,14,1,-1,-1,-1
69,-1,247,43,34,26,1,-1,-1,-1
69,-1,262,155,23,16,1,-1,-1,-1
69,-1,338,115,31,22,1,-1,-1,-1
70,-1,106,218,18,13,1,-1,-1,-1
70,-1,120,199,20,17,1,-1,-1,-1
70,-1,141,176,24,16,1,-1,-1,-1
70,-1,162,226,17,12,1,-1,-1,-1
70,-1,176,135,25,16,1,-1,-1,-1
70,-1,185,209,19,17,1,-1,-1,-1
70,-1,218,187,19,14,1,-1,-1,-1
70,-1,248,43,34,26,1,-1,-1,-1
70,-1,262,156,23,17,1,-1,-1,-1
70,-1,338,115,31,22,1,-1,-1,-1
71,-1,107,218,17,13,1,-1,-1,-1
71,-1,120,199,21,17,1,-1,-1,-1
71,-1,141,176,24,16,1,-1,-1,-1
71,-1,162,226,17,12,1,-1,-1,-1
71,-1,177,135,24,16,1,-1,-1,-1
71,-1,185,209,19,17,1,-1,-1,-1
71,-1,218,187,19,14,1,-1,-1,-1
71,-1,249,42,34,26,1,-1,-1,-1
71,-1,262,156,23,17,1,-1,-1,-1
71,-1,338,115,31,22,1,-1,-1,-1
72,-1,107,218,17,13,1,-1,-1,-1
72,-1,121,198,21,17,1,-1,-1,-1
72,-1,142,176,24,16,1,-1,-1,-1
72,-1,163,226,17,12,1,-1,-1,-1
72,-1,177,134,24,16,1,-1,-1,-1
72,-1,185,209,19,17,1,-1,-1,-1
72,-1,218,187,19,14,1,-1,-1,-1
72,-1,250,42,34,26,1,-1,-1,-1
72,-1,262,156,23,16,1,-1,-1,-1
72,-1,338,115,31,22,1,-1,-1,-1
73,-1,108,218,17,13,1,-1,-1,-1
73,-1,121,198,20,17,1,-1,-1,-1
73,-1,142,176,24,16,1,-1,-1,-1
73,-1,162,226,16,12,1,-1,-1,-1
73,-1,178,134,24,16,1,-1,-1,-1
73,-1,185,209,19,17,1,-1,-1,-1
73,-1,218,187,19,14,1,-1,-1,-1
73,-1,251,42,34,26,1,-1,-1,-1
73,-1,262,156,23,16,1,-1,-1,-1
73,-1,338,115,31,21,1,-1,-1,-1
74,-1,108,218,17,13,1,-1,-1,-1
74,-1,122,198,20,17,1,-1,-1,-1
74,-1,142,176,24,16,1,-1,-1,-1
74,-1,163,225,16,12,1,-1,-1,-1
74,-1,178,134,24,16,1,-1,-1,-1
74,-1,185,209,19,17,1,-1,-1,-1
74,-1,218,187,19,14,1,-1,-1,-1
74,-1,251,42,34,26,1,-1,-1,-1
74,-1,262,156,22,16,1,-1,-1,-1
74,-1,338,115,30,21,1,-1,-1,-1
75,-1,108,218,17,13,1,-1,-1,-1
75,-1,122,198,20,16,1,-1,-1,-1
75,-1,143,176,24,16,1,-1,-1,-1
75,-1,163,225,16,12,1,-1,-1,-1
75,-1,179,134,24,16,1,-1,-1,-1
75,-1,185,209,19,17,1,-1,-1,-1
75,-1,218,187,19,14,1,-1,-1,-1
75,-1,252,41,34,26,1,-1,-1,-1
75,-1,262,156,22,16,1,-1,-1,-1
75,-1,338,115,30,21,1,-1,-1,-1
76,-1,109,217,17,13,1,-1,-1,-1
76,-1,123,198,20,16,1,-1,-1,-1
76,-1,143,176,24,16,1,-1,-1,-1
76,-1,163,225,16,12,1,-1,-1,-1
76,-1,180,134,24,16,1,-1,-1,-1
76,-1,185,209,19,17,1,-1,-1,-1
76,-1,218,187,19,14,1,-1,-1,-1
76,-1,253,41,34,26,1,-1,-1,-1
76,-1,262,156,22,16,1,-1,-1,-1
76,-1,338,115,30,21,1,-1,-1,-1
77,-1,109,217,17,13,1,-1,-1,-1
77,-1,123,198,20,16,1,-1,-1,-1
77,-1,144,175,24,16,1,-1,-1,-1
77,-1,163,225,16,12,1,-1,-1,-1
77,-1,180,134,24,16,1,-1,-1,-1
77,-1,185,209,19,17,1,-1,-1,-1
77,-1,218,187,19,14,1,-1,-1,-1
77,-1,254,41,33,26,1,-1,-1,-1
77,-1,262,156,22,16,1,-1,-1,-1
77,-1,338,115,30,21,1,-1,-1,-1
78,-1,110,217,17,13,1,-1,-1,-1
78,-1,123,198,20,16,1,-1,-1,-1
78,-1,144,175,24,16,1,-1,-1,-1
78,-1,163,225,16,12,1,-1,-1,-1
78,-1,181,134,24,16,1,-1,-1,-1
78,-1,185,209,18,17,1,-1,-1,-1
78,-1,218,187,19,14,1,-1,-1,-1
78,-1,255,40,34,26,1,-1,-1,-1
78,-1,262,157,22,16,1,-1,-1,-1
78,-1,338,115,30,21,1,-1,-1,-1
79,-1,110,217,17,13,1,-1,-1,-1
79,-1,124,198,20,16,1,-1,-1,-1
79,-1,144,175,24,16,1,-1,-1,-1
79,-1,163,225,16,12,1,-1,-1,-1
79,-1,181,134,24,16,1,-1,-1,-1
79,-1,185,209,18,16,1,-1,-1,-1
79,-1,218,187,19,14,1,-1,-1,-1
79,-1,256,40,34,26,1,-1,-1,-1
79,-1,262,157,22,16,1,-1,-1,-1
79,-1,338,115,30,21,1,-1,-1,-1
80,-1,110,217,17,13,1,-1,-1,-1
80,-1,124,198,20,16,1,-1,-1,-1
80,-1,145,175,24,16,1,-1,-1,-1
80,-1,163,225,16,12,1,-1,-1,-1
80,-1,182,134,24,16,1,-1,-1,-1
80,-1,185,209,18,16,1,-1,-1,-1
80,-1,218,187,19,14,1,-1,-1,-1
80,-1,256,40,33,26,1,-1,-1,-1
80,-1,262,157,22,16,1,-1,-1,-1
80,-1,338,115,30,21,1,-1,-1,-1
81,-1,111,216,17,13,1,-1,-1,-1
81,-1,124,198,20,16,1,-1,-1,-1
81,-1,145,175,24,16,1,-1,-1,-1
81,-1,163,224,16,12,1,-1,-1,-1
81,-1,182,133,24,16,1,-1,-1,-1
81,-1,185,209,18,16,1,-1,-1,-1
81,-1,218,187,19,14,1,-1,-1,-1
81,-1,257,40,33,26,1,-1,-1,-1
81,-1,262,157,22,16,1,-1,-1,-1
81,-1,338,116,30,21,1,-1,-1,-1
82,-1,111,216,17,13,1,-1,-1,-1
82,-1,125,197,20,16,1,-1,-1,-1
82,-1,145,175,24,16,1,-1,-1,-1
82,-1,163,224,16,11,1,-1,-1,-1
82,-1,183,133,24,16,1,-1,-1,-1
82,-1,185,209,18,16,1,-1,-1,-1
82,-1,218,187,19,14,1,-1,-1,-1
82,-1,258,39,33,26,1,-1,-1,-1
82,-1,262,157,22,16,1,-1,-1,-1
82,-1,338,116,30,21,1,-1,-1,-1
83,-1,111,216,17,13,1,-1,-1,-1
83,-1,125,198,19,16,1,-1,-1,-1
83,-1,146,175,24,16,1,-1,-1,-1
83,-1,163,225,16,11,1,-1,-1,-1
83,-1,183,133,24,15,1,-1,-1,-1
83,-1,185,208,18,16,1,-1,-1,-1
83,-1,218,187,18,14,1,-1,-1,-1
83,-1,259,39,33,26,1,-1,-1,-1
83,-1,263,158,22,16,1,-1,-1,-1
83,-1,339,116,29,20,1,-1,-1,-1
84,-1,110,217,17,12,1,-1,-1,-1
84,-1,124,198,20,16,1,-1,-1,-1
84,-1,145,175,25,16,1,-1,-1,-1
84,-1,162,225,16,11,1,-1,-1,-1
84,-1,183,133,24,15,1,-1,-1,-1
84,-1,184,209,18,16,1,-1,-1,-1
84,-1,218,188,19,14,1,-1,-1,-1
84,-1,260,37,34,26,1,-1,-1,-1
84,-1,263,158,21,15,1,-1,-1,-1
84,-1,340,116,29,20,1,-1,-1,-1
85,-1,110,218,17,13,1,-1,-1,-1
85,-1,123,199,20,16,1,-1,-1,-1
85,-1,145,175,25,16,1,-1,-1,-1
85,-1,161,226,16,11,1,-1,-1,-1
85,-1,184,133,24,15,1,-1,-1,-1
85,-1,184,210,18,16,1,-1,-1,-1
85,-1,218,188,18,14,1,-1,-1,-1
85,-1,262,36,34,26,1,-1,-1,-1
85,-1,264,158,22,15,1,-1,-1,-1
85,-1,341,116,29,20,1,-1,-1,-1
86,-1,109,218,16,12,1,-1,-1,-1
86,-1,123,199,20,16,1,-1,-1,-1
86,-1,144,175,25,16,1,-1,-1,-1
86,-1,161,227,16,11,1,-1,-1,-1
86,-1,184,133,24,15,1,-1,-1,-1
86,-1,184,210,18,16,1,-1,-1,-1
86,-1,218,188,18,14,1,-1,-1,-1
86,-1,263,35,34,26,1,-1,-1,-1
86,-1,264,158,21,15,1,-1,-1,-1
86,-1,342,116,29,20,1,-1,-1,-1
87,-1,108,218,17,12,1,-1,-1,-1
87,-1,122,199,20,16,1,-1,-1,-1
87,-1,144,175,25,16,1,-1,-1,-1
87,-1,160,227,16,11,1,-1,-1,-1
87,-1,183,211,18,16,1,-1,-1,-1
87,-1,184,133,24,15,1,-1,-1,-1
87,-1,218,189,19,14,1,-1,-1,-1
87,-1,264,34,34,26,1,-1,-1,-1
87,-1,264,159,21,15,1,-1,-1,-1
87,-1,343,116,29,20,1,-1,-1,-1
88,-1,107,219,17,13,1,-1,-1,-1
88,-1,122,200,20,16,1,-1,-1,-1
88,-1,144,176,25,16,1,-1,-1,-1
88,-1,160,228,16,11,1,-1,-1,-1
88,-1,183,212,18,16,1,-1,-1,-1
88,-1,184,132,24,16,1,-1,-1,-1
88,-1,218,189,19,14,1,-1,-1,-1
88,-1,265,159,21,15,1,-1,-1,-1
88,-1,266,32,34,27,1,-1,-1,-1
88,-1,344,115,29,20,1,-1,-1,-1
89,-1,107,220,16,12,1,-1,-1,-1
89,-1,121,200,19,16,1,-1,-1,-1
89,-1,143,176,25,16,1,-1,-1,-1
89,-1,160,229,16,11,1,-1,-1,-1
89,-1,183,212,18,16,1,-1,-1,-1
89,-1,184,132,24,16,1,-1,-1,-1
89,-1,218,190,18,14,1,-1,-1,-1
89,-1,265,159,21,15,1,-1,-1,-1
89,-1,266,31,35,27,1,-1,-1,-1
89,-1,345,115,30,21,1,-1,-1,-1
90,-1,106,220,17,13,1,-1,-1,-1
90,-1,121,201,19,16,1,-1,-1,-1
90,-1,143,176,25,16,1,-1,-1,-1
90,-1,159,229,16,11,1,-1,-1,-1
90,-1,182,213,18,16,1,-1,-1,-1
90,-1,185,132,24,16,1,-1,-1,-1
90,-1,218,190,18,14,1,-1,-1,-1
90,-1,265,160,21,15,1,-1,-1,-1
90,-1,268,30,35,27,1,-1,-1,-1
90,-1,346,115,30,21,1,-1,-1,-1
91,-1,105,221,16,12,1,-1,-1,-1
91,-1,120,201,19,16,1,-1,-1,-1
91,-1,142,176,26,17,1,-1,-1,-1
91,-1,158,230,16,11,1,-1,-1,-1
91,-1,182,214,18,16,1,-1,-1,-1
91,-1,185,132,24,16,1,-1,-1,-1
91,-1,218,191,18,14,1,-1,-1,-1
91,-1,266,160,21,15,1,-1,-1,-1
91,-1,270,28,35,27,1,-1,-1,-1
91,-1,347,115,30,21,1,-1,-1,-1
92,-1,104,221,17,12,1,-1,-1,-1
92,-1,119,201,19,16,1,-1,-1,-1
92,-1,142,176,26,17,1,-1,-1,-1
92,-1,157,231,16,11,1,-1,-1,-1
92,-1,181,214,18,16,1,-1,-1,-1
92,-1,185,131,24,16,1,-1,-1,-1
92,-1,218,191,18,14,1,-1,-1,-1
92,-1,266,160,21,15,1,-1,-1,-1
92,-1,271,27,35,27,1,-1,-1,-1
92,-1,348,115,30,21,1,-1,-1,-1
93,-1,103,222,17,12,1,-1,-1,-1
93,-1,118,202,19,16,1,-1,-1,-1
93,-1,141,176,26,17,1,-1,-1,-1
93,-1,157,231,16,11,1,-1,-1,-1
93,-1,181,215,18,16,1,-1,-1,-1
93,-1,185,131,24,16,1,-1,-1,-1
93,-1,217,192,18,14,1,-1,-1,-1
93,-1,266,161,21,15,1,-1,-1,-1
93,-1,272,26,36,28,1,-1,-1,-1
93,-1,349,115,30,21,1,-1,-1,-1
94,-1,102,222,17,12,1,-1,-1,-1
94,-1,117,202,19,16,1,-1,-1,-1
94,-1,141,177,26,17,1,-1,-1,-1
94,-1,156,232,16,11,1,-1,-1,-1
94,-1,180,216,18,16,1,-1,-1,-1
94,-1,185,131,24,16,1,-1,-1,-1
94,-1,217,192,18,14,1,-1,-1,-1
94,-1,266,161,21,15,1,-1,-1,-1
94,-1,274,24,36,28,1,-1,-1,-1
94,-1,350,115,30,21,1,-1,-1,-1
95,-1,101,223,17,12,1,-1,-1,-1
95,-1,117,203,19,16,1,-1,-1,-1
95,-1,140,176,26,17,1,-1,-1,-1
95,-1,155,233,15,11,1,-1,-1,-1
95,-1,179,216,18,16,1,-1,-1,-1
95,-1,185,131,24,16,1,-1,-1,-1
95,-1,217,192,18,14,1,-1,-1,-1
95,-1,266,161,21,15,1,-1,-1,-1
95,-1,275,24,35,27,1,-1,-1,-1
95,-1,351,115,30,21,1,-1,-1,-1
96,-1,100,223,16,12,1,-1,-1,-1
96,-1,116,203,19,16,1,-1,-1,-1
96,-1,139,177,26,17,1,-1,-1,-1
96,-1,154,233,16,11,1,-1,-1,-1
96,-1,179,216,18,16,1,-1,-1,-1
96,-1,185,130,24,16,1,-1,-1,-1
96,-1,216,193,18,14,1,-1,-1,-1
96,-1,267,162,21,15,1,-1,-1,-1
96,-1,277,22,36,27,1,-1,-1,-1
96,-1,352,115,30,21,1,-1,-1,-1
97,-1,99,224,16,12,1,-1,-1,-1
97,-1,115,203,19,16,1,-1,-1,-1
97,-1,139,177,26,17,1,-1,-1,-1
97,-1,153,234,16,11,1,-1,-1,-1
97,-1,178,217,18,17,1,-1,-1,-1
97,-1,185,130,25,16,1,-1,-1,-1
97,-1,216,193,18,14,1,-1,-1,-1
97,-1,267,162,21,15,1,-1,-1,-1
97,-1,278,21,36,28,1,-1,-1,-1
97,-1,353,115,30,21,1,-1,-1,-1
98,-1,98,224,16,12,1,-1,-1,-1
98,-1,114,204,20,16,1,-1,-1,-1
98,-1,139,177,26,17,1,-1,-1,-1
98,-1,153,234,16,11,1,-1,-1,-1
98,-1,177,217,18,16,1,-1,-1,-1
98,-1,185,129,25,16,1,-1,-1,-1
98,-1,216,193,18,14,1,-1,-1,-1
98,-1,267,162,21,15,1,-1,-1,-1
98,-1,279,20,36,28,1,-1,-1,-1
98,-1,353,115,30,21,1,-1,-1,-1
99,-1,97,224,16,12,1,-1,-1,-1
99,-1,114,204,19,16,1,-1,-1,-1
99,-1,138,177,26,17,1,-1,-1,-1
99,-1,152,235,16,11,1,-1,-1,-1
99,-1,177,218,18,16,1,-1,-1,-1
99,-1,186,129,25,16,1,-1,-1,-1
99,-1,216,194,18,14,1,-1,-1,-1
99,-1,267,162,21,15,1,-1,-1,-1
99,-1,281,19,36,28,1,-1,-1,-1
99,-1,355,115,30,21,1,-1,-1,-1
100,-1,95,225,16,12,1,-1,-1,-1
100,-1,112,204,19,16,1,-1,-1,-1
100,-1,137,177,26,17,1,-1,-1,-1
100,-1,151,236,16,11,1,-1,-1,-1
100,-1,176,218,18,17,1,-1,-1,-1
100,-1,186,129,25,16,1,-1,-1,-1
100,-1,216,194,18,14,1,-1,-1,-1
100,-1,267,162,21,15,1,-1,-1,-1
100,-1,283,17,37,28,1,-1,-1,-1
100,-1,356,115,30,21,1,-1,-1,-1
101,-1,95,225,16,12,1,-1,-1,-1
101,-1,112,205,19,16,1,-1,-1,-1
101,-1,137,177,26,17,1,-1,-1,-1
101,-1,150,236,16,11,1,-1,-1,-1
101,-1,176,219,18,17,1,-1,-1,-1
101,-1,186,128,25,16,1,-1,-1,-1
101,-1,215,194,18,14,1,-1,-1,-1
101,-1,268,163,21,15,1,-1,-1,-1
101,-1,284,17,37,28,1,-1,-1,-1
101,-1,357,115,30,21,1,-1,-1,-1
102,-1,93,226,17,12,1,-1,-1,-1
102,-1,111,205,19,16,1,-1,-1,-1
102,-1,136,177,26,17,1,-1,-1,-1
102,-1,149,236,16,11,1,-1,-1,-1
102,-1,175,219,19,17,1,-1,-1,-1
102,-1,186,128,25,16,1,-1,-1,-1
102,-1,215,195,18,14,1,-1,-1,-1
102,-1,268,163,21,15,1,-1,-1,-1
102,-1,286,15,37,28,1,-1,-1,-1
102,-1,358,115,31,21,1,-1,-1,-1
103,-1,92,226,17,13,1,-1,-1,-1
103,-1,110,205,19,16,1,-1,-1,-1
103,-1,136,177,26,17,1,-1,-1,-1
103,-1,148,237,16,12,1,-1,-1,-1
103,-1,175,220,19,17,1,-1,-1,-1
103,-1,187,127,25,16,1,-1,-1,-1
103,-1,215,195,18,14,1,-1,-1,-1
103,-1,268,163,21,15,1,-1,-1,-1
103,-1,289,13,37,28,1,-1,-1,-1
103,-1,359,114,32,22,1,-1,-1,-1
104,-1,92,226,17,13,1,-1,-1,-1
104,-1,110,205,20,16,1,-1,-1,-1
104,-1,135,177,26,17,1,-1,-1,-1
104,-1,148,237,16,12,1,-1,-1,-1
104,-1,174,220,18,17,1,-1,-1,-1
104,-1,187,127,25,16,1,-1,-1,-1
104,-1,215,195,18,14,1,-1,-1,-1
104,-1,269,163,21,15,1,-1,-1,-1
104,-1,289,12,38,29,1,-1,-1,-1
104,-1,360,115,30,21,1,-1,-1,-1
105,-1,90,227,17,13,1,-1,-1,-1
105,-1,109,206,20,16,1,-1,-1,-1
105,-1,135,177,26,17,1,-1,-1,-1
105,-1,147,238,16,12,1,-1,-1,-1
105,-1,174,221,19,17,1,-1,-1,-1
105,-1,187,127,25,17,1,-1,-1,-1
105,-1,215,196,18,14,1,-1,-1,-1
105,-1,269,163,21,15,1,-1,-1,-1
105,-1,291,11,38,29,1,-1,-1,-1
105,-1,361,114,31,22,1,-1,-1,-1
106,-1,89,227,17,13,1,-1,-1,-1
106,-1,108,206,20,16,1,-1,-1,-1
106,-1,135,177,26,17,1,-1,-1,-1
106,-1,146,238,16,12,1,-1,-1,-1
106,-1,173,221,19,17,1,-1,-1,-1
106,-1,187,126,25,17,1,-1,-1,-1
106,-1,215,196,18,14,1,-1,-1,-1
106,-1,269,163,21,15,1,-1,-1,-1
106,-1,293,9,38,29,1,-1,-1,-1
106,-1,362,114,31,22,1,-1,-1,-1
107,-1,88,228,17,13,1,-1,-1,-1
107,-1,108,206,20,16,1,-1,-1,-1
107,-1,134,177,26,17,1,-1,-1,-1
107,-1,146,239,16,12,1,-1,-1,-1
107,-1,173,222,19,17,1,-1,-1,-1
107,-1,188,126,25,17,1,-1,-1,-1
107,-1,215,197,18,14,1,-1,-1,-1
107,-1,270,163,21,15,1,-1,-1,-1
107,-1,295,8,38,29,1,-1,-1,-1
107,-1,363,114,31,22,1,-1,-1,-1
108,-1,87,228,17,13,1,-1,-1,-1
108,-1,107,207,20,16,1,-1,-1,-1
108,-1,134,177,26,17,1,-1,-1,-1
108,-1,145,239,16,12,1,-1,-1,-1
108,-1,173,222,19,17,1,-1,-1,-1
108,-1,188,120,29,25,1,-1,-1,-1
108,-1,215,197,18,14,1,-1,-1,-1
108,-1,270,163,21,15,1,-1,-1,-1
108,-1,297,1,41,35,1,-1,-1,-1
108,-1,364,114,31,22,1,-1,-1,-1
109,-1,87,228,17,13,1,-1,-1,-1
109,-1,107,207,20,16,1,-1,-1,-1
109,-1,134,177,26,17,1,-1,-1,-1
109,-1,145,239,16,12,1,-1,-1,-1
109,-1,173,222,19,17,1,-1,-1,-1
109,-1,189,119,29,25,1,-1,-1,-1
109,-1,215,197,18,14,1,-1,-1,-1
109,-1,271,163,21,15,1,-1,-1,-1
109,-1,300,-1,41,35,1,-1,-1,-1
109,-1,366,113,31,22,1,-1,-1,-1
110,-1,87,228,17,13,1,-1,-1,-1
110,-1,107,207,20,16,1,-1,-1,-1
110,-1,134,177,26,17,1,-1,-1,-1
110,-1,145,240,16,12,1,-1,-1,-1
110,-1,173,223,19,17,1,-1,-1,-1
110,-1,189,119,29,25,1,-1,-1,-1
110,-1,216,197,18,14,1,-1,-1,-1
110,-1,272,163,21,15,1,-1,-1,-1
110,-1,301,-2,41,35,1,-1,-1,-1
110,-1,367,113,31,22,1,-1,-1,-1
111,-1,86,229,17,13,1,-1,-1,-1
111,-1,107,207,20,16,1,-1,-1,-1
111,-1,135,177,26,17,1,-1,-1,-1
111,-1,145,240,16,12,1,-1,-1,-1
111,-1,173,223,20,17,1,-1,-1,-1
111,-1,191,118,29,25,1,-1,-1,-1
111,-1,216,197,18,14,1,-1,-1,-1
111,-1,273,163,21,15,1,-1,-1,-1
111,-1,304,-5,42,36,1,-1,-1,-1
111,-1,369,112,32,22,1,-1,-1,-1
112,-1,86,229,17,13,1,-1,-1,-1
112,-1,107,207,20,16,1,-1,-1,-1
112,-1,135,176,26,17,1,-1,-1,-1
112,-1,145,240,16,12,1,-1,-1,-1
112,-1,173,223,19,17,1,-1,-1,-1
112,-1,192,117,29,25,1,-1,-1,-1
112,-1,217,197,18,14,1,-1,-1,-1
112,-1,274,162,21,15,1,-1,-1,-1
112,-1,307,-7,42,36,1,-1,-1,-1
112,-1,371,111,32,23,1,-1,-1,-1
113,-1,86,229,17,13,1,-1,-1,-1
113,-1,107,207,20,16,1,-1,-1,-1
113,-1,135,176,26,17,1,-1,-1,-1
113,-1,145,240,16,12,1,-1,-1,-1
113,-1,174,223,20,18,1,-1,-1,-1
113,-1,192,117,29,25,1,-1,-1,-1
113,-1,217,197,18,14,1,-1,-1,-1
113,-1,275,162,21,15,1,-1,-1,-1
113,-1,308,-8,42,36,1,-1,-1,-1
113,-1,373,111,32,23,1,-1,-1,-1
114,-1,86,229,17,13,1,-1,-1,-1
114,-1,107,207,20,16,1,-1,-1,-1
114,-1,136,176,27,17,1,-1,-1,-1
114,-1,145,241,16,12,1,-1,-1,-1
114,-1,174,223,20,18,1,-1,-1,-1
114,-1,194,116,30,26,1,-1,-1,-1
114,-1,218,197,18,14,1,-1,-1,-1
114,-1,276,162,21,15,1,-1,-1,-1
114,-1,311,-11,43,37,1,-1,-1,-1
114,-1,375,110,32,23,1,-1,-1,-1
115,-1,86,229,17,13,1,-1,-1,-1
115,-1,107,206,20,16,1,-1,-1,-1
115,-1,136,175,26,17,1,-1,-1,-1
115,-1,145,241,16,12,1,-1,-1,-1
115,-1,175,223,20,18,1,-1,-1,-1
115,-1,195,114,30,26,1,-1,-1,-1
115,-1,219,197,18,14,1,-1,-1,-1
115,-1,278,161,22,15,1,-1,-1,-1
115,-1,314,-14,44,37,1,-1,-1,-1
115,-1,377,109,32,23,1,-1,-1,-1
116,-1,86,229,17,13,1,-1,-1,-1
116,-1,107,206,20,16,1,-1,-1,-1
116,-1,137,175,27,17,1,-1,-1,-1
116,-1,145,241,16,12,1,-1,-1,-1
116,-1,175,223,20,18,1,-1,-1,-1
116,-1,196,114,30,26,1,-1,-1,-1
116,-1,219,197,18,14,1,-1,-1,-1
116,-1,279,161,22,15,1,-1,-1,-1
116,-1,316,-15,44,37,1,-1,-1,-1
116,-1,379,108,32,23,1,-1,-1,-1
117,-1,86,229,17,13,1,-1,-1,-1
117,-1,107,206,20,16,1,-1,-1,-1
117,-1,137,174,27,17,1,-1,-1,-1
117,-1,145,241,16,12,1,-1,-1,-1
117,-1,175,223,20,18,1,-1,-1,-1
117,-1,197,113,30,26,1,-1,-1,-1
117,-1,220,196,18,14,1,-1,-1,-1
117,-1,280,161,22,15,1,-1,-1,-1
117,-1,319,-18,44,37,1,-1,-1,-1
117,-1,381,107,32,23,1,-1,-1,-1
118,-1,86,229,17,13,1,-1,-1,-1
118,-1,108,206,21,16,1,-1,-1,-1
118,-1,138,174,27,17,1,-1,-1,-1
118,-1,145,241,16,12,1,-1,-1,-1
118,-1,176,223,20,18,1,-1,-1,-1
118,-1,198,112,30,26,1,-1,-1,-1
118,-1,221,196,18,14,1,-1,-1,-1
118,-1,281,160,22,16,1,-1,-1,-1
118,-1,323,-21,44,38,1,-1,-1,-1
118,-1,383,106,33,23,1,-1,-1,-1
119,-1,86,228,17,13,1,-1,-1,-1
119,-1,108,206,21,16,1,-1,-1,-1
119,-1,138,174,27,17,1,-1,-1,-1
119,-1,145,241,16,12,1,-1,-1,-1
119,-1,176,222,20,18,1,-1,-1,-1
119,-1,199,111,30,26,1,-1,-1,-1
119,-1,221,196,18,14,1,-1,-1,-1
119,-1,282,160,22,16,1,-1,-1,-1
119,-1,324,-22,44,38,1,-1,-1,-1
119,-1,384,106,33,23,1,-1,-1,-1
120,-1,86,228,17,13,1,-1,-1,-1
120,-1,108,205,21,16,1,-1,-1,-1
120,-1,139,173,27,17,1,-1,-1,-1
120,-1,145,241,16,12,1,-1,-1,-1
120,-1,176,222,20,18,1,-1,-1,-1
120,-1,200,110,30,26,1,-1,-1,-1
120,-1,222,196,18,14,1,-1,-1,-1
120,-1,283,159,22,16,1,-1,-1,-1
120,-1,324,-22,44,38,1,-1,-1,-1
120,-1,387,104,33,23,1,-1,-1,-1
121,-1,86,228,17,13,1,-1,-1,-1
121,-1,108,205,21,17,1,-1,-1,-1
121,-1,139,172,27,17,1,-1,-1,-1
121,-1,145,241,16,12,1,-1,-1,-1
121,-1,177,222,20,18,1,-1,-1,-1
121,-1,201,109,30,26,1,-1,-1,-1
121,-1,223,195,18,14,1,-1,-1,-1
121,-1,285,158,22,16,1,-1,-1,-1
121,-1,324,-22,44,38,1,-1,-1,-1
121,-1,389,103,33,23,1,-1,-1,-1
122,-1,86,228,17,13,1,-1,-1,-1
122,-1,108,205,20,16,1,-1,-1,-1
122,-1,140,172,27,17,1,-1,-1,-1
122,-1,145,241,16,12,1,-1,-1,-1
122,-1,177,222,20,18,1,-1,-1,-1
122,-1,202,108,31,26,1,-1,-1,-1
122,-1,223,195,18,14,1,-1,-1,-1
122,-1,285,158,22,16,1,-1,-1,-1
122,-1,324,-22,44,38,1,-1,-1,-1
122,-1,390,103,33,24,1,-1,-1,-1
123,-1,86,228,17,13,1,-1,-1,-1
123,-1,108,204,21,16,1,-1,-1,-1
123,-1,140,171,27,18,1,-1,-1,-1
123,-1,146,241,16,12,1,-1,-1,-1
123,-1,177,222,20,18,1,-1,-1,-1
123,-1,203,107,31,26,1,-1,-1,-1
123,-1,224,194,18,14,1,-1,-1,-1
123,-1,287,157,22,16,1,-1,-1,-1
123,-1,324,-22,44,38,1,-1,-1,-1
123,-1,392,102,34,24,1,-1,-1,-1
124,-1,85,227,17,13,1,-1,-1,-1
124,-1,108,204,21,16,1,-1,-1,-1
124,-1,141,171,27,18,1,-1,-1,-1
124,-1,146,241,16,12,1,-1,-1,-1
124,-1,178,222,20,18,1,-1,-1,-1
124,-1,204,105,31,26,1,-1,-1,-1
124,-1,225,194,18,14,1,-1,-1,-1
124,-1,288,157,22,16,1,-1,-1,-1
124,-1,324,-22,44,38,1,-1,-1,-1
124,-1,395,101,34,24,1,-1,-1,-1
125,-1,85,227,17,13,1,-1,-1,-1
125,-1,108,204,21,16,1,-1,-1,-1
125,-1,141,170,27,18,1,-1,-1,-1
125,-1,146,241,16,12,1,-1,-1,-1
125,-1,178,222,20,18,1,-1,-1,-1
125,-1,205,105,31,27,1,-1,-1,-1
125,-1,225,194,18,14,1,-1,-1,-1
125,-1,289,156,22,16,1,-1,-1,-1
125,-1,324,-22,44,38,1,-1,-1,-1
125,-1,396,100,34,24,1,-1,-1,-1
126,-1,85,227,17,13,1,-1,-1,-1
126,-1,108,203,21,16,1,-1,-1,-1
126,-1,141,169,27,18,1,-1,-1,-1
126,-1,145,240,16,12,1,-1,-1,-1
126,-1,178,221,20,18,1,-1,-1,-1
126,-1,206,103,31,27,1,-1,-1,-1
126,-1,226,193,18,14,1,-1,-1,-1
126,-1,290,156,22,16,1,-1,-1,-1
126,-1,398,99,34,24,1,-1,-1,-1
127,-1,85,226,17,13,1,-1,-1,-1
127,-1,108,203,21,17,1,-1,-1,-1
127,-1,142,169,27,18,1,-1,-1,-1
127,-1,145,240,16,12,1,-1,-1,-1
127,-1,178,221,20,18,1,-1,-1,-1
127,-1,207,102,31,27,1,-1,-1,-1
127,-1,226,193,18,14,1,-1,-1,-1
127,-1,292,155,22,16,1,-1,-1,-1
127,-1,400,98,35,25,1,-1,-1,-1
128,-1,84,226,17,13,1,-1,-1,-1
128,-1,108,203,21,17,1,-1,-1,-1
128,-1,142,168,27,18,1,-1,-1,-1
128,-1,145,240,16,12,1,-1,-1,-1
128,-1,178,221,20,18,1,-1,-1,-1
128,-1,208,101,31,27,1,-1,-1,-1
128,-1,226,193,18,14,1,-1,-1,-1
128,-1,292,155,22,16,1,-1,-1,-1
128,-1,401,97,35,25,1,-1,-1,-1
129,-1,84,225,17,13,1,-1,-1,-1
129,-1,108,202,21,17,1,-1,-1,-1
129,-1,143,167,27,18,1,-1,-1,-1
129,-1,145,240,16,12,1,-1,-1,-1
129,-1,178,220,20,18,1,-1,-1,-1
129,-1,209,100,31,27,1,-1,-1,-1
129,-1,227,192,18,14,1,-1,-1,-1
129,-1,293,154,22,16,1,-1,-1,-1
129,-1,403,96,35,25,1,-1,-1,-1
130,-1,84,225,17,13,1,-1,-1,-1
130,-1,108,201,21,17,1,-1,-1,-1
130,-1,143,167,27,18,1,-1,-1,-1
130,-1,145,240,16,12,1,-1,-1,-1
130,-1,178,220,20,18,1,-1,-1,-1
130,-1,210,98,32,27,1,-1,-1,-1
130,-1,228,192,18,14,1,-1,-1,-1
130,-1,295,153,22,16,1,-1,-1,-1
130,-1,406,95,35,25,1,-1,-1,-1
131,-1,84,225,17,13,1,-1,-1,-1
131,-1,108,201,21,17,1,-1,-1,-1
131,-1,143,166,27,18,1,-1,-1,-1
131,-1,145,239,16,12,1,-1,-1,-1
131,-1,178,220,20,18,1,-1,-1,-1
131,-1,211,97,32,27,1,-1,-1,-1
131,-1,228,192,18,14,1,-1,-1,-1
131,-1,295,153,22,16,1,-1,-1,-1
131,-1,407,95,36,25,1,-1,-1,-1
132,-1,83,224,17,13,1,-1,-1,-1
132,-1,108,200,21,17,1,-1,-1,-1
132,-1,144,165,27,18,1,-1,-1,-1
132,-1,145,239,16,12,1,-1,-1,-1
132,-1,179,219,20,18,1,-1,-1,-1
132,-1,212,96,32,28,1,-1,-1,-1
132,-1,229,191,18,14,1,-1,-1,-1
132,-1,297,152,22,16,1,-1,-1,-1
132,-1,409,94,35,25,1,-1,-1,-1
133,-1,83,223,17,13,1,-1,-1,-1
133,-1,107,200,22,17,1,-1,-1,-1
133,-1,144,164,27,18,1,-1,-1,-1
133,-1,145,238,16,12,1,-1,-1,-1
133,-1,179,219,20,18,1,-1,-1,-1
133,-1,213,94,32,28,1,-1,-1,-1
133,-1,229,190,18,14,1,-1,-1,-1
133,-1,298,152,22,16,1,-1,-1,-1
133,-1,411,93,36,25,1,-1,-1,-1
134,-1,83,223,17,13,1,-1,-1,-1
134,-1,107,199,22,17,1,-1,-1,-1
134,-1,145,164,27,18,1,-1,-1,-1
134,-1,145,238,16,12,1,-1,-1,-1
134,-1,179,219,20,18,1,-1,-1,-1
134,-1,214,93,32,28,1,-1,-1,-1
134,-1,229,190,18,14,1,-1,-1,-1
134,-1,298,151,22,16,1,-1,-1,-1
134,-1,412,92,36,26,1,-1,-1,-1
135,-1,82,223,17,13,1,-1,-1,-1
135,-1,107,199,21,17,1,-1,-1,-1
135,-1,144,238,16,12,1,-1,-1,-1
135,-1,145,163,27,18,1,-1,-1,-1
135,-1,179,218,20,18,1,-1,-1,-1
135,-1,215,92,32,28,1,-1,-1,-1
135,-1,230,190,18,14,1,-1,-1,-1
135,-1,300,150,22,16,1,-1,-1,-1
135,-1,414,91,37,26,1,-1,-1,-1
136,-1,82,222,17,13,1,-1,-1,-1
136,-1,107,198,21,17,1,-1,-1,-1
136,-1,144,238,17,12,1,-1,-1,-1
136,-1,145,162,27,18,1,-1,-1,-1
136,-1,179,218,20,18,1,-1,-1,-1
136,-1,217,91,32,28,1,-1,-1,-1
136,-1,230,189,18,14,1,-1,-1,-1
136,-1,301,150,22,16,1,-1,-1,-1
136,-1,416,90,37,26,1,-1,-1,-1
137,-1,81,222,17,13,1,-1,-1,-1
137,-1,107,198,22,17,1,-1,-1,-1
137,-1,144,237,16,12,1,-1,-1,-1
137,-1,146,162,27,17,1,-1,-1,-1
137,-1,179,218,20,18,1,-1,-1,-1
137,-1,217,90,32,28,1,-1,-1,-1
137,-1,230,189,18,14,1,-1,-1,-1
137,-1,302,149,22,16,1,-1,-1,-1
137,-1,418,90,37,26,1,-1,-1,-1
138,-1,81,221,17,13,1,-1,-1,-1
138,-1,107,197,22,18,1,-1,-1,-1
138,-1,144,237,16,12,1,-1,-1,-1
138,-1,146,161,27,17,1,-1,-1,-1
138,-1,179,217,20,18,1,-1,-1,-1
138,-1,219,88,32,28,1,-1,-1,-1
138,-1,231,188,18,14,1,-1,-1,-1
138,-1,303,149,22,16,1,-1,-1,-1
138,-1,420,89,37,26,1,-1,-1,-1
139,-1,80,221,17,13,1,-1,-1,-1
139,-1,106,196,22,18,1,-1,-1,-1
139,-1,144,237,17,12,1,-1,-1,-1
139,-1,146,160,27,17,1,-1,-1,-1
139,-1,179,217,20,18,1,-1,-1,-1
139,-1,220,87,33,28,1,-1,-1,-1
139,-1,232,188,18,14,1,-1,-1,-1
139,-1,304,148,22,16,1,-1,-1,-1
139,-1,422,88,37,26,1,-1,-1,-1
140,-1,80,220,17,13,1,-1,-1,-1
140,-1,106,196,22,18,1,-1,-1,-1
140,-1,143,237,17,12,1,-1,-1,-1
140,-1,147,160,27,17,1,-1,-1,-1
140,-1,179,217,20,18,1,-1,-1,-1
140,-1,221,86,33,28,1,-1,-1,-1
140,-1,232,188,18,14,1,-1,-1,-1
140,-1,305,148,22,16,1,-1,-1,-1
140,-1,423,87,37,26,1,-1,-1,-1
141,-1,80,220,17,13,1,-1,-1,-1
141,-1,106,195,22,18,1,-1,-1,-1
141,-1,143,236,16,12,1,-1,-1,-1
141,-1,147,159,27,17,1,-1,-1,-1
141,-1,179,216,20,18,1,-1,-1,-1
141,-1,222,84,33,28,1,-1,-1,-1
141,-1,232,187,18,14,1,-1,-1,-1
141,-1,306,147,23,16,1,-1,-1,-1
141,-1,425,86,37,26,1,-1,-1,-1
