1,-1,0,68,19,21,1,-1,-1,-1
1,-1,40,213,23,23,1,-1,-1,-1
1,-1,66,91,25,26,1,-1,-1,-1
1,-1,75,139,19,16,1,-1,-1,-1
1,-1,86,258,24,25,1,-1,-1,-1
1,-1,113,279,12,10,1,-1,-1,-1
1,-1,119,218,19,17,1,-1,-1,-1
1,-1,227,93,14,14,1,-1,-1,-1
1,-1,279,91,18,15,1,-1,-1,-1
1,-1,336,191,16,14,1,-1,-1,-1
1,-1,347,152,17,17,1,-1,-1,-1
1,-1,565,192,19,16,1,-1,-1,-1
2,-1,0,68,19,21,1,-1,-1,-1
2,-1,40,213,23,23,1,-1,-1,-1
2,-1,66,91,25,26,1,-1,-1,-1
2,-1,75,139,19,16,1,-1,-1,-1
2,-1,86,258,24,25,1,-1,-1,-1
2,-1,113,279,12,10,1,-1,-1,-1
2,-1,119,218,19,17,1,-1,-1,-1
2,-1,227,93,14,14,1,-1,-1,-1
2,-1,279,91,18,15,1,-1,-1,-1
2,-1,336,191,16,14,1,-1,-1,-1
2,-1,347,152,17,17,1,-1,-1,-1
2,-1,565,192,19,16,1,-1,-1,-1
3,-1,4,68,19,21,1,-1,-1,-1
3,-1,44,213,23,23,1,-1,-1,-1
3,-1,70,91,25,26,1,-1,-1,-1
3,-1,75,139,19,16,1,-1,-1,-1
3,-1,90,258,24,25,1,-1,-1,-1
3,-1,113,279,12,10,1,-1,-1,-1
3,-1,119,218,19,17,1,-1,-1,-1
3,-1,228,93,14,14,1,-1,-1,-1
3,-1,279,91,18,15,1,-1,-1,-1
3,-1,336,191,16,14,1,-1,-1,-1
3,-1,347,152,17,17,1,-1,-1,-1
3,-1,565,192,19,16,1,-1,-1,-1
4,-1,8,68,19,21,1,-1,-1,-1
4,-1,47,214,23,23,1,-1,-1,-1
4,-1,75,91,25,26,1,-1,-1,-1
4,-1,75,139,19,16,1,-1,-1,-1
4,-1,95,259,24,25,1,-1,-1,-1
4,-1,113,279,12,10,1,-1,-1,-1
4,-1,119,218,19,17,1,-1,-1,-1
4,-1,228,93,14,14,1,-1,-1,-1
4,-1,279,91,18,15,1,-1,-1,-1
4,-1,336,191,16,14,1,-1,-1,-1
4,-1,347,152,17,17,1,-1,-1,-1
4,-1,565,192,19,16,1,-1,-1,-1
5,-1,12,68,19,21,1,-1,-1,-1
5,-1,50,214,23,23,1,-1,-1,-1
5,-1,75,139,19,16,1,-1,-1,-1
5,-1,79,92,25,26,1,-1,-1,-1
5,-1,99,259,24,25,1,-1,-1,-1
5,-1,113,279,12,10,1,-1,-1,-1
5,-1,119,218,19,17,1,-1,-1,-1
5,-1,229,93,14,14,1,-1,-1,-1
5,-1,279,91,18,15,1,-1,-1,-1
5,-1,336,191,16,14,1,-1,-1,-1
5,-1,347,152,17,17,1,-1,-1,-1
5,-1,565,192,19,16,1,-1,-1,-1
6,-1,21,68,19,21,1,-1,-1,-1
6,-1,57,214,23,23,1,-1,-1,-1
6,-1,75,139,19,16,1,-1,-1,-1
6,-1,88,92,25,26,1,-1,-1,-1
6,-1,108,260,24,25,1,-1,-1,-1
6,-1,119,218,19,17,1,-1,-1,-1
6,-1,122,280,13,10,1,-1,-1,-1
6,-1,231,93,14,14,1,-1,-1,-1
6,-1,278,91,18,15,1,-1,-1,-1
6,-1,336,191,16,14,1,-1,-1,-1
6,-1,347,152,17,17,1,-1,-1,-1
6,-1,564,192,19,16,1,-1,-1,-1
7,-1,25,68,19,21,1,-1,-1,-1
7,-1,61,214,23,23,1,-1,-1,-1
7,-1,75,139,19,16,1,-1,-1,-1
7,-1,92,92,25,26,1,-1,-1,-1
7,-1,112,260,24,25,1,-1,-1,-1
7,-1,119,218,19,17,1,-1,-1,-1
7,-1,125,280,12,10,1,-1,-1,-1
7,-1,231,92,14,14,1,-1,-1,-1
7,-1,278,91,18,15,1,-1,-1,-1
7,-1,335,191,16,14,1,-1,-1,-1
7,-1,347,152,17,17,1,-1,-1,-1
7,-1,564,192,19,16,1,-1,-1,-1
8,-1,25,68,19,21,1,-1,-1,-1
8,-1,61,214,23,23,1,-1,-1,-1
8,-1,75,139,19,16,1,-1,-1,-1
8,-1,92,92,25,26,1,-1,-1,-1
8,-1,112,260,24,25,1,-1,-1,-1
8,-1,119,218,19,17,1,-1,-1,-1
8,-1,125,280,12,10,1,-1,-1,-1
8,-1,231,92,14,14,1,-1,-1,-1
8,-1,278,91,18,15,1,-1,-1,-1
8,-1,335,191,16,14,1,-1,-1,-1
8,-1,347,152,17,17,1,-1,-1,-1
8,-1,564,192,19,16,1,-1,-1,-1
9,-1,30,68,19,21,1,-1,-1,-1
9,-1,64,214,23,23,1,-1,-1,-1
9,-1,75,139,19,16,1,-1,-1,-1
9,-1,97,93,25,26,1,-1,-1,-1
9,-1,117,261,23,24,1,-1,-1,-1
9,-1,119,218,19,17,1,-1,-1,-1
9,-1,232,92,14,14,1,-1,-1,-1
9,-1,278,91,18,15,1,-1,-1,-1
9,-1,335,191,16,14,1,-1,-1,-1
9,-1,347,152,17,17,1,-1,-1,-1
9,-1,564,192,19,16,1,-1,-1,-1
10,-1,34,67,19,21,1,-1,-1,-1
10,-1,68,215,23,23,1,-1,-1,-1
10,-1,75,139,19,16,1,-1,-1,-1
10,-1,101,93,25,26,1,-1,-1,-1
10,-1,119,218,19,17,1,-1,-1,-1
10,-1,121,261,23,24,1,-1,-1,-1
10,-1,233,92,14,14,1,-1,-1,-1
10,-1,278,91,18,15,1,-1,-1,-1
10,-1,335,191,16,14,1,-1,-1,-1
10,-1,347,152,17,17,1,-1,-1,-1
10,-1,564,192,19,16,1,-1,-1,-1
11,-1,38,67,19,21,1,-1,-1,-1
11,-1,71,215,23,23,1,-1,-1,-1
11,-1,75,139,19,16,1,-1,-1,-1
11,-1,105,93,25,26,1,-1,-1,-1
11,-1,112,278,11,10,1,-1,-1,-1
11,-1,119,218,19,17,1,-1,-1,-1
11,-1,125,261,23,24,1,-1,-1,-1
11,-1,234,92,15,15,1,-1,-1,-1
11,-1,278,91,18,15,1,-1,-1,-1
11,-1,335,191,16,14,1,-1,-1,-1
11,-1,347,152,17,17,1,-1,-1,-1
11,-1,564,192,19,16,1,-1,-1,-1
12,-1,46,67,19,21,1,-1,-1,-1
12,-1,75,139,19,16,1,-1,-1,-1
12,-1,78,215,23,23,1,-1,-1,-1
12,-1,112,278,11,10,1,-1,-1,-1
12,-1,114,93,25,26,1,-1,-1,-1
12,-1,119,218,18,17,1,-1,-1,-1
12,-1,134,262,23,24,1,-1,-1,-1
12,-1,236,92,14,14,1,-1,-1,-1
12,-1,278,91,18,15,1,-1,-1,-1
12,-1,335,191,16,14,1,-1,-1,-1
12,-1,347,152,17,17,1,-1,-1,-1
12,-1,563,191,19,16,1,-1,-1,-1
13,-1,51,67,19,21,1,-1,-1,-1
13,-1,75,139,19,16,1,-1,-1,-1
13,-1,82,215,23,23,1,-1,-1,-1
13,-1,112,278,11,10,1,-1,-1,-1
13,-1,119,94,25,26,1,-1,-1,-1
13,-1,119,218,18,17,1,-1,-1,-1
13,-1,138,262,24,25,1,-1,-1,-1
13,-1,237,92,14,14,1,-1,-1,-1
13,-1,278,91,18,15,1,-1,-1,-1
13,-1,335,191,16,14,1,-1,-1,-1
13,-1,347,152,17,17,1,-1,-1,-1
13,-1,563,191,19,16,1,-1,-1,-1
14,-1,51,67,19,21,1,-1,-1,-1
14,-1,75,139,19,16,1,-1,-1,-1
14,-1,82,215,23,23,1,-1,-1,-1
14,-1,112,278,11,10,1,-1,-1,-1
14,-1,119,94,25,26,1,-1,-1,-1
14,-1,119,218,18,17,1,-1,-1,-1
14,-1,138,262,24,25,1,-1,-1,-1
14,-1,237,92,14,14,1,-1,-1,-1
14,-1,278,91,18,15,1,-1,-1,-1
14,-1,335,191,16,14,1,-1,-1,-1
14,-1,347,152,17,17,1,-1,-1,-1
14,-1,563,191,19,16,1,-1,-1,-1
15,-1,55,67,19,21,1,-1,-1,-1
15,-1,75,139,19,16,1,-1,-1,-1
15,-1,85,216,23,23,1,-1,-1,-1
15,-1,112,278,11,10,1,-1,-1,-1
15,-1,119,218,18,16,1,-1,-1,-1
15,-1,123,94,25,26,1,-1,-1,-1
15,-1,143,263,24,25,1,-1,-1,-1
15,-1,237,92,14,14,1,-1,-1,-1
15,-1,278,91,18,15,1,-1,-1,-1
15,-1,334,191,16,14,1,-1,-1,-1
15,-1,347,152,17,17,1,-1,-1,-1
15,-1,563,191,19,16,1,-1,-1,-1
16,-1,59,67,19,21,1,-1,-1,-1
16,-1,75,139,19,16,1,-1,-1,-1
16,-1,89,216,23,23,1,-1,-1,-1
16,-1,112,278,11,10,1,-1,-1,-1
16,-1,119,218,19,17,1,-1,-1,-1
16,-1,128,94,25,26,1,-1,-1,-1
16,-1,147,263,24,25,1,-1,-1,-1
16,-1,237,92,14,14,1,-1,-1,-1
16,-1,278,91,18,15,1,-1,-1,-1
16,-1,334,191,16,14,1,-1,-1,-1
16,-1,347,152,17,17,1,-1,-1,-1
16,-1,563,191,19,16,1,-1,-1,-1
17,-1,63,67,19,21,1,-1,-1,-1
17,-1,75,139,19,16,1,-1,-1,-1
17,-1,92,216,23,23,1,-1,-1,-1
17,-1,112,278,11,10,1,-1,-1,-1
17,-1,119,218,19,17,1,-1,-1,-1
17,-1,132,94,25,26,1,-1,-1,-1
17,-1,152,263,24,25,1,-1,-1,-1
17,-1,239,92,14,14,1,-1,-1,-1
17,-1,277,91,18,15,1,-1,-1,-1
17,-1,334,191,16,14,1,-1,-1,-1
17,-1,347,152,17,17,1,-1,-1,-1
17,-1,563,191,19,16,1,-1,-1,-1
18,-1,72,67,19,21,1,-1,-1,-1
18,-1,75,138,19,16,1,-1,-1,-1
18,-1,99,216,23,23,1,-1,-1,-1
18,-1,112,278,11,10,1,-1,-1,-1
18,-1,119,218,19,17,1,-1,-1,-1
18,-1,141,95,25,26,1,-1,-1,-1
18,-1,160,264,24,25,1,-1,-1,-1
18,-1,240,92,14,14,1,-1,-1,-1
18,-1,277,91,18,15,1,-1,-1,-1
18,-1,334,191,16,14,1,-1,-1,-1
18,-1,347,152,17,17,1,-1,-1,-1
18,-1,562,191,19,16,1,-1,-1,-1
19,-1,0,27,12,25,1,-1,-1,-1
19,-1,75,138,19,16,1,-1,-1,-1
19,-1,76,67,19,21,1,-1,-1,-1
19,-1,102,216,23,23,1,-1,-1,-1
19,-1,112,278,11,10,1,-1,-1,-1
19,-1,119,218,19,17,1,-1,-1,-1
19,-1,145,95,25,26,1,-1,-1,-1
19,-1,164,264,24,25,1,-1,-1,-1
19,-1,240,92,14,14,1,-1,-1,-1
19,-1,277,91,18,15,1,-1,-1,-1
19,-1,334,191,16,14,1,-1,-1,-1
19,-1,347,152,17,17,1,-1,-1,-1
19,-1,562,191,19,16,1,-1,-1,-1
20,-1,0,27,12,25,1,-1,-1,-1
20,-1,75,138,19,16,1,-1,-1,-1
20,-1,76,67,19,21,1,-1,-1,-1
20,-1,102,216,23,23,1,-1,-1,-1
20,-1,112,278,11,10,1,-1,-1,-1
20,-1,119,218,19,17,1,-1,-1,-1
20,-1,145,95,25,26,1,-1,-1,-1
20,-1,164,264,24,25,1,-1,-1,-1
20,-1,240,92,14,14,1,-1,-1,-1
20,-1,277,91,18,15,1,-1,-1,-1
20,-1,334,191,16,14,1,-1,-1,-1
20,-1,347,152,17,17,1,-1,-1,-1
20,-1,562,191,19,16,1,-1,-1,-1
21,-1,2,27,15,26,1,-1,-1,-1
21,-1,75,138,19,16,1,-1,-1,-1
21,-1,80,67,19,21,1,-1,-1,-1
21,-1,106,217,23,23,1,-1,-1,-1
21,-1,112,278,11,10,1,-1,-1,-1
21,-1,119,218,19,17,1,-1,-1,-1
21,-1,150,95,25,26,1,-1,-1,-1
21,-1,169,265,24,25,1,-1,-1,-1
21,-1,241,92,14,14,1,-1,-1,-1
21,-1,277,91,18,15,1,-1,-1,-1
21,-1,334,191,16,14,1,-1,-1,-1
21,-1,347,152,17,17,1,-1,-1,-1
21,-1,561,191,19,16,1,-1,-1,-1
22,-1,1,27,21,25,1,-1,-1,-1
22,-1,75,138,19,16,1,-1,-1,-1
22,-1,85,67,19,21,1,-1,-1,-1
22,-1,110,217,23,23,1,-1,-1,-1
22,-1,112,278,11,10,1,-1,-1,-1
22,-1,119,218,19,17,1,-1,-1,-1
22,-1,154,95,25,26,1,-1,-1,-1
22,-1,173,265,24,25,1,-1,-1,-1
22,-1,242,92,14,14,1,-1,-1,-1
22,-1,277,91,18,15,1,-1,-1,-1
22,-1,334,191,16,14,1,-1,-1,-1
22,-1,347,152,17,17,1,-1,-1,-1
22,-1,561,191,19,16,1,-1,-1,-1
23,-1,6,27,21,25,1,-1,-1,-1
23,-1,75,138,19,16,1,-1,-1,-1
23,-1,89,67,19,21,1,-1,-1,-1
23,-1,112,278,11,10,1,-1,-1,-1
23,-1,113,217,23,23,1,-1,-1,-1
23,-1,119,218,19,17,1,-1,-1,-1
23,-1,159,96,25,26,1,-1,-1,-1
23,-1,178,266,24,25,1,-1,-1,-1
23,-1,243,92,14,14,1,-1,-1,-1
23,-1,277,91,18,15,1,-1,-1,-1
23,-1,333,191,16,14,1,-1,-1,-1
23,-1,347,152,17,17,1,-1,-1,-1
23,-1,561,191,19,16,1,-1,-1,-1
24,-1,16,27,21,25,1,-1,-1,-1
24,-1,75,138,19,16,1,-1,-1,-1
24,-1,97,67,19,21,1,-1,-1,-1
24,-1,112,278,11,10,1,-1,-1,-1
24,-1,119,218,19,17,1,-1,-1,-1
24,-1,120,217,23,23,1,-1,-1,-1
24,-1,167,96,25,26,1,-1,-1,-1
24,-1,186,266,24,25,1,-1,-1,-1
24,-1,244,92,14,14,1,-1,-1,-1
24,-1,276,91,18,15,1,-1,-1,-1
24,-1,333,191,16,14,1,-1,-1,-1
24,-1,347,152,17,17,1,-1,-1,-1
24,-1,561,191,19,16,1,-1,-1,-1
25,-1,21,27,21,25,1,-1,-1,-1
25,-1,75,138,19,16,1,-1,-1,-1
25,-1,102,67,19,21,1,-1,-1,-1
25,-1,112,278,11,10,1,-1,-1,-1
25,-1,119,218,19,17,1,-1,-1,-1
25,-1,123,217,24,24,1,-1,-1,-1
25,-1,172,96,25,26,1,-1,-1,-1
25,-1,191,267,24,25,1,-1,-1,-1
25,-1,245,92,14,14,1,-1,-1,-1
25,-1,276,91,18,15,1,-1,-1,-1
25,-1,333,191,16,14,1,-1,-1,-1
25,-1,347,152,17,17,1,-1,-1,-1
25,-1,561,191,19,16,1,-1,-1,-1
25,-1,613,183,12,17,1,-1,-1,-1
26,-1,21,27,21,25,1,-1,-1,-1
26,-1,75,138,19,16,1,-1,-1,-1
26,-1,102,67,19,21,1,-1,-1,-1
26,-1,112,278,11,10,1,-1,-1,-1
26,-1,119,218,19,17,1,-1,-1,-1
26,-1,123,217,23,23,1,-1,-1,-1
26,-1,172,96,25,26,1,-1,-1,-1
26,-1,191,267,24,25,1,-1,-1,-1
26,-1,245,92,14,14,1,-1,-1,-1
26,-1,276,91,18,15,1,-1,-1,-1
26,-1,333,191,16,14,1,-1,-1,-1
26,-1,347,152,17,17,1,-1,-1,-1
26,-1,561,191,19,16,1,-1,-1,-1
26,-1,613,183,12,17,1,-1,-1,-1
27,-1,25,27,21,25,1,-1,-1,-1
27,-1,75,138,19,16,1,-1,-1,-1
27,-1,106,67,19,21,1,-1,-1,-1
27,-1,112,278,11,10,1,-1,-1,-1
27,-1,119,218,19,17,1,-1,-1,-1
27,-1,127,218,23,23,1,-1,-1,-1
27,-1,176,97,25,26,1,-1,-1,-1
27,-1,195,267,24,25,1,-1,-1,-1
27,-1,246,92,14,14,1,-1,-1,-1
27,-1,276,91,18,15,1,-1,-1,-1
27,-1,333,191,16,14,1,-1,-1,-1
27,-1,347,152,17,17,1,-1,-1,-1
27,-1,560,191,19,16,1,-1,-1,-1
27,-1,613,183,12,17,1,-1,-1,-1
28,-1,30,27,21,25,1,-1,-1,-1
28,-1,75,138,19,16,1,-1,-1,-1
28,-1,110,67,19,21,1,-1,-1,-1
28,-1,112,278,11,10,1,-1,-1,-1
28,-1,119,218,19,17,1,-1,-1,-1
28,-1,131,218,23,23,1,-1,-1,-1
28,-1,181,97,25,26,1,-1,-1,-1
28,-1,199,268,24,25,1,-1,-1,-1
28,-1,247,92,14,14,1,-1,-1,-1
28,-1,276,91,18,15,1,-1,-1,-1
28,-1,333,191,16,14,1,-1,-1,-1
28,-1,347,152,17,17,1,-1,-1,-1
28,-1,560,191,19,16,1,-1,-1,-1
28,-1,612,183,12,17,1,-1,-1,-1
29,-1,35,27,21,25,1,-1,-1,-1
29,-1,75,138,19,16,1,-1,-1,-1
29,-1,112,278,11,10,1,-1,-1,-1
29,-1,114,67,19,21,1,-1,-1,-1
29,-1,119,219,18,16,1,-1,-1,-1
29,-1,134,218,23,23,1,-1,-1,-1
29,-1,185,97,25,26,1,-1,-1,-1
29,-1,204,268,24,25,1,-1,-1,-1
29,-1,248,92,14,14,1,-1,-1,-1
29,-1,276,92,18,15,1,-1,-1,-1
29,-1,332,191,16,14,1,-1,-1,-1
29,-1,347,152,17,17,1,-1,-1,-1
29,-1,560,191,19,16,1,-1,-1,-1
29,-1,612,183,12,17,1,-1,-1,-1
30,-1,45,27,21,25,1,-1,-1,-1
30,-1,75,138,19,16,1,-1,-1,-1
30,-1,112,278,11,10,1,-1,-1,-1
30,-1,119,219,18,16,1,-1,-1,-1
30,-1,122,67,19,21,1,-1,-1,-1
30,-1,141,219,23,23,1,-1,-1,-1
30,-1,194,98,25,26,1,-1,-1,-1
30,-1,213,269,24,25,1,-1,-1,-1
30,-1,249,92,14,14,1,-1,-1,-1
30,-1,275,92,18,15,1,-1,-1,-1
30,-1,332,191,16,14,1,-1,-1,-1
30,-1,346,152,17,17,1,-1,-1,-1
30,-1,559,191,19,16,1,-1,-1,-1
30,-1,612,184,12,17,1,-1,-1,-1
31,-1,50,27,21,25,1,-1,-1,-1
31,-1,75,138,19,16,1,-1,-1,-1
31,-1,112,278,11,10,1,-1,-1,-1
31,-1,119,219,18,16,1,-1,-1,-1
31,-1,127,67,19,21,1,-1,-1,-1
31,-1,144,219,23,23,1,-1,-1,-1
31,-1,199,98,25,26,1,-1,-1,-1
31,-1,217,269,24,25,1,-1,-1,-1
31,-1,250,92,14,14,1,-1,-1,-1
31,-1,275,92,18,15,1,-1,-1,-1
31,-1,332,191,16,14,1,-1,-1,-1
31,-1,346,152,17,17,1,-1,-1,-1
31,-1,559,191,19,16,1,-1,-1,-1
31,-1,612,184,15,17,1,-1,-1,-1
32,-1,50,27,21,25,1,-1,-1,-1
32,-1,75,138,19,16,1,-1,-1,-1
32,-1,112,278,11,10,1,-1,-1,-1
32,-1,119,219,18,16,1,-1,-1,-1
32,-1,127,67,19,21,1,-1,-1,-1
32,-1,144,219,23,23,1,-1,-1,-1
32,-1,199,98,25,26,1,-1,-1,-1
32,-1,217,269,24,25,1,-1,-1,-1
32,-1,250,92,14,14,1,-1,-1,-1
32,-1,275,92,18,15,1,-1,-1,-1
32,-1,332,191,16,14,1,-1,-1,-1
32,-1,346,152,17,17,1,-1,-1,-1
32,-1,559,191,19,16,1,-1,-1,-1
32,-1,612,184,13,17,1,-1,-1,-1
33,-1,55,27,21,25,1,-1,-1,-1
33,-1,75,138,19,16,1,-1,-1,-1
33,-1,112,278,11,10,1,-1,-1,-1
33,-1,119,219,18,16,1,-1,-1,-1
33,-1,131,67,19,21,1,-1,-1,-1
33,-1,148,219,23,23,1,-1,-1,-1
33,-1,203,98,25,26,1,-1,-1,-1
33,-1,222,270,24,25,1,-1,-1,-1
33,-1,251,91,14,14,1,-1,-1,-1
33,-1,275,92,18,15,1,-1,-1,-1
33,-1,332,191,16,14,1,-1,-1,-1
33,-1,346,152,17,17,1,-1,-1,-1
33,-1,559,191,19,16,1,-1,-1,-1
33,-1,612,184,13,17,1,-1,-1,-1
34,-1,60,27,21,25,1,-1,-1,-1
34,-1,75,138,19,16,1,-1,-1,-1
34,-1,112,278,11,10,1,-1,-1,-1
34,-1,119,219,18,16,1,-1,-1,-1
34,-1,135,67,19,21,1,-1,-1,-1
34,-1,151,220,23,23,1,-1,-1,-1
34,-1,208,99,25,26,1,-1,-1,-1
34,-1,226,270,24,25,1,-1,-1,-1
34,-1,251,91,14,14,1,-1,-1,-1
34,-1,275,92,18,15,1,-1,-1,-1
34,-1,331,191,16,14,1,-1,-1,-1
34,-1,346,152,17,17,1,-1,-1,-1
34,-1,559,191,19,16,1,-1,-1,-1
34,-1,611,184,13,17,1,-1,-1,-1
35,-1,65,27,21,25,1,-1,-1,-1
35,-1,75,138,19,16,1,-1,-1,-1
35,-1,112,278,11,10,1,-1,-1,-1
35,-1,119,219,18,16,1,-1,-1,-1
35,-1,139,67,19,21,1,-1,-1,-1
35,-1,155,220,23,23,1,-1,-1,-1
35,-1,212,99,25,26,1,-1,-1,-1
35,-1,230,270,24,25,1,-1,-1,-1
35,-1,252,91,15,15,1,-1,-1,-1
35,-1,275,92,18,15,1,-1,-1,-1
35,-1,331,191,16,14,1,-1,-1,-1
35,-1,346,152,17,17,1,-1,-1,-1
35,-1,559,191,19,16,1,-1,-1,-1
35,-1,611,184,13,17,1,-1,-1,-1
36,-1,75,26,21,25,1,-1,-1,-1
36,-1,75,138,19,16,1,-1,-1,-1
36,-1,112,278,11,10,1,-1,-1,-1
36,-1,119,219,18,16,1,-1,-1,-1
36,-1,148,67,19,21,1,-1,-1,-1
36,-1,162,221,23,23,1,-1,-1,-1
36,-1,221,99,25,26,1,-1,-1,-1
36,-1,239,271,24,25,1,-1,-1,-1
36,-1,254,91,14,14,1,-1,-1,-1
36,-1,274,92,18,15,1,-1,-1,-1
36,-1,331,191,16,14,1,-1,-1,-1
36,-1,346,152,17,17,1,-1,-1,-1
36,-1,558,191,19,16,1,-1,-1,-1
36,-1,611,185,13,17,1,-1,-1,-1
37,-1,75,138,19,16,1,-1,-1,-1
37,-1,80,26,21,25,1,-1,-1,-1
37,-1,112,278,11,10,1,-1,-1,-1
37,-1,119,219,18,16,1,-1,-1,-1
37,-1,149,67,22,24,1,-1,-1,-1
37,-1,165,221,23,23,1,-1,-1,-1
37,-1,226,100,25,26,1,-1,-1,-1
37,-1,244,272,24,25,1,-1,-1,-1
37,-1,254,91,14,14,1,-1,-1,-1
37,-1,274,92,18,15,1,-1,-1,-1
37,-1,331,191,16,14,1,-1,-1,-1
37,-1,346,152,17,17,1,-1,-1,-1
37,-1,558,191,19,16,1,-1,-1,-1
37,-1,610,185,16,18,1,-1,-1,-1
38,-1,75,138,19,16,1,-1,-1,-1
38,-1,80,26,21,25,1,-1,-1,-1
38,-1,112,278,11,10,1,-1,-1,-1
38,-1,119,219,18,16,1,-1,-1,-1
38,-1,149,67,22,24,1,-1,-1,-1
38,-1,165,221,23,23,1,-1,-1,-1
38,-1,226,100,25,26,1,-1,-1,-1
38,-1,244,272,24,25,1,-1,-1,-1
38,-1,254,91,14,14,1,-1,-1,-1
38,-1,274,92,18,15,1,-1,-1,-1
38,-1,331,191,16,14,1,-1,-1,-1
38,-1,346,152,17,17,1,-1,-1,-1
38,-1,558,191,19,16,1,-1,-1,-1
38,-1,610,185,15,18,1,-1,-1,-1
39,-1,75,138,19,16,1,-1,-1,-1
39,-1,85,26,21,24,1,-1,-1,-1
39,-1,112,278,11,10,1,-1,-1,-1
39,-1,119,219,18,16,1,-1,-1,-1
39,-1,153,67,22,24,1,-1,-1,-1
39,-1,169,221,23,23,1,-1,-1,-1
39,-1,230,100,25,26,1,-1,-1,-1
39,-1,248,272,24,25,1,-1,-1,-1
39,-1,255,91,14,14,1,-1,-1,-1
39,-1,274,92,18,15,1,-1,-1,-1
39,-1,331,191,16,14,1,-1,-1,-1
39,-1,346,152,17,17,1,-1,-1,-1
39,-1,558,191,19,16,1,-1,-1,-1
39,-1,610,185,15,18,1,-1,-1,-1
40,-1,75,138,19,16,1,-1,-1,-1
40,-1,90,26,21,24,1,-1,-1,-1
40,-1,112,278,11,10,1,-1,-1,-1
40,-1,119,219,19,17,1,-1,-1,-1
40,-1,157,67,22,24,1,-1,-1,-1
40,-1,172,221,23,23,1,-1,-1,-1
40,-1,234,100,25,26,1,-1,-1,-1
40,-1,252,273,24,25,1,-1,-1,-1
40,-1,256,91,14,14,1,-1,-1,-1
40,-1,274,92,18,15,1,-1,-1,-1
40,-1,330,191,16,14,1,-1,-1,-1
40,-1,346,152,17,17,1,-1,-1,-1
40,-1,558,191,19,16,1,-1,-1,-1
40,-1,609,185,15,18,1,-1,-1,-1
41,-1,74,138,19,16,1,-1,-1,-1
41,-1,95,26,21,25,1,-1,-1,-1
41,-1,112,278,11,10,1,-1,-1,-1
41,-1,119,219,19,17,1,-1,-1,-1
41,-1,162,67,22,24,1,-1,-1,-1
41,-1,176,222,23,23,1,-1,-1,-1
41,-1,239,100,25,26,1,-1,-1,-1
41,-1,257,91,14,14,1,-1,-1,-1
41,-1,257,273,24,25,1,-1,-1,-1
41,-1,274,92,18,15,1,-1,-1,-1
41,-1,330,191,16,14,1,-1,-1,-1
41,-1,346,152,17,17,1,-1,-1,-1
41,-1,557,191,19,16,1,-1,-1,-1
41,-1,609,185,15,18,1,-1,-1,-1
42,-1,74,138,19,16,1,-1,-1,-1
42,-1,104,26,21,25,1,-1,-1,-1
42,-1,112,278,11,10,1,-1,-1,-1
42,-1,119,219,19,17,1,-1,-1,-1
42,-1,170,67,22,24,1,-1,-1,-1
42,-1,183,222,23,23,1,-1,-1,-1
42,-1,248,101,25,26,1,-1,-1,-1
42,-1,258,91,14,14,1,-1,-1,-1
42,-1,266,274,24,25,1,-1,-1,-1
42,-1,274,93,17,15,1,-1,-1,-1
42,-1,330,191,16,14,1,-1,-1,-1
42,-1,346,152,17,17,1,-1,-1,-1
42,-1,557,191,19,16,1,-1,-1,-1
42,-1,608,186,15,18,1,-1,-1,-1
43,-1,74,138,19,16,1,-1,-1,-1
43,-1,109,26,21,25,1,-1,-1,-1
43,-1,112,278,11,10,1,-1,-1,-1
43,-1,119,219,19,17,1,-1,-1,-1
43,-1,174,67,22,24,1,-1,-1,-1
43,-1,186,222,23,23,1,-1,-1,-1
43,-1,253,101,25,26,1,-1,-1,-1
43,-1,259,91,14,14,1,-1,-1,-1
43,-1,270,274,23,18,1,-1,-1,-1
43,-1,274,93,17,15,1,-1,-1,-1
43,-1,330,191,16,14,1,-1,-1,-1
43,-1,346,152,17,17,1,-1,-1,-1
43,-1,557,191,19,16,1,-1,-1,-1
43,-1,608,186,15,18,1,-1,-1,-1
44,-1,74,138,19,16,1,-1,-1,-1
44,-1,109,26,21,25,1,-1,-1,-1
44,-1,112,278,11,10,1,-1,-1,-1
44,-1,119,219,19,17,1,-1,-1,-1
44,-1,174,67,22,24,1,-1,-1,-1
44,-1,186,222,23,23,1,-1,-1,-1
44,-1,253,101,25,26,1,-1,-1,-1
44,-1,259,91,14,14,1,-1,-1,-1
44,-1,270,274,23,18,1,-1,-1,-1
44,-1,274,93,17,15,1,-1,-1,-1
44,-1,330,191,16,14,1,-1,-1,-1
44,-1,346,152,17,17,1,-1,-1,-1
44,-1,557,191,19,16,1,-1,-1,-1
44,-1,608,186,15,18,1,-1,-1,-1
45,-1,74,138,19,16,1,-1,-1,-1
45,-1,112,278,11,10,1,-1,-1,-1
45,-1,114,26,21,25,1,-1,-1,-1
45,-1,119,219,19,17,1,-1,-1,-1
45,-1,178,67,22,24,1,-1,-1,-1
45,-1,190,222,23,23,1,-1,-1,-1
45,-1,257,102,25,26,1,-1,-1,-1
45,-1,260,91,14,14,1,-1,-1,-1
45,-1,274,93,17,15,1,-1,-1,-1
45,-1,275,275,23,18,1,-1,-1,-1
45,-1,330,191,16,14,1,-1,-1,-1
45,-1,346,152,17,17,1,-1,-1,-1
45,-1,557,191,19,16,1,-1,-1,-1
45,-1,608,186,15,18,1,-1,-1,-1
46,-1,74,138,19,16,1,-1,-1,-1
46,-1,112,278,11,10,1,-1,-1,-1
46,-1,119,26,21,25,1,-1,-1,-1
46,-1,119,219,19,17,1,-1,-1,-1
46,-1,182,67,22,24,1,-1,-1,-1
46,-1,194,222,23,23,1,-1,-1,-1
46,-1,261,91,14,14,1,-1,-1,-1
46,-1,262,102,25,26,1,-1,-1,-1
46,-1,274,93,17,15,1,-1,-1,-1
46,-1,279,275,23,17,1,-1,-1,-1
46,-1,330,191,16,14,1,-1,-1,-1
46,-1,346,152,17,17,1,-1,-1,-1
46,-1,557,191,19,16,1,-1,-1,-1
46,-1,608,186,15,18,1,-1,-1,-1
47,-1,74,138,19,16,1,-1,-1,-1
47,-1,112,278,11,10,1,-1,-1,-1
47,-1,119,219,19,17,1,-1,-1,-1
47,-1,124,26,21,25,1,-1,-1,-1
47,-1,187,67,22,24,1,-1,-1,-1
47,-1,197,223,23,23,1,-1,-1,-1
47,-1,262,91,14,14,1,-1,-1,-1
47,-1,266,102,25,26,1,-1,-1,-1
47,-1,274,93,17,15,1,-1,-1,-1
47,-1,284,276,22,17,1,-1,-1,-1
47,-1,330,191,16,14,1,-1,-1,-1
47,-1,346,152,17,17,1,-1,-1,-1
47,-1,557,191,19,16,1,-1,-1,-1
47,-1,607,186,15,18,1,-1,-1,-1
48,-1,74,138,19,16,1,-1,-1,-1
48,-1,112,278,11,10,1,-1,-1,-1
48,-1,119,219,19,17,1,-1,-1,-1
48,-1,134,26,21,25,1,-1,-1,-1
48,-1,195,67,22,24,1,-1,-1,-1
48,-1,204,223,23,23,1,-1,-1,-1
48,-1,263,91,13,13,1,-1,-1,-1
48,-1,274,92,20,14,1,-1,-1,-1
48,-1,278,105,24,23,1,-1,-1,-1
48,-1,293,277,23,17,1,-1,-1,-1
48,-1,329,191,16,14,1,-1,-1,-1
48,-1,346,152,17,17,1,-1,-1,-1
48,-1,556,191,19,16,1,-1,-1,-1
48,-1,607,187,15,18,1,-1,-1,-1
49,-1,74,138,19,16,1,-1,-1,-1
49,-1,112,278,11,10,1,-1,-1,-1
49,-1,119,219,19,17,1,-1,-1,-1
49,-1,138,26,21,25,1,-1,-1,-1
49,-1,199,67,22,24,1,-1,-1,-1
49,-1,208,223,23,23,1,-1,-1,-1
49,-1,263,91,13,13,1,-1,-1,-1
49,-1,274,92,20,14,1,-1,-1,-1
49,-1,282,105,24,23,1,-1,-1,-1
49,-1,297,277,23,17,1,-1,-1,-1
49,-1,329,191,16,14,1,-1,-1,-1
49,-1,346,152,17,17,1,-1,-1,-1
49,-1,556,191,19,16,1,-1,-1,-1
49,-1,607,187,15,18,1,-1,-1,-1
50,-1,74,138,19,16,1,-1,-1,-1
50,-1,112,278,11,10,1,-1,-1,-1
50,-1,119,219,19,17,1,-1,-1,-1
50,-1,138,26,21,25,1,-1,-1,-1
50,-1,199,67,22,24,1,-1,-1,-1
50,-1,208,223,23,23,1,-1,-1,-1
50,-1,263,91,13,13,1,-1,-1,-1
50,-1,274,92,20,14,1,-1,-1,-1
50,-1,282,105,24,23,1,-1,-1,-1
50,-1,297,277,23,17,1,-1,-1,-1
50,-1,329,191,16,14,1,-1,-1,-1
50,-1,346,152,17,17,1,-1,-1,-1
50,-1,556,191,19,16,1,-1,-1,-1
50,-1,607,187,15,18,1,-1,-1,-1
51,-1,74,138,19,16,1,-1,-1,-1
51,-1,112,278,11,10,1,-1,-1,-1
51,-1,119,219,19,17,1,-1,-1,-1
51,-1,143,25,21,25,1,-1,-1,-1
51,-1,204,67,22,24,1,-1,-1,-1
51,-1,211,223,23,23,1,-1,-1,-1
51,-1,264,91,13,13,1,-1,-1,-1
51,-1,274,94,15,12,1,-1,-1,-1
51,-1,287,105,24,23,1,-1,-1,-1
51,-1,302,277,23,17,1,-1,-1,-1
51,-1,329,191,16,14,1,-1,-1,-1
51,-1,346,152,17,17,1,-1,-1,-1
51,-1,556,191,19,16,1,-1,-1,-1
51,-1,606,187,15,18,1,-1,-1,-1
52,-1,74,138,19,16,1,-1,-1,-1
52,-1,112,278,11,10,1,-1,-1,-1
52,-1,119,219,19,17,1,-1,-1,-1
52,-1,148,25,21,25,1,-1,-1,-1
52,-1,208,67,22,24,1,-1,-1,-1
52,-1,215,224,23,23,1,-1,-1,-1
52,-1,267,92,11,11,1,-1,-1,-1
52,-1,276,95,13,14,1,-1,-1,-1
52,-1,292,106,24,23,1,-1,-1,-1
52,-1,306,278,23,17,1,-1,-1,-1
52,-1,329,191,16,14,1,-1,-1,-1
52,-1,346,152,17,17,1,-1,-1,-1
52,-1,556,191,19,16,1,-1,-1,-1
52,-1,606,187,15,18,1,-1,-1,-1
53,-1,74,138,19,16,1,-1,-1,-1
53,-1,112,278,11,10,1,-1,-1,-1
53,-1,119,219,19,17,1,-1,-1,-1
53,-1,154,25,21,25,1,-1,-1,-1
53,-1,212,67,22,24,1,-1,-1,-1
53,-1,218,224,23,23,1,-1,-1,-1
53,-1,268,92,11,11,1,-1,-1,-1
53,-1,276,95,13,14,1,-1,-1,-1
53,-1,296,106,24,23,1,-1,-1,-1
53,-1,311,278,23,17,1,-1,-1,-1
53,-1,329,191,16,14,1,-1,-1,-1
53,-1,346,152,17,17,1,-1,-1,-1
53,-1,555,191,19,16,1,-1,-1,-1
53,-1,606,187,15,18,1,-1,-1,-1
54,-1,74,138,19,16,1,-1,-1,-1
54,-1,112,278,11,10,1,-1,-1,-1
54,-1,119,219,19,17,1,-1,-1,-1
54,-1,163,25,21,25,1,-1,-1,-1
54,-1,221,67,22,24,1,-1,-1,-1
54,-1,226,224,23,23,1,-1,-1,-1
54,-1,269,92,11,11,1,-1,-1,-1
54,-1,276,95,13,14,1,-1,-1,-1
54,-1,305,106,24,23,1,-1,-1,-1
54,-1,320,279,23,17,1,-1,-1,-1
54,-1,329,191,16,14,1,-1,-1,-1
54,-1,346,152,17,17,1,-1,-1,-1
54,-1,555,191,19,16,1,-1,-1,-1
54,-1,605,187,15,18,1,-1,-1,-1
55,-1,74,138,19,16,1,-1,-1,-1
55,-1,112,278,11,10,1,-1,-1,-1
55,-1,119,220,19,17,1,-1,-1,-1
55,-1,168,25,21,25,1,-1,-1,-1
55,-1,225,67,22,24,1,-1,-1,-1
55,-1,230,225,23,23,1,-1,-1,-1
55,-1,272,94,17,16,1,-1,-1,-1
55,-1,310,107,24,23,1,-1,-1,-1
55,-1,325,279,23,17,1,-1,-1,-1
55,-1,328,191,16,14,1,-1,-1,-1
55,-1,346,152,17,17,1,-1,-1,-1
55,-1,555,191,19,16,1,-1,-1,-1
55,-1,605,188,15,18,1,-1,-1,-1
56,-1,74,138,19,16,1,-1,-1,-1
56,-1,112,278,11,10,1,-1,-1,-1
56,-1,119,220,19,17,1,-1,-1,-1
56,-1,168,25,21,25,1,-1,-1,-1
56,-1,225,67,22,23,1,-1,-1,-1
56,-1,230,225,23,23,1,-1,-1,-1
56,-1,272,94,17,16,1,-1,-1,-1
56,-1,310,107,24,23,1,-1,-1,-1
56,-1,325,279,23,17,1,-1,-1,-1
56,-1,328,191,16,14,1,-1,-1,-1
56,-1,346,152,17,17,1,-1,-1,-1
56,-1,555,191,19,16,1,-1,-1,-1
56,-1,605,188,15,18,1,-1,-1,-1
57,-1,74,138,19,16,1,-1,-1,-1
57,-1,112,278,11,10,1,-1,-1,-1
57,-1,119,220,19,17,1,-1,-1,-1
57,-1,173,25,21,25,1,-1,-1,-1
57,-1,230,67,22,24,1,-1,-1,-1
57,-1,233,225,23,23,1,-1,-1,-1
57,-1,272,94,17,16,1,-1,-1,-1
57,-1,314,107,24,23,1,-1,-1,-1
57,-1,328,191,16,14,1,-1,-1,-1
57,-1,330,279,22,17,1,-1,-1,-1
57,-1,346,152,17,17,1,-1,-1,-1
57,-1,555,191,19,16,1,-1,-1,-1
57,-1,605,188,15,18,1,-1,-1,-1
58,-1,74,138,19,16,1,-1,-1,-1
58,-1,112,278,11,10,1,-1,-1,-1
58,-1,119,220,19,17,1,-1,-1,-1
58,-1,178,25,21,25,1,-1,-1,-1
58,-1,234,67,22,24,1,-1,-1,-1
58,-1,237,225,23,23,1,-1,-1,-1
58,-1,272,94,17,16,1,-1,-1,-1
58,-1,319,107,24,23,1,-1,-1,-1
58,-1,328,191,16,14,1,-1,-1,-1
58,-1,334,280,23,17,1,-1,-1,-1
58,-1,346,152,17,17,1,-1,-1,-1
58,-1,555,191,19,16,1,-1,-1,-1
58,-1,605,188,15,18,1,-1,-1,-1
59,-1,74,138,19,16,1,-1,-1,-1
59,-1,112,278,11,10,1,-1,-1,-1
59,-1,119,220,19,17,1,-1,-1,-1
59,-1,183,24,21,25,1,-1,-1,-1
59,-1,238,67,22,24,1,-1,-1,-1
59,-1,240,225,24,24,1,-1,-1,-1
59,-1,272,94,17,16,1,-1,-1,-1
59,-1,324,107,24,23,1,-1,-1,-1
59,-1,328,191,16,14,1,-1,-1,-1
59,-1,338,280,23,17,1,-1,-1,-1
59,-1,345,152,17,17,1,-1,-1,-1
59,-1,555,191,19,16,1,-1,-1,-1
59,-1,605,188,15,18,1,-1,-1,-1
60,-1,74,138,19,16,1,-1,-1,-1
60,-1,112,278,11,10,1,-1,-1,-1
60,-1,119,220,19,17,1,-1,-1,-1
60,-1,193,24,21,25,1,-1,-1,-1
60,-1,247,67,22,24,1,-1,-1,-1
60,-1,247,226,24,24,1,-1,-1,-1
60,-1,272,94,16,15,1,-1,-1,-1
60,-1,276,90,12,11,1,-1,-1,-1
60,-1,328,191,16,14,1,-1,-1,-1
60,-1,333,107,24,23,1,-1,-1,-1
60,-1,345,152,17,17,1,-1,-1,-1
60,-1,348,281,21,11,1,-1,-1,-1
60,-1,555,191,19,16,1,-1,-1,-1
60,-1,605,188,15,18,1,-1,-1,-1
61,-1,74,138,19,16,1,-1,-1,-1
61,-1,112,278,11,10,1,-1,-1,-1
61,-1,119,220,19,17,1,-1,-1,-1
61,-1,198,24,21,25,1,-1,-1,-1
61,-1,251,67,22,24,1,-1,-1,-1
61,-1,251,226,23,23,1,-1,-1,-1
61,-1,272,94,17,16,1,-1,-1,-1
61,-1,276,90,12,11,1,-1,-1,-1
61,-1,328,191,16,14,1,-1,-1,-1
61,-1,338,107,24,23,1,-1,-1,-1
61,-1,345,152,17,17,1,-1,-1,-1
61,-1,353,281,20,11,1,-1,-1,-1
61,-1,554,191,19,16,1,-1,-1,-1
61,-1,605,188,15,18,1,-1,-1,-1
62,-1,74,138,19,16,1,-1,-1,-1
62,-1,112,278,11,10,1,-1,-1,-1
62,-1,119,220,19,17,1,-1,-1,-1
62,-1,198,24,21,25,1,-1,-1,-1
62,-1,251,67,22,24,1,-1,-1,-1
62,-1,251,226,23,23,1,-1,-1,-1
62,-1,272,94,17,16,1,-1,-1,-1
62,-1,276,90,12,11,1,-1,-1,-1
62,-1,328,191,16,14,1,-1,-1,-1
62,-1,338,107,24,23,1,-1,-1,-1
62,-1,345,152,17,17,1,-1,-1,-1
62,-1,353,281,20,11,1,-1,-1,-1
62,-1,554,191,19,16,1,-1,-1,-1
62,-1,605,188,15,18,1,-1,-1,-1
63,-1,74,138,19,16,1,-1,-1,-1
63,-1,112,278,11,10,1,-1,-1,-1
63,-1,119,220,19,17,1,-1,-1,-1
63,-1,203,23,21,25,1,-1,-1,-1
63,-1,255,67,22,24,1,-1,-1,-1
63,-1,255,226,23,23,1,-1,-1,-1
63,-1,272,94,17,16,1,-1,-1,-1
63,-1,276,90,12,11,1,-1,-1,-1
63,-1,328,191,16,14,1,-1,-1,-1
63,-1,342,108,24,23,1,-1,-1,-1
63,-1,345,152,17,17,1,-1,-1,-1
63,-1,358,282,19,10,1,-1,-1,-1
63,-1,554,191,19,16,1,-1,-1,-1
63,-1,604,188,15,18,1,-1,-1,-1
64,-1,74,138,19,16,1,-1,-1,-1
64,-1,112,278,11,10,1,-1,-1,-1
64,-1,119,220,19,17,1,-1,-1,-1
64,-1,208,23,21,25,1,-1,-1,-1
64,-1,259,226,23,23,1,-1,-1,-1
64,-1,260,67,22,24,1,-1,-1,-1
64,-1,272,94,17,16,1,-1,-1,-1
64,-1,277,90,12,11,1,-1,-1,-1
64,-1,328,191,16,14,1,-1,-1,-1
64,-1,345,152,17,17,1,-1,-1,-1
64,-1,347,108,24,23,1,-1,-1,-1
64,-1,362,282,20,10,1,-1,-1,-1
64,-1,554,191,19,16,1,-1,-1,-1
64,-1,604,188,15,18,1,-1,-1,-1
65,-1,74,138,19,16,1,-1,-1,-1
65,-1,112,278,11,10,1,-1,-1,-1
65,-1,119,220,19,17,1,-1,-1,-1
65,-1,213,23,21,25,1,-1,-1,-1
65,-1,263,227,23,23,1,-1,-1,-1
65,-1,264,67,22,24,1,-1,-1,-1
65,-1,271,94,17,16,1,-1,-1,-1
65,-1,278,90,12,11,1,-1,-1,-1
65,-1,328,191,16,14,1,-1,-1,-1
65,-1,345,152,17,17,1,-1,-1,-1
65,-1,352,108,24,23,1,-1,-1,-1
65,-1,367,282,19,10,1,-1,-1,-1
65,-1,554,191,19,16,1,-1,-1,-1
65,-1,604,188,15,18,1,-1,-1,-1
66,-1,74,137,19,16,1,-1,-1,-1
66,-1,112,278,11,10,1,-1,-1,-1
66,-1,120,220,19,17,1,-1,-1,-1
66,-1,224,23,20,24,1,-1,-1,-1
66,-1,270,227,23,23,1,-1,-1,-1
66,-1,271,94,17,16,1,-1,-1,-1
66,-1,273,67,22,24,1,-1,-1,-1
66,-1,278,90,12,11,1,-1,-1,-1
66,-1,327,191,16,14,1,-1,-1,-1
66,-1,345,152,17,17,1,-1,-1,-1
66,-1,361,109,24,23,1,-1,-1,-1
66,-1,376,283,19,10,1,-1,-1,-1
66,-1,554,191,19,16,1,-1,-1,-1
66,-1,604,189,15,18,1,-1,-1,-1
67,-1,74,137,19,16,1,-1,-1,-1
67,-1,112,278,11,10,1,-1,-1,-1
67,-1,120,220,19,17,1,-1,-1,-1
67,-1,229,23,21,25,1,-1,-1,-1
67,-1,271,94,17,16,1,-1,-1,-1
67,-1,274,227,23,23,1,-1,-1,-1
67,-1,277,66,22,24,1,-1,-1,-1
67,-1,278,89,13,12,1,-1,-1,-1
67,-1,327,190,16,14,1,-1,-1,-1
67,-1,345,152,17,17,1,-1,-1,-1
67,-1,366,109,24,23,1,-1,-1,-1
67,-1,381,283,19,10,1,-1,-1,-1
67,-1,553,191,19,16,1,-1,-1,-1
67,-1,603,189,15,18,1,-1,-1,-1
68,-1,74,137,19,16,1,-1,-1,-1
68,-1,112,278,11,10,1,-1,-1,-1
68,-1,120,220,19,17,1,-1,-1,-1
68,-1,229,23,21,25,1,-1,-1,-1
68,-1,271,94,17,16,1,-1,-1,-1
68,-1,274,227,23,23,1,-1,-1,-1
68,-1,277,66,22,24,1,-1,-1,-1
68,-1,278,89,13,12,1,-1,-1,-1
68,-1,327,190,16,14,1,-1,-1,-1
68,-1,345,152,17,17,1,-1,-1,-1
68,-1,365,109,24,23,1,-1,-1,-1
68,-1,381,283,19,10,1,-1,-1,-1
68,-1,553,191,19,16,1,-1,-1,-1
68,-1,603,189,15,18,1,-1,-1,-1
69,-1,74,137,19,16,1,-1,-1,-1
69,-1,112,278,11,10,1,-1,-1,-1
69,-1,120,220,19,17,1,-1,-1,-1
69,-1,234,23,21,25,1,-1,-1,-1
69,-1,271,94,15,16,1,-1,-1,-1
69,-1,278,227,23,23,1,-1,-1,-1
69,-1,281,66,22,24,1,-1,-1,-1
69,-1,282,92,13,10,1,-1,-1,-1
69,-1,327,190,16,14,1,-1,-1,-1
69,-1,345,152,17,17,1,-1,-1,-1
69,-1,370,109,24,23,1,-1,-1,-1
69,-1,384,282,21,10,1,-1,-1,-1
69,-1,553,191,19,16,1,-1,-1,-1
69,-1,603,189,15,18,1,-1,-1,-1
70,-1,74,137,19,16,1,-1,-1,-1
70,-1,112,278,11,10,1,-1,-1,-1
70,-1,120,220,19,17,1,-1,-1,-1
70,-1,239,22,21,25,1,-1,-1,-1
70,-1,271,94,15,16,1,-1,-1,-1
70,-1,281,227,23,23,1,-1,-1,-1
70,-1,283,92,14,10,1,-1,-1,-1
70,-1,286,66,22,24,1,-1,-1,-1
70,-1,327,190,16,14,1,-1,-1,-1
70,-1,345,152,17,17,1,-1,-1,-1
70,-1,374,110,24,23,1,-1,-1,-1
70,-1,553,191,19,16,1,-1,-1,-1
70,-1,603,189,15,18,1,-1,-1,-1
71,-1,74,137,19,16,1,-1,-1,-1
71,-1,112,278,11,10,1,-1,-1,-1
71,-1,120,220,19,17,1,-1,-1,-1
71,-1,244,22,21,25,1,-1,-1,-1
71,-1,271,94,15,16,1,-1,-1,-1
71,-1,283,91,14,11,1,-1,-1,-1
71,-1,285,227,23,23,1,-1,-1,-1
71,-1,290,66,22,24,1,-1,-1,-1
71,-1,327,190,16,14,1,-1,-1,-1
71,-1,345,152,17,17,1,-1,-1,-1
71,-1,379,110,24,23,1,-1,-1,-1
71,-1,553,191,19,16,1,-1,-1,-1
71,-1,603,189,15,18,1,-1,-1,-1
72,-1,74,137,19,16,1,-1,-1,-1
72,-1,112,278,11,10,1,-1,-1,-1
72,-1,120,220,19,17,1,-1,-1,-1
72,-1,254,22,21,25,1,-1,-1,-1
72,-1,271,94,15,16,1,-1,-1,-1
72,-1,285,91,14,11,1,-1,-1,-1
72,-1,293,228,23,23,1,-1,-1,-1
72,-1,299,66,22,24,1,-1,-1,-1
72,-1,327,190,16,14,1,-1,-1,-1
72,-1,345,152,17,17,1,-1,-1,-1
72,-1,388,110,24,23,1,-1,-1,-1
72,-1,552,191,19,16,1,-1,-1,-1
72,-1,602,189,15,18,1,-1,-1,-1
73,-1,74,137,19,16,1,-1,-1,-1
73,-1,112,278,11,10,1,-1,-1,-1
73,-1,120,220,19,17,1,-1,-1,-1
73,-1,259,22,21,25,1,-1,-1,-1
73,-1,271,94,15,16,1,-1,-1,-1
73,-1,286,91,14,11,1,-1,-1,-1
73,-1,297,228,23,23,1,-1,-1,-1
73,-1,304,66,22,24,1,-1,-1,-1
73,-1,326,190,16,14,1,-1,-1,-1
73,-1,345,152,17,17,1,-1,-1,-1
73,-1,393,110,24,23,1,-1,-1,-1
73,-1,552,191,19,16,1,-1,-1,-1
73,-1,602,190,15,18,1,-1,-1,-1
74,-1,74,137,19,16,1,-1,-1,-1
74,-1,112,278,11,10,1,-1,-1,-1
74,-1,120,220,19,17,1,-1,-1,-1
74,-1,259,22,21,25,1,-1,-1,-1
74,-1,271,94,15,16,1,-1,-1,-1
74,-1,286,91,14,11,1,-1,-1,-1
74,-1,297,228,23,23,1,-1,-1,-1
74,-1,304,66,22,24,1,-1,-1,-1
74,-1,326,190,16,14,1,-1,-1,-1
74,-1,345,152,17,17,1,-1,-1,-1
74,-1,393,110,24,23,1,-1,-1,-1
74,-1,552,191,19,16,1,-1,-1,-1
74,-1,602,190,15,18,1,-1,-1,-1
75,-1,74,136,19,16,1,-1,-1,-1
75,-1,112,278,11,10,1,-1,-1,-1
75,-1,120,220,19,17,1,-1,-1,-1
75,-1,265,22,21,25,1,-1,-1,-1
75,-1,271,94,15,16,1,-1,-1,-1
75,-1,287,91,14,11,1,-1,-1,-1
75,-1,300,228,23,23,1,-1,-1,-1
75,-1,308,66,22,24,1,-1,-1,-1
75,-1,326,190,16,14,1,-1,-1,-1
75,-1,345,152,17,17,1,-1,-1,-1
75,-1,398,110,24,23,1,-1,-1,-1
75,-1,552,190,19,16,1,-1,-1,-1
75,-1,602,190,15,18,1,-1,-1,-1
76,-1,74,136,19,16,1,-1,-1,-1
76,-1,112,278,11,10,1,-1,-1,-1
76,-1,120,220,19,17,1,-1,-1,-1
76,-1,270,21,21,25,1,-1,-1,-1
76,-1,271,94,15,16,1,-1,-1,-1
76,-1,288,91,14,11,1,-1,-1,-1
76,-1,304,228,23,23,1,-1,-1,-1
76,-1,312,66,22,24,1,-1,-1,-1
76,-1,326,190,16,14,1,-1,-1,-1
76,-1,345,152,17,17,1,-1,-1,-1
76,-1,403,111,24,23,1,-1,-1,-1
76,-1,552,190,19,16,1,-1,-1,-1
76,-1,602,190,15,18,1,-1,-1,-1
77,-1,75,136,19,16,1,-1,-1,-1
77,-1,112,278,11,10,1,-1,-1,-1
77,-1,121,220,19,17,1,-1,-1,-1
77,-1,270,94,15,16,1,-1,-1,-1
77,-1,275,21,21,25,1,-1,-1,-1
77,-1,289,91,13,10,1,-1,-1,-1
77,-1,308,228,23,23,1,-1,-1,-1
77,-1,317,66,22,24,1,-1,-1,-1
77,-1,326,190,16,14,1,-1,-1,-1
77,-1,345,152,17,17,1,-1,-1,-1
77,-1,407,111,24,23,1,-1,-1,-1
77,-1,552,190,19,16,1,-1,-1,-1
77,-1,602,190,15,18,1,-1,-1,-1
78,-1,75,136,19,16,1,-1,-1,-1
78,-1,112,278,11,10,1,-1,-1,-1
78,-1,121,220,19,17,1,-1,-1,-1
78,-1,270,94,15,16,1,-1,-1,-1
78,-1,285,21,21,25,1,-1,-1,-1
78,-1,291,90,14,11,1,-1,-1,-1
78,-1,315,229,23,23,1,-1,-1,-1
78,-1,326,65,22,24,1,-1,-1,-1
78,-1,326,189,16,14,1,-1,-1,-1
78,-1,345,151,17,17,1,-1,-1,-1
78,-1,417,111,24,23,1,-1,-1,-1
78,-1,551,190,19,16,1,-1,-1,-1
78,-1,601,190,15,18,1,-1,-1,-1
79,-1,75,136,19,16,1,-1,-1,-1
79,-1,112,278,11,10,1,-1,-1,-1
79,-1,121,220,19,17,1,-1,-1,-1
79,-1,270,94,15,16,1,-1,-1,-1
79,-1,290,20,21,25,1,-1,-1,-1
79,-1,292,90,14,11,1,-1,-1,-1
79,-1,319,229,23,23,1,-1,-1,-1
79,-1,326,189,16,14,1,-1,-1,-1
79,-1,330,65,22,24,1,-1,-1,-1
79,-1,345,151,17,17,1,-1,-1,-1
79,-1,421,111,24,23,1,-1,-1,-1
79,-1,551,190,19,16,1,-1,-1,-1
79,-1,601,190,15,18,1,-1,-1,-1
80,-1,75,136,19,16,1,-1,-1,-1
80,-1,112,278,11,10,1,-1,-1,-1
80,-1,121,220,19,17,1,-1,-1,-1
80,-1,270,94,15,16,1,-1,-1,-1
80,-1,290,20,21,25,1,-1,-1,-1
80,-1,292,90,14,11,1,-1,-1,-1
80,-1,319,229,23,23,1,-1,-1,-1
80,-1,326,189,16,14,1,-1,-1,-1
80,-1,330,65,22,24,1,-1,-1,-1
80,-1,345,151,17,17,1,-1,-1,-1
80,-1,421,111,24,23,1,-1,-1,-1
80,-1,551,190,19,16,1,-1,-1,-1
80,-1,601,190,15,18,1,-1,-1,-1
81,-1,75,136,19,16,1,-1,-1,-1
81,-1,112,278,11,10,1,-1,-1,-1
81,-1,121,220,19,17,1,-1,-1,-1
81,-1,270,94,15,16,1,-1,-1,-1
81,-1,292,90,14,11,1,-1,-1,-1
81,-1,295,20,21,25,1,-1,-1,-1
81,-1,323,229,23,23,1,-1,-1,-1
81,-1,326,189,16,14,1,-1,-1,-1
81,-1,335,65,22,24,1,-1,-1,-1
81,-1,345,151,17,17,1,-1,-1,-1
81,-1,426,112,24,23,1,-1,-1,-1
81,-1,551,190,19,16,1,-1,-1,-1
81,-1,601,190,15,18,1,-1,-1,-1
82,-1,75,136,19,16,1,-1,-1,-1
82,-1,112,278,11,10,1,-1,-1,-1
82,-1,121,220,19,17,1,-1,-1,-1
82,-1,270,94,15,16,1,-1,-1,-1
82,-1,293,90,14,11,1,-1,-1,-1
82,-1,300,20,21,25,1,-1,-1,-1
82,-1,326,189,16,14,1,-1,-1,-1
82,-1,326,229,24,24,1,-1,-1,-1
82,-1,339,65,22,24,1,-1,-1,-1
82,-1,345,151,17,17,1,-1,-1,-1
82,-1,431,112,24,23,1,-1,-1,-1
82,-1,551,190,19,16,1,-1,-1,-1
82,-1,600,190,15,18,1,-1,-1,-1
83,-1,75,136,19,16,1,-1,-1,-1
83,-1,112,278,11,10,1,-1,-1,-1
83,-1,121,220,19,17,1,-1,-1,-1
83,-1,270,94,15,16,1,-1,-1,-1
83,-1,294,90,14,11,1,-1,-1,-1
83,-1,305,20,21,25,1,-1,-1,-1
83,-1,326,189,16,14,1,-1,-1,-1
83,-1,330,229,24,24,1,-1,-1,-1
83,-1,343,65,22,24,1,-1,-1,-1
83,-1,345,151,17,17,1,-1,-1,-1
83,-1,435,112,24,23,1,-1,-1,-1
83,-1,551,190,19,16,1,-1,-1,-1
83,-1,600,190,15,18,1,-1,-1,-1
84,-1,75,136,19,16,1,-1,-1,-1
84,-1,112,278,11,10,1,-1,-1,-1
84,-1,121,220,19,17,1,-1,-1,-1
84,-1,270,94,15,16,1,-1,-1,-1
84,-1,296,89,14,11,1,-1,-1,-1
84,-1,315,20,21,25,1,-1,-1,-1
84,-1,325,189,16,14,1,-1,-1,-1
84,-1,337,230,24,24,1,-1,-1,-1
84,-1,345,151,17,17,1,-1,-1,-1
84,-1,352,65,22,24,1,-1,-1,-1
84,-1,445,113,24,23,1,-1,-1,-1
84,-1,550,190,19,16,1,-1,-1,-1
84,-1,600,190,15,18,1,-1,-1,-1
85,-1,75,136,19,16,1,-1,-1,-1
85,-1,112,278,11,10,1,-1,-1,-1
85,-1,121,220,19,17,1,-1,-1,-1
85,-1,270,94,14,15,1,-1,-1,-1
85,-1,297,90,14,11,1,-1,-1,-1
85,-1,320,19,21,26,1,-1,-1,-1
85,-1,325,189,16,14,1,-1,-1,-1
85,-1,341,230,24,24,1,-1,-1,-1
85,-1,345,151,17,17,1,-1,-1,-1
85,-1,357,65,22,24,1,-1,-1,-1
85,-1,450,113,24,23,1,-1,-1,-1
85,-1,550,190,19,16,1,-1,-1,-1
85,-1,600,190,15,18,1,-1,-1,-1
86,-1,75,136,19,16,1,-1,-1,-1
86,-1,112,278,11,10,1,-1,-1,-1
86,-1,121,220,19,17,1,-1,-1,-1
86,-1,270,94,14,15,1,-1,-1,-1
86,-1,297,90,14,11,1,-1,-1,-1
86,-1,320,19,21,26,1,-1,-1,-1
86,-1,325,189,16,14,1,-1,-1,-1
86,-1,341,230,24,24,1,-1,-1,-1
86,-1,345,151,17,17,1,-1,-1,-1
86,-1,357,65,22,24,1,-1,-1,-1
86,-1,450,113,24,23,1,-1,-1,-1
86,-1,550,190,19,16,1,-1,-1,-1
86,-1,599,190,15,18,1,-1,-1,-1
87,-1,75,136,19,16,1,-1,-1,-1
87,-1,112,278,11,10,1,-1,-1,-1
87,-1,121,220,19,17,1,-1,-1,-1
87,-1,270,94,14,15,1,-1,-1,-1
87,-1,298,90,14,11,1,-1,-1,-1
87,-1,325,19,21,26,1,-1,-1,-1
87,-1,325,189,16,14,1,-1,-1,-1
87,-1,345,151,17,17,1,-1,-1,-1
87,-1,345,230,24,24,1,-1,-1,-1
87,-1,361,65,22,24,1,-1,-1,-1
87,-1,454,113,24,23,1,-1,-1,-1
87,-1,550,190,19,16,1,-1,-1,-1
87,-1,599,191,15,18,1,-1,-1,-1
88,-1,75,136,19,16,1,-1,-1,-1
88,-1,112,278,11,10,1,-1,-1,-1
88,-1,121,220,19,17,1,-1,-1,-1
88,-1,269,94,14,15,1,-1,-1,-1
88,-1,299,90,14,11,1,-1,-1,-1
88,-1,325,189,16,14,1,-1,-1,-1
88,-1,330,19,21,26,1,-1,-1,-1
88,-1,345,151,17,17,1,-1,-1,-1
88,-1,349,230,24,24,1,-1,-1,-1
88,-1,365,65,22,24,1,-1,-1,-1
88,-1,459,113,24,23,1,-1,-1,-1
88,-1,550,190,19,16,1,-1,-1,-1
88,-1,599,191,15,18,1,-1,-1,-1
89,-1,75,136,19,16,1,-1,-1,-1
89,-1,112,278,11,10,1,-1,-1,-1
89,-1,121,220,19,17,1,-1,-1,-1
89,-1,269,94,15,16,1,-1,-1,-1
89,-1,299,89,14,11,1,-1,-1,-1
89,-1,325,189,16,14,1,-1,-1,-1
89,-1,336,19,21,26,1,-1,-1,-1
89,-1,345,151,17,17,1,-1,-1,-1
89,-1,353,231,23,23,1,-1,-1,-1
89,-1,370,65,22,24,1,-1,-1,-1
89,-1,463,114,24,23,1,-1,-1,-1
89,-1,550,190,19,16,1,-1,-1,-1
89,-1,599,191,15,18,1,-1,-1,-1
90,-1,75,136,19,16,1,-1,-1,-1
90,-1,112,278,11,10,1,-1,-1,-1
90,-1,121,220,19,17,1,-1,-1,-1
90,-1,269,94,14,15,1,-1,-1,-1
90,-1,301,89,14,11,1,-1,-1,-1
90,-1,324,189,16,14,1,-1,-1,-1
90,-1,345,151,17,17,1,-1,-1,-1
90,-1,346,19,21,26,1,-1,-1,-1
90,-1,360,231,23,23,1,-1,-1,-1
90,-1,379,65,22,24,1,-1,-1,-1
90,-1,473,114,24,23,1,-1,-1,-1
90,-1,549,190,19,16,1,-1,-1,-1
90,-1,598,191,15,18,1,-1,-1,-1
91,-1,75,136,19,16,1,-1,-1,-1
91,-1,112,278,11,10,1,-1,-1,-1
91,-1,121,220,19,17,1,-1,-1,-1
91,-1,269,94,15,16,1,-1,-1,-1
91,-1,302,89,14,11,1,-1,-1,-1
91,-1,324,189,16,14,1,-1,-1,-1
91,-1,345,151,17,17,1,-1,-1,-1
91,-1,351,18,21,26,1,-1,-1,-1
91,-1,364,232,23,23,1,-1,-1,-1
91,-1,383,65,22,24,1,-1,-1,-1
91,-1,478,114,24,23,1,-1,-1,-1
91,-1,549,190,19,16,1,-1,-1,-1
91,-1,598,191,15,18,1,-1,-1,-1
92,-1,75,136,19,16,1,-1,-1,-1
92,-1,112,278,11,10,1,-1,-1,-1
92,-1,121,220,19,17,1,-1,-1,-1
92,-1,269,94,15,16,1,-1,-1,-1
92,-1,302,89,14,11,1,-1,-1,-1
92,-1,324,189,16,14,1,-1,-1,-1
92,-1,345,151,17,17,1,-1,-1,-1
92,-1,351,18,21,26,1,-1,-1,-1
92,-1,364,232,23,23,1,-1,-1,-1
92,-1,383,65,22,24,1,-1,-1,-1
92,-1,478,114,24,23,1,-1,-1,-1
92,-1,549,190,19,16,1,-1,-1,-1
92,-1,598,191,15,18,1,-1,-1,-1
93,-1,75,136,19,16,1,-1,-1,-1
93,-1,112,278,11,10,1,-1,-1,-1
93,-1,121,220,19,17,1,-1,-1,-1
93,-1,268,94,15,16,1,-1,-1,-1
93,-1,303,89,14,11,1,-1,-1,-1
93,-1,324,189,16,14,1,-1,-1,-1
93,-1,345,151,17,17,1,-1,-1,-1
93,-1,355,18,22,26,1,-1,-1,-1
93,-1,368,232,23,23,1,-1,-1,-1
93,-1,387,65,22,24,1,-1,-1,-1
93,-1,482,115,24,23,1,-1,-1,-1
93,-1,549,190,19,16,1,-1,-1,-1
93,-1,598,191,15,18,1,-1,-1,-1
94,-1,75,136,19,16,1,-1,-1,-1
94,-1,112,278,11,10,1,-1,-1,-1
94,-1,121,220,19,17,1,-1,-1,-1
94,-1,268,94,15,15,1,-1,-1,-1
94,-1,303,89,14,11,1,-1,-1,-1
94,-1,324,189,16,14,1,-1,-1,-1
94,-1,345,151,17,17,1,-1,-1,-1
94,-1,361,18,22,26,1,-1,-1,-1
94,-1,372,232,23,23,1,-1,-1,-1
94,-1,392,65,22,24,1,-1,-1,-1
94,-1,487,115,24,23,1,-1,-1,-1
94,-1,548,190,19,16,1,-1,-1,-1
94,-1,597,192,15,18,1,-1,-1,-1
95,-1,75,136,19,16,1,-1,-1,-1
95,-1,112,278,11,10,1,-1,-1,-1
95,-1,121,220,19,17,1,-1,-1,-1
95,-1,268,94,14,15,1,-1,-1,-1
95,-1,304,89,14,11,1,-1,-1,-1
95,-1,324,189,16,14,1,-1,-1,-1
95,-1,345,151,17,17,1,-1,-1,-1
95,-1,366,18,22,26,1,-1,-1,-1
95,-1,375,232,23,23,1,-1,-1,-1
95,-1,396,65,22,24,1,-1,-1,-1
95,-1,492,115,24,23,1,-1,-1,-1
95,-1,548,190,19,16,1,-1,-1,-1
95,-1,597,192,15,18,1,-1,-1,-1
96,-1,75,136,19,16,1,-1,-1,-1
96,-1,112,278,11,10,1,-1,-1,-1
96,-1,121,220,19,17,1,-1,-1,-1
96,-1,268,94,15,16,1,-1,-1,-1
96,-1,306,89,13,10,1,-1,-1,-1
96,-1,323,189,16,14,1,-1,-1,-1
96,-1,344,151,17,17,1,-1,-1,-1
96,-1,376,18,22,26,1,-1,-1,-1
96,-1,383,233,23,23,1,-1,-1,-1
96,-1,405,65,22,24,1,-1,-1,-1
96,-1,501,116,24,23,1,-1,-1,-1
96,-1,548,190,19,16,1,-1,-1,-1
96,-1,596,192,15,18,1,-1,-1,-1
97,-1,75,136,19,16,1,-1,-1,-1
97,-1,112,278,11,10,1,-1,-1,-1
97,-1,121,220,19,17,1,-1,-1,-1
97,-1,267,94,15,16,1,-1,-1,-1
97,-1,307,89,14,10,1,-1,-1,-1
97,-1,323,189,16,14,1,-1,-1,-1
97,-1,344,151,17,17,1,-1,-1,-1
97,-1,381,17,22,26,1,-1,-1,-1
97,-1,387,233,23,23,1,-1,-1,-1
97,-1,409,65,22,24,1,-1,-1,-1
97,-1,506,116,24,23,1,-1,-1,-1
97,-1,547,190,19,16,1,-1,-1,-1
97,-1,596,192,15,18,1,-1,-1,-1
98,-1,75,136,19,16,1,-1,-1,-1
98,-1,112,278,11,10,1,-1,-1,-1
98,-1,121,220,19,17,1,-1,-1,-1
98,-1,267,94,15,16,1,-1,-1,-1
98,-1,306,88,14,10,1,-1,-1,-1
98,-1,323,189,16,14,1,-1,-1,-1
98,-1,344,151,17,17,1,-1,-1,-1
98,-1,381,18,21,26,1,-1,-1,-1
98,-1,387,233,23,23,1,-1,-1,-1
98,-1,409,65,22,24,1,-1,-1,-1
98,-1,506,116,24,23,1,-1,-1,-1
98,-1,547,190,19,16,1,-1,-1,-1
98,-1,596,192,15,18,1,-1,-1,-1
