1,1,269,303,17,15,1,1,1
2,1,269,304,17,15,1,1,1
3,1,267,302,16,15,1,1,1
4,1,267,300,17,15,1,1,1
5,1,267,300,16,14,1,1,1
6,1,265,300,17,15,1,1,1
7,1,263,302,17,15,1,1,1
8,1,261,303,17,15,1,1,1
9,1,255,302,17,15,1,1,1
10,1,250,299,17,15,1,1,1
11,1,247,299,17,15,1,1,1
12,1,241,299,16,14,1,1,1
13,1,236,302,17,15,1,1,1
14,1,234,304,17,15,1,1,1
15,1,232,304,17,15,1,1,1
16,1,230,302,17,15,1,1,1
17,1,229,302,17,15,1,1,1
18,1,225,302,17,15,1,1,1
19,1,222,305,17,15,1,1,1
20,1,217,307,17,15,1,1,1
21,1,210,307,16,14,1,1,1
22,1,199,306,20,14,1,1,1
23,1,198,306,18,12,1,1,1
24,1,194,306,18,12,1,1,1
25,1,192,307,17,12,1,1,1
26,1,192,310,17,12,1,1,1
27,1,190,310,17,12,1,1,1
28,1,187,307,18,13,1,1,1
29,1,186,305,18,13,1,1,1
30,1,185,305,19,13,1,1,1
31,1,184,306,19,13,1,1,1
32,1,184,306,19,13,1,1,1
33,1,185,307,19,13,1,1,1
34,1,184,307,19,13,1,1,1
35,1,182,305,19,13,1,1,1
36,1,180,304,19,13,1,1,1
37,1,179,302,19,13,1,1,1
38,1,180,301,18,13,1,1,1
39,1,181,302,19,13,1,1,1
40,1,182,302,18,13,1,1,1
41,1,183,303,18,12,1,1,1
42,1,185,303,18,12,1,1,1
43,1,189,304,17,12,1,1,1
44,1,189,302,20,15,1,1,1
45,1,193,304,20,15,1,1,1
46,1,196,305,20,15,1,1,1
47,1,196,299,23,16,1,1,1
48,1,198,301,23,16,1,1,1
49,1,199,302,23,16,1,1,1
50,1,199,304,23,16,1,1,1
51,1,200,304,24,16,1,1,1
52,1,199,304,25,17,1,1,1
53,1,200,305,22,17,1,1,1
54,1,199,306,22,17,1,1,1
55,1,197,306,24,18,1,1,1
56,1,196,306,22,17,1,1,1
57,1,195,306,23,18,1,1,1
58,1,193,306,22,16,1,1,1
59,1,192,306,22,16,1,1,1
60,1,190,304,23,17,1,1,1
61,1,190,303,22,15,1,1,1
62,1,190,303,22,15,1,1,1
63,1,189,303,22,15,1,1,1
64,1,187,303,22,15,1,1,1
65,1,184,303,22,15,1,1,1
66,1,182,306,22,15,1,1,1
67,1,183,306,22,15,1,1,1
68,1,181,305,22,15,1,1,1
69,1,178,305,22,15,1,1,1
70,1,176,303,22,15,1,1,1
71,1,174,302,21,15,1,1,1
72,1,174,307,22,15,1,1,1
73,1,172,299,21,16,1,1,1
74,1,171,298,21,16,1,1,1
75,1,170,298,21,16,1,1,1
76,1,170,297,22,17,1,1,1
77,1,169,297,22,16,1,1,1
78,1,170,299,22,17,1,1,1
79,1,170,301,22,17,1,1,1
80,1,170,302,22,17,1,1,1
81,1,170,300,22,17,1,1,1
82,1,170,298,22,17,1,1,1
83,1,169,295,23,18,1,1,1
84,1,169,298,22,17,1,1,1
85,1,168,299,22,17,1,1,1
86,1,167,297,22,17,1,1,1
87,1,164,297,24,19,1,1,1
88,1,161,299,23,18,1,1,1
89,1,161,296,22,17,1,1,1
90,1,161,299,22,17,1,1,1
91,1,159,300,22,17,1,1,1
92,1,157,297,23,18,1,1,1
93,1,155,298,24,18,1,1,1
94,1,154,299,24,18,1,1,1
95,1,154,289,22,17,1,1,1
96,1,154,293,22,17,1,1,1
97,1,154,294,21,16,1,1,1
98,1,155,292,22,17,1,1,1
99,1,156,291,22,17,1,1,1
100,1,158,294,22,17,1,1,1
101,1,156,296,22,17,1,1,1
102,1,153,298,22,17,1,1,1
103,1,153,296,22,17,1,1,1
104,1,153,295,21,17,1,1,1
105,1,156,289,21,16,1,1,1
106,1,157,292,21,16,1,1,1
107,1,158,290,22,17,1,1,1
108,1,158,285,21,16,1,1,1
109,1,158,283,20,15,1,1,1
110,1,159,286,20,15,1,1,1
111,1,159,288,20,15,1,1,1
112,1,160,289,21,16,1,1,1
113,1,162,288,20,16,1,1,1
114,1,164,288,21,16,1,1,1
115,1,167,290,21,16,1,1,1
116,1,169,290,21,16,1,1,1
117,1,171,289,22,17,1,1,1
118,1,170,292,22,16,1,1,1
119,1,170,289,23,16,1,1,1
120,1,170,292,23,16,1,1,1
121,1,169,292,23,16,1,1,1
122,1,169,289,24,17,1,1,1
123,1,169,291,23,16,1,1,1
124,1,170,288,24,17,1,1,1
125,1,170,291,24,17,1,1,1
126,1,171,289,23,16,1,1,1
127,1,170,290,24,16,1,1,1
128,1,171,285,23,16,1,1,1
129,1,172,281,23,16,1,1,1
130,1,174,281,23,16,1,1,1
131,1,179,283,23,16,1,1,1
132,1,183,281,23,16,1,1,1
133,1,191,281,22,16,1,1,1
134,1,198,283,21,15,1,1,1
135,1,203,281,20,14,1,1,1
136,1,210,285,19,14,1,1,1
137,1,212,285,18,13,1,1,1
138,1,214,281,19,14,1,1,1
139,1,215,283,18,14,1,1,1
140,1,217,281,18,14,1,1,1
141,1,219,279,18,13,1,1,1
142,1,221,282,17,13,1,1,1
143,1,222,282,17,13,1,1,1
144,1,223,278,17,13,1,1,1
145,1,225,274,18,14,1,1,1
146,1,227,277,18,14,1,1,1
147,1,230,277,18,14,1,1,1
148,1,233,272,20,19,1,1,1
149,1,238,269,20,19,1,1,1
150,1,243,272,20,19,1,1,1
151,1,248,273,21,20,1,1,1
152,1,253,273,20,19,1,1,1
153,1,261,271,20,19,1,1,1
154,1,264,273,20,19,1,1,1
155,1,266,271,20,19,1,1,1
156,1,268,272,20,19,1,1,1
157,1,270,273,20,19,1,1,1
158,1,275,271,22,21,1,1,1
159,1,279,274,22,21,1,1,1
160,1,282,274,23,22,1,1,1
161,1,286,275,23,22,1,1,1
162,1,290,277,23,22,1,1,1
163,1,300,275,22,21,1,1,1
164,1,305,277,21,20,1,1,1
165,1,306,276,23,22,1,1,1
166,1,310,278,22,21,1,1,1
167,1,313,275,22,21,1,1,1
168,1,314,276,23,21,1,1,1
169,1,317,277,22,21,1,1,1
170,1,317,279,23,22,1,1,1
171,1,317,278,24,23,1,1,1
172,1,318,277,22,20,1,1,1
173,1,317,278,19,18,1,1,1
174,1,313,277,17,16,1,1,1
175,1,312,278,17,16,1,1,1
176,1,307,279,18,16,1,1,1
177,1,303,277,17,15,1,1,1
178,1,298,279,17,15,1,1,1
179,1,289,276,17,15,1,1,1
180,1,284,278,17,16,1,1,1
181,1,276,278,18,16,1,1,1
182,1,270,275,18,16,1,1,1
183,1,262,278,20,18,1,1,1
184,1,255,277,20,18,1,1,1
185,1,251,275,20,18,1,1,1
186,1,249,278,20,18,1,1,1
187,1,250,276,20,18,1,1,1
188,1,251,275,21,19,1,1,1
189,1,254,271,20,18,1,1,1
190,1,256,269,20,18,1,1,1
191,1,260,269,20,18,1,1,1
192,1,264,269,20,18,1,1,1
193,1,266,270,21,19,1,1,1
194,1,267,270,21,19,1,1,1
195,1,268,272,20,18,1,1,1
196,1,266,274,22,20,1,1,1
197,1,265,274,22,20,1,1,1
198,1,264,272,23,21,1,1,1
199,1,265,272,22,20,1,1,1
200,1,267,273,21,19,1,1,1
201,1,267,277,22,19,1,1,1
202,1,268,268,22,20,1,1,1
203,1,267,266,23,21,1,1,1
204,1,267,267,22,20,1,1,1
205,1,267,266,23,21,1,1,1
1,2,216,153,16,13,1,1,1
2,2,214,153,16,13,1,1,1
3,2,213,155,16,13,1,1,1
4,2,213,156,16,13,1,1,1
5,2,212,156,16,13,1,1,1
6,2,210,153,16,13,1,1,1
7,2,209,152,16,13,1,1,1
8,2,205,151,16,13,1,1,1
9,2,200,152,16,13,1,1,1
10,2,197,154,16,13,1,1,1
11,2,193,154,16,13,1,1,1
12,2,187,153,16,13,1,1,1
13,2,182,150,16,13,1,1,1
14,2,179,150,16,13,1,1,1
15,2,176,151,16,13,1,1,1
16,2,175,154,16,13,1,1,1
17,2,174,155,16,13,1,1,1
18,2,167,153,21,15,1,1,1
19,2,164,151,21,15,1,1,1
20,2,159,151,21,15,1,1,1
21,2,151,151,21,15,1,1,1
22,2,144,153,23,17,1,1,1
23,2,139,153,23,17,1,1,1
24,2,136,152,23,16,1,1,1
25,2,134,150,23,16,1,1,1
26,2,133,148,23,17,1,1,1
27,2,132,149,24,17,1,1,1
28,2,131,151,25,18,1,1,1
29,2,130,152,25,18,1,1,1
30,2,127,147,26,18,1,1,1
31,2,127,145,26,18,1,1,1
32,2,127,142,26,18,1,1,1
33,2,129,142,26,18,1,1,1
34,2,128,142,26,18,1,1,1
35,2,126,142,25,18,1,1,1
36,2,125,142,22,16,1,1,1
37,2,126,143,22,16,1,1,1
38,2,126,142,21,16,1,1,1
39,2,127,140,22,16,1,1,1
40,2,127,138,22,16,1,1,1
41,2,128,136,23,17,1,1,1
42,2,132,138,23,17,1,1,1
43,2,133,133,24,17,1,1,1
44,2,136,133,24,17,1,1,1
45,2,140,133,23,17,1,1,1
46,2,143,133,23,17,1,1,1
47,2,145,132,25,18,1,1,1
48,2,146,133,25,18,1,1,1
49,2,148,133,25,18,1,1,1
50,2,148,134,27,19,1,1,1
51,2,149,134,24,17,1,1,1
52,2,149,134,25,18,1,1,1
53,2,149,134,25,17,1,1,1
54,2,148,134,24,17,1,1,1
55,2,148,135,25,17,1,1,1
56,2,147,135,25,18,1,1,1
57,2,145,136,26,19,1,1,1
58,2,143,134,26,18,1,1,1
59,2,142,134,26,18,1,1,1
60,2,140,135,26,18,1,1,1
61,2,140,137,26,18,1,1,1
62,2,140,138,25,17,1,1,1
63,2,141,138,25,17,1,1,1
64,2,138,136,25,17,1,1,1
65,2,136,131,25,18,1,1,1
66,2,135,130,25,18,1,1,1
67,2,133,129,26,19,1,1,1
68,2,131,129,26,19,1,1,1
69,2,130,130,26,19,1,1,1
70,2,129,132,26,19,1,1,1
71,2,128,133,26,19,1,1,1
72,2,128,133,27,19,1,1,1
73,2,125,131,26,19,1,1,1
74,2,125,131,26,19,1,1,1
75,2,125,130,26,19,1,1,1
76,2,124,130,26,19,1,1,1
77,2,123,129,26,19,1,1,1
78,2,124,127,26,19,1,1,1
79,2,126,126,26,19,1,1,1
80,2,127,124,26,19,1,1,1
81,2,127,121,26,19,1,1,1
82,2,129,128,25,18,1,1,1
83,2,128,127,25,18,1,1,1
84,2,127,124,26,19,1,1,1
85,2,127,120,27,20,1,1,1
86,2,126,122,27,20,1,1,1
87,2,124,123,27,20,1,1,1
88,2,125,124,23,16,1,1,1
89,2,122,123,23,16,1,1,1
90,2,122,124,23,16,1,1,1
91,2,122,120,23,16,1,1,1
92,2,120,122,24,17,1,1,1
93,2,120,120,22,19,1,1,1
94,2,119,120,22,19,1,1,1
95,2,118,122,23,20,1,1,1
96,2,118,121,23,20,1,1,1
97,2,120,116,22,19,1,1,1
98,2,125,121,20,17,1,1,1
99,2,126,124,22,19,1,1,1
100,2,124,115,22,19,1,1,1
101,2,124,112,22,19,1,1,1
102,2,123,108,22,19,1,1,1
103,2,125,112,21,18,1,1,1
104,2,123,113,22,19,1,1,1
105,2,124,112,22,19,1,1,1
106,2,127,109,22,19,1,1,1
107,2,129,109,22,19,1,1,1
108,2,131,113,21,18,1,1,1
109,2,131,114,22,17,1,1,1
110,2,132,112,22,17,1,1,1
111,2,133,110,22,17,1,1,1
112,2,134,107,22,17,1,1,1
113,2,136,110,22,17,1,1,1
114,2,138,112,22,17,1,1,1
115,2,142,110,21,17,1,1,1
116,2,145,111,22,17,1,1,1
117,2,148,113,21,17,1,1,1
118,2,148,111,24,18,1,1,1
119,2,148,113,23,17,1,1,1
120,2,149,114,23,18,1,1,1
121,2,150,112,23,18,1,1,1
122,2,149,114,24,18,1,1,1
123,2,151,114,24,18,1,1,1
124,2,151,110,24,19,1,1,1
125,2,153,109,24,19,1,1,1
126,2,154,107,24,19,1,1,1
127,2,154,108,24,19,1,1,1
128,2,155,108,23,18,1,1,1
129,2,156,103,24,19,1,1,1
130,2,158,104,24,19,1,1,1
131,2,163,101,24,19,1,1,1
132,2,168,102,24,19,1,1,1
133,2,174,103,24,19,1,1,1
134,2,186,103,23,18,1,1,1
135,2,191,105,24,19,1,1,1
136,2,192,105,25,20,1,1,1
137,2,195,103,25,20,1,1,1
138,2,196,105,25,20,1,1,1
139,2,199,105,25,20,1,1,1
140,2,203,100,24,20,1,1,1
141,2,204,102,24,20,1,1,1
142,2,206,101,23,19,1,1,1
143,2,208,98,23,19,1,1,1
144,2,210,97,24,20,1,1,1
145,2,210,97,24,20,1,1,1
146,2,213,97,24,20,1,1,1
147,2,217,94,23,19,1,1,1
148,2,221,93,25,21,1,1,1
149,2,225,96,24,20,1,1,1
150,2,230,96,25,21,1,1,1
151,2,236,93,26,21,1,1,1
152,2,241,95,26,21,1,1,1
153,2,248,95,24,20,1,1,1
154,2,253,92,23,19,1,1,1
155,2,255,94,23,19,1,1,1
156,2,257,95,23,19,1,1,1
157,2,259,94,23,19,1,1,1
158,2,263,96,23,19,1,1,1
159,2,268,97,23,20,1,1,1
160,2,271,96,25,21,1,1,1
161,2,274,99,25,21,1,1,1
162,2,277,96,26,22,1,1,1
163,2,282,99,25,21,1,1,1
164,2,286,103,25,21,1,1,1
165,2,291,106,24,20,1,1,1
166,2,293,96,25,21,1,1,1
167,2,294,98,25,21,1,1,1
168,2,298,97,25,21,1,1,1
169,2,299,99,26,22,1,1,1
170,2,302,96,26,21,1,1,1
171,2,304,97,25,21,1,1,1
172,2,304,95,25,21,1,1,1
173,2,299,96,26,22,1,1,1
174,2,298,95,27,22,1,1,1
175,2,295,97,26,22,1,1,1
176,2,294,94,26,22,1,1,1
177,2,288,96,27,23,1,1,1
178,2,284,96,26,22,1,1,1
179,2,278,99,25,21,1,1,1
180,2,272,91,26,22,1,1,1
181,2,266,90,26,22,1,1,1
182,2,259,93,26,22,1,1,1
183,2,254,92,25,21,1,1,1
184,2,246,94,25,16,1,1,1
185,2,243,96,25,16,1,1,1
186,2,241,95,26,17,1,1,1
187,2,244,91,23,18,1,1,1
188,2,246,91,23,18,1,1,1
189,2,248,94,23,18,1,1,1
190,2,253,95,20,15,1,1,1
191,2,254,94,20,16,1,1,1
192,2,259,93,20,16,1,1,1
193,2,264,92,19,15,1,1,1
194,2,268,90,18,15,1,1,1
195,2,270,89,19,15,1,1,1
196,2,272,88,19,15,1,1,1
197,2,273,85,19,15,1,1,1
198,2,274,86,20,16,1,1,1
199,2,275,90,19,15,1,1,1
200,2,275,87,19,17,1,1,1
201,2,277,85,19,17,1,1,1
202,2,278,84,20,18,1,1,1
203,2,278,87,20,18,1,1,1
204,2,279,89,19,17,1,1,1
205,2,281,84,19,17,1,1,1
1,3,337,138,18,14,1,1,1
2,3,336,138,18,14,1,1,1
3,3,334,138,18,14,1,1,1
4,3,334,140,18,14,1,1,1
5,3,333,140,18,14,1,1,1
6,3,331,138,18,14,1,1,1
7,3,330,137,18,14,1,1,1
8,3,327,137,18,14,1,1,1
9,3,321,137,19,14,1,1,1
10,3,318,139,19,15,1,1,1
11,3,314,140,19,15,1,1,1
12,3,308,139,18,14,1,1,1
13,3,305,138,17,14,1,1,1
14,3,302,138,19,15,1,1,1
15,3,295,138,18,14,1,1,1
16,3,294,140,18,14,1,1,1
17,3,293,142,18,14,1,1,1
18,3,290,141,19,14,1,1,1
19,3,286,140,18,14,1,1,1
20,3,282,141,17,14,1,1,1
21,3,274,141,18,14,1,1,1
22,3,267,142,20,15,1,1,1
23,3,264,145,19,15,1,1,1
24,3,261,144,19,15,1,1,1
25,3,259,142,19,15,1,1,1
26,3,258,142,20,15,1,1,1
27,3,257,142,20,16,1,1,1
28,3,255,144,21,17,1,1,1
29,3,254,146,22,17,1,1,1
30,3,251,143,22,17,1,1,1
31,3,250,141,23,17,1,1,1
32,3,251,140,23,18,1,1,1
33,3,252,140,23,17,1,1,1
34,3,252,140,23,18,1,1,1
35,3,250,140,23,18,1,1,1
36,3,249,141,23,18,1,1,1
37,3,249,142,22,17,1,1,1
38,3,250,142,23,18,1,1,1
39,3,250,142,23,18,1,1,1
40,3,252,141,24,19,1,1,1
41,3,254,141,18,14,1,1,1
42,3,256,140,18,14,1,1,1
43,3,260,140,18,14,1,1,1
44,3,264,140,18,14,1,1,1
45,3,267,141,17,13,1,1,1
46,3,271,141,18,14,1,1,1
47,3,272,141,17,13,1,1,1
48,3,274,142,17,14,1,1,1
49,3,275,143,18,14,1,1,1
50,3,276,143,18,14,1,1,1
51,3,274,143,20,14,1,1,1
52,3,274,144,20,14,1,1,1
53,3,274,144,20,14,1,1,1
54,3,273,145,20,14,1,1,1
55,3,272,145,20,14,1,1,1
56,3,271,145,20,14,1,1,1
57,3,270,146,20,14,1,1,1
58,3,267,143,23,19,1,1,1
59,3,265,144,24,19,1,1,1
60,3,264,144,23,19,1,1,1
61,3,264,147,24,20,1,1,1
62,3,265,147,23,19,1,1,1
63,3,265,147,23,19,1,1,1
64,3,262,147,25,20,1,1,1
65,3,258,144,25,18,1,1,1
66,3,257,144,25,18,1,1,1
67,3,255,144,25,18,1,1,1
68,3,253,144,25,18,1,1,1
69,3,251,145,25,18,1,1,1
70,3,250,148,25,18,1,1,1
71,3,250,149,25,18,1,1,1
72,3,250,150,25,18,1,1,1
73,3,249,145,25,18,1,1,1
74,3,249,145,25,18,1,1,1
75,3,250,148,25,18,1,1,1
76,3,248,145,24,17,1,1,1
77,3,248,145,25,18,1,1,1
78,3,249,145,25,18,1,1,1
79,3,250,144,25,18,1,1,1
80,3,251,142,27,20,1,1,1
81,3,251,140,25,18,1,1,1
82,3,252,140,25,18,1,1,1
83,3,251,145,24,17,1,1,1
84,3,249,144,25,18,1,1,1
85,3,249,141,26,19,1,1,1
86,3,249,142,26,19,1,1,1
87,3,246,144,26,19,1,1,1
88,3,245,141,24,17,1,1,1
89,3,245,144,24,17,1,1,1
90,3,244,146,24,17,1,1,1
91,3,243,143,24,17,1,1,1
92,3,242,145,23,17,1,1,1
93,3,242,145,23,16,1,1,1
94,3,241,144,22,16,1,1,1
95,3,239,147,23,17,1,1,1
96,3,239,147,24,17,1,1,1
97,3,239,142,25,18,1,1,1
98,3,241,141,25,18,1,1,1
99,3,243,144,25,18,1,1,1
100,3,244,144,25,18,1,1,1
101,3,244,142,25,18,1,1,1
102,3,244,140,24,18,1,1,1
103,3,246,142,22,16,1,1,1
104,3,245,145,23,16,1,1,1
105,3,245,147,24,17,1,1,1
106,3,244,143,24,18,1,1,1
107,3,246,140,24,18,1,1,1
108,3,249,144,22,17,1,1,1
109,3,247,145,24,18,1,1,1
110,3,247,146,24,18,1,1,1
111,3,249,146,24,18,1,1,1
112,3,251,140,24,18,1,1,1
113,3,253,144,24,18,1,1,1
114,3,254,145,24,18,1,1,1
115,3,257,144,24,18,1,1,1
116,3,261,144,23,17,1,1,1
117,3,263,148,24,18,1,1,1
118,3,264,149,24,18,1,1,1
119,3,265,149,21,16,1,1,1
120,3,265,151,21,16,1,1,1
121,3,266,147,21,16,1,1,1
122,3,265,151,22,16,1,1,1
123,3,266,150,22,16,1,1,1
124,3,267,152,22,16,1,1,1
125,3,268,153,23,17,1,1,1
126,3,269,150,23,18,1,1,1
127,3,269,148,23,17,1,1,1
128,3,268,148,23,17,1,1,1
129,3,268,145,23,17,1,1,1
130,3,271,146,23,17,1,1,1
131,3,274,146,24,18,1,1,1
132,3,280,145,24,18,1,1,1
133,3,286,149,23,17,1,1,1
134,3,293,147,23,17,1,1,1
135,3,297,151,23,17,1,1,1
136,3,303,148,23,17,1,1,1
137,3,305,145,24,18,1,1,1
138,3,307,147,24,18,1,1,1
139,3,309,145,23,17,1,1,1
140,3,312,145,23,17,1,1,1
141,3,313,148,24,17,1,1,1
142,3,314,146,24,17,1,1,1
143,3,316,145,24,17,1,1,1
144,3,318,142,24,17,1,1,1
145,3,319,144,24,17,1,1,1
146,3,321,143,24,17,1,1,1
147,3,324,143,24,17,1,1,1
148,3,328,140,25,18,1,1,1
149,3,331,143,26,18,1,1,1
150,3,340,140,26,19,1,1,1
151,3,346,140,26,19,1,1,1
152,3,351,138,26,19,1,1,1
153,3,357,140,26,19,1,1,1
154,3,361,139,26,19,1,1,1
155,3,364,139,26,19,1,1,1
156,3,365,142,26,19,1,1,1
157,3,367,143,26,19,1,1,1
158,3,375,144,22,16,1,1,1
159,3,378,144,24,17,1,1,1
160,3,381,143,24,19,1,1,1
161,3,385,145,24,19,1,1,1
162,3,388,144,24,19,1,1,1
163,3,389,146,23,18,1,1,1
164,3,395,145,23,18,1,1,1
165,3,397,146,23,18,1,1,1
166,3,400,145,22,17,1,1,1
167,3,402,147,22,18,1,1,1
168,3,403,149,22,17,1,1,1
169,3,407,147,22,18,1,1,1
170,3,409,144,22,18,1,1,1
171,3,408,147,23,19,1,1,1
172,3,409,146,23,19,1,1,1
173,3,410,151,22,18,1,1,1
174,3,404,147,23,19,1,1,1
175,3,403,149,22,18,1,1,1
176,3,400,146,23,19,1,1,1
177,3,395,149,23,19,1,1,1
178,3,387,147,28,23,1,1,1
179,3,381,149,28,23,1,1,1
180,3,375,146,28,23,1,1,1
181,3,369,143,28,23,1,1,1
182,3,361,146,29,24,1,1,1
183,3,355,148,26,19,1,1,1
184,3,351,148,20,16,1,1,1
185,3,347,151,20,16,1,1,1
186,3,346,152,20,16,1,1,1
187,3,346,151,19,15,1,1,1
188,3,347,147,20,16,1,1,1
189,3,349,148,20,16,1,1,1
190,3,352,150,20,16,1,1,1
191,3,356,152,20,16,1,1,1
192,3,361,153,20,16,1,1,1
193,3,364,155,21,17,1,1,1
194,3,366,156,21,17,1,1,1
195,3,365,150,21,17,1,1,1
196,3,366,149,21,17,1,1,1
197,3,367,149,21,17,1,1,1
198,3,367,146,21,17,1,1,1
199,3,369,150,20,16,1,1,1
200,3,370,152,20,16,1,1,1
201,3,372,152,20,16,1,1,1
202,3,372,150,20,17,1,1,1
203,3,373,153,20,16,1,1,1
204,3,373,154,20,16,1,1,1
205,3,373,151,21,17,1,1,1
1,4,234,66,17,14,1,1,1
2,4,234,64,17,14,1,1,1
3,4,234,64,17,14,1,1,1
4,4,231,64,18,14,1,1,1
5,4,231,66,17,14,1,1,1
6,4,230,67,17,14,1,1,1
7,4,228,65,17,14,1,1,1
8,4,226,63,17,14,1,1,1
9,4,221,63,18,14,1,1,1
10,4,215,63,18,14,1,1,1
11,4,210,64,18,14,1,1,1
12,4,203,66,19,15,1,1,1
13,4,199,65,18,14,1,1,1
14,4,196,64,19,15,1,1,1
15,4,196,64,19,15,1,1,1
16,4,193,64,19,15,1,1,1
17,4,191,66,21,17,1,1,1
18,4,189,70,22,15,1,1,1
19,4,185,70,21,14,1,1,1
20,4,180,68,21,14,1,1,1
21,4,176,66,22,15,1,1,1
22,4,166,66,24,17,1,1,1
23,4,164,67,20,16,1,1,1
24,4,162,68,21,16,1,1,1
25,4,161,68,20,16,1,1,1
26,4,158,66,21,17,1,1,1
27,4,159,65,21,16,1,1,1
28,4,158,64,20,16,1,1,1
29,4,156,65,21,17,1,1,1
30,4,157,67,21,17,1,1,1
31,4,156,65,21,17,1,1,1
32,4,156,63,21,17,1,1,1
33,4,157,61,21,17,1,1,1
34,4,157,59,22,18,1,1,1
35,4,157,59,22,18,1,1,1
36,4,156,59,22,18,1,1,1
37,4,155,59,22,18,1,1,1
38,4,155,60,22,18,1,1,1
39,4,157,61,22,18,1,1,1
40,4,159,61,22,18,1,1,1
41,4,162,61,22,18,1,1,1
42,4,164,61,22,18,1,1,1
43,4,168,60,22,18,1,1,1
44,4,171,60,22,18,1,1,1
45,4,174,59,22,18,1,1,1
46,4,177,59,22,18,1,1,1
47,4,180,59,21,17,1,1,1
48,4,182,58,22,18,1,1,1
49,4,183,59,22,18,1,1,1
50,4,181,58,23,19,1,1,1
51,4,182,58,23,19,1,1,1
52,4,181,58,24,20,1,1,1
53,4,181,59,24,20,1,1,1
54,4,182,60,22,18,1,1,1
55,4,182,60,22,18,1,1,1
56,4,181,61,22,18,1,1,1
57,4,180,61,23,19,1,1,1
58,4,180,60,24,20,1,1,1
59,4,180,61,25,20,1,1,1
60,4,180,62,21,16,1,1,1
61,4,179,63,21,16,1,1,1
62,4,178,64,21,16,1,1,1
63,4,179,66,21,16,1,1,1
64,4,178,66,20,16,1,1,1
65,4,176,65,20,16,1,1,1
66,4,174,63,21,16,1,1,1
67,4,173,61,21,16,1,1,1
68,4,173,60,22,17,1,1,1
69,4,171,60,22,17,1,1,1
70,4,170,61,23,17,1,1,1
71,4,168,61,23,18,1,1,1
72,4,167,62,24,18,1,1,1
73,4,165,59,24,18,1,1,1
74,4,165,59,25,19,1,1,1
75,4,164,58,26,19,1,1,1
76,4,165,58,24,18,1,1,1
77,4,166,57,23,18,1,1,1
78,4,167,55,24,18,1,1,1
79,4,168,54,24,18,1,1,1
80,4,169,52,23,18,1,1,1
81,4,170,53,23,17,1,1,1
82,4,169,56,24,18,1,1,1
83,4,169,58,24,18,1,1,1
84,4,168,53,25,18,1,1,1
85,4,169,53,25,18,1,1,1
86,4,169,56,25,18,1,1,1
87,4,168,56,25,18,1,1,1
88,4,166,53,24,17,1,1,1
89,4,165,55,25,17,1,1,1
90,4,165,54,26,19,1,1,1
91,4,166,52,25,18,1,1,1
92,4,164,55,25,18,1,1,1
93,4,162,51,25,18,1,1,1
94,4,161,53,25,18,1,1,1
95,4,161,54,26,19,1,1,1
96,4,162,51,25,18,1,1,1
97,4,161,49,26,19,1,1,1
98,4,163,52,25,18,1,1,1
99,4,167,52,25,18,1,1,1
100,4,169,51,26,19,1,1,1
101,4,169,44,26,19,1,1,1
102,4,170,46,25,18,1,1,1
103,4,168,48,26,19,1,1,1
104,4,168,48,26,19,1,1,1
105,4,170,46,26,19,1,1,1
106,4,171,42,26,19,1,1,1
107,4,174,46,27,20,1,1,1
108,4,175,51,28,20,1,1,1
109,4,175,48,24,19,1,1,1
110,4,177,46,24,19,1,1,1
111,4,178,43,24,19,1,1,1
112,4,178,45,24,19,1,1,1
113,4,180,49,24,19,1,1,1
114,4,183,49,23,15,1,1,1
115,4,186,47,23,15,1,1,1
116,4,188,51,23,15,1,1,1
117,4,191,51,22,14,1,1,1
118,4,192,50,23,15,1,1,1
119,4,192,52,24,16,1,1,1
120,4,193,51,24,16,1,1,1
121,4,194,53,25,16,1,1,1
122,4,195,50,24,16,1,1,1
123,4,195,48,25,17,1,1,1
124,4,197,49,25,17,1,1,1
125,4,199,45,25,16,1,1,1
126,4,200,47,25,17,1,1,1
127,4,200,47,25,17,1,1,1
128,4,201,45,25,17,1,1,1
129,4,199,43,25,17,1,1,1
130,4,201,43,25,17,1,1,1
131,4,206,40,25,17,1,1,1
132,4,211,43,23,16,1,1,1
133,4,217,45,20,14,1,1,1
134,4,228,43,22,15,1,1,1
135,4,232,45,23,16,1,1,1
136,4,236,42,23,16,1,1,1
137,4,239,43,24,16,1,1,1
138,4,241,43,23,15,1,1,1
139,4,244,40,23,15,1,1,1
140,4,246,43,22,15,1,1,1
141,4,247,43,22,15,1,1,1
142,4,249,41,23,15,1,1,1
143,4,251,39,23,15,1,1,1
144,4,252,41,24,16,1,1,1
145,4,253,40,24,16,1,1,1
146,4,256,38,24,15,1,1,1
147,4,258,34,25,16,1,1,1
148,4,264,37,23,15,1,1,1
149,4,269,39,22,14,1,1,1
150,4,273,38,23,16,1,1,1
151,4,278,35,23,16,1,1,1
152,4,283,38,22,15,1,1,1
153,4,289,39,22,16,1,1,1
154,4,293,37,22,15,1,1,1
155,4,295,40,21,15,1,1,1
156,4,296,41,21,15,1,1,1
157,4,298,40,22,15,1,1,1
158,4,300,41,23,18,1,1,1
159,4,305,41,23,18,1,1,1
160,4,306,42,23,18,1,1,1
161,4,308,44,24,18,1,1,1
162,4,313,42,23,18,1,1,1
163,4,315,43,24,19,1,1,1
164,4,319,43,25,19,1,1,1
165,4,321,46,23,18,1,1,1
166,4,326,43,23,18,1,1,1
167,4,327,45,24,19,1,1,1
168,4,329,44,25,19,1,1,1
169,4,332,45,25,20,1,1,1
170,4,334,46,25,20,1,1,1
171,4,336,48,25,20,1,1,1
172,4,338,42,25,19,1,1,1
173,4,337,43,24,19,1,1,1
174,4,334,42,25,19,1,1,1
175,4,334,43,25,19,1,1,1
176,4,329,42,26,20,1,1,1
177,4,327,44,25,19,1,1,1
178,4,322,40,26,20,1,1,1
179,4,317,42,25,19,1,1,1
180,4,308,37,27,20,1,1,1
181,4,302,39,27,20,1,1,1
182,4,295,40,27,20,1,1,1
183,4,291,38,20,19,1,1,1
184,4,286,40,20,19,1,1,1
185,4,280,42,20,19,1,1,1
186,4,279,40,20,19,1,1,1
187,4,279,37,20,19,1,1,1
188,4,281,41,18,17,1,1,1
189,4,281,41,20,19,1,1,1
190,4,284,40,20,19,1,1,1
191,4,288,39,21,19,1,1,1
192,4,294,39,21,20,1,1,1
193,4,299,39,21,20,1,1,1
194,4,303,39,21,20,1,1,1
195,4,305,38,22,21,1,1,1
196,4,307,37,22,21,1,1,1
197,4,307,31,22,21,1,1,1
198,4,308,34,22,21,1,1,1
199,4,309,36,22,21,1,1,1
200,4,312,35,22,21,1,1,1
201,4,314,32,22,21,1,1,1
202,4,315,33,23,22,1,1,1
203,4,315,35,22,21,1,1,1
204,4,318,33,21,20,1,1,1
205,4,317,36,22,21,1,1,1
1,5,182,30,17,14,1,1,1
2,5,181,28,17,14,1,1,1
3,5,180,26,17,14,1,1,1
4,5,178,26,17,14,1,1,1
5,5,177,26,18,15,1,1,1
6,5,176,29,17,14,1,1,1
7,5,174,29,16,13,1,1,1
8,5,173,28,15,12,1,1,1
9,5,169,25,17,15,1,1,1
10,5,165,24,17,15,1,1,1
11,5,159,24,17,15,1,1,1
12,5,153,26,18,16,1,1,1
13,5,148,27,17,15,1,1,1
14,5,144,25,19,17,1,1,1
15,5,143,23,20,18,1,1,1
16,5,143,23,21,18,1,1,1
17,5,140,24,21,18,1,1,1
18,5,137,27,19,17,1,1,1
19,5,134,28,19,17,1,1,1
20,5,128,26,19,17,1,1,1
21,5,123,24,18,16,1,1,1
22,5,119,23,17,16,1,1,1
23,5,111,22,20,18,1,1,1
24,5,110,24,19,17,1,1,1
25,5,109,25,19,17,1,1,1
26,5,108,25,19,17,1,1,1
27,5,108,22,18,16,1,1,1
28,5,109,20,18,16,1,1,1
29,5,107,20,19,17,1,1,1
30,5,103,21,19,17,1,1,1
31,5,105,23,18,16,1,1,1
32,5,106,22,18,16,1,1,1
33,5,106,21,18,17,1,1,1
34,5,105,18,18,16,1,1,1
35,5,105,16,18,16,1,1,1
36,5,106,15,19,16,1,1,1
37,5,105,15,19,16,1,1,1
38,5,105,15,19,16,1,1,1
39,5,106,16,18,16,1,1,1
40,5,107,17,19,17,1,1,1
41,5,110,18,19,17,1,1,1
42,5,113,18,19,17,1,1,1
43,5,116,17,20,16,1,1,1
44,5,118,17,20,16,1,1,1
45,5,122,17,20,16,1,1,1
46,5,125,17,20,16,1,1,1
47,5,127,17,19,15,1,1,1
48,5,129,16,18,15,1,1,1
49,5,130,16,19,15,1,1,1
50,5,131,16,19,15,1,1,1
51,5,132,16,19,15,1,1,1
52,5,133,16,19,15,1,1,1
53,5,132,16,19,16,1,1,1
54,5,132,18,20,16,1,1,1
55,5,132,19,20,16,1,1,1
56,5,132,19,20,16,1,1,1
57,5,130,18,21,17,1,1,1
58,5,128,14,22,17,1,1,1
59,5,128,13,22,17,1,1,1
60,5,128,13,22,17,1,1,1
61,5,128,13,22,17,1,1,1
62,5,127,14,22,17,1,1,1
63,5,126,15,23,18,1,1,1
64,5,126,17,23,18,1,1,1
65,5,126,17,23,18,1,1,1
66,5,124,15,24,18,1,1,1
67,5,123,14,24,18,1,1,1
68,5,124,13,18,15,1,1,1
69,5,124,12,18,15,1,1,1
70,5,123,12,18,15,1,1,1
71,5,122,12,18,15,1,1,1
72,5,120,12,18,15,1,1,1
73,5,120,12,18,15,1,1,1
74,5,120,12,18,15,1,1,1
75,5,120,11,18,15,1,1,1
76,5,121,11,18,15,1,1,1
77,5,122,10,19,16,1,1,1
78,5,120,8,21,14,1,1,1
79,5,121,7,21,14,1,1,1
80,5,122,8,21,14,1,1,1
81,5,123,10,21,14,1,1,1
82,5,122,12,21,14,1,1,1
83,5,123,10,21,14,1,1,1
84,5,123,7,21,14,1,1,1
85,5,124,9,21,14,1,1,1
86,5,124,10,21,14,1,1,1
87,5,124,9,21,14,1,1,1
88,5,119,5,22,17,1,1,1
89,5,119,7,21,16,1,1,1
90,5,120,4,21,16,1,1,1
91,5,120,5,21,16,1,1,1
92,5,118,6,22,17,1,1,1
93,5,119,3,21,17,1,1,1
94,5,117,5,21,16,1,1,1
95,5,117,4,21,16,1,1,1
96,5,118,-1,21,16,1,1,1
97,5,121,2,20,16,1,1,1
98,5,122,4,21,16,1,1,1
99,5,126,3,22,17,1,1,1
100,5,128,0,22,17,1,1,1
101,5,129,-2,23,17,1,1,1
102,5,129,1,22,17,1,1,1
103,5,126,2,21,16,1,1,1
104,5,128,0,21,16,1,1,1
105,5,129,-4,21,16,1,1,1
106,5,130,-5,21,16,1,1,1
107,5,132,0,21,16,1,1,1
108,5,133,1,21,16,1,1,1
109,5,135,0,21,16,1,1,1
110,5,136,-4,22,17,1,1,1
112,5,141,0,16,10,1,1,1
113,5,143,2,16,10,1,1,1
114,5,147,-2,16,10,1,1,1
115,5,149,-1,16,10,1,1,1
116,5,152,3,16,10,1,1,1
117,5,154,3,16,10,1,1,1
118,5,155,1,17,11,1,1,1
119,5,155,3,17,11,1,1,1
120,5,156,0,17,11,1,1,1
121,5,157,2,18,11,1,1,1
122,5,158,3,16,10,1,1,1
123,5,160,2,16,10,1,1,1
124,5,159,-1,18,14,1,1,1
125,5,162,-3,18,13,1,1,1
126,5,163,-1,18,13,1,1,1
127,5,163,-1,17,12,1,1,1
128,5,163,-6,19,13,1,1,1
129,5,164,-6,19,14,1,1,1
130,5,164,-6,19,14,1,1,1
131,5,164,-6,19,14,1,1,1
132,5,175,-7,19,14,1,1,1
133,5,182,-7,19,14,1,1,1
134,5,182,-7,19,14,1,1,1
135,5,193,-7,17,16,1,1,1
136,5,193,-7,17,16,1,1,1
137,5,199,-1,19,10,1,1,1
138,5,202,-1,19,10,1,1,1
139,5,205,-2,20,11,1,1,1
140,5,205,-2,20,11,1,1,1
141,5,207,-3,20,10,1,1,1
166,5,282,0,17,10,1,1,1
167,5,284,2,17,10,1,1,1
168,5,287,-1,17,10,1,1,1
169,5,289,-2,17,10,1,1,1
170,5,292,-3,17,10,1,1,1
171,5,292,-1,17,10,1,1,1
172,5,293,-1,17,10,1,1,1
173,5,295,-2,17,10,1,1,1
174,5,290,-2,17,10,1,1,1
175,5,290,-5,17,10,1,1,1
176,5,288,-4,17,10,1,1,1
177,5,283,-4,17,10,1,1,1
178,5,281,-9,19,11,1,1,1
179,5,281,-9,19,11,1,1,1
180,5,281,-9,19,11,1,1,1
181,5,281,-9,19,11,1,1,1
182,5,281,-9,19,11,1,1,1
1,6,220,7,15,13,1,1,1
2,6,215,5,18,14,1,1,1
3,6,213,2,19,15,1,1,1
4,6,217,3,15,12,1,1,1
5,6,215,3,15,12,1,1,1
6,6,214,5,15,12,1,1,1
7,6,212,6,15,12,1,1,1
8,6,208,4,15,12,1,1,1
9,6,204,2,17,13,1,1,1
10,6,201,1,17,13,1,1,1
11,6,196,1,17,13,1,1,1
12,6,189,3,16,12,1,1,1
13,6,185,5,16,12,1,1,1
14,6,181,4,17,13,1,1,1
15,6,179,2,17,13,1,1,1
16,6,179,1,17,13,1,1,1
17,6,177,2,17,13,1,1,1
18,6,174,4,18,14,1,1,1
19,6,171,5,18,14,1,1,1
20,6,166,5,17,13,1,1,1
21,6,161,2,18,14,1,1,1
22,6,157,1,17,13,1,1,1
23,6,150,1,20,12,1,1,1
24,6,148,2,20,12,1,1,1
25,6,147,4,19,11,1,1,1
26,6,146,4,18,11,1,1,1
27,6,146,1,16,12,1,1,1
28,6,147,-2,17,13,1,1,1
29,6,146,-3,18,13,1,1,1
30,6,145,-3,18,13,1,1,1
31,6,146,0,16,12,1,1,1
32,6,147,0,16,12,1,1,1
33,6,149,-2,16,12,1,1,1
34,6,148,-4,17,13,1,1,1
35,6,148,-2,19,10,1,1,1
1,7,253,215,16,11,1,1,1
2,7,249,214,18,14,1,1,1
3,7,250,214,18,15,1,1,1
4,7,250,214,18,15,1,1,1
5,7,249,212,18,15,1,1,1
6,7,248,210,20,16,1,1,1
7,7,247,211,17,14,1,1,1
8,7,243,215,20,14,1,1,1
9,7,239,215,21,14,1,1,1
10,7,234,215,21,14,1,1,1
11,7,229,214,21,14,1,1,1
12,7,222,211,21,15,1,1,1
13,7,218,212,21,15,1,1,1
14,7,215,213,20,15,1,1,1
15,7,214,213,20,17,1,1,1
16,7,213,215,20,17,1,1,1
17,7,211,214,20,17,1,1,1
18,7,210,213,19,16,1,1,1
19,7,205,214,18,15,1,1,1
20,7,199,214,18,15,1,1,1
21,7,194,216,18,15,1,1,1
22,7,185,217,19,16,1,1,1
23,7,180,216,22,14,1,1,1
24,7,178,215,22,14,1,1,1
25,7,177,215,22,14,1,1,1
26,7,174,215,21,13,1,1,1
27,7,174,216,20,13,1,1,1
28,7,174,218,20,12,1,1,1
29,7,172,217,20,13,1,1,1
30,7,171,214,19,12,1,1,1
31,7,171,213,19,12,1,1,1
32,7,172,213,19,12,1,1,1
33,7,172,214,18,12,1,1,1
34,7,172,214,17,11,1,1,1
35,7,172,216,17,11,1,1,1
36,7,171,215,17,11,1,1,1
37,7,171,213,17,11,1,1,1
38,7,170,212,17,11,1,1,1
39,7,171,210,17,11,1,1,1
40,7,172,205,19,19,1,1,1
41,7,174,205,19,19,1,1,1
42,7,177,204,19,19,1,1,1
43,7,181,204,20,20,1,1,1
44,7,184,205,21,21,1,1,1
45,7,187,205,22,22,1,1,1
46,7,191,206,20,20,1,1,1
47,7,190,205,20,20,1,1,1
48,7,191,206,20,20,1,1,1
49,7,192,206,20,20,1,1,1
50,7,192,207,20,20,1,1,1
51,7,193,206,20,20,1,1,1
52,7,193,206,20,20,1,1,1
53,7,193,207,21,21,1,1,1
54,7,193,207,21,21,1,1,1
55,7,192,207,21,21,1,1,1
56,7,190,208,20,20,1,1,1
57,7,188,208,21,21,1,1,1
58,7,187,210,20,20,1,1,1
59,7,187,212,20,20,1,1,1
60,7,187,212,21,21,1,1,1
61,7,186,212,20,20,1,1,1
62,7,185,211,20,20,1,1,1
63,7,186,214,20,20,1,1,1
64,7,186,213,21,21,1,1,1
65,7,183,207,21,17,1,1,1
66,7,180,208,21,17,1,1,1
67,7,178,208,21,17,1,1,1
68,7,177,210,21,17,1,1,1
69,7,176,210,22,18,1,1,1
70,7,175,210,21,17,1,1,1
71,7,173,209,21,17,1,1,1
72,7,173,209,21,17,1,1,1
73,7,171,206,19,19,1,1,1
74,7,171,205,20,20,1,1,1
75,7,171,205,19,19,1,1,1
76,7,171,206,19,19,1,1,1
77,7,172,208,19,19,1,1,1
78,7,171,208,19,19,1,1,1
79,7,171,207,19,19,1,1,1
80,7,173,205,19,19,1,1,1
81,7,174,203,19,19,1,1,1
82,7,173,200,20,20,1,1,1
83,7,174,205,18,18,1,1,1
84,7,172,205,19,19,1,1,1
85,7,172,205,19,19,1,1,1
86,7,172,202,19,19,1,1,1
87,7,170,205,19,19,1,1,1
88,7,168,203,19,19,1,1,1
89,7,168,204,19,19,1,1,1
90,7,168,206,19,19,1,1,1
91,7,167,205,19,19,1,1,1
92,7,166,203,19,19,1,1,1
93,7,164,206,19,19,1,1,1
94,7,164,202,19,19,1,1,1
95,7,163,203,19,19,1,1,1
96,7,163,205,19,19,1,1,1
97,7,163,204,19,19,1,1,1
98,7,165,199,20,20,1,1,1
99,7,169,202,19,19,1,1,1
100,7,168,204,19,19,1,1,1
101,7,168,203,19,19,1,1,1
102,7,166,200,20,20,1,1,1
103,7,169,193,21,21,1,1,1
104,7,170,196,20,20,1,1,1
105,7,171,199,21,21,1,1,1
106,7,172,198,21,21,1,1,1
107,7,174,196,21,21,1,1,1
108,7,176,193,21,21,1,1,1
109,7,177,197,20,20,1,1,1
110,7,177,199,20,20,1,1,1
111,7,178,199,20,20,1,1,1
112,7,180,197,20,20,1,1,1
113,7,184,196,19,19,1,1,1
114,7,186,200,19,19,1,1,1
115,7,188,200,19,19,1,1,1
116,7,191,197,20,20,1,1,1
117,7,194,201,19,19,1,1,1
118,7,195,200,19,19,1,1,1
119,7,192,201,23,18,1,1,1
120,7,192,204,23,18,1,1,1
121,7,193,201,23,18,1,1,1
122,7,193,202,23,18,1,1,1
123,7,193,204,21,17,1,1,1
124,7,195,201,23,18,1,1,1
125,7,196,203,23,18,1,1,1
126,7,197,199,24,18,1,1,1
127,7,197,201,24,19,1,1,1
128,7,195,201,25,20,1,1,1
129,7,195,196,25,19,1,1,1
130,7,197,198,25,19,1,1,1
131,7,201,199,24,18,1,1,1
132,7,207,195,25,19,1,1,1
133,7,218,199,24,18,1,1,1
134,7,225,196,25,19,1,1,1
135,7,229,198,25,19,1,1,1
136,7,232,200,25,19,1,1,1
137,7,234,198,25,19,1,1,1
138,7,238,197,24,19,1,1,1
139,7,240,197,24,19,1,1,1
140,7,243,194,24,19,1,1,1
141,7,243,196,25,19,1,1,1
142,7,244,197,25,20,1,1,1
143,7,246,195,25,20,1,1,1
144,7,247,193,25,20,1,1,1
145,7,250,193,24,19,1,1,1
146,7,251,194,24,19,1,1,1
147,7,254,193,24,19,1,1,1
148,7,259,192,24,19,1,1,1
149,7,264,194,24,19,1,1,1
150,7,270,191,24,20,1,1,1
151,7,275,191,24,20,1,1,1
152,7,281,189,24,20,1,1,1
153,7,287,191,21,18,1,1,1
154,7,292,193,20,17,1,1,1
155,7,295,191,22,18,1,1,1
156,7,296,194,21,18,1,1,1
157,7,298,195,21,18,1,1,1
158,7,302,192,22,19,1,1,1
159,7,305,195,20,17,1,1,1
160,7,310,194,20,17,1,1,1
161,7,314,197,19,17,1,1,1
162,7,318,198,19,16,1,1,1
163,7,322,196,22,19,1,1,1
164,7,323,194,24,21,1,1,1
165,7,328,196,21,18,1,1,1
166,7,331,196,22,19,1,1,1
167,7,333,197,20,17,1,1,1
168,7,339,195,19,16,1,1,1
169,7,338,197,19,17,1,1,1
170,7,339,195,20,17,1,1,1
171,7,341,196,20,17,1,1,1
172,7,340,197,20,17,1,1,1
173,7,337,197,21,18,1,1,1
174,7,336,195,21,18,1,1,1
175,7,334,198,21,18,1,1,1
176,7,330,195,21,18,1,1,1
177,7,325,196,22,19,1,1,1
178,7,316,198,25,21,1,1,1
179,7,310,198,23,20,1,1,1
180,7,303,195,24,21,1,1,1
181,7,297,191,24,21,1,1,1
182,7,290,193,24,21,1,1,1
183,7,282,195,24,21,1,1,1
184,7,275,192,23,20,1,1,1
185,7,272,194,23,20,1,1,1
186,7,269,196,23,20,1,1,1
187,7,268,196,23,20,1,1,1
188,7,269,193,22,19,1,1,1
189,7,270,189,23,20,1,1,1
190,7,274,190,23,20,1,1,1
191,7,278,192,23,20,1,1,1
192,7,282,193,23,20,1,1,1
193,7,286,194,25,21,1,1,1
194,7,286,196,26,22,1,1,1
195,7,286,196,25,22,1,1,1
196,7,286,195,26,23,1,1,1
197,7,286,189,26,23,1,1,1
198,7,286,187,26,23,1,1,1
199,7,287,186,27,24,1,1,1
200,7,288,190,26,23,1,1,1
201,7,289,190,25,23,1,1,1
202,7,289,187,26,23,1,1,1
203,7,290,189,21,20,1,1,1
204,7,290,192,21,20,1,1,1
205,7,292,189,21,20,1,1,1
