1,1,75,495,63,41,1,1,1
2,1,78,495,62,41,1,1,1
3,1,80,496,62,40,1,1,1
4,1,81,496,62,40,1,1,1
5,1,83,497,62,40,1,1,1
6,1,86,497,62,40,1,1,1
7,1,90,498,62,40,1,1,1
8,1,91,498,62,40,1,1,1
9,1,92,498,62,40,1,1,1
10,1,95,498,61,40,1,1,1
11,1,100,499,60,39,1,1,1
12,1,102,499,61,39,1,1,1
13,1,104,499,61,39,1,1,1
14,1,106,499,61,39,1,1,1
15,1,108,499,61,39,1,1,1
16,1,111,499,60,39,1,1,1
17,1,113,499,60,39,1,1,1
18,1,115,499,59,38,1,1,1
19,1,116,499,60,38,1,1,1
20,1,119,499,59,38,1,1,1
21,1,121,498,59,38,1,1,1
22,1,123,498,59,38,1,1,1
23,1,126,497,58,37,1,1,1
24,1,131,496,58,37,1,1,1
25,1,133,496,58,37,1,1,1
26,1,136,496,58,37,1,1,1
27,1,138,495,58,37,1,1,1
28,1,141,495,58,37,1,1,1
29,1,143,495,58,37,1,1,1
30,1,146,494,57,37,1,1,1
31,1,148,494,57,37,1,1,1
32,1,152,493,57,37,1,1,1
33,1,154,493,57,37,1,1,1
34,1,156,493,57,37,1,1,1
35,1,159,493,57,36,1,1,1
36,1,163,493,56,36,1,1,1
37,1,167,493,57,37,1,1,1
38,1,170,493,57,37,1,1,1
39,1,173,493,56,36,1,1,1
40,1,178,493,56,36,1,1,1
41,1,181,493,55,36,1,1,1
42,1,184,493,56,36,1,1,1
43,1,187,493,55,36,1,1,1
44,1,190,493,55,35,1,1,1
45,1,195,493,55,35,1,1,1
46,1,198,493,55,35,1,1,1
47,1,200,493,54,35,1,1,1
48,1,203,493,54,35,1,1,1
49,1,209,493,53,34,1,1,1
50,1,211,493,54,35,1,1,1
51,1,212,493,54,35,1,1,1
52,1,216,494,53,34,1,1,1
53,1,222,494,53,34,1,1,1
54,1,225,495,52,34,1,1,1
55,1,227,495,51,33,1,1,1
56,1,230,495,52,34,1,1,1
57,1,237,495,52,34,1,1,1
58,1,240,495,52,34,1,1,1
59,1,242,495,52,34,1,1,1
60,1,246,496,52,34,1,1,1
61,1,254,496,51,33,1,1,1
62,1,257,496,51,33,1,1,1
63,1,259,496,51,33,1,1,1
64,1,263,496,51,33,1,1,1
65,1,272,497,51,33,1,1,1
66,1,276,497,50,33,1,1,1
67,1,278,497,50,32,1,1,1
68,1,283,497,50,33,1,1,1
69,1,292,497,50,32,1,1,1
70,1,297,497,51,33,1,1,1
71,1,300,497,50,32,1,1,1
72,1,306,497,50,32,1,1,1
73,1,316,497,50,32,1,1,1
74,1,322,498,49,32,1,1,1
75,1,327,498,49,31,1,1,1
76,1,332,498,48,31,1,1,1
77,1,338,498,48,31,1,1,1
78,1,343,498,48,31,1,1,1
79,1,351,498,48,31,1,1,1
80,1,356,498,48,31,1,1,1
81,1,362,498,48,31,1,1,1
82,1,368,499,46,30,1,1,1
83,1,373,499,46,30,1,1,1
84,1,376,500,46,30,1,1,1
85,1,387,500,46,30,1,1,1
86,1,392,500,47,30,1,1,1
87,1,395,501,47,30,1,1,1
88,1,401,501,46,30,1,1,1
89,1,411,501,46,30,1,1,1
90,1,416,501,46,30,1,1,1
91,1,418,501,46,30,1,1,1
92,1,423,502,45,29,1,1,1
93,1,432,501,47,30,1,1,1
94,1,437,502,46,30,1,1,1
95,1,439,502,46,29,1,1,1
96,1,443,502,46,30,1,1,1
97,1,451,502,46,29,1,1,1
98,1,453,502,45,29,1,1,1
99,1,452,497,54,40,1,1,1
100,1,458,497,54,40,1,1,1
101,1,463,497,54,40,1,1,1
102,1,465,497,54,40,1,1,1
103,1,468,497,54,40,1,1,1
104,1,475,497,53,39,1,1,1
105,1,478,498,53,39,1,1,1
106,1,482,498,53,39,1,1,1
107,1,490,498,52,39,1,1,1
108,1,493,498,52,38,1,1,1
109,1,495,498,52,38,1,1,1
110,1,497,497,52,38,1,1,1
111,1,505,497,51,38,1,1,1
112,1,507,497,51,38,1,1,1
113,1,509,497,51,38,1,1,1
114,1,511,497,50,37,1,1,1
115,1,516,498,50,37,1,1,1
116,1,521,498,49,37,1,1,1
117,1,524,498,49,36,1,1,1
118,1,528,498,49,36,1,1,1
119,1,533,498,49,37,1,1,1
120,1,537,498,50,37,1,1,1
121,1,540,498,50,37,1,1,1
122,1,543,497,51,38,1,1,1
123,1,545,496,53,40,1,1,1
124,1,553,497,53,39,1,1,1
125,1,557,497,53,39,1,1,1
126,1,561,497,53,39,1,1,1
127,1,565,497,53,39,1,1,1
128,1,573,498,52,38,1,1,1
129,1,578,498,52,38,1,1,1
130,1,583,498,51,38,1,1,1
131,1,588,499,50,37,1,1,1
132,1,596,499,50,37,1,1,1
133,1,601,499,50,37,1,1,1
134,1,604,500,49,36,1,1,1
135,1,606,500,49,37,1,1,1
136,1,613,500,50,37,1,1,1
137,1,618,500,50,37,1,1,1
138,1,618,500,50,37,1,1,1
139,1,622,500,50,37,1,1,1
140,1,627,500,50,37,1,1,1
141,1,634,501,49,36,1,1,1
142,1,637,501,48,36,1,1,1
143,1,646,502,48,36,1,1,1
144,1,651,502,48,35,1,1,1
145,1,653,502,48,36,1,1,1
146,1,658,502,48,36,1,1,1
147,1,667,502,48,35,1,1,1
148,1,669,502,49,36,1,1,1
149,1,672,502,48,36,1,1,1
150,1,679,502,48,35,1,1,1
151,1,683,502,49,36,1,1,1
152,1,689,502,49,36,1,1,1
153,1,694,502,49,36,1,1,1
154,1,701,502,49,37,1,1,1
155,1,707,503,49,36,1,1,1
156,1,712,503,48,35,1,1,1
157,1,717,503,48,35,1,1,1
158,1,723,504,47,35,1,1,1
159,1,726,504,46,34,1,1,1
160,1,736,504,48,35,1,1,1
161,1,742,504,48,35,1,1,1
162,1,745,504,47,35,1,1,1
163,1,751,505,47,35,1,1,1
164,1,755,504,49,36,1,1,1
165,1,761,505,47,35,1,1,1
166,1,768,505,46,34,1,1,1
167,1,776,506,46,34,1,1,1
168,1,781,506,46,34,1,1,1
169,1,787,506,45,34,1,1,1
170,1,793,506,44,33,1,1,1
171,1,802,508,42,31,1,1,1
172,1,804,508,42,31,1,1,1
173,1,812,508,42,31,1,1,1
174,1,817,508,41,31,1,1,1
175,1,823,508,41,30,1,1,1
176,1,828,509,40,30,1,1,1
177,1,833,509,40,30,1,1,1
178,1,839,509,40,29,1,1,1
179,1,841,510,39,29,1,1,1
180,1,846,510,39,29,1,1,1
181,1,853,511,39,29,1,1,1
182,1,856,511,39,29,1,1,1
183,1,861,511,38,28,1,1,1
184,1,868,512,38,28,1,1,1
185,1,874,512,37,28,1,1,1
186,1,878,512,37,28,1,1,1
187,1,883,513,37,28,1,1,1
188,1,890,513,37,28,1,1,1
189,1,895,513,38,28,1,1,1
190,1,899,513,38,28,1,1,1
191,1,904,513,38,28,1,1,1
192,1,906,513,38,28,1,1,1
193,1,911,514,38,28,1,1,1
194,1,919,508,48,34,1,1,1
195,1,920,508,49,35,1,1,1
196,1,925,508,49,34,1,1,1
197,1,933,508,48,34,1,1,1
198,1,938,509,47,34,1,1,1
199,1,942,509,47,33,1,1,1
200,1,947,509,47,33,1,1,1
201,1,951,508,48,34,1,1,1
202,1,954,508,48,34,1,1,1
203,1,962,508,48,34,1,1,1
204,1,965,509,46,33,1,1,1
205,1,967,510,45,32,1,1,1
206,1,974,510,47,33,1,1,1
207,1,978,510,48,34,1,1,1
208,1,982,511,47,33,1,1,1
209,1,987,511,48,34,1,1,1
210,1,991,511,48,34,1,1,1
211,1,995,512,48,34,1,1,1
212,1,1000,512,48,34,1,1,1
213,1,1004,512,49,35,1,1,1
214,1,1011,512,49,34,1,1,1
215,1,1016,512,49,35,1,1,1
216,1,1021,512,49,35,1,1,1
217,1,1026,512,49,35,1,1,1
218,1,1034,513,48,34,1,1,1
219,1,1036,513,48,34,1,1,1
220,1,1039,513,48,34,1,1,1
221,1,1043,513,48,34,1,1,1
222,1,1051,514,47,33,1,1,1
223,1,1055,513,48,34,1,1,1
224,1,1060,513,49,35,1,1,1
225,1,1064,514,47,34,1,1,1
226,1,1069,514,47,33,1,1,1
227,1,1075,514,47,33,1,1,1
228,1,1077,514,47,33,1,1,1
229,1,1078,514,48,34,1,1,1
230,1,1083,514,49,34,1,1,1
231,1,1088,514,49,35,1,1,1
232,1,1093,514,48,34,1,1,1
233,1,1098,515,48,34,1,1,1
234,1,1103,515,47,33,1,1,1
235,1,1107,514,48,34,1,1,1
236,1,1114,514,48,34,1,1,1
237,1,1120,515,47,33,1,1,1
238,1,1122,515,48,34,1,1,1
239,1,1124,514,48,34,1,1,1
240,1,1132,515,48,34,1,1,1
241,1,1139,515,46,33,1,1,1
242,1,1144,515,46,33,1,1,1
243,1,1150,516,46,33,1,1,1
244,1,1156,516,46,33,1,1,1
245,1,1162,516,47,34,1,1,1
246,1,1169,517,46,33,1,1,1
247,1,1175,517,46,33,1,1,1
248,1,1182,517,45,32,1,1,1
249,1,1186,517,48,34,1,1,1
250,1,1189,517,47,33,1,1,1
251,1,1201,518,46,33,1,1,1
252,1,1204,518,46,33,1,1,1
253,1,1205,517,47,33,1,1,1
254,1,1216,518,46,33,1,1,1
255,1,1219,517,50,35,1,1,1
256,1,1227,518,46,33,1,1,1
257,1,1232,519,47,33,1,1,1
258,1,1237,519,47,34,1,1,1
259,1,1238,519,48,34,1,1,1
260,1,1249,518,48,34,1,1,1
261,1,1252,519,48,34,1,1,1
262,1,1254,519,47,34,1,1,1
263,1,1260,519,47,33,1,1,1
264,1,1269,519,47,33,1,1,1
265,1,1270,519,48,34,1,1,1
266,1,1274,519,49,35,1,1,1
267,1,1282,519,49,35,1,1,1
268,1,1286,519,49,35,1,1,1
269,1,1289,520,48,34,1,1,1
270,1,1292,520,48,34,1,1,1
271,1,1296,520,47,33,1,1,1
272,1,1299,520,48,34,1,1,1
273,1,1302,520,48,34,1,1,1
274,1,1306,520,48,34,1,1,1
275,1,1308,520,49,35,1,1,1
276,1,1319,522,49,35,1,1,1
277,1,1320,522,50,35,1,1,1
278,1,1327,522,50,36,1,1,1
279,1,1329,522,50,35,1,1,1
280,1,1335,522,51,36,1,1,1
281,1,1339,524,48,34,1,1,1
282,1,1341,525,46,33,1,1,1
283,1,1344,525,44,31,1,1,1
284,1,1350,525,45,32,1,1,1
285,1,1354,524,46,33,1,1,1
286,1,1358,525,46,32,1,1,1
287,1,1363,525,45,32,1,1,1
288,1,1367,525,45,32,1,1,1
289,1,1368,525,46,33,1,1,1
290,1,1371,524,47,33,1,1,1
291,1,1373,523,50,35,1,1,1
292,1,1376,522,50,36,1,1,1
293,1,1381,523,49,35,1,1,1
294,1,1385,522,52,37,1,1,1
295,1,1390,523,50,35,1,1,1
296,1,1392,523,50,35,1,1,1
297,1,1395,523,50,35,1,1,1
298,1,1402,524,48,34,1,1,1
299,1,1408,525,48,34,1,1,1
300,1,1411,524,50,35,1,1,1
301,1,1416,525,50,35,1,1,1
302,1,1420,524,50,36,1,1,1
303,1,1427,524,50,36,1,1,1
304,1,1429,525,50,36,1,1,1
305,1,1431,525,50,35,1,1,1
306,1,1435,525,50,36,1,1,1
307,1,1439,525,50,35,1,1,1
308,1,1446,525,50,36,1,1,1
309,1,1450,526,50,35,1,1,1
310,1,1453,526,49,35,1,1,1
311,1,1455,526,49,35,1,1,1
312,1,1461,527,49,35,1,1,1
313,1,1465,527,49,35,1,1,1
314,1,1468,527,50,36,1,1,1
315,1,1472,527,51,36,1,1,1
316,1,1475,526,52,37,1,1,1
317,1,1479,526,52,37,1,1,1
318,1,1483,527,51,36,1,1,1
319,1,1486,527,51,36,1,1,1
320,1,1490,527,50,35,1,1,1
321,1,1492,527,50,35,1,1,1
322,1,1496,527,50,35,1,1,1
323,1,1500,528,50,35,1,1,1
324,1,1503,528,50,35,1,1,1
325,1,1507,528,50,35,1,1,1
326,1,1510,528,50,35,1,1,1
327,1,1512,528,50,35,1,1,1
328,1,1520,529,50,35,1,1,1
329,1,1522,529,50,35,1,1,1
330,1,1524,529,50,35,1,1,1
331,1,1530,529,50,35,1,1,1
332,1,1532,529,51,36,1,1,1
333,1,1539,529,50,35,1,1,1
334,1,1544,530,50,35,1,1,1
335,1,1546,530,50,35,1,1,1
336,1,1551,530,50,35,1,1,1
337,1,1555,530,50,35,1,1,1
338,1,1559,529,51,35,1,1,1
339,1,1564,530,50,35,1,1,1
340,1,1567,530,50,35,1,1,1
341,1,1571,530,50,35,1,1,1
342,1,1575,530,51,36,1,1,1
343,1,1580,530,51,35,1,1,1
344,1,1584,530,51,36,1,1,1
345,1,1589,531,51,36,1,1,1
346,1,1591,531,51,36,1,1,1
347,1,1599,531,52,37,1,1,1
348,1,1601,531,51,36,1,1,1
349,1,1603,531,53,37,1,1,1
350,1,1609,531,52,36,1,1,1
351,1,1611,531,53,37,1,1,1
352,1,1617,531,53,37,1,1,1
353,1,1619,532,52,36,1,1,1
354,1,1620,532,52,37,1,1,1
355,1,1623,532,54,38,1,1,1
356,1,1629,533,52,37,1,1,1
357,1,1630,532,54,38,1,1,1
358,1,1634,532,54,38,1,1,1
359,1,1637,533,54,38,1,1,1
360,1,1638,533,54,38,1,1,1
361,1,1642,533,55,38,1,1,1
362,1,1644,534,54,38,1,1,1
363,1,1646,534,55,39,1,1,1
364,1,1649,534,56,39,1,1,1
365,1,1652,534,72,39,1,1,1
366,1,1654,534,73,39,1,1,1
367,1,1655,534,72,39,1,1,1
368,1,1656,534,73,40,1,1,1
369,1,1660,534,73,39,1,1,1
370,1,1662,534,73,40,1,1,1
371,1,1664,534,74,40,1,1,1
372,1,1667,535,73,40,1,1,1
373,1,1668,535,73,40,1,1,1
374,1,1671,535,74,40,1,1,1
375,1,1674,535,74,40,1,1,1
376,1,1677,535,74,40,1,1,1
377,1,1679,535,74,40,1,1,1
378,1,1680,535,74,40,1,1,1
379,1,1683,535,74,40,1,1,1
380,1,1685,535,75,41,1,1,1
381,1,1688,535,76,41,1,1,1
382,1,1690,536,75,41,1,1,1
383,1,1693,536,75,41,1,1,1
384,1,1694,536,76,41,1,1,1
385,1,1698,536,76,41,1,1,1
386,1,1699,536,76,41,1,1,1
387,1,1702,536,76,41,1,1,1
388,1,1704,536,77,42,1,1,1
389,1,1705,536,77,41,1,1,1
390,1,1709,537,76,41,1,1,1
391,1,1710,536,76,41,1,1,1
392,1,1712,537,77,42,1,1,1
393,1,1714,536,78,42,1,1,1
394,1,1717,537,77,42,1,1,1
395,1,1719,537,78,42,1,1,1
396,1,1721,538,78,42,1,1,1
397,1,1725,538,78,42,1,1,1
398,1,1726,538,78,42,1,1,1
399,1,1726,538,78,42,1,1,1
400,1,1727,538,79,43,1,1,1
401,1,1729,538,79,43,1,1,1
402,1,1731,538,79,43,1,1,1
403,1,1732,539,78,42,1,1,1
404,1,1733,538,79,43,1,1,1
405,1,1735,538,79,43,1,1,1
406,1,1736,538,80,43,1,1,1
407,1,1740,539,79,43,1,1,1
408,1,1741,539,79,43,1,1,1
1,2,879,520,63,38,1,1,1
2,2,880,520,64,39,1,1,1
3,2,881,520,63,38,1,1,1
4,2,882,520,63,38,1,1,1
5,2,883,520,63,38,1,1,1
6,2,884,520,63,38,1,1,1
7,2,885,520,62,37,1,1,1
8,2,885,520,62,38,1,1,1
9,2,885,520,62,38,1,1,1
10,2,885,521,63,38,1,1,1
11,2,884,520,64,39,1,1,1
12,2,885,521,63,38,1,1,1
13,2,885,521,63,38,1,1,1
14,2,884,520,63,38,1,1,1
15,2,883,520,64,38,1,1,1
16,2,882,520,64,38,1,1,1
17,2,882,520,64,39,1,1,1
18,2,881,520,64,39,1,1,1
19,2,881,520,63,38,1,1,1
20,2,880,520,64,38,1,1,1
21,2,879,520,64,38,1,1,1
22,2,878,520,64,39,1,1,1
23,2,877,520,63,38,1,1,1
24,2,874,520,64,39,1,1,1
25,2,873,520,64,39,1,1,1
26,2,872,520,63,38,1,1,1
27,2,871,520,63,38,1,1,1
28,2,868,519,63,38,1,1,1
29,2,866,519,65,39,1,1,1
30,2,864,519,64,38,1,1,1
31,2,863,519,64,39,1,1,1
32,2,860,519,65,39,1,1,1
33,2,859,519,64,39,1,1,1
34,2,858,519,63,38,1,1,1
35,2,856,519,62,38,1,1,1
36,2,854,519,61,37,1,1,1
37,2,853,519,61,37,1,1,1
38,2,851,519,62,37,1,1,1
39,2,850,519,62,37,1,1,1
40,2,847,519,62,37,1,1,1
41,2,845,519,62,37,1,1,1
42,2,844,519,61,37,1,1,1
43,2,843,518,62,37,1,1,1
44,2,842,519,62,37,1,1,1
45,2,839,518,62,37,1,1,1
46,2,837,518,61,37,1,1,1
47,2,837,518,61,37,1,1,1
48,2,836,518,61,37,1,1,1
49,2,834,518,62,37,1,1,1
50,2,833,519,61,37,1,1,1
51,2,832,518,61,37,1,1,1
52,2,832,519,61,37,1,1,1
53,2,831,519,61,37,1,1,1
54,2,830,519,61,37,1,1,1
55,2,830,519,61,37,1,1,1
56,2,830,519,61,37,1,1,1
57,2,829,519,61,37,1,1,1
58,2,829,519,61,37,1,1,1
59,2,829,519,62,37,1,1,1
60,2,829,519,62,37,1,1,1
61,2,829,519,61,37,1,1,1
62,2,829,519,61,37,1,1,1
63,2,828,519,62,37,1,1,1
64,2,829,520,62,37,1,1,1
65,2,829,520,62,37,1,1,1
66,2,828,519,63,38,1,1,1
67,2,828,519,63,38,1,1,1
68,2,829,520,62,37,1,1,1
69,2,830,519,62,38,1,1,1
70,2,831,519,63,38,1,1,1
71,2,832,519,62,38,1,1,1
72,2,833,519,62,38,1,1,1
73,2,835,519,62,38,1,1,1
74,2,837,519,62,38,1,1,1
75,2,838,520,62,37,1,1,1
76,2,839,520,62,37,1,1,1
77,2,841,520,61,37,1,1,1
78,2,843,520,62,37,1,1,1
79,2,846,520,61,37,1,1,1
80,2,847,520,62,37,1,1,1
81,2,850,520,61,37,1,1,1
82,2,851,520,61,37,1,1,1
83,2,852,520,61,37,1,1,1
84,2,853,520,62,37,1,1,1
85,2,856,519,62,37,1,1,1
86,2,857,519,63,38,1,1,1
87,2,858,519,62,38,1,1,1
88,2,859,519,63,38,1,1,1
89,2,861,519,63,38,1,1,1
90,2,862,519,63,38,1,1,1
91,2,863,519,63,38,1,1,1
92,2,863,519,63,38,1,1,1
93,2,865,520,63,38,1,1,1
94,2,866,520,63,38,1,1,1
95,2,866,520,63,38,1,1,1
96,2,866,521,63,38,1,1,1
97,2,867,521,63,38,1,1,1
98,2,867,521,63,38,1,1,1
99,2,867,521,63,38,1,1,1
100,2,867,521,63,38,1,1,1
101,2,866,521,63,38,1,1,1
102,2,866,521,63,38,1,1,1
103,2,865,521,63,38,1,1,1
104,2,864,521,63,38,1,1,1
105,2,863,521,63,38,1,1,1
106,2,862,521,63,38,1,1,1
107,2,860,521,64,39,1,1,1
108,2,858,520,66,40,1,1,1
109,2,858,521,63,38,1,1,1
110,2,858,521,63,38,1,1,1
111,2,855,521,62,37,1,1,1
112,2,854,521,62,38,1,1,1
113,2,854,521,62,37,1,1,1
114,2,851,520,63,38,1,1,1
115,2,850,520,62,38,1,1,1
116,2,848,520,62,38,1,1,1
117,2,847,520,62,37,1,1,1
118,2,846,520,62,37,1,1,1
119,2,844,520,62,37,1,1,1
120,2,843,520,61,37,1,1,1
121,2,841,520,61,37,1,1,1
122,2,840,520,61,37,1,1,1
123,2,839,520,62,37,1,1,1
124,2,837,519,61,37,1,1,1
125,2,836,519,62,38,1,1,1
126,2,836,519,61,37,1,1,1
127,2,836,519,61,37,1,1,1
128,2,835,518,61,37,1,1,1
129,2,835,518,61,37,1,1,1
130,2,834,518,61,37,1,1,1
131,2,834,518,62,37,1,1,1
132,2,833,518,62,37,1,1,1
133,2,834,518,61,37,1,1,1
134,2,833,518,62,37,1,1,1
135,2,834,518,61,37,1,1,1
136,2,833,518,62,37,1,1,1
137,2,833,519,62,37,1,1,1
138,2,833,519,61,37,1,1,1
139,2,833,519,62,37,1,1,1
140,2,833,519,63,38,1,1,1
141,2,833,520,62,37,1,1,1
142,2,833,520,62,37,1,1,1
143,2,834,520,62,37,1,1,1
144,2,835,521,62,37,1,1,1
145,2,835,521,62,37,1,1,1
146,2,836,521,61,37,1,1,1
147,2,837,521,62,37,1,1,1
148,2,838,521,62,37,1,1,1
149,2,839,521,62,37,1,1,1
150,2,840,520,62,37,1,1,1
151,2,842,520,60,36,1,1,1
152,2,843,520,60,36,1,1,1
153,2,845,519,60,36,1,1,1
154,2,847,518,60,36,1,1,1
155,2,849,518,61,37,1,1,1
156,2,850,518,61,37,1,1,1
157,2,853,518,60,36,1,1,1
158,2,854,518,61,37,1,1,1
159,2,855,518,61,37,1,1,1
160,2,860,519,61,37,1,1,1
161,2,862,519,60,36,1,1,1
162,2,862,519,61,37,1,1,1
163,2,865,519,61,37,1,1,1
164,2,866,519,61,37,1,1,1
165,2,869,520,60,36,1,1,1
166,2,870,520,61,37,1,1,1
167,2,873,520,59,36,1,1,1
168,2,874,520,60,36,1,1,1
169,2,875,519,61,37,1,1,1
170,2,876,519,61,37,1,1,1
171,2,877,519,60,36,1,1,1
172,2,877,519,60,36,1,1,1
173,2,877,519,61,37,1,1,1
174,2,877,519,60,36,1,1,1
175,2,876,519,61,37,1,1,1
176,2,877,519,60,36,1,1,1
177,2,876,519,60,36,1,1,1
178,2,876,519,59,36,1,1,1
179,2,876,519,60,36,1,1,1
180,2,876,519,59,36,1,1,1
181,2,874,519,60,36,1,1,1
182,2,874,519,61,36,1,1,1
183,2,873,519,61,36,1,1,1
184,2,871,519,61,36,1,1,1
185,2,869,519,61,36,1,1,1
186,2,868,519,60,36,1,1,1
187,2,866,519,59,36,1,1,1
188,2,863,519,60,36,1,1,1
189,2,861,519,60,36,1,1,1
190,2,859,519,60,36,1,1,1
191,2,857,519,60,36,1,1,1
192,2,856,518,61,37,1,1,1
193,2,854,519,60,36,1,1,1
194,2,851,514,60,41,1,1,1
195,2,850,514,60,41,1,1,1
196,2,848,514,60,41,1,1,1
197,2,845,514,59,40,1,1,1
198,2,842,514,61,41,1,1,1
199,2,841,514,59,41,1,1,1
200,2,839,514,60,41,1,1,1
201,2,838,515,59,40,1,1,1
202,2,837,515,59,40,1,1,1
203,2,834,515,58,40,1,1,1
204,2,832,515,59,40,1,1,1
205,2,832,515,59,41,1,1,1
206,2,830,515,58,40,1,1,1
207,2,828,515,58,40,1,1,1
208,2,827,515,59,40,1,1,1
209,2,826,515,59,40,1,1,1
210,2,825,515,60,41,1,1,1
211,2,824,514,60,41,1,1,1
212,2,823,515,60,41,1,1,1
213,2,822,514,60,41,1,1,1
214,2,821,515,60,41,1,1,1
215,2,821,515,60,41,1,1,1
216,2,821,515,60,41,1,1,1
217,2,820,515,60,41,1,1,1
218,2,821,515,60,41,1,1,1
219,2,821,515,60,41,1,1,1
220,2,821,515,59,40,1,1,1
221,2,820,514,61,42,1,1,1
222,2,821,515,61,42,1,1,1
223,2,822,515,60,41,1,1,1
224,2,822,515,60,41,1,1,1
225,2,823,515,59,41,1,1,1
226,2,823,515,62,42,1,1,1
227,2,826,515,62,42,1,1,1
228,2,827,515,60,41,1,1,1
229,2,828,516,60,41,1,1,1
230,2,828,516,61,41,1,1,1
231,2,830,516,60,41,1,1,1
232,2,830,516,61,42,1,1,1
233,2,831,516,62,42,1,1,1
234,2,831,516,62,42,1,1,1
235,2,831,515,63,43,1,1,1
236,2,832,515,64,43,1,1,1
237,2,833,515,64,44,1,1,1
238,2,833,515,64,44,1,1,1
239,2,844,517,64,44,1,1,1
240,2,846,517,63,43,1,1,1
241,2,847,516,65,45,1,1,1
242,2,849,517,64,44,1,1,1
243,2,850,516,64,44,1,1,1
244,2,850,516,65,45,1,1,1
245,2,852,515,64,44,1,1,1
246,2,852,514,65,44,1,1,1
247,2,854,514,64,44,1,1,1
248,2,855,514,63,43,1,1,1
249,2,855,514,63,43,1,1,1
250,2,855,514,63,43,1,1,1
251,2,856,514,63,43,1,1,1
252,2,856,514,63,43,1,1,1
253,2,856,514,63,43,1,1,1
254,2,856,514,63,43,1,1,1
255,2,856,514,63,43,1,1,1
256,2,857,514,63,43,1,1,1
257,2,857,514,63,43,1,1,1
258,2,857,514,63,43,1,1,1
259,2,857,514,63,43,1,1,1
260,2,857,514,63,43,1,1,1
261,2,857,514,63,43,1,1,1
262,2,857,514,63,43,1,1,1
263,2,860,513,65,45,1,1,1
264,2,860,513,65,45,1,1,1
265,2,860,513,65,45,1,1,1
266,2,860,513,65,45,1,1,1
267,2,860,514,65,44,1,1,1
268,2,860,514,65,44,1,1,1
269,2,860,514,65,44,1,1,1
270,2,860,514,65,44,1,1,1
271,2,860,514,65,44,1,1,1
272,2,860,514,64,44,1,1,1
273,2,859,514,65,45,1,1,1
274,2,857,513,65,45,1,1,1
275,2,857,513,65,45,1,1,1
276,2,857,513,65,45,1,1,1
277,2,857,513,65,45,1,1,1
278,2,856,513,65,45,1,1,1
279,2,855,513,65,45,1,1,1
280,2,854,513,65,45,1,1,1
281,2,853,513,65,45,1,1,1
282,2,853,513,66,45,1,1,1
283,2,852,513,66,45,1,1,1
284,2,850,513,67,46,1,1,1
285,2,849,513,67,46,1,1,1
286,2,839,511,67,46,1,1,1
287,2,838,511,66,45,1,1,1
288,2,838,512,65,44,1,1,1
289,2,836,511,66,46,1,1,1
290,2,834,511,66,45,1,1,1
291,2,834,511,67,46,1,1,1
292,2,832,511,66,45,1,1,1
293,2,832,511,66,45,1,1,1
294,2,830,511,66,45,1,1,1
295,2,829,511,66,45,1,1,1
296,2,828,511,66,45,1,1,1
297,2,828,511,66,45,1,1,1
298,2,826,511,66,45,1,1,1
299,2,825,511,66,46,1,1,1
300,2,825,511,66,45,1,1,1
301,2,824,511,65,45,1,1,1
302,2,823,511,66,45,1,1,1
303,2,822,511,66,45,1,1,1
304,2,822,511,66,45,1,1,1
305,2,822,511,66,45,1,1,1
306,2,821,511,66,45,1,1,1
307,2,821,511,67,46,1,1,1
308,2,821,511,67,46,1,1,1
309,2,820,510,67,46,1,1,1
310,2,820,510,67,46,1,1,1
311,2,820,510,67,46,1,1,1
312,2,820,511,66,46,1,1,1
313,2,820,511,66,45,1,1,1
314,2,820,511,67,46,1,1,1
315,2,820,511,66,45,1,1,1
316,2,820,511,66,45,1,1,1
317,2,820,511,66,45,1,1,1
318,2,820,511,66,45,1,1,1
319,2,820,511,66,46,1,1,1
320,2,820,511,66,46,1,1,1
321,2,820,511,66,46,1,1,1
322,2,820,511,66,46,1,1,1
323,2,819,511,66,46,1,1,1
324,2,820,511,66,46,1,1,1
325,2,819,511,67,46,1,1,1
326,2,820,511,67,46,1,1,1
327,2,820,512,66,46,1,1,1
328,2,821,512,66,46,1,1,1
329,2,821,512,66,46,1,1,1
330,2,822,512,66,46,1,1,1
331,2,823,512,66,46,1,1,1
332,2,823,512,66,46,1,1,1
333,2,825,513,65,46,1,1,1
334,2,825,512,67,47,1,1,1
335,2,826,512,68,47,1,1,1
336,2,827,512,67,47,1,1,1
337,2,828,513,66,46,1,1,1
338,2,830,513,66,46,1,1,1
339,2,830,513,66,46,1,1,1
340,2,830,513,66,46,1,1,1
341,2,831,513,66,46,1,1,1
342,2,830,513,67,47,1,1,1
343,2,831,513,67,46,1,1,1
344,2,831,513,67,47,1,1,1
345,2,831,513,68,47,1,1,1
346,2,832,512,68,47,1,1,1
347,2,832,512,68,47,1,1,1
348,2,832,512,68,47,1,1,1
349,2,832,512,68,47,1,1,1
350,2,832,512,69,48,1,1,1
351,2,832,511,69,48,1,1,1
352,2,833,512,69,48,1,1,1
353,2,833,512,69,48,1,1,1
354,2,832,511,70,49,1,1,1
355,2,833,512,69,48,1,1,1
356,2,834,512,69,48,1,1,1
357,2,834,512,69,48,1,1,1
358,2,834,512,69,48,1,1,1
359,2,834,512,68,48,1,1,1
360,2,834,512,69,48,1,1,1
361,2,835,512,69,48,1,1,1
362,2,835,512,70,49,1,1,1
363,2,835,512,70,49,1,1,1
364,2,837,512,69,48,1,1,1
365,2,837,512,70,48,1,1,1
366,2,838,512,69,48,1,1,1
367,2,838,512,69,48,1,1,1
368,2,839,512,68,47,1,1,1
369,2,839,512,69,48,1,1,1
370,2,840,512,68,48,1,1,1
371,2,840,512,68,48,1,1,1
372,2,841,512,68,47,1,1,1
373,2,841,512,68,47,1,1,1
374,2,841,512,67,47,1,1,1
375,2,841,512,67,47,1,1,1
376,2,841,512,67,46,1,1,1
377,2,841,511,67,46,1,1,1
378,2,842,511,66,46,1,1,1
379,2,842,511,66,46,1,1,1
380,2,842,511,66,46,1,1,1
381,2,842,511,65,46,1,1,1
382,2,842,511,65,46,1,1,1
383,2,841,511,66,46,1,1,1
384,2,841,511,66,46,1,1,1
385,2,841,512,66,46,1,1,1
386,2,840,512,66,46,1,1,1
387,2,840,512,66,46,1,1,1
388,2,838,512,66,46,1,1,1
389,2,838,512,67,46,1,1,1
390,2,837,512,66,46,1,1,1
391,2,837,512,66,46,1,1,1
392,2,837,511,67,47,1,1,1
393,2,837,512,66,46,1,1,1
394,2,837,512,66,46,1,1,1
395,2,836,511,67,47,1,1,1
396,2,836,512,67,47,1,1,1
397,2,836,512,67,46,1,1,1
398,2,836,512,66,46,1,1,1
399,2,836,512,66,46,1,1,1
400,2,836,512,66,46,1,1,1
401,2,836,512,67,46,1,1,1
402,2,835,512,67,46,1,1,1
403,2,835,512,66,46,1,1,1
404,2,835,512,66,46,1,1,1
405,2,835,512,67,46,1,1,1
406,2,835,512,66,46,1,1,1
407,2,834,512,66,46,1,1,1
408,2,834,512,66,46,1,1,1
1,3,909,468,47,30,1,1,1
2,3,909,467,51,33,1,1,1
3,3,923,467,47,30,1,1,1
4,3,927,467,47,30,1,1,1
5,3,932,467,47,30,1,1,1
6,3,939,468,45,29,1,1,1
7,3,948,468,45,29,1,1,1
8,3,952,468,45,29,1,1,1
9,3,953,468,45,29,1,1,1
10,3,958,469,44,28,1,1,1
11,3,967,470,42,27,1,1,1
12,3,971,470,42,27,1,1,1
13,3,976,471,39,25,1,1,1
14,3,980,472,36,23,1,1,1
15,3,984,472,43,34,1,1,1
16,3,989,472,43,34,1,1,1
17,3,993,473,43,34,1,1,1
18,3,994,472,43,34,1,1,1
19,3,994,467,50,40,1,1,1
20,3,994,467,50,40,1,1,1
21,3,1008,468,50,40,1,1,1
22,3,1008,468,50,40,1,1,1
23,3,1015,465,50,40,1,1,1
24,3,1025,465,52,41,1,1,1
25,3,1030,464,53,42,1,1,1
26,3,1037,467,53,43,1,1,1
27,3,1037,467,53,43,1,1,1
28,3,1048,467,54,44,1,1,1
29,3,1048,467,54,44,1,1,1
30,3,1048,465,57,46,1,1,1
31,3,1048,465,57,46,1,1,1
32,3,1072,467,57,46,1,1,1
33,3,1072,467,57,46,1,1,1
34,3,1072,467,57,46,1,1,1
35,3,1072,467,57,46,1,1,1
36,3,1086,466,57,46,1,1,1
37,3,1086,465,59,48,1,1,1
38,3,1096,467,55,44,1,1,1
39,3,1108,472,45,32,1,1,1
40,3,1108,472,45,32,1,1,1
41,3,1118,473,45,32,1,1,1
42,3,1122,474,43,30,1,1,1
43,3,1118,471,49,35,1,1,1
44,3,1133,476,39,28,1,1,1
45,3,1139,475,41,29,1,1,1
46,3,1140,474,42,30,1,1,1
47,3,1141,474,44,31,1,1,1
48,3,1141,473,46,33,1,1,1
49,3,1141,472,51,37,1,1,1
50,3,1155,472,52,37,1,1,1
51,3,1158,473,50,36,1,1,1
52,3,1160,472,52,37,1,1,1
53,3,1166,472,54,38,1,1,1
54,3,1172,472,52,37,1,1,1
55,3,1175,470,53,37,1,1,1
56,3,1178,470,52,37,1,1,1
57,3,1178,471,52,36,1,1,1
58,3,1191,474,52,36,1,1,1
59,3,1192,474,51,35,1,1,1
60,3,1192,474,52,36,1,1,1
61,3,1201,474,52,36,1,1,1
62,3,1201,473,56,38,1,1,1
63,3,1202,472,58,40,1,1,1
64,3,1202,471,60,42,1,1,1
65,3,1202,472,58,40,1,1,1
66,3,1224,470,59,41,1,1,1
67,3,1225,470,59,41,1,1,1
68,3,1225,470,58,41,1,1,1
69,3,1225,470,58,41,1,1,1
70,3,1225,470,59,41,1,1,1
71,3,1243,468,59,41,1,1,1
72,3,1246,469,57,40,1,1,1
73,3,1253,470,56,39,1,1,1
74,3,1257,470,56,39,1,1,1
75,3,1258,470,55,38,1,1,1
76,3,1258,469,59,41,1,1,1
77,3,1259,469,59,41,1,1,1
78,3,1259,469,59,41,1,1,1
79,3,1259,468,59,41,1,1,1
80,3,1276,474,44,36,1,1,1
81,3,1276,474,44,36,1,1,1
82,3,1283,474,45,37,1,1,1
83,3,1284,474,45,37,1,1,1
84,3,1287,475,43,35,1,1,1
85,3,1292,476,43,36,1,1,1
86,3,1295,477,43,35,1,1,1
87,3,1297,477,42,35,1,1,1
88,3,1298,477,42,35,1,1,1
89,3,1299,477,42,35,1,1,1
90,3,1299,476,44,36,1,1,1
91,3,1299,476,44,36,1,1,1
92,3,1311,475,46,38,1,1,1
93,3,1316,475,46,38,1,1,1
94,3,1318,475,46,38,1,1,1
95,3,1319,475,47,39,1,1,1
96,3,1322,475,47,39,1,1,1
97,3,1326,474,48,39,1,1,1
98,3,1326,474,48,40,1,1,1
99,3,1326,474,48,40,1,1,1
100,3,1330,474,48,40,1,1,1
101,3,1333,474,48,40,1,1,1
102,3,1335,474,48,40,1,1,1
103,3,1337,474,48,40,1,1,1
104,3,1340,474,47,40,1,1,1
105,3,1342,474,47,40,1,1,1
106,3,1345,474,47,40,1,1,1
107,3,1349,476,45,38,1,1,1
108,3,1352,476,44,37,1,1,1
109,3,1352,476,45,37,1,1,1
110,3,1353,476,45,37,1,1,1
111,3,1368,477,44,37,1,1,1
112,3,1369,477,44,37,1,1,1
113,3,1371,478,42,36,1,1,1
114,3,1374,477,44,37,1,1,1
115,3,1378,477,44,37,1,1,1
116,3,1380,477,45,37,1,1,1
117,3,1382,477,45,38,1,1,1
118,3,1385,479,42,35,1,1,1
119,3,1388,478,45,38,1,1,1
120,3,1389,479,44,37,1,1,1
121,3,1390,479,44,37,1,1,1
122,3,1390,479,44,37,1,1,1
123,3,1390,479,45,38,1,1,1
124,3,1391,478,46,38,1,1,1
125,3,1391,478,46,39,1,1,1
126,3,1391,478,47,39,1,1,1
127,3,1403,474,47,39,1,1,1
128,3,1405,475,46,38,1,1,1
129,3,1406,475,45,38,1,1,1
130,3,1407,475,47,39,1,1,1
131,3,1409,475,48,40,1,1,1
132,3,1410,475,48,40,1,1,1
133,3,1410,475,48,40,1,1,1
134,3,1411,475,48,40,1,1,1
135,3,1412,475,48,39,1,1,1
136,3,1412,475,49,40,1,1,1
137,3,1414,475,47,39,1,1,1
138,3,1414,475,47,39,1,1,1
139,3,1415,474,47,39,1,1,1
140,3,1415,474,47,39,1,1,1
141,3,1416,474,47,39,1,1,1
142,3,1416,474,47,39,1,1,1
143,3,1416,473,48,39,1,1,1
144,3,1417,473,48,40,1,1,1
145,3,1417,473,48,40,1,1,1
146,3,1417,473,48,40,1,1,1
147,3,1419,473,49,41,1,1,1
148,3,1419,473,49,41,1,1,1
149,3,1419,473,50,41,1,1,1
150,3,1420,473,50,41,1,1,1
151,3,1421,473,50,41,1,1,1
152,3,1421,473,50,41,1,1,1
153,3,1421,473,51,42,1,1,1
154,3,1421,473,51,42,1,1,1
155,3,1422,473,51,43,1,1,1
156,3,1422,473,52,43,1,1,1
157,3,1422,473,51,43,1,1,1
158,3,1422,473,51,43,1,1,1
159,3,1422,473,52,43,1,1,1
160,3,1422,473,52,43,1,1,1
161,3,1422,473,52,43,1,1,1
162,3,1422,473,52,43,1,1,1
163,3,1422,473,52,43,1,1,1
164,3,1422,473,52,43,1,1,1
165,3,1422,473,52,43,1,1,1
166,3,1422,473,52,43,1,1,1
167,3,1422,473,52,43,1,1,1
168,3,1421,473,51,42,1,1,1
169,3,1421,473,51,42,1,1,1
170,3,1421,473,60,48,1,1,1
171,3,1420,473,60,48,1,1,1
172,3,1418,472,61,49,1,1,1
173,3,1415,472,61,49,1,1,1
174,3,1413,472,61,49,1,1,1
175,3,1410,472,62,50,1,1,1
176,3,1408,472,62,49,1,1,1
177,3,1407,472,61,49,1,1,1
178,3,1405,473,59,47,1,1,1
179,3,1405,473,58,46,1,1,1
180,3,1397,474,58,46,1,1,1
181,3,1396,474,58,46,1,1,1
182,3,1395,474,59,46,1,1,1
183,3,1397,474,58,46,1,1,1
184,3,1397,474,58,46,1,1,1
185,3,1398,474,57,45,1,1,1
186,3,1397,474,57,46,1,1,1
187,3,1397,474,58,46,1,1,1
188,3,1397,474,58,46,1,1,1
189,3,1380,468,59,47,1,1,1
190,3,1378,468,60,48,1,1,1
191,3,1377,468,60,48,1,1,1
192,3,1376,467,62,49,1,1,1
193,3,1373,468,59,47,1,1,1
194,3,1370,466,61,49,1,1,1
195,3,1369,466,61,48,1,1,1
196,3,1366,466,61,49,1,1,1
197,3,1363,465,62,49,1,1,1
198,3,1362,466,60,48,1,1,1
199,3,1359,465,61,49,1,1,1
200,3,1358,466,61,48,1,1,1
201,3,1356,466,61,48,1,1,1
202,3,1355,466,60,47,1,1,1
203,3,1349,465,63,50,1,1,1
204,3,1348,465,63,50,1,1,1
205,3,1348,466,61,49,1,1,1
206,3,1347,466,62,50,1,1,1
207,3,1344,467,59,47,1,1,1
208,3,1343,467,60,48,1,1,1
209,3,1342,467,61,48,1,1,1
210,3,1340,466,62,49,1,1,1
211,3,1337,468,59,47,1,1,1
212,3,1336,468,59,47,1,1,1
213,3,1334,468,59,47,1,1,1
214,3,1331,467,62,49,1,1,1
215,3,1329,466,63,50,1,1,1
216,3,1328,466,64,51,1,1,1
217,3,1326,466,65,52,1,1,1
218,3,1324,466,66,53,1,1,1
219,3,1324,466,66,53,1,1,1
220,3,1324,466,66,53,1,1,1
221,3,1323,465,67,53,1,1,1
222,3,1322,465,67,54,1,1,1
223,3,1306,465,68,54,1,1,1
224,3,1305,465,68,54,1,1,1
225,3,1302,464,69,55,1,1,1
226,3,1299,464,69,55,1,1,1
227,3,1296,464,69,55,1,1,1
228,3,1295,464,69,55,1,1,1
229,3,1294,464,69,55,1,1,1
230,3,1291,464,68,54,1,1,1
231,3,1286,463,70,56,1,1,1
232,3,1282,463,71,56,1,1,1
233,3,1279,464,68,54,1,1,1
234,3,1278,464,67,53,1,1,1
235,3,1277,464,67,53,1,1,1
236,3,1276,464,66,53,1,1,1
237,3,1275,463,68,54,1,1,1
238,3,1275,463,68,54,1,1,1
239,3,1256,462,68,54,1,1,1
240,3,1247,462,67,54,1,1,1
241,3,1240,461,68,54,1,1,1
242,3,1233,461,69,54,1,1,1
243,3,1224,460,71,57,1,1,1
244,3,1216,461,69,55,1,1,1
245,3,1207,456,76,60,1,1,1
246,3,1198,457,75,60,1,1,1
247,3,1189,457,76,60,1,1,1
248,3,1179,456,76,60,1,1,1
249,3,1173,463,64,51,1,1,1
250,3,1166,461,69,55,1,1,1
251,3,1153,466,53,46,1,1,1
252,3,1147,466,53,46,1,1,1
253,3,1143,466,53,46,1,1,1
254,3,1128,466,53,46,1,1,1
255,3,1117,465,54,47,1,1,1
256,3,1106,464,55,48,1,1,1
257,3,1096,465,52,45,1,1,1
258,3,1086,465,52,45,1,1,1
259,3,1081,465,52,45,1,1,1
260,3,1061,465,52,45,1,1,1
261,3,1056,465,52,45,1,1,1
262,3,1051,465,52,45,1,1,1
263,3,1040,464,52,45,1,1,1
264,3,1025,464,51,44,1,1,1
265,3,1021,464,51,44,1,1,1
266,3,1008,459,60,52,1,1,1
267,3,995,459,61,53,1,1,1
268,3,989,459,59,51,1,1,1
269,3,981,459,60,52,1,1,1
270,3,975,459,59,51,1,1,1
271,3,972,459,59,51,1,1,1
272,3,965,459,59,51,1,1,1
273,3,960,459,59,52,1,1,1
274,3,954,459,59,51,1,1,1
275,3,949,459,59,51,1,1,1
276,3,945,459,58,50,1,1,1
277,3,943,459,58,50,1,1,1
278,3,933,459,59,51,1,1,1
279,3,931,459,59,51,1,1,1
280,3,924,458,59,52,1,1,1
281,3,919,458,60,52,1,1,1
282,3,917,458,60,52,1,1,1
283,3,915,458,60,52,1,1,1
284,3,909,459,59,51,1,1,1
285,3,905,459,59,51,1,1,1
286,3,892,458,73,51,1,1,1
287,3,890,459,71,49,1,1,1
288,3,883,458,73,51,1,1,1
289,3,880,458,73,51,1,1,1
290,3,875,457,74,51,1,1,1
291,3,870,457,73,51,1,1,1
292,3,865,457,73,51,1,1,1
293,3,863,457,73,51,1,1,1
294,3,863,457,74,51,1,1,1
295,3,863,457,74,51,1,1,1
296,3,863,457,74,51,1,1,1
297,3,840,458,72,50,1,1,1
298,3,829,458,72,50,1,1,1
299,3,822,458,72,50,1,1,1
300,3,814,458,71,49,1,1,1
301,3,804,456,79,56,1,1,1
302,3,804,456,79,55,1,1,1
303,3,779,457,79,55,1,1,1
304,3,778,459,75,52,1,1,1
305,3,779,458,78,54,1,1,1
306,3,779,458,78,54,1,1,1
307,3,751,457,78,54,1,1,1
308,3,751,457,78,54,1,1,1
309,3,730,455,78,54,1,1,1
310,3,725,453,83,57,1,1,1
311,3,712,453,78,54,1,1,1
312,3,712,453,78,54,1,1,1
313,3,694,455,78,54,1,1,1
314,3,684,454,80,56,1,1,1
315,3,669,447,95,66,1,1,1
316,3,660,454,80,59,1,1,1
317,3,649,453,81,60,1,1,1
318,3,639,453,81,60,1,1,1
319,3,629,453,80,59,1,1,1
320,3,629,454,80,59,1,1,1
321,3,624,454,80,59,1,1,1
322,3,613,454,80,59,1,1,1
323,3,607,454,79,58,1,1,1
324,3,588,453,80,59,1,1,1
325,3,588,453,80,59,1,1,1
326,3,588,453,80,59,1,1,1
327,3,561,450,80,59,1,1,1
328,3,541,449,81,60,1,1,1
329,3,537,449,80,59,1,1,1
330,3,531,447,84,62,1,1,1
331,3,509,449,84,62,1,1,1
332,3,509,449,84,62,1,1,1
333,3,490,448,85,63,1,1,1
334,3,480,448,86,64,1,1,1
335,3,476,448,86,63,1,1,1
336,3,476,448,86,63,1,1,1
337,3,458,446,85,63,1,1,1
338,3,449,446,85,63,1,1,1
339,3,449,446,86,63,1,1,1
340,3,436,445,85,63,1,1,1
341,3,428,445,85,63,1,1,1
342,3,420,445,86,63,1,1,1
343,3,413,444,87,64,1,1,1
344,3,406,444,85,63,1,1,1
345,3,399,444,86,63,1,1,1
346,3,396,444,87,64,1,1,1
347,3,382,443,87,64,1,1,1
348,3,380,443,87,64,1,1,1
349,3,378,443,88,65,1,1,1
350,3,368,442,88,65,1,1,1
351,3,367,443,87,65,1,1,1
352,3,357,443,87,64,1,1,1
353,3,354,443,88,65,1,1,1
354,3,351,442,88,65,1,1,1
355,3,345,441,91,67,1,1,1
356,3,335,441,90,67,1,1,1
357,3,333,440,91,68,1,1,1
358,3,327,440,92,68,1,1,1
359,3,321,438,96,71,1,1,1
360,3,319,437,97,72,1,1,1
361,3,309,432,107,79,1,1,1
362,3,306,432,108,80,1,1,1
363,3,300,428,114,84,1,1,1
364,3,300,428,115,85,1,1,1
365,3,279,445,92,53,1,1,1
366,3,272,443,97,56,1,1,1
367,3,270,445,91,53,1,1,1
368,3,267,445,92,53,1,1,1
369,3,258,445,92,53,1,1,1
370,3,258,445,82,54,1,1,1
371,3,253,445,82,54,1,1,1
372,3,247,445,82,54,1,1,1
373,3,244,445,82,54,1,1,1
374,3,241,444,82,54,1,1,1
375,3,238,444,83,55,1,1,1
376,3,229,444,82,54,1,1,1
377,3,227,444,83,54,1,1,1
378,3,226,443,83,55,1,1,1
379,3,226,444,83,54,1,1,1
380,3,207,443,83,55,1,1,1
381,3,204,444,79,52,1,1,1
382,3,196,443,83,55,1,1,1
383,3,191,443,82,54,1,1,1
384,3,188,442,83,55,1,1,1
385,3,180,442,82,54,1,1,1
386,3,177,442,82,54,1,1,1
387,3,171,442,83,55,1,1,1
388,3,164,441,86,57,1,1,1
389,3,162,442,82,54,1,1,1
390,3,152,441,82,55,1,1,1
391,3,149,441,82,55,1,1,1
392,3,143,441,82,54,1,1,1
393,3,136,440,83,55,1,1,1
394,3,130,441,82,54,1,1,1
395,3,124,441,82,54,1,1,1
396,3,117,440,82,54,1,1,1
397,3,107,440,81,54,1,1,1
398,3,104,440,80,53,1,1,1
399,3,100,439,81,54,1,1,1
400,3,93,439,82,54,1,1,1
401,3,87,439,81,53,1,1,1
402,3,77,439,81,54,1,1,1
403,3,75,439,80,53,1,1,1
404,3,72,438,80,53,1,1,1
405,3,65,438,81,54,1,1,1
406,3,59,437,81,53,1,1,1
407,3,49,437,81,54,1,1,1
408,3,46,437,81,54,1,1,1
1,4,1776,337,93,46,1,1,1
2,4,1769,336,93,46,1,1,1
3,4,1764,336,92,46,1,1,1
4,4,1758,336,92,46,1,1,1
5,4,1752,335,93,46,1,1,1
6,4,1743,334,93,46,1,1,1
7,4,1732,334,93,46,1,1,1
8,4,1725,333,94,46,1,1,1
9,4,1722,333,93,46,1,1,1
10,4,1716,332,94,46,1,1,1
11,4,1704,332,94,46,1,1,1
12,4,1697,330,97,48,1,1,1
13,4,1689,329,103,51,1,1,1
14,4,1680,327,111,55,1,1,1
15,4,1669,324,120,59,1,1,1
16,4,1669,324,120,59,1,1,1
17,4,1669,324,120,59,1,1,1
18,4,1669,324,120,59,1,1,1
19,4,1653,319,88,54,1,1,1
20,4,1642,318,89,54,1,1,1
21,4,1634,317,90,55,1,1,1
22,4,1634,318,90,55,1,1,1
23,4,1619,316,89,55,1,1,1
24,4,1598,317,89,55,1,1,1
25,4,1598,317,89,55,1,1,1
26,4,1586,317,90,55,1,1,1
27,4,1586,317,90,55,1,1,1
28,4,1567,316,89,55,1,1,1
29,4,1556,313,99,61,1,1,1
30,4,1556,313,80,59,1,1,1
31,4,1548,313,80,59,1,1,1
32,4,1535,313,80,59,1,1,1
33,4,1527,313,80,59,1,1,1
34,4,1518,312,80,59,1,1,1
35,4,1508,310,88,65,1,1,1
36,4,1496,309,88,65,1,1,1
37,4,1488,309,88,65,1,1,1
38,4,1479,309,87,64,1,1,1
39,4,1474,309,83,61,1,1,1
40,4,1461,310,83,61,1,1,1
41,4,1440,304,91,67,1,1,1
42,4,1439,304,92,68,1,1,1
43,4,1423,304,90,67,1,1,1
44,4,1424,304,90,67,1,1,1
45,4,1399,301,90,67,1,1,1
46,4,1390,299,95,71,1,1,1
47,4,1386,301,89,66,1,1,1
48,4,1377,301,90,67,1,1,1
49,4,1377,301,90,67,1,1,1
50,4,1356,303,90,67,1,1,1
51,4,1352,302,93,69,1,1,1
52,4,1343,303,90,67,1,1,1
53,4,1326,303,89,66,1,1,1
54,4,1317,302,90,67,1,1,1
55,4,1312,302,91,68,1,1,1
56,4,1304,302,91,68,1,1,1
57,4,1304,302,91,68,1,1,1
58,4,1276,302,91,68,1,1,1
59,4,1275,302,90,67,1,1,1
60,4,1265,302,90,67,1,1,1
61,4,1253,302,89,67,1,1,1
62,4,1242,298,99,75,1,1,1
63,4,1238,297,103,77,1,1,1
64,4,1230,306,82,56,1,1,1
65,4,1214,305,81,55,1,1,1
66,4,1205,304,81,55,1,1,1
67,4,1201,304,80,55,1,1,1
68,4,1193,304,79,54,1,1,1
69,4,1175,302,78,54,1,1,1
70,4,1168,303,76,52,1,1,1
71,4,1164,302,75,51,1,1,1
72,4,1156,302,74,51,1,1,1
73,4,1139,302,69,47,1,1,1
74,4,1129,301,71,48,1,1,1
75,4,1120,300,70,48,1,1,1
76,4,1110,299,71,49,1,1,1
77,4,1100,299,71,49,1,1,1
78,4,1091,299,72,49,1,1,1
79,4,1078,298,72,49,1,1,1
80,4,1069,297,73,50,1,1,1
81,4,1059,297,72,49,1,1,1
82,4,1050,296,73,50,1,1,1
83,4,1040,296,73,50,1,1,1
84,4,1036,296,74,51,1,1,1
85,4,1018,295,74,51,1,1,1
86,4,1010,294,75,51,1,1,1
87,4,1005,294,76,52,1,1,1
88,4,995,293,80,55,1,1,1
89,4,977,292,81,55,1,1,1
90,4,969,292,81,56,1,1,1
91,4,964,292,81,56,1,1,1
92,4,956,291,81,56,1,1,1
93,4,938,290,82,56,1,1,1
94,4,930,290,81,56,1,1,1
95,4,925,290,82,56,1,1,1
96,4,919,290,80,54,1,1,1
97,4,902,289,79,54,1,1,1
98,4,898,289,80,54,1,1,1
99,4,890,287,76,51,1,1,1
100,4,878,287,75,50,1,1,1
101,4,865,286,74,50,1,1,1
102,4,863,286,74,49,1,1,1
103,4,855,286,73,49,1,1,1
104,4,842,284,74,49,1,1,1
105,4,833,284,74,50,1,1,1
106,4,824,283,73,49,1,1,1
107,4,807,282,75,50,1,1,1
108,4,798,282,74,50,1,1,1
109,4,794,282,73,49,1,1,1
110,4,790,282,73,49,1,1,1
111,4,767,281,73,49,1,1,1
112,4,763,281,73,49,1,1,1
113,4,758,280,74,50,1,1,1
114,4,749,280,74,49,1,1,1
115,4,735,279,75,50,1,1,1
116,4,726,279,75,50,1,1,1
117,4,717,279,75,50,1,1,1
118,4,708,279,75,50,1,1,1
119,4,694,279,75,50,1,1,1
120,4,685,279,76,51,1,1,1
121,4,676,279,76,51,1,1,1
122,4,668,279,76,51,1,1,1
123,4,656,278,77,51,1,1,1
124,4,642,279,76,51,1,1,1
125,4,634,279,76,51,1,1,1
126,4,623,278,83,56,1,1,1
127,4,615,279,82,55,1,1,1
128,4,601,279,83,56,1,1,1
129,4,591,279,88,59,1,1,1
130,4,582,279,88,59,1,1,1
131,4,574,281,86,58,1,1,1
132,4,562,282,86,58,1,1,1
133,4,554,283,87,58,1,1,1
134,4,551,284,87,58,1,1,1
135,4,548,284,86,58,1,1,1
136,4,537,285,87,58,1,1,1
137,4,529,286,88,59,1,1,1
138,4,529,286,88,59,1,1,1
139,4,522,287,88,59,1,1,1
140,4,515,288,88,59,1,1,1
141,4,505,289,88,59,1,1,1
142,4,502,290,88,59,1,1,1
143,4,489,291,89,60,1,1,1
144,4,483,292,90,60,1,1,1
145,4,481,292,89,60,1,1,1
146,4,476,293,89,60,1,1,1
147,4,465,296,87,58,1,1,1
148,4,463,296,87,58,1,1,1
149,4,461,296,88,59,1,1,1
150,4,454,298,87,58,1,1,1
151,4,449,299,88,59,1,1,1
152,4,444,300,88,59,1,1,1
153,4,440,308,73,49,1,1,1
154,4,434,310,72,48,1,1,1
155,4,430,311,72,48,1,1,1
156,4,426,313,72,48,1,1,1
157,4,422,314,72,48,1,1,1
158,4,418,315,72,48,1,1,1
159,4,415,316,72,48,1,1,1
160,4,406,318,72,48,1,1,1
161,4,402,319,72,48,1,1,1
162,4,400,320,71,48,1,1,1
163,4,396,321,71,48,1,1,1
164,4,392,322,71,48,1,1,1
165,4,388,322,71,48,1,1,1
166,4,383,323,71,48,1,1,1
167,4,376,324,71,48,1,1,1
168,4,372,325,71,47,1,1,1
169,4,368,326,71,48,1,1,1
170,4,363,326,71,48,1,1,1
171,4,356,328,70,47,1,1,1
172,4,353,328,71,47,1,1,1
173,4,346,329,70,47,1,1,1
174,4,341,329,70,47,1,1,1
175,4,336,330,71,47,1,1,1
176,4,331,330,70,47,1,1,1
177,4,325,331,71,47,1,1,1
178,4,319,331,71,48,1,1,1
179,4,316,331,71,48,1,1,1
180,4,311,331,71,48,1,1,1
181,4,302,331,71,48,1,1,1
182,4,300,331,71,48,1,1,1
183,4,294,331,71,48,1,1,1
184,4,286,332,71,48,1,1,1
185,4,281,332,70,47,1,1,1
186,4,275,332,70,47,1,1,1
187,4,270,332,70,47,1,1,1
188,4,262,333,70,47,1,1,1
189,4,258,333,70,47,1,1,1
190,4,253,334,69,47,1,1,1
191,4,249,334,69,47,1,1,1
192,4,248,334,69,46,1,1,1
193,4,244,334,69,46,1,1,1
194,4,239,334,69,46,1,1,1
195,4,238,334,69,47,1,1,1
196,4,236,335,69,47,1,1,1
197,4,233,336,69,46,1,1,1
198,4,231,336,68,46,1,1,1
199,4,230,336,68,46,1,1,1
200,4,229,336,68,46,1,1,1
201,4,228,337,68,46,1,1,1
202,4,228,337,68,46,1,1,1
203,4,225,337,69,47,1,1,1
204,4,225,338,70,47,1,1,1
205,4,224,338,70,47,1,1,1
206,4,223,338,70,47,1,1,1
207,4,222,338,70,48,1,1,1
208,4,221,338,71,48,1,1,1
209,4,220,339,71,48,1,1,1
210,4,220,339,71,48,1,1,1
211,4,219,339,72,49,1,1,1
212,4,209,338,72,49,1,1,1
213,4,208,338,72,49,1,1,1
214,4,207,338,71,49,1,1,1
215,4,206,338,73,50,1,1,1
216,4,205,338,71,48,1,1,1
217,4,203,338,71,48,1,1,1
218,4,200,339,71,49,1,1,1
219,4,199,339,71,48,1,1,1
220,4,198,339,71,49,1,1,1
221,4,197,340,70,48,1,1,1
222,4,194,341,70,48,1,1,1
223,4,193,341,70,48,1,1,1
224,4,193,341,69,47,1,1,1
225,4,188,341,70,47,1,1,1
226,4,187,342,69,47,1,1,1
227,4,183,343,68,46,1,1,1
228,4,183,342,68,46,1,1,1
229,4,181,343,68,47,1,1,1
230,4,179,343,68,46,1,1,1
231,4,177,344,67,46,1,1,1
232,4,175,344,67,46,1,1,1
233,4,174,345,67,45,1,1,1
234,4,172,345,66,45,1,1,1
235,4,171,345,66,45,1,1,1
236,4,169,345,66,45,1,1,1
237,4,168,345,66,45,1,1,1
238,4,168,345,66,45,1,1,1
239,4,168,345,66,45,1,1,1
240,4,168,346,65,45,1,1,1
241,4,168,346,66,45,1,1,1
242,4,168,346,66,45,1,1,1
243,4,168,346,66,45,1,1,1
244,4,168,346,66,45,1,1,1
245,4,168,346,66,45,1,1,1
246,4,168,346,66,45,1,1,1
247,4,168,346,66,45,1,1,1
248,4,168,346,66,45,1,1,1
249,4,169,346,66,45,1,1,1
250,4,169,346,66,45,1,1,1
251,4,173,349,64,44,1,1,1
252,4,174,350,64,43,1,1,1
253,4,175,350,64,43,1,1,1
254,4,176,349,64,44,1,1,1
255,4,180,349,63,43,1,1,1
256,4,182,349,63,43,1,1,1
257,4,184,349,64,44,1,1,1
258,4,187,349,64,43,1,1,1
259,4,188,349,63,43,1,1,1
260,4,193,350,63,43,1,1,1
261,4,194,350,63,43,1,1,1
262,4,195,350,63,43,1,1,1
263,4,197,350,64,43,1,1,1
264,4,200,351,64,43,1,1,1
265,4,201,351,63,43,1,1,1
266,4,204,351,62,42,1,1,1
267,4,206,352,63,43,1,1,1
268,4,209,352,62,42,1,1,1
269,4,211,352,62,42,1,1,1
270,4,213,352,61,42,1,1,1
271,4,214,352,61,41,1,1,1
272,4,215,353,61,41,1,1,1
273,4,217,353,60,41,1,1,1
274,4,218,354,59,40,1,1,1
275,4,219,354,59,40,1,1,1
276,4,220,354,58,40,1,1,1
277,4,221,354,58,40,1,1,1
278,4,224,355,59,40,1,1,1
279,4,224,355,59,40,1,1,1
280,4,226,355,59,40,1,1,1
281,4,226,355,60,41,1,1,1
282,4,226,355,60,41,1,1,1
283,4,226,355,60,41,1,1,1
284,4,227,354,61,42,1,1,1
285,4,227,354,62,42,1,1,1
286,4,241,353,62,42,1,1,1
287,4,242,353,62,42,1,1,1
288,4,243,352,63,43,1,1,1
289,4,244,352,63,43,1,1,1
290,4,248,353,62,42,1,1,1
291,4,250,352,62,42,1,1,1
292,4,252,352,62,42,1,1,1
293,4,255,352,61,41,1,1,1
294,4,257,352,60,41,1,1,1
295,4,258,352,60,41,1,1,1
296,4,258,352,60,41,1,1,1
297,4,258,352,60,41,1,1,1
298,4,259,352,61,41,1,1,1
299,4,259,352,62,42,1,1,1
300,4,260,351,62,42,1,1,1
301,4,260,351,64,43,1,1,1
302,4,260,351,64,43,1,1,1
303,4,279,350,64,44,1,1,1
304,4,280,350,64,44,1,1,1
305,4,280,350,64,44,1,1,1
306,4,280,349,64,44,1,1,1
307,4,289,350,61,42,1,1,1
308,4,293,349,62,42,1,1,1
309,4,295,349,61,42,1,1,1
310,4,295,349,61,42,1,1,1
311,4,296,349,61,42,1,1,1
312,4,295,349,61,42,1,1,1
313,4,308,348,61,42,1,1,1
314,4,310,348,61,42,1,1,1
315,4,316,348,59,41,1,1,1
316,4,320,349,57,39,1,1,1
317,4,323,348,59,40,1,1,1
318,4,325,348,57,39,1,1,1
319,4,326,348,56,38,1,1,1
320,4,328,348,56,38,1,1,1
321,4,336,346,60,40,1,1,1
322,4,338,346,59,39,1,1,1
323,4,344,346,59,39,1,1,1
324,4,346,347,58,39,1,1,1
325,4,347,347,58,39,1,1,1
326,4,347,347,58,39,1,1,1
327,4,358,349,59,39,1,1,1
328,4,367,349,58,39,1,1,1
329,4,368,349,60,39,1,1,1
330,4,371,349,58,39,1,1,1
331,4,378,349,58,39,1,1,1
332,4,380,349,57,38,1,1,1
333,4,388,349,57,38,1,1,1
334,4,392,350,56,38,1,1,1
335,4,394,350,57,38,1,1,1
336,4,399,350,56,38,1,1,1
337,4,404,350,57,38,1,1,1
338,4,409,350,56,38,1,1,1
339,4,413,350,56,38,1,1,1
340,4,416,351,55,37,1,1,1
341,4,420,351,55,37,1,1,1
342,4,424,351,55,37,1,1,1
343,4,429,351,55,37,1,1,1
344,4,434,353,54,36,1,1,1
345,4,438,352,54,36,1,1,1
346,4,439,352,54,36,1,1,1
347,4,447,352,55,37,1,1,1
348,4,448,352,56,37,1,1,1
349,4,450,352,55,37,1,1,1
350,4,456,353,55,37,1,1,1
351,4,458,353,55,37,1,1,1
352,4,463,355,54,36,1,1,1
353,4,466,356,53,36,1,1,1
354,4,467,355,53,36,1,1,1
355,4,469,355,55,37,1,1,1
356,4,470,354,57,38,1,1,1
357,4,471,354,58,39,1,1,1
358,4,471,354,58,39,1,1,1
359,4,471,354,58,39,1,1,1
360,4,471,354,60,40,1,1,1
361,4,494,359,61,41,1,1,1
362,4,494,359,62,42,1,1,1
363,4,501,360,59,39,1,1,1
364,4,493,359,62,42,1,1,1
365,4,511,361,62,42,1,1,1
366,4,511,361,62,42,1,1,1
367,4,513,360,67,46,1,1,1
368,4,511,361,62,42,1,1,1
369,4,511,361,62,42,1,1,1
370,4,533,362,60,40,1,1,1
371,4,533,362,60,40,1,1,1
372,4,533,362,61,40,1,1,1
373,4,533,362,61,40,1,1,1
374,4,547,363,59,40,1,1,1
375,4,551,363,59,39,1,1,1
376,4,555,364,59,39,1,1,1
377,4,559,364,60,40,1,1,1
378,4,560,364,59,39,1,1,1
379,4,565,364,60,40,1,1,1
380,4,570,362,60,40,1,1,1
381,4,574,363,57,38,1,1,1
382,4,570,362,60,40,1,1,1
383,4,582,363,60,40,1,1,1
384,4,584,362,61,41,1,1,1
385,4,590,362,61,41,1,1,1
386,4,592,362,62,41,1,1,1
387,4,596,362,61,41,1,1,1
388,4,602,363,60,40,1,1,1
389,4,603,363,60,40,1,1,1
390,4,610,363,60,40,1,1,1
391,4,613,364,59,39,1,1,1
392,4,617,363,60,40,1,1,1
393,4,622,364,58,39,1,1,1
394,4,626,364,59,39,1,1,1
395,4,631,364,58,39,1,1,1
396,4,637,364,57,38,1,1,1
397,4,641,365,54,36,1,1,1
398,4,641,365,54,36,1,1,1
399,4,652,366,55,37,1,1,1
400,4,657,367,52,35,1,1,1
401,4,662,366,54,36,1,1,1
402,4,668,366,54,36,1,1,1
403,4,671,366,54,36,1,1,1
404,4,672,366,54,36,1,1,1
405,4,672,366,54,36,1,1,1
406,4,672,366,54,37,1,1,1
407,4,672,366,54,36,1,1,1
408,4,692,367,54,36,1,1,1
