1,1,183,72,16,11,1,1,1
2,1,184,71,16,11,1,1,1
3,1,185,70,16,11,1,1,1
4,1,187,70,15,11,1,1,1
5,1,188,69,15,11,1,1,1
6,1,189,68,15,11,1,1,1
7,1,190,66,16,11,1,1,1
8,1,191,65,15,10,1,1,1
9,1,193,63,16,11,1,1,1
10,1,194,62,16,11,1,1,1
11,1,196,61,16,11,1,1,1
12,1,198,60,16,11,1,1,1
13,1,199,59,16,11,1,1,1
14,1,200,58,16,11,1,1,1
15,1,200,57,16,11,1,1,1
16,1,201,56,16,11,1,1,1
17,1,202,54,16,11,1,1,1
18,1,202,53,16,11,1,1,1
19,1,203,52,16,11,1,1,1
20,1,203,50,16,11,1,1,1
21,1,204,49,16,11,1,1,1
22,1,204,48,16,11,1,1,1
23,1,204,47,17,11,1,1,1
24,1,204,46,16,11,1,1,1
25,1,204,46,16,11,1,1,1
26,1,205,45,16,11,1,1,1
27,1,205,44,16,11,1,1,1
28,1,207,43,17,11,1,1,1
29,1,209,42,16,11,1,1,1
30,1,211,42,16,11,1,1,1
31,1,213,41,16,11,1,1,1
32,1,214,40,17,11,1,1,1
33,1,216,39,17,11,1,1,1
34,1,217,38,16,11,1,1,1
35,1,218,38,16,11,1,1,1
36,1,218,36,16,11,1,1,1
37,1,219,35,17,12,1,1,1
38,1,220,34,17,12,1,1,1
39,1,221,33,16,11,1,1,1
40,1,221,32,17,11,1,1,1
41,1,221,31,16,11,1,1,1
42,1,221,30,17,12,1,1,1
43,1,220,29,16,11,1,1,1
44,1,220,29,16,11,1,1,1
45,1,219,27,18,12,1,1,1
46,1,219,26,18,12,1,1,1
47,1,218,25,18,12,1,1,1
48,1,218,24,18,12,1,1,1
49,1,217,23,18,13,1,1,1
50,1,217,23,18,12,1,1,1
51,1,216,22,18,12,1,1,1
52,1,216,21,18,13,1,1,1
53,1,216,21,18,12,1,1,1
54,1,216,20,18,12,1,1,1
55,1,216,19,18,13,1,1,1
56,1,216,19,18,13,1,1,1
57,1,217,18,18,12,1,1,1
58,1,217,18,18,12,1,1,1
59,1,218,17,18,13,1,1,1
60,1,218,17,18,13,1,1,1
61,1,219,16,18,13,1,1,1
62,1,220,16,18,13,1,1,1
63,1,220,15,18,13,1,1,1
64,1,221,15,18,12,1,1,1
65,1,222,15,18,13,1,1,1
66,1,224,14,18,13,1,1,1
67,1,225,14,18,13,1,1,1
68,1,226,13,19,13,1,1,1
69,1,226,13,18,13,1,1,1
70,1,226,13,18,13,1,1,1
71,1,225,13,18,13,1,1,1
72,1,225,12,19,13,1,1,1
73,1,226,12,19,13,1,1,1
74,1,226,12,18,13,1,1,1
75,1,226,12,19,13,1,1,1
76,1,226,11,19,13,1,1,1
77,1,226,11,19,13,1,1,1
78,1,225,11,19,13,1,1,1
79,1,225,11,19,13,1,1,1
80,1,225,11,19,13,1,1,1
81,1,225,10,19,13,1,1,1
82,1,225,10,19,13,1,1,1
83,1,226,10,19,13,1,1,1
84,1,226,10,19,13,1,1,1
85,1,226,10,19,13,1,1,1
86,1,226,10,19,13,1,1,1
87,1,226,10,19,13,1,1,1
88,1,226,10,19,13,1,1,1
89,1,226,10,19,13,1,1,1
90,1,226,10,19,13,1,1,1
91,1,226,10,18,13,1,1,1
92,1,225,11,19,13,1,1,1
93,1,225,11,19,13,1,1,1
94,1,225,11,19,13,1,1,1
95,1,225,12,19,13,1,1,1
96,1,225,12,19,13,1,1,1
97,1,225,13,19,13,1,1,1
98,1,226,14,19,13,1,1,1
99,1,227,15,18,13,1,1,1
100,1,227,15,19,13,1,1,1
101,1,228,16,19,13,1,1,1
102,1,228,16,19,13,1,1,1
103,1,228,17,19,13,1,1,1
104,1,229,18,19,13,1,1,1
105,1,230,19,19,13,1,1,1
106,1,232,20,19,13,1,1,1
107,1,233,20,19,13,1,1,1
108,1,233,21,19,13,1,1,1
109,1,234,22,19,13,1,1,1
110,1,234,23,19,13,1,1,1
111,1,235,24,19,13,1,1,1
112,1,235,24,19,13,1,1,1
113,1,236,25,19,13,1,1,1
114,1,238,27,19,13,1,1,1
115,1,239,28,19,13,1,1,1
116,1,240,29,19,13,1,1,1
117,1,240,30,19,13,1,1,1
118,1,239,31,19,13,1,1,1
119,1,238,31,19,13,1,1,1
120,1,237,31,19,13,1,1,1
121,1,236,31,19,13,1,1,1
122,1,236,32,19,13,1,1,1
123,1,235,33,19,13,1,1,1
124,1,235,34,19,13,1,1,1
125,1,233,35,19,13,1,1,1
126,1,232,36,19,13,1,1,1
127,1,231,37,19,13,1,1,1
128,1,230,38,19,13,1,1,1
129,1,230,40,19,13,1,1,1
130,1,229,41,19,13,1,1,1
131,1,229,43,19,13,1,1,1
132,1,229,45,19,13,1,1,1
133,1,229,46,19,13,1,1,1
134,1,229,47,19,13,1,1,1
135,1,228,48,19,13,1,1,1
136,1,228,48,19,13,1,1,1
137,1,229,49,19,13,1,1,1
138,1,230,50,19,13,1,1,1
139,1,231,50,19,13,1,1,1
140,1,231,50,19,13,1,1,1
141,1,232,51,19,13,1,1,1
142,1,232,51,19,13,1,1,1
143,1,234,51,19,13,1,1,1
144,1,234,52,19,13,1,1,1
145,1,235,52,19,13,1,1,1
146,1,236,53,19,13,1,1,1
147,1,237,53,19,13,1,1,1
148,1,237,54,19,13,1,1,1
149,1,238,54,18,13,1,1,1
150,1,238,55,19,13,1,1,1
151,1,238,55,18,12,1,1,1
152,1,239,55,19,13,1,1,1
153,1,239,56,19,13,1,1,1
154,1,240,56,19,13,1,1,1
155,1,241,57,19,13,1,1,1
156,1,242,57,19,13,1,1,1
157,1,242,57,19,13,1,1,1
158,1,243,58,19,13,1,1,1
159,1,243,59,18,12,1,1,1
160,1,243,59,19,13,1,1,1
161,1,243,60,18,13,1,1,1
162,1,244,61,18,12,1,1,1
163,1,244,61,19,13,1,1,1
164,1,244,62,19,13,1,1,1
165,1,245,62,18,12,1,1,1
166,1,245,63,18,12,1,1,1
167,1,246,64,17,12,1,1,1
168,1,247,65,18,13,1,1,1
169,1,247,65,18,13,1,1,1
170,1,248,66,17,12,1,1,1
171,1,248,67,17,12,1,1,1
172,1,249,68,18,13,1,1,1
173,1,249,68,18,12,1,1,1
174,1,250,69,18,12,1,1,1
175,1,250,70,18,13,1,1,1
176,1,251,71,17,12,1,1,1
177,1,252,72,17,12,1,1,1
178,1,253,72,18,12,1,1,1
179,1,254,73,18,12,1,1,1
180,1,255,74,17,12,1,1,1
181,1,256,75,18,12,1,1,1
182,1,256,75,18,12,1,1,1
183,1,257,76,18,12,1,1,1
184,1,257,77,18,12,1,1,1
185,1,258,78,18,12,1,1,1
186,1,259,78,17,12,1,1,1
187,1,260,79,18,12,1,1,1
188,1,261,81,17,11,1,1,1
189,1,261,81,18,12,1,1,1
190,1,261,83,17,11,1,1,1
191,1,262,84,17,12,1,1,1
192,1,262,85,17,11,1,1,1
193,1,262,85,18,12,1,1,1
194,1,262,86,17,12,1,1,1
195,1,262,87,17,12,1,1,1
1,2,235,99,17,12,1,1,1
2,2,235,99,17,12,1,1,1
3,2,235,98,17,12,1,1,1
4,2,234,98,17,12,1,1,1
5,2,234,97,17,12,1,1,1
6,2,234,97,17,12,1,1,1
7,2,234,96,17,12,1,1,1
8,2,234,95,17,12,1,1,1
9,2,234,94,16,12,1,1,1
10,2,235,93,16,12,1,1,1
11,2,235,93,16,12,1,1,1
12,2,236,92,16,12,1,1,1
13,2,236,92,16,12,1,1,1
14,2,236,92,16,12,1,1,1
15,2,235,91,16,12,1,1,1
16,2,234,90,17,12,1,1,1
17,2,234,89,16,12,1,1,1
18,2,233,89,16,11,1,1,1
19,2,233,88,16,11,1,1,1
20,2,232,87,16,11,1,1,1
21,2,231,86,16,11,1,1,1
22,2,230,85,16,11,1,1,1
23,2,230,85,16,12,1,1,1
24,2,229,84,16,11,1,1,1
25,2,228,84,16,11,1,1,1
26,2,227,83,16,12,1,1,1
27,2,227,82,16,11,1,1,1
28,2,227,82,16,11,1,1,1
29,2,228,82,16,11,1,1,1
30,2,229,81,16,11,1,1,1
31,2,230,80,16,11,1,1,1
32,2,231,79,16,11,1,1,1
33,2,231,79,15,11,1,1,1
34,2,231,78,16,11,1,1,1
35,2,231,78,15,11,1,1,1
36,2,231,77,15,11,1,1,1
37,2,231,75,16,11,1,1,1
38,2,231,74,16,11,1,1,1
39,2,231,73,16,11,1,1,1
40,2,230,72,16,11,1,1,1
41,2,230,71,16,11,1,1,1
42,2,229,70,16,11,1,1,1
43,2,228,69,16,11,1,1,1
44,2,227,68,16,11,1,1,1
45,2,227,67,16,11,1,1,1
46,2,226,66,16,11,1,1,1
47,2,225,65,16,11,1,1,1
48,2,223,64,16,11,1,1,1
49,2,223,63,16,11,1,1,1
50,2,222,62,16,11,1,1,1
51,2,221,61,16,11,1,1,1
52,2,220,60,16,11,1,1,1
53,2,220,59,16,11,1,1,1
54,2,219,58,16,11,1,1,1
55,2,219,57,16,11,1,1,1
56,2,220,56,16,11,1,1,1
57,2,220,55,16,11,1,1,1
58,2,220,54,16,11,1,1,1
59,2,220,53,16,11,1,1,1
60,2,221,52,16,11,1,1,1
61,2,221,51,16,11,1,1,1
62,2,222,50,16,11,1,1,1
63,2,222,49,16,11,1,1,1
64,2,223,48,16,11,1,1,1
65,2,225,47,16,11,1,1,1
66,2,226,47,16,11,1,1,1
67,2,227,46,16,11,1,1,1
68,2,228,45,16,12,1,1,1
69,2,228,44,16,12,1,1,1
70,2,229,43,16,11,1,1,1
71,2,228,41,17,12,1,1,1
72,2,229,40,17,12,1,1,1
73,2,229,40,17,12,1,1,1
74,2,230,38,17,12,1,1,1
75,2,230,37,17,12,1,1,1
76,2,230,36,17,12,1,1,1
77,2,230,35,17,12,1,1,1
78,2,230,34,17,12,1,1,1
79,2,230,33,17,12,1,1,1
80,2,230,33,17,12,1,1,1
81,2,231,32,17,12,1,1,1
82,2,232,31,17,12,1,1,1
83,2,232,30,17,12,1,1,1
84,2,233,29,17,12,1,1,1
85,2,233,28,17,12,1,1,1
86,2,234,27,17,12,1,1,1
87,2,234,26,17,12,1,1,1
88,2,235,25,17,12,1,1,1
89,2,235,24,17,12,1,1,1
90,2,236,24,17,12,1,1,1
91,2,236,23,18,12,1,1,1
92,2,236,22,18,12,1,1,1
93,2,236,22,18,12,1,1,1
94,2,236,21,18,12,1,1,1
95,2,237,21,18,12,1,1,1
96,2,237,20,18,13,1,1,1
97,2,238,20,18,13,1,1,1
98,2,239,20,18,13,1,1,1
99,2,240,20,18,13,1,1,1
100,2,242,20,18,12,1,1,1
101,2,243,19,18,13,1,1,1
102,2,243,19,18,13,1,1,1
103,2,244,18,17,12,1,1,1
104,2,245,18,17,12,1,1,1
105,2,247,18,18,12,1,1,1
106,2,249,18,17,12,1,1,1
107,2,250,18,18,13,1,1,1
108,2,251,17,18,13,1,1,1
109,2,252,17,18,13,1,1,1
110,2,253,17,18,13,1,1,1
111,2,254,17,18,13,1,1,1
112,2,254,17,18,13,1,1,1
113,2,256,17,18,13,1,1,1
114,2,258,17,17,12,1,1,1
115,2,260,18,17,12,1,1,1
116,2,261,18,18,13,1,1,1
117,2,261,18,18,12,1,1,1
118,2,260,17,18,13,1,1,1
119,2,260,16,18,13,1,1,1
120,2,259,15,17,12,1,1,1
121,2,258,15,18,13,1,1,1
122,2,258,14,18,12,1,1,1
123,2,258,14,18,13,1,1,1
124,2,257,14,18,12,1,1,1
125,2,256,14,18,13,1,1,1
126,2,255,14,18,13,1,1,1
127,2,254,15,18,13,1,1,1
128,2,253,15,18,13,1,1,1
129,2,253,15,18,13,1,1,1
130,2,252,16,18,13,1,1,1
131,2,252,16,18,13,1,1,1
132,2,252,17,18,13,1,1,1
133,2,252,17,18,13,1,1,1
134,2,251,17,18,13,1,1,1
135,2,251,17,18,13,1,1,1
136,2,251,17,18,13,1,1,1
137,2,251,16,18,13,1,1,1
138,2,252,16,18,13,1,1,1
139,2,253,16,18,13,1,1,1
140,2,253,15,18,13,1,1,1
141,2,254,14,18,13,1,1,1
142,2,254,14,18,13,1,1,1
143,2,255,13,18,13,1,1,1
144,2,256,13,18,13,1,1,1
145,2,256,12,18,13,1,1,1
146,2,257,12,18,12,1,1,1
147,2,257,12,18,13,1,1,1
148,2,257,12,18,13,1,1,1
149,2,258,11,18,13,1,1,1
150,2,258,11,18,13,1,1,1
151,2,258,10,18,13,1,1,1
152,2,258,10,18,13,1,1,1
153,2,258,10,18,13,1,1,1
154,2,258,9,18,13,1,1,1
155,2,259,9,18,13,1,1,1
156,2,259,9,18,13,1,1,1
157,2,259,8,18,13,1,1,1
158,2,259,8,18,13,1,1,1
159,2,259,8,18,13,1,1,1
160,2,259,8,18,13,1,1,1
161,2,259,8,17,12,1,1,1
162,2,259,8,18,13,1,1,1
163,2,259,8,18,13,1,1,1
164,2,258,7,18,13,1,1,1
165,2,258,7,18,13,1,1,1
166,2,258,7,18,13,1,1,1
167,2,259,8,18,13,1,1,1
168,2,259,8,18,13,1,1,1
169,2,259,8,18,13,1,1,1
170,2,259,8,18,13,1,1,1
171,2,259,8,18,12,1,1,1
172,2,259,8,18,13,1,1,1
173,2,259,9,18,13,1,1,1
174,2,259,9,17,12,1,1,1
175,2,260,9,18,12,1,1,1
176,2,260,9,18,12,1,1,1
177,2,260,9,18,13,1,1,1
178,2,261,10,18,13,1,1,1
179,2,261,10,18,13,1,1,1
180,2,261,10,18,13,1,1,1
181,2,262,10,18,13,1,1,1
182,2,262,10,18,13,1,1,1
183,2,262,11,18,13,1,1,1
184,2,263,11,18,13,1,1,1
185,2,263,11,18,13,1,1,1
186,2,263,12,17,12,1,1,1
187,2,264,12,18,13,1,1,1
188,2,264,13,18,13,1,1,1
189,2,264,13,17,12,1,1,1
190,2,264,14,18,12,1,1,1
191,2,264,14,18,13,1,1,1
192,2,264,15,17,12,1,1,1
193,2,263,15,18,12,1,1,1
194,2,263,15,17,12,1,1,1
195,2,263,16,17,12,1,1,1
1,3,266,96,17,12,1,1,1
2,3,267,95,17,12,1,1,1
3,3,267,94,17,12,1,1,1
4,3,267,94,17,12,1,1,1
5,3,268,93,17,12,1,1,1
6,3,269,92,17,12,1,1,1
7,3,269,91,17,12,1,1,1
8,3,270,90,17,12,1,1,1
9,3,271,89,17,12,1,1,1
10,3,272,88,17,12,1,1,1
11,3,273,87,17,12,1,1,1
12,3,274,86,17,12,1,1,1
13,3,275,86,18,12,1,1,1
14,3,275,85,18,12,1,1,1
15,3,275,84,17,12,1,1,1
16,3,274,83,18,13,1,1,1
17,3,274,82,18,13,1,1,1
18,3,274,82,18,13,1,1,1
19,3,274,81,18,13,1,1,1
20,3,273,80,18,13,1,1,1
21,3,273,79,18,13,1,1,1
22,3,272,78,18,13,1,1,1
23,3,272,78,18,13,1,1,1
24,3,271,78,18,13,1,1,1
25,3,270,77,18,13,1,1,1
26,3,270,77,18,13,1,1,1
27,3,270,77,18,13,1,1,1
28,3,270,76,18,13,1,1,1
29,3,271,76,18,13,1,1,1
30,3,273,76,18,13,1,1,1
31,3,274,75,18,13,1,1,1
32,3,274,75,18,13,1,1,1
33,3,274,75,18,13,1,1,1
34,3,274,74,18,13,1,1,1
35,3,274,74,18,13,1,1,1
36,3,274,74,18,13,1,1,1
37,3,274,73,18,13,1,1,1
38,3,274,72,19,13,1,1,1
39,3,274,72,18,13,1,1,1
40,3,273,71,19,13,1,1,1
41,3,272,71,18,13,1,1,1
42,3,271,71,19,13,1,1,1
43,3,269,70,19,13,1,1,1
44,3,268,70,19,13,1,1,1
45,3,267,69,19,13,1,1,1
46,3,266,69,19,13,1,1,1
47,3,264,69,19,13,1,1,1
48,3,263,69,19,13,1,1,1
49,3,261,69,19,13,1,1,1
50,3,260,68,19,14,1,1,1
51,3,259,68,19,14,1,1,1
52,3,257,68,19,14,1,1,1
53,3,256,68,19,14,1,1,1
54,3,255,67,19,14,1,1,1
55,3,255,67,19,14,1,1,1
56,3,254,67,19,14,1,1,1
57,3,254,67,19,14,1,1,1
58,3,253,67,19,14,1,1,1
59,3,253,67,19,14,1,1,1
60,3,252,67,19,14,1,1,1
61,3,252,67,19,14,1,1,1
62,3,252,67,19,14,1,1,1
63,3,251,67,20,14,1,1,1
64,3,251,67,20,14,1,1,1
65,3,252,68,19,14,1,1,1
66,3,252,68,20,14,1,1,1
67,3,252,68,20,14,1,1,1
68,3,252,68,20,14,1,1,1
69,3,251,68,20,14,1,1,1
70,3,250,68,20,14,1,1,1
71,3,249,68,20,14,1,1,1
72,3,248,68,20,14,1,1,1
73,3,248,69,19,14,1,1,1
74,3,247,68,20,14,1,1,1
75,3,247,69,19,14,1,1,1
76,3,246,69,19,14,1,1,1
77,3,244,69,20,14,1,1,1
78,3,243,69,20,14,1,1,1
79,3,242,69,20,14,1,1,1
80,3,241,69,20,14,1,1,1
81,3,241,69,19,14,1,1,1
82,3,240,69,19,14,1,1,1
83,3,240,70,19,14,1,1,1
84,3,239,70,20,14,1,1,1
85,3,238,70,20,14,1,1,1
86,3,238,70,19,14,1,1,1
87,3,237,71,20,14,1,1,1
88,3,236,71,20,14,1,1,1
89,3,236,71,19,14,1,1,1
90,3,235,71,20,14,1,1,1
91,3,234,72,20,14,1,1,1
92,3,233,72,19,14,1,1,1
93,3,232,73,20,14,1,1,1
94,3,231,74,19,14,1,1,1
95,3,230,74,20,14,1,1,1
96,3,230,75,20,14,1,1,1
97,3,230,76,20,14,1,1,1
98,3,230,77,20,14,1,1,1
99,3,230,78,20,14,1,1,1
100,3,231,79,19,14,1,1,1
101,3,231,79,19,14,1,1,1
102,3,230,80,20,14,1,1,1
103,3,230,81,20,14,1,1,1
104,3,230,82,19,14,1,1,1
105,3,231,82,20,14,1,1,1
106,3,232,83,19,14,1,1,1
107,3,233,85,19,14,1,1,1
108,3,233,85,19,14,1,1,1
109,3,234,86,19,14,1,1,1
110,3,234,87,19,14,1,1,1
111,3,234,88,19,14,1,1,1
112,3,234,89,19,14,1,1,1
113,3,234,90,19,14,1,1,1
114,3,236,91,19,14,1,1,1
115,3,237,93,20,14,1,1,1
116,3,237,94,19,14,1,1,1
117,3,237,95,19,14,1,1,1
118,3,236,95,19,14,1,1,1
119,3,235,96,19,14,1,1,1
120,3,234,96,19,14,1,1,1
121,3,233,96,19,14,1,1,1
122,3,232,97,19,14,1,1,1
123,3,232,98,19,14,1,1,1
124,3,231,99,19,14,1,1,1
125,3,229,101,19,13,1,1,1
126,3,228,102,19,13,1,1,1
127,3,227,103,19,13,1,1,1
128,3,226,104,19,13,1,1,1
129,3,226,106,19,13,1,1,1
130,3,225,107,19,14,1,1,1
131,3,225,109,19,14,1,1,1
132,3,225,111,19,14,1,1,1
133,3,224,112,19,13,1,1,1
134,3,224,113,19,13,1,1,1
135,3,224,114,19,13,1,1,1
136,3,224,114,19,13,1,1,1
137,3,224,115,19,13,1,1,1
138,3,225,116,19,14,1,1,1
139,3,226,117,19,14,1,1,1
140,3,227,117,19,14,1,1,1
141,3,227,117,19,14,1,1,1
142,3,228,118,19,14,1,1,1
143,3,229,118,20,14,1,1,1
144,3,230,119,19,14,1,1,1
145,3,231,120,19,13,1,1,1
146,3,232,120,19,13,1,1,1
147,3,232,121,19,13,1,1,1
148,3,233,122,19,13,1,1,1
149,3,233,122,19,13,1,1,1
150,3,234,123,18,13,1,1,1
151,3,234,123,19,13,1,1,1
152,3,234,124,19,13,1,1,1
153,3,235,124,19,13,1,1,1
154,3,236,125,19,13,1,1,1
155,3,237,126,19,13,1,1,1
156,3,238,126,18,13,1,1,1
157,3,238,127,19,13,1,1,1
158,3,239,127,18,13,1,1,1
159,3,239,128,19,13,1,1,1
160,3,239,129,18,13,1,1,1
161,3,240,130,18,13,1,1,1
162,3,240,130,18,13,1,1,1
163,3,240,131,18,13,1,1,1
164,3,240,132,18,13,1,1,1
165,3,240,133,18,13,1,1,1
166,3,241,134,19,13,1,1,1
167,3,242,135,18,13,1,1,1
168,3,243,136,18,13,1,1,1
169,3,243,137,18,13,1,1,1
170,3,244,137,18,13,1,1,1
171,3,244,138,18,13,1,1,1
172,3,244,139,18,13,1,1,1
173,3,245,140,18,13,1,1,1
174,3,245,141,18,13,1,1,1
175,3,246,142,18,13,1,1,1
176,3,247,143,18,13,1,1,1
177,3,248,143,18,13,1,1,1
178,3,249,144,18,13,1,1,1
179,3,249,145,18,13,1,1,1
180,3,250,146,18,13,1,1,1
181,3,251,147,18,13,1,1,1
182,3,252,148,18,13,1,1,1
183,3,252,148,17,12,1,1,1
184,3,253,149,18,13,1,1,1
185,3,254,150,18,13,1,1,1
186,3,254,151,18,12,1,1,1
187,3,255,152,18,13,1,1,1
188,3,256,153,18,13,1,1,1
189,3,256,154,18,12,1,1,1
190,3,256,154,18,13,1,1,1
191,3,257,155,18,13,1,1,1
192,3,257,156,17,12,1,1,1
193,3,257,157,17,12,1,1,1
194,3,257,158,17,12,1,1,1
195,3,257,158,18,12,1,1,1
1,4,244,228,18,13,1,1,1
2,4,244,227,18,13,1,1,1
3,4,244,226,18,13,1,1,1
4,4,244,225,17,13,1,1,1
5,4,243,224,17,13,1,1,1
6,4,243,224,17,13,1,1,1
7,4,243,222,17,13,1,1,1
8,4,243,221,17,12,1,1,1
9,4,244,219,17,12,1,1,1
10,4,244,218,17,12,1,1,1
11,4,245,217,17,12,1,1,1
12,4,245,216,17,12,1,1,1
13,4,245,215,17,12,1,1,1
14,4,245,214,17,12,1,1,1
15,4,244,213,17,12,1,1,1
16,4,243,212,17,12,1,1,1
17,4,243,211,16,12,1,1,1
18,4,243,209,16,12,1,1,1
19,4,242,208,16,12,1,1,1
20,4,241,207,16,12,1,1,1
21,4,240,205,17,12,1,1,1
22,4,239,204,16,12,1,1,1
23,4,239,204,16,12,1,1,1
24,4,238,203,16,12,1,1,1
25,4,237,203,16,12,1,1,1
26,4,236,202,16,12,1,1,1
27,4,236,201,16,12,1,1,1
28,4,236,200,16,12,1,1,1
29,4,237,199,16,12,1,1,1
30,4,238,199,16,12,1,1,1
31,4,239,198,16,12,1,1,1
32,4,240,197,16,12,1,1,1
33,4,240,196,16,12,1,1,1
34,4,240,195,16,12,1,1,1
35,4,240,194,16,12,1,1,1
36,4,240,193,16,12,1,1,1
37,4,240,192,16,12,1,1,1
38,4,240,191,16,12,1,1,1
39,4,239,190,17,12,1,1,1
40,4,238,189,17,12,1,1,1
41,4,238,188,17,12,1,1,1
42,4,237,187,17,12,1,1,1
43,4,235,186,17,12,1,1,1
44,4,235,185,17,12,1,1,1
45,4,234,184,17,12,1,1,1
46,4,232,183,17,12,1,1,1
47,4,231,183,17,12,1,1,1
48,4,230,182,17,12,1,1,1
49,4,228,181,18,13,1,1,1
50,4,228,181,17,12,1,1,1
51,4,226,180,18,13,1,1,1
52,4,225,180,17,13,1,1,1
53,4,225,179,17,13,1,1,1
54,4,224,179,17,12,1,1,1
55,4,223,179,17,12,1,1,1
56,4,223,178,17,12,1,1,1
57,4,223,178,17,13,1,1,1
58,4,223,178,17,12,1,1,1
59,4,223,177,17,12,1,1,1
60,4,223,177,17,12,1,1,1
61,4,223,177,16,12,1,1,1
62,4,223,176,17,13,1,1,1
63,4,223,176,17,12,1,1,1
64,4,223,176,17,12,1,1,1
65,4,224,176,18,13,1,1,1
66,4,225,176,18,13,1,1,1
67,4,226,175,18,13,1,1,1
68,4,226,175,17,12,1,1,1
69,4,226,175,17,12,1,1,1
70,4,225,175,17,12,1,1,1
71,4,224,175,17,12,1,1,1
72,4,224,175,17,12,1,1,1
73,4,224,175,17,12,1,1,1
74,4,224,174,17,12,1,1,1
75,4,224,174,17,12,1,1,1
76,4,223,174,17,12,1,1,1
77,4,222,174,17,12,1,1,1
78,4,221,174,17,12,1,1,1
79,4,221,173,17,12,1,1,1
80,4,220,173,17,12,1,1,1
81,4,220,173,17,13,1,1,1
82,4,220,173,17,13,1,1,1
83,4,220,173,17,12,1,1,1
84,4,219,173,17,12,1,1,1
85,4,219,173,17,12,1,1,1
86,4,219,173,17,12,1,1,1
87,4,218,173,17,12,1,1,1
88,4,218,173,17,12,1,1,1
89,4,217,173,18,14,1,1,1
90,4,217,173,18,14,1,1,1
91,4,216,173,18,14,1,1,1
92,4,215,173,18,14,1,1,1
93,4,214,174,18,14,1,1,1
94,4,213,174,18,14,1,1,1
95,4,213,174,18,14,1,1,1
96,4,213,175,18,14,1,1,1
97,4,212,175,18,14,1,1,1
98,4,213,176,18,14,1,1,1
99,4,213,176,18,14,1,1,1
100,4,213,177,18,14,1,1,1
101,4,213,177,18,14,1,1,1
102,4,213,178,18,14,1,1,1
103,4,213,178,18,14,1,1,1
104,4,213,179,18,14,1,1,1
105,4,214,179,18,14,1,1,1
106,4,215,180,18,14,1,1,1
107,4,215,181,18,14,1,1,1
108,4,215,181,18,14,1,1,1
109,4,216,182,18,14,1,1,1
110,4,216,182,18,14,1,1,1
111,4,215,183,18,14,1,1,1
112,4,215,183,18,14,1,1,1
113,4,216,184,18,14,1,1,1
114,4,217,185,18,14,1,1,1
115,4,218,186,18,14,1,1,1
116,4,218,187,18,14,1,1,1
117,4,217,187,18,14,1,1,1
118,4,216,187,18,14,1,1,1
119,4,215,187,18,14,1,1,1
120,4,213,187,18,14,1,1,1
121,4,212,187,18,14,1,1,1
122,4,211,188,18,14,1,1,1
123,4,210,188,18,14,1,1,1
124,4,209,189,18,14,1,1,1
125,4,207,189,18,14,1,1,1
126,4,205,190,18,14,1,1,1
127,4,204,191,18,14,1,1,1
128,4,202,192,18,14,1,1,1
129,4,201,193,18,14,1,1,1
130,4,200,194,18,14,1,1,1
131,4,200,195,18,14,1,1,1
132,4,199,196,18,14,1,1,1
133,4,198,197,18,14,1,1,1
134,4,197,197,18,14,1,1,1
135,4,197,198,18,14,1,1,1
136,4,196,198,18,14,1,1,1
137,4,196,198,18,14,1,1,1
138,4,197,199,18,14,1,1,1
139,4,197,198,18,14,1,1,1
140,4,197,198,18,14,1,1,1
141,4,197,198,18,14,1,1,1
142,4,197,198,18,14,1,1,1
143,4,198,198,18,14,1,1,1
144,4,198,198,18,14,1,1,1
145,4,198,198,18,14,1,1,1
146,4,198,198,18,14,1,1,1
147,4,199,199,18,14,1,1,1
148,4,199,199,18,14,1,1,1
149,4,199,199,18,14,1,1,1
150,4,199,199,18,14,1,1,1
151,4,199,199,18,14,1,1,1
152,4,198,199,18,14,1,1,1
153,4,198,199,18,14,1,1,1
154,4,199,199,18,14,1,1,1
155,4,199,199,18,14,1,1,1
156,4,199,199,18,14,1,1,1
157,4,199,199,18,14,1,1,1
158,4,199,199,18,14,1,1,1
159,4,199,200,18,14,1,1,1
160,4,199,200,18,14,1,1,1
161,4,199,200,18,14,1,1,1
162,4,198,201,18,14,1,1,1
163,4,198,201,18,14,1,1,1
164,4,198,201,18,14,1,1,1
165,4,198,201,18,14,1,1,1
166,4,198,202,18,14,1,1,1
167,4,198,202,17,13,1,1,1
168,4,199,203,18,14,1,1,1
169,4,199,203,18,14,1,1,1
170,4,199,204,17,14,1,1,1
171,4,199,204,18,14,1,1,1
172,4,199,204,17,14,1,1,1
173,4,199,205,18,14,1,1,1
174,4,199,205,18,14,1,1,1
175,4,199,206,17,14,1,1,1
176,4,200,206,18,14,1,1,1
177,4,200,207,17,14,1,1,1
178,4,201,207,17,14,1,1,1
179,4,201,207,17,13,1,1,1
180,4,202,208,17,14,1,1,1
181,4,202,209,17,13,1,1,1
182,4,203,209,17,13,1,1,1
183,4,203,209,17,13,1,1,1
184,4,203,210,17,13,1,1,1
185,4,203,210,17,13,1,1,1
186,4,204,211,17,13,1,1,1
187,4,204,212,17,13,1,1,1
188,4,205,213,17,13,1,1,1
189,4,205,213,17,13,1,1,1
190,4,205,214,17,13,1,1,1
191,4,205,215,17,13,1,1,1
192,4,205,215,17,13,1,1,1
193,4,205,216,17,13,1,1,1
194,4,204,216,17,13,1,1,1
195,4,204,217,17,13,1,1,1
1,5,259,267,16,12,1,1,1
2,5,259,266,16,12,1,1,1
3,5,258,266,16,12,1,1,1
4,5,258,266,16,12,1,1,1
5,5,257,266,15,12,1,1,1
6,5,257,265,16,12,1,1,1
7,5,257,264,16,12,1,1,1
8,5,257,263,15,11,1,1,1
9,5,257,262,15,11,1,1,1
10,5,257,261,15,11,1,1,1
11,5,258,260,15,11,1,1,1
12,5,258,259,15,11,1,1,1
13,5,258,259,15,11,1,1,1
14,5,258,258,14,11,1,1,1
15,5,257,256,15,11,1,1,1
16,5,256,255,15,11,1,1,1
17,5,255,254,15,11,1,1,1
18,5,255,253,15,11,1,1,1
19,5,254,251,15,11,1,1,1
20,5,253,250,15,11,1,1,1
21,5,252,249,15,11,1,1,1
22,5,251,247,15,11,1,1,1
23,5,250,247,15,11,1,1,1
24,5,249,246,15,11,1,1,1
25,5,248,245,15,11,1,1,1
26,5,247,244,14,11,1,1,1
27,5,247,243,14,11,1,1,1
28,5,247,242,15,11,1,1,1
29,5,248,242,15,11,1,1,1
30,5,249,241,15,11,1,1,1
31,5,250,240,15,11,1,1,1
32,5,250,239,15,11,1,1,1
33,5,250,238,15,11,1,1,1
34,5,250,237,15,11,1,1,1
35,5,250,236,15,11,1,1,1
36,5,250,235,15,11,1,1,1
37,5,250,233,15,11,1,1,1
38,5,249,232,15,11,1,1,1
39,5,249,230,15,11,1,1,1
40,5,248,229,15,11,1,1,1
41,5,247,228,16,12,1,1,1
42,5,246,226,15,11,1,1,1
43,5,245,226,15,11,1,1,1
44,5,244,224,15,12,1,1,1
45,5,243,223,15,11,1,1,1
46,5,242,221,15,12,1,1,1
47,5,240,220,16,12,1,1,1
48,5,239,219,15,12,1,1,1
49,5,238,218,15,12,1,1,1
50,5,236,217,15,12,1,1,1
51,5,235,216,15,12,1,1,1
52,5,234,215,16,12,1,1,1
53,5,233,214,16,12,1,1,1
54,5,233,214,15,12,1,1,1
55,5,232,212,16,12,1,1,1
56,5,231,212,16,12,1,1,1
57,5,231,211,16,12,1,1,1
58,5,231,210,16,12,1,1,1
59,5,231,209,16,12,1,1,1
60,5,231,209,16,12,1,1,1
61,5,231,208,16,12,1,1,1
62,5,231,207,16,12,1,1,1
63,5,231,206,16,12,1,1,1
64,5,231,206,16,12,1,1,1
65,5,232,205,16,12,1,1,1
66,5,233,205,16,12,1,1,1
67,5,233,204,16,12,1,1,1
68,5,234,203,16,12,1,1,1
69,5,233,203,17,12,1,1,1
70,5,233,202,16,12,1,1,1
71,5,232,201,17,12,1,1,1
72,5,231,201,16,12,1,1,1
73,5,231,201,16,12,1,1,1
74,5,231,200,17,12,1,1,1
75,5,231,200,16,12,1,1,1
76,5,230,199,17,12,1,1,1
77,5,229,198,17,13,1,1,1
78,5,228,198,17,12,1,1,1
79,5,227,197,17,12,1,1,1
80,5,227,197,17,13,1,1,1
81,5,226,197,17,12,1,1,1
82,5,226,196,17,12,1,1,1
83,5,226,196,17,12,1,1,1
84,5,226,195,17,13,1,1,1
85,5,225,195,17,13,1,1,1
86,5,225,195,17,13,1,1,1
87,5,224,194,17,13,1,1,1
88,5,224,194,17,13,1,1,1
89,5,224,194,17,12,1,1,1
90,5,224,194,17,12,1,1,1
91,5,223,194,17,12,1,1,1
92,5,222,194,17,12,1,1,1
93,5,221,194,17,12,1,1,1
94,5,220,194,17,12,1,1,1
95,5,220,194,17,12,1,1,1
96,5,220,194,17,12,1,1,1
97,5,219,195,17,12,1,1,1
98,5,220,195,17,12,1,1,1
99,5,220,196,17,12,1,1,1
100,5,220,196,17,12,1,1,1
101,5,220,196,17,12,1,1,1
102,5,220,196,17,12,1,1,1
103,5,220,196,17,12,1,1,1
104,5,220,197,17,12,1,1,1
105,5,221,197,17,12,1,1,1
106,5,222,198,17,12,1,1,1
107,5,223,198,17,12,1,1,1
108,5,223,198,17,12,1,1,1
109,5,223,199,17,12,1,1,1
110,5,223,199,17,12,1,1,1
111,5,223,200,17,12,1,1,1
112,5,223,200,17,12,1,1,1
113,5,224,201,17,12,1,1,1
114,5,225,202,17,12,1,1,1
115,5,226,203,17,12,1,1,1
116,5,227,204,17,12,1,1,1
117,5,226,204,17,12,1,1,1
118,5,225,204,17,12,1,1,1
119,5,224,204,17,12,1,1,1
120,5,222,204,17,12,1,1,1
121,5,221,204,17,12,1,1,1
122,5,220,204,17,12,1,1,1
123,5,220,205,17,12,1,1,1
124,5,219,205,17,12,1,1,1
125,5,217,206,17,12,1,1,1
126,5,216,206,17,12,1,1,1
127,5,215,207,17,12,1,1,1
128,5,214,208,17,12,1,1,1
129,5,213,209,17,12,1,1,1
130,5,212,210,17,12,1,1,1
131,5,212,211,17,12,1,1,1
132,5,211,212,17,12,1,1,1
133,5,211,213,17,12,1,1,1
134,5,211,214,17,12,1,1,1
135,5,210,214,17,12,1,1,1
136,5,210,214,17,12,1,1,1
137,5,210,214,17,12,1,1,1
138,5,211,215,17,12,1,1,1
139,5,212,215,17,12,1,1,1
140,5,212,214,17,12,1,1,1
141,5,213,214,16,12,1,1,1
142,5,213,214,16,12,1,1,1
143,5,214,214,17,12,1,1,1
144,5,215,214,16,11,1,1,1
145,5,216,214,16,12,1,1,1
146,5,217,214,17,12,1,1,1
147,5,217,214,17,12,1,1,1
148,5,218,215,17,12,1,1,1
149,5,218,214,17,12,1,1,1
150,5,218,214,17,12,1,1,1
151,5,219,215,16,12,1,1,1
152,5,219,215,17,12,1,1,1
153,5,219,215,16,12,1,1,1
154,5,220,215,16,11,1,1,1
155,5,221,215,16,11,1,1,1
156,5,222,215,16,11,1,1,1
157,5,222,215,16,11,1,1,1
158,5,223,215,16,11,1,1,1
159,5,223,216,16,11,1,1,1
160,5,223,216,16,11,1,1,1
161,5,224,216,16,11,1,1,1
162,5,224,216,16,11,1,1,1
163,5,224,217,16,11,1,1,1
164,5,225,217,16,11,1,1,1
165,5,225,217,16,11,1,1,1
166,5,226,218,16,11,1,1,1
167,5,227,218,16,11,1,1,1
168,5,227,219,16,11,1,1,1
169,5,228,219,16,11,1,1,1
170,5,229,220,16,11,1,1,1
171,5,229,220,16,11,1,1,1
172,5,230,221,15,11,1,1,1
173,5,230,221,16,12,1,1,1
174,5,231,221,16,11,1,1,1
175,5,232,222,16,11,1,1,1
176,5,233,222,16,12,1,1,1
177,5,234,223,16,11,1,1,1
178,5,235,224,16,11,1,1,1
179,5,236,224,16,11,1,1,1
180,5,237,225,16,11,1,1,1
181,5,238,225,16,11,1,1,1
182,5,239,225,16,11,1,1,1
183,5,240,226,16,11,1,1,1
184,5,241,226,15,11,1,1,1
185,5,241,227,16,11,1,1,1
186,5,242,227,15,11,1,1,1
187,5,243,228,16,11,1,1,1
188,5,244,229,16,11,1,1,1
189,5,245,230,16,11,1,1,1
190,5,245,230,15,11,1,1,1
191,5,246,231,15,11,1,1,1
192,5,246,232,15,11,1,1,1
193,5,247,232,15,11,1,1,1
194,5,247,233,16,11,1,1,1
195,5,247,233,15,11,1,1,1
1,6,309,238,15,13,1,1,1
2,6,309,237,15,13,1,1,1
3,6,308,237,15,13,1,1,1
4,6,308,237,15,13,1,1,1
5,6,307,237,15,13,1,1,1
6,6,307,237,15,13,1,1,1
7,6,306,236,15,13,1,1,1
8,6,307,236,14,12,1,1,1
9,6,307,235,14,12,1,1,1
10,6,308,234,14,12,1,1,1
11,6,309,234,14,12,1,1,1
12,6,309,233,14,12,1,1,1
13,6,309,233,14,12,1,1,1
14,6,309,232,13,12,1,1,1
15,6,309,231,13,12,1,1,1
16,6,308,230,13,12,1,1,1
17,6,308,229,13,11,1,1,1
18,6,308,228,13,11,1,1,1
19,6,307,227,13,12,1,1,1
20,6,306,225,13,11,1,1,1
21,6,306,224,13,11,1,1,1
22,6,305,223,13,11,1,1,1
23,6,305,222,13,12,1,1,1
24,6,304,221,13,11,1,1,1
25,6,303,220,13,12,1,1,1
26,6,303,219,13,12,1,1,1
27,6,303,218,14,12,1,1,1
28,6,303,216,13,12,1,1,1
29,6,305,215,13,12,1,1,1
30,6,306,214,13,12,1,1,1
31,6,307,213,14,12,1,1,1
32,6,308,212,14,12,1,1,1
33,6,308,210,14,12,1,1,1
34,6,309,209,14,12,1,1,1
35,6,309,207,14,12,1,1,1
36,6,309,206,14,12,1,1,1
37,6,309,204,14,12,1,1,1
38,6,309,203,14,12,1,1,1
39,6,309,201,14,12,1,1,1
40,6,308,200,14,12,1,1,1
41,6,308,198,14,12,1,1,1
42,6,307,197,14,12,1,1,1
43,6,306,196,14,12,1,1,1
44,6,305,194,14,12,1,1,1
45,6,305,193,15,13,1,1,1
46,6,303,192,15,13,1,1,1
47,6,303,190,15,13,1,1,1
48,6,302,189,15,13,1,1,1
49,6,301,188,15,13,1,1,1
50,6,300,187,15,13,1,1,1
51,6,299,186,15,13,1,1,1
52,6,298,185,15,13,1,1,1
53,6,297,184,15,13,1,1,1
54,6,297,183,15,13,1,1,1
55,6,296,182,15,13,1,1,1
56,6,297,181,15,13,1,1,1
57,6,297,180,15,13,1,1,1
58,6,297,179,15,13,1,1,1
59,6,297,179,15,13,1,1,1
60,6,297,178,15,13,1,1,1
61,6,297,177,15,13,1,1,1
62,6,297,176,15,13,1,1,1
63,6,297,175,15,13,1,1,1
64,6,298,174,15,13,1,1,1
65,6,299,174,15,13,1,1,1
66,6,300,173,15,13,1,1,1
67,6,300,172,15,13,1,1,1
68,6,301,172,15,13,1,1,1
69,6,301,171,15,13,1,1,1
70,6,300,170,15,13,1,1,1
71,6,299,169,15,13,1,1,1
72,6,299,169,15,13,1,1,1
73,6,299,168,15,13,1,1,1
74,6,299,168,15,13,1,1,1
75,6,299,167,16,13,1,1,1
76,6,298,166,15,13,1,1,1
77,6,297,166,15,13,1,1,1
78,6,296,165,15,13,1,1,1
79,6,296,164,15,13,1,1,1
80,6,295,164,15,13,1,1,1
81,6,295,163,16,13,1,1,1
82,6,295,163,15,13,1,1,1
83,6,295,162,16,13,1,1,1
84,6,295,162,16,14,1,1,1
85,6,294,161,16,13,1,1,1
86,6,293,161,16,14,1,1,1
87,6,293,160,15,13,1,1,1
88,6,292,160,16,14,1,1,1
89,6,292,159,15,13,1,1,1
90,6,292,159,16,14,1,1,1
91,6,291,159,16,14,1,1,1
92,6,290,158,16,14,1,1,1
93,6,289,158,16,14,1,1,1
94,6,288,158,16,14,1,1,1
95,6,287,158,16,14,1,1,1
96,6,287,158,16,14,1,1,1
97,6,287,158,16,14,1,1,1
98,6,287,158,16,14,1,1,1
99,6,287,159,16,14,1,1,1
100,6,287,158,16,14,1,1,1
101,6,287,159,16,14,1,1,1
102,6,287,159,16,14,1,1,1
103,6,286,158,16,14,1,1,1
104,6,287,158,16,14,1,1,1
105,6,287,159,16,14,1,1,1
106,6,288,159,16,14,1,1,1
107,6,289,160,16,14,1,1,1
108,6,289,160,16,14,1,1,1
109,6,289,160,16,14,1,1,1
110,6,289,160,16,14,1,1,1
111,6,289,160,16,14,1,1,1
112,6,289,161,16,14,1,1,1
113,6,289,161,16,14,1,1,1
114,6,290,162,16,14,1,1,1
115,6,291,163,16,14,1,1,1
116,6,291,163,16,14,1,1,1
117,6,290,163,16,14,1,1,1
118,6,289,163,16,14,1,1,1
119,6,287,163,16,14,1,1,1
120,6,286,163,16,14,1,1,1
121,6,284,163,17,14,1,1,1
122,6,283,163,17,14,1,1,1
123,6,282,163,17,14,1,1,1
124,6,281,164,16,14,1,1,1
125,6,279,164,16,14,1,1,1
126,6,278,165,16,14,1,1,1
127,6,276,165,16,14,1,1,1
128,6,275,166,16,14,1,1,1
129,6,274,167,16,14,1,1,1
130,6,273,168,16,14,1,1,1
131,6,273,169,16,14,1,1,1
132,6,272,170,16,14,1,1,1
133,6,271,171,16,14,1,1,1
134,6,271,171,16,14,1,1,1
135,6,270,172,16,14,1,1,1
136,6,269,172,16,14,1,1,1
137,6,270,172,16,14,1,1,1
138,6,270,172,16,14,1,1,1
139,6,270,172,16,14,1,1,1
140,6,271,172,16,14,1,1,1
141,6,271,172,16,14,1,1,1
142,6,271,172,16,14,1,1,1
143,6,271,172,16,14,1,1,1
144,6,272,172,16,14,1,1,1
145,6,272,172,16,14,1,1,1
146,6,273,172,16,14,1,1,1
147,6,273,172,16,14,1,1,1
148,6,274,172,16,14,1,1,1
149,6,274,172,16,14,1,1,1
150,6,274,172,16,14,1,1,1
151,6,274,172,16,14,1,1,1
152,6,274,172,16,14,1,1,1
153,6,274,172,16,14,1,1,1
154,6,274,172,16,14,1,1,1
155,6,274,172,16,14,1,1,1
156,6,275,172,16,14,1,1,1
157,6,275,172,16,14,1,1,1
158,6,275,172,16,14,1,1,1
159,6,275,173,16,14,1,1,1
160,6,275,173,16,14,1,1,1
161,6,275,173,15,13,1,1,1
162,6,275,174,15,13,1,1,1
163,6,275,174,16,14,1,1,1
164,6,275,174,16,13,1,1,1
165,6,275,174,15,13,1,1,1
166,6,276,175,15,13,1,1,1
167,6,276,175,15,13,1,1,1
168,6,276,176,16,14,1,1,1
169,6,277,176,16,13,1,1,1
170,6,277,177,15,13,1,1,1
171,6,277,177,15,13,1,1,1
172,6,277,177,15,13,1,1,1
173,6,278,178,15,13,1,1,1
174,6,278,179,15,13,1,1,1
175,6,278,179,15,13,1,1,1
176,6,279,180,15,13,1,1,1
177,6,280,180,15,13,1,1,1
178,6,280,181,15,13,1,1,1
179,6,281,181,15,13,1,1,1
180,6,282,182,15,13,1,1,1
181,6,282,183,15,13,1,1,1
182,6,283,183,15,13,1,1,1
183,6,283,184,15,13,1,1,1
184,6,284,184,15,13,1,1,1
185,6,284,185,15,13,1,1,1
186,6,285,185,15,13,1,1,1
187,6,285,186,15,13,1,1,1
188,6,286,187,15,13,1,1,1
189,6,286,188,15,13,1,1,1
190,6,286,188,15,13,1,1,1
191,6,287,189,15,13,1,1,1
192,6,287,190,15,13,1,1,1
193,6,287,190,15,13,1,1,1
194,6,286,191,15,13,1,1,1
195,6,286,192,15,13,1,1,1
1,7,399,145,16,11,1,1,1
2,7,399,144,16,11,1,1,1
3,7,400,143,16,11,1,1,1
4,7,400,142,16,11,1,1,1
5,7,400,142,16,11,1,1,1
6,7,400,141,16,11,1,1,1
7,7,401,139,16,11,1,1,1
8,7,401,138,16,11,1,1,1
9,7,402,137,17,11,1,1,1
10,7,403,135,17,12,1,1,1
11,7,404,134,17,12,1,1,1
12,7,404,133,17,11,1,1,1
13,7,405,133,17,12,1,1,1
14,7,405,132,16,11,1,1,1
15,7,405,131,17,12,1,1,1
16,7,404,129,17,11,1,1,1
17,7,404,128,17,12,1,1,1
18,7,404,127,17,12,1,1,1
19,7,404,126,17,11,1,1,1
20,7,403,125,17,11,1,1,1
21,7,403,124,17,12,1,1,1
22,7,402,123,17,12,1,1,1
23,7,402,122,17,12,1,1,1
24,7,401,122,17,12,1,1,1
25,7,400,121,17,12,1,1,1
26,7,399,121,17,12,1,1,1
27,7,399,120,17,12,1,1,1
28,7,400,119,17,12,1,1,1
29,7,401,119,17,12,1,1,1
30,7,402,118,17,12,1,1,1
31,7,403,118,17,12,1,1,1
32,7,404,117,17,12,1,1,1
33,7,404,117,17,11,1,1,1
34,7,404,116,17,12,1,1,1
35,7,404,115,17,12,1,1,1
36,7,404,114,17,12,1,1,1
37,7,404,114,17,12,1,1,1
38,7,404,113,17,12,1,1,1
39,7,404,112,17,12,1,1,1
40,7,403,111,17,12,1,1,1
41,7,402,110,17,12,1,1,1
42,7,401,110,17,12,1,1,1
43,7,400,109,17,12,1,1,1
44,7,399,108,17,12,1,1,1
45,7,398,108,17,12,1,1,1
46,7,397,107,17,12,1,1,1
47,7,396,107,17,12,1,1,1
48,7,395,106,17,12,1,1,1
49,7,393,106,17,12,1,1,1
50,7,392,106,17,12,1,1,1
51,7,391,105,18,12,1,1,1
52,7,390,105,18,12,1,1,1
53,7,389,105,17,12,1,1,1
54,7,389,104,17,12,1,1,1
55,7,388,104,18,12,1,1,1
56,7,388,104,18,12,1,1,1
57,7,388,104,18,12,1,1,1
58,7,387,104,18,12,1,1,1
59,7,387,104,18,12,1,1,1
60,7,387,104,18,12,1,1,1
61,7,387,104,18,12,1,1,1
62,7,387,104,18,12,1,1,1
63,7,387,104,18,12,1,1,1
64,7,387,104,18,12,1,1,1
65,7,388,104,18,12,1,1,1
66,7,389,104,18,12,1,1,1
67,7,390,104,18,12,1,1,1
68,7,390,104,18,12,1,1,1
69,7,390,104,18,12,1,1,1
70,7,389,104,18,12,1,1,1
71,7,388,104,18,12,1,1,1
72,7,388,104,18,12,1,1,1
73,7,388,104,18,12,1,1,1
74,7,388,104,18,12,1,1,1
75,7,387,104,18,12,1,1,1
76,7,387,104,18,12,1,1,1
77,7,386,104,18,12,1,1,1
78,7,385,104,18,12,1,1,1
79,7,385,104,18,12,1,1,1
80,7,384,104,18,12,1,1,1
81,7,384,104,18,12,1,1,1
82,7,384,104,18,12,1,1,1
83,7,384,105,18,12,1,1,1
84,7,384,105,18,12,1,1,1
85,7,384,105,18,12,1,1,1
86,7,384,105,18,12,1,1,1
87,7,383,106,18,12,1,1,1
88,7,383,106,18,12,1,1,1
89,7,383,106,18,12,1,1,1
90,7,383,106,18,12,1,1,1
91,7,383,107,18,12,1,1,1
92,7,382,107,18,12,1,1,1
93,7,381,108,18,12,1,1,1
94,7,381,108,18,12,1,1,1
95,7,381,109,18,12,1,1,1
96,7,381,110,18,12,1,1,1
97,7,381,110,18,12,1,1,1
98,7,382,111,18,12,1,1,1
99,7,382,112,18,12,1,1,1
100,7,384,112,17,13,1,1,1
101,7,384,113,17,13,1,1,1
102,7,384,113,17,13,1,1,1
103,7,385,114,17,13,1,1,1
104,7,385,114,17,13,1,1,1
105,7,387,115,17,13,1,1,1
106,7,388,116,17,13,1,1,1
107,7,389,117,17,13,1,1,1
108,7,390,118,17,13,1,1,1
109,7,391,118,17,13,1,1,1
110,7,391,119,17,13,1,1,1
111,7,391,120,17,13,1,1,1
112,7,392,121,17,13,1,1,1
113,7,393,122,17,13,1,1,1
114,7,395,123,17,13,1,1,1
115,7,396,124,17,13,1,1,1
116,7,397,126,17,13,1,1,1
117,7,397,126,17,13,1,1,1
118,7,396,127,17,13,1,1,1
119,7,396,127,17,13,1,1,1
120,7,395,127,17,13,1,1,1
121,7,394,128,17,13,1,1,1
122,7,394,128,17,13,1,1,1
123,7,394,129,17,13,1,1,1
124,7,393,130,17,13,1,1,1
125,7,392,131,17,13,1,1,1
126,7,391,132,17,13,1,1,1
127,7,391,133,17,13,1,1,1
128,7,390,134,17,13,1,1,1
129,7,390,135,17,13,1,1,1
130,7,390,137,17,13,1,1,1
131,7,390,138,17,13,1,1,1
132,7,390,140,17,13,1,1,1
133,7,390,141,17,13,1,1,1
134,7,390,142,17,13,1,1,1
135,7,390,142,17,13,1,1,1
136,7,390,143,17,13,1,1,1
137,7,391,143,17,13,1,1,1
138,7,392,144,17,13,1,1,1
139,7,393,144,17,13,1,1,1
140,7,394,144,17,13,1,1,1
141,7,395,144,17,13,1,1,1
142,7,396,144,17,13,1,1,1
143,7,397,145,17,13,1,1,1
144,7,398,145,17,13,1,1,1
145,7,399,145,16,13,1,1,1
146,7,400,145,16,13,1,1,1
147,7,401,146,16,13,1,1,1
148,7,402,146,16,13,1,1,1
149,7,403,146,17,13,1,1,1
150,7,403,146,17,13,1,1,1
151,7,404,147,16,13,1,1,1
152,7,404,147,16,13,1,1,1
153,7,405,147,16,13,1,1,1
154,7,406,148,17,13,1,1,1
155,7,407,148,17,13,1,1,1
156,7,408,148,16,13,1,1,1
157,7,409,148,16,12,1,1,1
158,7,409,149,17,13,1,1,1
159,7,410,149,16,13,1,1,1
160,7,410,150,17,13,1,1,1
161,7,411,150,16,13,1,1,1
162,7,411,151,17,13,1,1,1
163,7,411,151,17,13,1,1,1
164,7,412,152,17,13,1,1,1
165,7,413,153,17,13,1,1,1
166,7,413,153,16,13,1,1,1
167,7,414,154,16,13,1,1,1
168,7,415,155,16,13,1,1,1
169,7,416,156,16,12,1,1,1
170,7,416,157,16,13,1,1,1
171,7,417,158,16,13,1,1,1
172,7,417,159,16,12,1,1,1
173,7,418,159,16,12,1,1,1
174,7,418,161,16,12,1,1,1
175,7,419,162,16,12,1,1,1
176,7,420,163,16,12,1,1,1
177,7,421,163,16,12,1,1,1
178,7,422,165,16,12,1,1,1
179,7,422,166,16,12,1,1,1
180,7,423,167,16,12,1,1,1
181,7,424,168,16,12,1,1,1
182,7,424,169,16,12,1,1,1
183,7,425,170,16,12,1,1,1
184,7,426,171,16,12,1,1,1
185,7,426,172,16,12,1,1,1
186,7,427,174,16,12,1,1,1
187,7,428,175,16,12,1,1,1
188,7,428,176,16,12,1,1,1
189,7,428,178,16,12,1,1,1
190,7,428,179,16,12,1,1,1
191,7,429,181,16,12,1,1,1
192,7,429,182,16,12,1,1,1
193,7,428,183,16,12,1,1,1
194,7,428,184,16,12,1,1,1
195,7,428,186,16,12,1,1,1
1,8,523,250,15,11,1,1,1
2,8,523,250,15,11,1,1,1
3,8,522,250,15,11,1,1,1
4,8,521,250,15,11,1,1,1
5,8,521,250,15,11,1,1,1
6,8,520,250,15,11,1,1,1
7,8,520,250,15,11,1,1,1
8,8,519,250,15,11,1,1,1
9,8,519,249,15,11,1,1,1
10,8,519,249,14,11,1,1,1
11,8,519,249,14,10,1,1,1
12,8,519,249,14,10,1,1,1
13,8,519,249,15,11,1,1,1
14,8,518,249,14,11,1,1,1
15,8,517,249,14,11,1,1,1
16,8,516,249,14,11,1,1,1
17,8,514,249,14,10,1,1,1
18,8,513,248,14,10,1,1,1
19,8,512,248,14,10,1,1,1
20,8,511,248,14,10,1,1,1
21,8,509,247,14,11,1,1,1
22,8,508,247,14,10,1,1,1
23,8,506,248,14,10,1,1,1
24,8,505,248,14,10,1,1,1
25,8,503,248,14,10,1,1,1
26,8,502,248,14,10,1,1,1
27,8,501,248,14,10,1,1,1
28,8,501,248,14,10,1,1,1
29,8,501,248,14,10,1,1,1
30,8,501,249,14,10,1,1,1
31,8,501,249,14,10,1,1,1
32,8,501,249,14,10,1,1,1
33,8,501,249,14,10,1,1,1
34,8,500,249,14,10,1,1,1
35,8,499,249,14,10,1,1,1
36,8,498,249,14,10,1,1,1
37,8,497,249,14,10,1,1,1
38,8,496,249,14,10,1,1,1
39,8,495,248,14,10,1,1,1
40,8,494,248,14,10,1,1,1
41,8,492,248,14,10,1,1,1
42,8,490,248,14,10,1,1,1
43,8,488,248,14,10,1,1,1
44,8,487,248,14,10,1,1,1
45,8,485,248,14,10,1,1,1
46,8,483,248,14,10,1,1,1
47,8,481,248,14,10,1,1,1
48,8,479,248,14,10,1,1,1
49,8,477,248,14,10,1,1,1
50,8,475,248,14,10,1,1,1
51,8,472,248,14,10,1,1,1
52,8,471,248,14,10,1,1,1
53,8,469,248,14,10,1,1,1
54,8,468,248,14,10,1,1,1
55,8,466,249,14,10,1,1,1
56,8,465,249,14,10,1,1,1
57,8,464,249,14,10,1,1,1
58,8,463,249,14,10,1,1,1
59,8,462,250,14,11,1,1,1
60,8,461,250,14,11,1,1,1
61,8,460,250,15,11,1,1,1
62,8,459,250,15,11,1,1,1
63,8,458,250,15,11,1,1,1
64,8,458,250,15,11,1,1,1
65,8,458,251,15,11,1,1,1
66,8,458,251,15,11,1,1,1
67,8,458,251,15,11,1,1,1
68,8,457,251,15,11,1,1,1
69,8,456,251,15,11,1,1,1
70,8,454,251,15,11,1,1,1
71,8,453,252,15,11,1,1,1
72,8,451,252,15,11,1,1,1
73,8,450,252,15,11,1,1,1
74,8,449,253,15,11,1,1,1
75,8,448,253,15,11,1,1,1
76,8,447,253,15,11,1,1,1
77,8,445,253,15,11,1,1,1
78,8,444,253,15,11,1,1,1
79,8,442,253,15,11,1,1,1
80,8,441,254,15,11,1,1,1
81,8,440,254,15,11,1,1,1
82,8,439,254,15,11,1,1,1
83,8,438,254,16,11,1,1,1
84,8,437,255,15,11,1,1,1
85,8,436,255,15,11,1,1,1
86,8,435,255,15,11,1,1,1
87,8,433,256,16,11,1,1,1
88,8,432,256,16,11,1,1,1
89,8,432,256,15,11,1,1,1
90,8,431,257,15,11,1,1,1
91,8,429,257,15,11,1,1,1
92,8,428,258,15,11,1,1,1
93,8,426,258,15,11,1,1,1
94,8,424,259,15,11,1,1,1
95,8,423,259,16,11,1,1,1
96,8,423,260,15,11,1,1,1
97,8,422,261,15,11,1,1,1
98,8,421,261,16,11,1,1,1
99,8,421,262,16,11,1,1,1
100,8,421,263,15,11,1,1,1
101,8,420,263,15,11,1,1,1
102,8,419,264,15,11,1,1,1
103,8,418,264,15,11,1,1,1
104,8,418,265,15,11,1,1,1
105,8,418,266,15,11,1,1,1
106,8,418,267,15,11,1,1,1
107,8,418,268,15,11,1,1,1
108,8,418,268,16,11,1,1,1
109,8,417,269,15,11,1,1,1
110,8,417,269,16,11,1,1,1
111,8,416,270,16,11,1,1,1
112,8,415,271,16,11,1,1,1
113,8,415,271,16,11,1,1,1
114,8,416,272,16,11,1,1,1
115,8,416,273,16,11,1,1,1
116,8,415,274,16,11,1,1,1
117,8,414,275,16,11,1,1,1
118,8,412,275,16,11,1,1,1
119,8,410,275,16,11,1,1,1
120,8,408,275,16,11,1,1,1
121,8,406,275,16,11,1,1,1
122,8,405,276,16,12,1,1,1
123,8,403,276,16,11,1,1,1
124,8,401,277,16,12,1,1,1
125,8,399,278,16,11,1,1,1
126,8,397,278,16,11,1,1,1
127,8,395,279,16,11,1,1,1
128,8,393,280,16,11,1,1,1
129,8,391,281,16,12,1,1,1
130,8,390,282,16,11,1,1,1
131,8,389,283,16,12,1,1,1
132,8,387,285,16,12,1,1,1
133,8,386,286,16,12,1,1,1
134,8,384,286,16,12,1,1,1
135,8,383,287,16,11,1,1,1
136,8,382,287,16,12,1,1,1
137,8,381,287,16,12,1,1,1
138,8,381,287,16,12,1,1,1
139,8,381,287,16,12,1,1,1
140,8,381,287,16,12,1,1,1
141,8,380,287,16,12,1,1,1
142,8,380,287,16,11,1,1,1
143,8,380,287,16,12,1,1,1
144,8,379,287,16,12,1,1,1
145,8,379,287,16,12,1,1,1
146,8,379,287,16,11,1,1,1
147,8,379,287,16,11,1,1,1
148,8,378,286,16,11,1,1,1
149,8,378,286,16,11,1,1,1
150,8,377,286,15,11,1,1,1
151,8,376,286,15,11,1,1,1
152,8,375,286,15,11,1,1,1
153,8,375,285,15,11,1,1,1
154,8,375,285,15,11,1,1,1
155,8,375,285,15,11,1,1,1
156,8,374,284,16,11,1,1,1
157,8,374,284,16,11,1,1,1
158,8,373,283,15,11,1,1,1
159,8,373,283,16,11,1,1,1
160,8,372,283,15,11,1,1,1
161,8,371,283,15,11,1,1,1
162,8,370,282,15,11,1,1,1
163,8,370,282,15,11,1,1,1
164,8,369,282,15,11,1,1,1
165,8,368,282,15,11,1,1,1
166,8,368,282,15,11,1,1,1
167,8,368,282,15,11,1,1,1
168,8,367,282,15,11,1,1,1
169,8,367,283,15,11,1,1,1
170,8,367,283,15,11,1,1,1
171,8,366,283,15,11,1,1,1
172,8,366,283,15,11,1,1,1
173,8,365,283,15,11,1,1,1
174,8,365,283,15,11,1,1,1
175,8,365,283,15,11,1,1,1
176,8,365,283,15,11,1,1,1
177,8,365,283,15,11,1,1,1
178,8,365,283,15,11,1,1,1
179,8,365,283,15,11,1,1,1
180,8,365,283,15,11,1,1,1
181,8,365,282,15,11,1,1,1
182,8,364,282,15,11,1,1,1
183,8,364,282,15,11,1,1,1
184,8,364,282,15,11,1,1,1
185,8,364,282,15,11,1,1,1
186,8,364,281,15,11,1,1,1
187,8,364,281,15,11,1,1,1
188,8,364,281,15,11,1,1,1
189,8,364,281,15,11,1,1,1
190,8,363,281,15,11,1,1,1
191,8,363,281,15,11,1,1,1
192,8,363,281,15,11,1,1,1
193,8,362,281,15,11,1,1,1
194,8,361,280,15,11,1,1,1
195,8,361,280,15,11,1,1,1
1,9,495,290,16,13,1,1,1
2,9,496,289,16,13,1,1,1
3,9,496,288,16,13,1,1,1
4,9,497,287,16,13,1,1,1
5,9,497,286,16,13,1,1,1
6,9,498,285,16,13,1,1,1
7,9,499,284,16,13,1,1,1
8,9,500,283,16,13,1,1,1
9,9,501,281,16,13,1,1,1
10,9,502,280,16,13,1,1,1
11,9,504,279,16,13,1,1,1
12,9,505,278,16,13,1,1,1
13,9,505,278,16,13,1,1,1
14,9,505,277,16,13,1,1,1
15,9,506,276,16,13,1,1,1
16,9,506,275,16,13,1,1,1
17,9,506,274,16,13,1,1,1
18,9,506,273,16,13,1,1,1
19,9,506,272,16,13,1,1,1
20,9,506,271,16,13,1,1,1
21,9,506,270,16,13,1,1,1
22,9,505,269,16,13,1,1,1
23,9,505,269,16,13,1,1,1
24,9,505,269,16,13,1,1,1
25,9,505,268,16,13,1,1,1
26,9,504,268,16,13,1,1,1
27,9,505,267,16,13,1,1,1
28,9,506,267,16,13,1,1,1
29,9,507,267,16,13,1,1,1
30,9,509,267,16,13,1,1,1
31,9,510,266,16,13,1,1,1
32,9,512,266,16,13,1,1,1
33,9,512,265,16,13,1,1,1
34,9,513,265,16,13,1,1,1
35,9,513,265,16,13,1,1,1
36,9,514,265,16,13,1,1,1
37,9,514,264,16,13,1,1,1
38,9,515,264,16,13,1,1,1
39,9,515,263,16,13,1,1,1
40,9,515,263,16,13,1,1,1
41,9,514,263,16,13,1,1,1
42,9,514,262,16,13,1,1,1
43,9,513,262,16,13,1,1,1
44,9,513,262,16,13,1,1,1
45,9,512,262,16,13,1,1,1
46,9,511,261,16,13,1,1,1
47,9,511,261,16,13,1,1,1
48,9,510,261,16,13,1,1,1
49,9,509,261,16,13,1,1,1
50,9,509,261,16,13,1,1,1
51,9,508,261,16,13,1,1,1
52,9,508,262,16,13,1,1,1
53,9,507,262,16,13,1,1,1
54,9,507,262,16,13,1,1,1
55,9,507,262,16,13,1,1,1
56,9,507,263,16,13,1,1,1
57,9,508,263,16,13,1,1,1
58,9,508,263,16,13,1,1,1
59,9,508,264,16,13,1,1,1
60,9,509,265,16,13,1,1,1
61,9,509,266,16,13,1,1,1
62,9,510,266,16,13,1,1,1
63,9,510,267,16,13,1,1,1
64,9,511,268,16,13,1,1,1
65,9,512,269,16,13,1,1,1
66,9,513,270,16,13,1,1,1
67,9,515,270,16,13,1,1,1
68,9,515,271,16,13,1,1,1
69,9,515,272,16,13,1,1,1
70,9,515,272,16,13,1,1,1
71,9,515,273,16,13,1,1,1
72,9,515,274,16,13,1,1,1
73,9,515,275,16,13,1,1,1
74,9,515,276,16,13,1,1,1
75,9,515,277,16,13,1,1,1
76,9,515,277,16,13,1,1,1
77,9,514,278,16,13,1,1,1
78,9,514,279,16,13,1,1,1
79,9,514,280,16,13,1,1,1
80,9,514,281,16,13,1,1,1
81,9,514,281,16,13,1,1,1
82,9,514,282,16,13,1,1,1
83,9,514,283,16,13,1,1,1
84,9,514,284,16,13,1,1,1
85,9,514,284,17,13,1,1,1
86,9,514,285,17,13,1,1,1
87,9,514,286,17,13,1,1,1
88,9,514,287,17,14,1,1,1
89,9,514,287,17,14,1,1,1
90,9,514,288,17,14,1,1,1
91,9,513,289,17,14,1,1,1
92,9,513,290,17,14,1,1,1
93,9,512,291,17,13,1,1,1
94,9,511,293,17,14,1,1,1
95,9,511,294,17,14,1,1,1
96,9,511,295,17,13,1,1,1
97,9,511,297,17,14,1,1,1
98,9,511,298,18,14,1,1,1
99,9,512,299,18,15,1,1,1
100,9,512,300,18,15,1,1,1
101,9,512,301,18,15,1,1,1
102,9,512,302,18,15,1,1,1
103,9,512,303,18,15,1,1,1
104,9,513,304,18,15,1,1,1
105,9,514,305,18,14,1,1,1
106,9,515,307,18,14,1,1,1
107,9,516,308,18,15,1,1,1
108,9,516,309,18,14,1,1,1
109,9,516,310,18,15,1,1,1
110,9,517,311,18,15,1,1,1
111,9,517,312,18,15,1,1,1
112,9,517,313,18,15,1,1,1
113,9,517,314,18,15,1,1,1
114,9,518,315,18,15,1,1,1
115,9,519,317,18,15,1,1,1
116,9,520,318,18,15,1,1,1
117,9,519,319,18,15,1,1,1
118,9,518,320,18,15,1,1,1
119,9,516,320,18,15,1,1,1
120,9,515,321,18,15,1,1,1
121,9,514,321,18,15,1,1,1
122,9,513,322,18,15,1,1,1
123,9,512,323,18,15,1,1,1
124,9,511,324,18,15,1,1,1
125,9,509,325,18,15,1,1,1
126,9,507,327,18,15,1,1,1
127,9,506,328,18,15,1,1,1
128,9,504,329,18,15,1,1,1
129,9,503,331,18,15,1,1,1
130,9,502,332,18,15,1,1,1
131,9,501,334,18,15,1,1,1
132,9,501,335,18,15,1,1,1
133,9,500,336,18,15,1,1,1
134,9,499,337,18,15,1,1,1
135,9,497,338,18,15,1,1,1
136,9,497,338,18,15,1,1,1
137,9,497,339,18,15,1,1,1
138,9,497,339,18,15,1,1,1
139,9,497,340,18,15,1,1,1
140,9,497,340,18,15,1,1,1
141,9,497,340,18,15,1,1,1
142,9,497,340,18,15,1,1,1
143,9,497,340,18,15,1,1,1
144,9,497,341,18,15,1,1,1
145,9,497,341,18,15,1,1,1
146,9,497,341,18,15,1,1,1
147,9,497,342,18,15,1,1,1
148,9,497,342,18,15,1,1,1
149,9,496,342,18,15,1,1,1
150,9,496,343,18,15,1,1,1
151,9,495,343,18,15,1,1,1
152,9,494,343,18,15,1,1,1
153,9,494,343,18,15,1,1,1
154,9,494,343,18,15,1,1,1
155,9,494,344,18,14,1,1,1
156,9,494,344,18,14,1,1,1
157,9,493,344,18,15,1,1,1
158,9,493,344,18,14,1,1,1
159,9,492,344,18,15,1,1,1
160,9,491,344,18,15,1,1,1
161,9,490,345,18,14,1,1,1
162,9,489,345,18,15,1,1,1
163,9,489,345,18,15,1,1,1
164,9,488,345,18,14,1,1,1
165,9,487,345,18,15,1,1,1
166,9,487,346,18,14,1,1,1
167,9,486,346,18,15,1,1,1
168,9,486,347,18,14,1,1,1
169,9,486,347,18,14,1,1,1
170,9,485,347,18,14,1,1,1
171,9,485,348,18,14,1,1,1
172,9,484,348,18,14,1,1,1
173,9,483,348,18,14,1,1,1
174,9,483,349,18,14,1,1,1
175,9,483,349,18,14,1,1,1
176,9,482,349,18,15,1,1,1
177,9,482,350,18,14,1,1,1
178,9,482,350,18,14,1,1,1
179,9,481,350,18,15,1,1,1
180,9,481,351,18,14,1,1,1
181,9,481,351,18,14,1,1,1
182,9,480,351,18,14,1,1,1
183,9,480,352,18,14,1,1,1
184,9,479,352,17,14,1,1,1
185,9,479,352,18,14,1,1,1
186,9,479,353,18,14,1,1,1
187,9,478,353,18,14,1,1,1
188,9,478,354,18,14,1,1,1
189,9,477,355,18,14,1,1,1
190,9,476,355,18,14,1,1,1
191,9,476,356,17,14,1,1,1
192,9,475,356,18,14,1,1,1
193,9,474,357,17,14,1,1,1
194,9,473,357,17,14,1,1,1
195,9,471,358,17,14,1,1,1
1,10,562,277,17,13,1,1,1
2,10,561,277,17,13,1,1,1
3,10,561,276,17,13,1,1,1
4,10,561,276,17,13,1,1,1
5,10,560,276,17,13,1,1,1
6,10,560,276,17,13,1,1,1
7,10,559,275,17,13,1,1,1
8,10,559,275,17,13,1,1,1
9,10,559,274,17,13,1,1,1
10,10,560,273,17,13,1,1,1
11,10,560,273,16,12,1,1,1
12,10,560,273,16,12,1,1,1
13,10,560,273,16,12,1,1,1
14,10,559,273,16,12,1,1,1
15,10,558,272,16,12,1,1,1
16,10,558,272,16,12,1,1,1
17,10,556,271,16,12,1,1,1
18,10,555,271,16,12,1,1,1
19,10,554,270,16,12,1,1,1
20,10,553,270,15,12,1,1,1
21,10,552,269,15,12,1,1,1
22,10,551,269,16,12,1,1,1
23,10,550,269,16,12,1,1,1
24,10,548,270,15,12,1,1,1
25,10,547,270,15,12,1,1,1
26,10,545,270,15,12,1,1,1
27,10,545,270,15,12,1,1,1
28,10,545,270,15,12,1,1,1
29,10,545,271,15,12,1,1,1
30,10,545,271,15,11,1,1,1
31,10,545,271,15,12,1,1,1
32,10,546,271,15,12,1,1,1
33,10,545,271,15,12,1,1,1
34,10,545,272,15,12,1,1,1
35,10,544,272,15,12,1,1,1
36,10,543,272,15,11,1,1,1
37,10,543,272,15,12,1,1,1
38,10,542,272,15,12,1,1,1
39,10,541,272,15,12,1,1,1
40,10,539,272,15,11,1,1,1
41,10,538,273,15,11,1,1,1
42,10,536,272,15,12,1,1,1
43,10,535,273,15,11,1,1,1
44,10,533,273,15,12,1,1,1
45,10,531,273,15,12,1,1,1
46,10,529,273,15,12,1,1,1
47,10,527,274,15,12,1,1,1
48,10,525,274,15,12,1,1,1
49,10,523,274,16,12,1,1,1
50,10,522,274,15,12,1,1,1
51,10,520,274,16,12,1,1,1
52,10,518,274,16,12,1,1,1
53,10,516,274,16,12,1,1,1
54,10,515,275,16,12,1,1,1
55,10,514,275,16,12,1,1,1
56,10,513,275,16,12,1,1,1
57,10,512,275,16,12,1,1,1
58,10,511,275,16,12,1,1,1
59,10,511,275,16,12,1,1,1
60,10,510,276,16,12,1,1,1
61,10,509,276,16,12,1,1,1
62,10,508,276,16,12,1,1,1
63,10,507,277,16,12,1,1,1
64,10,507,277,16,12,1,1,1
65,10,507,278,16,12,1,1,1
66,10,507,279,16,12,1,1,1
67,10,507,279,16,12,1,1,1
68,10,507,280,16,12,1,1,1
69,10,506,280,16,12,1,1,1
70,10,504,281,16,12,1,1,1
71,10,503,281,16,13,1,1,1
72,10,502,282,16,12,1,1,1
73,10,501,282,17,13,1,1,1
74,10,500,283,16,12,1,1,1
75,10,499,283,16,13,1,1,1
76,10,498,284,16,12,1,1,1
77,10,496,284,16,12,1,1,1
78,10,495,284,16,12,1,1,1
79,10,493,285,16,12,1,1,1
80,10,492,285,16,12,1,1,1
81,10,491,285,17,13,1,1,1
82,10,490,285,16,13,1,1,1
83,10,489,286,17,13,1,1,1
84,10,488,286,16,13,1,1,1
85,10,487,286,17,13,1,1,1
86,10,486,286,17,13,1,1,1
87,10,485,287,17,13,1,1,1
88,10,484,287,17,13,1,1,1
89,10,483,287,17,13,1,1,1
90,10,482,288,17,13,1,1,1
91,10,480,288,17,13,1,1,1
92,10,479,289,17,13,1,1,1
93,10,477,290,17,13,1,1,1
94,10,476,290,17,13,1,1,1
95,10,474,291,17,13,1,1,1
96,10,474,292,17,13,1,1,1
97,10,473,292,17,13,1,1,1
98,10,472,293,17,13,1,1,1
99,10,472,294,17,13,1,1,1
100,10,472,295,17,13,1,1,1
101,10,471,296,17,13,1,1,1
102,10,470,296,17,13,1,1,1
103,10,469,296,17,13,1,1,1
104,10,469,297,17,13,1,1,1
105,10,469,298,17,13,1,1,1
106,10,469,298,17,13,1,1,1
107,10,469,299,17,13,1,1,1
108,10,469,299,17,13,1,1,1
109,10,468,300,17,13,1,1,1
110,10,468,300,17,13,1,1,1
111,10,467,301,17,13,1,1,1
112,10,466,302,17,13,1,1,1
113,10,466,302,17,13,1,1,1
114,10,466,304,17,13,1,1,1
115,10,466,305,17,13,1,1,1
116,10,466,306,17,13,1,1,1
117,10,465,307,17,13,1,1,1
118,10,463,307,17,13,1,1,1
119,10,461,307,17,13,1,1,1
120,10,459,307,17,13,1,1,1
121,10,457,307,17,13,1,1,1
122,10,455,308,17,13,1,1,1
123,10,453,308,17,13,1,1,1
124,10,451,309,17,13,1,1,1
125,10,449,310,17,13,1,1,1
126,10,447,311,18,13,1,1,1
127,10,445,312,17,13,1,1,1
128,10,443,313,17,13,1,1,1
129,10,441,314,17,13,1,1,1
130,10,439,315,17,13,1,1,1
131,10,438,316,17,13,1,1,1
132,10,437,317,17,13,1,1,1
133,10,435,318,17,13,1,1,1
134,10,434,318,17,13,1,1,1
135,10,432,319,17,13,1,1,1
136,10,431,319,17,13,1,1,1
137,10,430,319,18,14,1,1,1
138,10,430,319,18,13,1,1,1
139,10,430,319,17,13,1,1,1
140,10,429,319,17,13,1,1,1
141,10,428,319,17,13,1,1,1
142,10,428,319,17,13,1,1,1
143,10,427,319,17,13,1,1,1
144,10,427,319,17,13,1,1,1
145,10,427,319,17,13,1,1,1
146,10,426,319,17,13,1,1,1
147,10,426,319,17,13,1,1,1
148,10,425,319,17,13,1,1,1
149,10,424,319,17,13,1,1,1
150,10,423,319,17,13,1,1,1
151,10,422,319,17,13,1,1,1
152,10,421,319,17,13,1,1,1
153,10,421,319,17,13,1,1,1
154,10,420,319,17,13,1,1,1
155,10,419,318,17,13,1,1,1
156,10,419,318,17,13,1,1,1
157,10,419,318,17,13,1,1,1
158,10,418,318,17,13,1,1,1
159,10,417,318,17,13,1,1,1
160,10,416,318,17,13,1,1,1
161,10,414,318,17,13,1,1,1
162,10,413,318,17,13,1,1,1
163,10,412,318,17,13,1,1,1
164,10,411,318,17,13,1,1,1
165,10,410,318,17,13,1,1,1
166,10,410,318,17,13,1,1,1
167,10,409,318,17,13,1,1,1
168,10,409,318,17,13,1,1,1
169,10,408,319,17,13,1,1,1
170,10,407,319,17,13,1,1,1
171,10,407,319,17,13,1,1,1
172,10,405,319,17,13,1,1,1
173,10,405,319,17,13,1,1,1
174,10,404,319,17,13,1,1,1
175,10,404,319,17,13,1,1,1
176,10,403,320,17,13,1,1,1
177,10,403,320,17,13,1,1,1
178,10,402,320,17,13,1,1,1
179,10,402,320,17,13,1,1,1
180,10,402,319,17,13,1,1,1
181,10,402,320,17,13,1,1,1
182,10,401,319,17,13,1,1,1
183,10,400,319,17,13,1,1,1
184,10,400,319,17,13,1,1,1
185,10,399,319,17,13,1,1,1
186,10,399,319,17,13,1,1,1
187,10,399,320,17,13,1,1,1
188,10,398,320,17,13,1,1,1
189,10,398,320,17,13,1,1,1
190,10,397,321,17,13,1,1,1
191,10,396,321,17,13,1,1,1
192,10,395,321,17,13,1,1,1
193,10,394,321,17,13,1,1,1
194,10,393,320,17,13,1,1,1
195,10,392,321,16,13,1,1,1
1,11,616,199,17,13,1,1,1
2,11,616,199,17,13,1,1,1
3,11,616,199,17,13,1,1,1
4,11,615,199,17,13,1,1,1
5,11,615,198,17,13,1,1,1
6,11,614,198,17,13,1,1,1
7,11,614,198,17,13,1,1,1
8,11,614,197,17,13,1,1,1
9,11,615,197,16,13,1,1,1
10,11,615,196,17,13,1,1,1
11,11,615,196,16,13,1,1,1
12,11,615,196,16,12,1,1,1
13,11,616,196,16,13,1,1,1
14,11,615,196,17,13,1,1,1
15,11,614,195,17,13,1,1,1
16,11,613,195,16,13,1,1,1
17,11,612,194,16,13,1,1,1
18,11,612,194,16,12,1,1,1
19,11,611,193,16,12,1,1,1
20,11,610,193,16,12,1,1,1
21,11,609,193,16,12,1,1,1
22,11,608,192,16,12,1,1,1
23,11,607,192,16,12,1,1,1
24,11,606,192,16,12,1,1,1
25,11,604,192,16,12,1,1,1
26,11,603,192,16,12,1,1,1
27,11,603,192,16,12,1,1,1
28,11,603,192,16,12,1,1,1
29,11,604,192,16,12,1,1,1
30,11,605,192,16,12,1,1,1
31,11,605,191,16,12,1,1,1
32,11,606,191,16,12,1,1,1
33,11,606,191,16,12,1,1,1
34,11,606,190,16,12,1,1,1
35,11,605,190,16,13,1,1,1
36,11,605,190,16,12,1,1,1
37,11,604,189,16,12,1,1,1
38,11,604,189,16,12,1,1,1
39,11,603,188,16,12,1,1,1
40,11,602,188,16,12,1,1,1
41,11,601,187,16,12,1,1,1
42,11,600,187,16,12,1,1,1
43,11,599,187,15,12,1,1,1
44,11,597,187,16,12,1,1,1
45,11,596,186,16,12,1,1,1
46,11,594,186,16,12,1,1,1
47,11,593,186,16,12,1,1,1
48,11,591,186,16,12,1,1,1
49,11,590,186,16,12,1,1,1
50,11,589,186,15,12,1,1,1
51,11,587,186,15,12,1,1,1
52,11,586,185,15,12,1,1,1
53,11,585,185,16,12,1,1,1
54,11,584,185,16,12,1,1,1
55,11,583,185,16,12,1,1,1
56,11,582,185,16,12,1,1,1
57,11,582,185,16,12,1,1,1
58,11,582,185,16,12,1,1,1
59,11,581,185,16,12,1,1,1
60,11,581,185,16,12,1,1,1
61,11,581,185,16,12,1,1,1
62,11,580,184,16,12,1,1,1
63,11,580,184,16,12,1,1,1
64,11,580,184,16,12,1,1,1
65,11,581,184,16,12,1,1,1
66,11,581,184,16,12,1,1,1
67,11,581,184,16,12,1,1,1
68,11,581,184,16,12,1,1,1
69,11,581,184,16,12,1,1,1
70,11,580,184,16,13,1,1,1
71,11,579,184,16,12,1,1,1
72,11,578,184,16,13,1,1,1
73,11,577,184,17,13,1,1,1
74,11,577,184,17,13,1,1,1
75,11,577,184,16,13,1,1,1
76,11,576,184,16,12,1,1,1
77,11,575,184,16,12,1,1,1
78,11,574,184,16,12,1,1,1
79,11,573,184,17,13,1,1,1
80,11,572,184,17,13,1,1,1
81,11,572,184,17,13,1,1,1
82,11,571,184,17,13,1,1,1
83,11,571,184,16,13,1,1,1
84,11,571,184,16,12,1,1,1
85,11,570,184,16,12,1,1,1
86,11,570,184,16,12,1,1,1
87,11,569,184,16,13,1,1,1
88,11,568,184,17,13,1,1,1
89,11,567,184,17,13,1,1,1
90,11,567,184,17,13,1,1,1
91,11,566,184,17,13,1,1,1
92,11,565,184,17,13,1,1,1
93,11,564,185,17,13,1,1,1
94,11,563,185,17,13,1,1,1
95,11,563,186,17,13,1,1,1
96,11,562,186,17,13,1,1,1
97,11,562,187,17,13,1,1,1
98,11,562,187,17,13,1,1,1
99,11,562,188,17,13,1,1,1
100,11,562,188,17,13,1,1,1
101,11,562,189,17,13,1,1,1
102,11,561,189,17,13,1,1,1
103,11,561,189,17,13,1,1,1
104,11,561,190,17,13,1,1,1
105,11,561,190,17,13,1,1,1
106,11,562,191,17,13,1,1,1
107,11,563,192,17,13,1,1,1
108,11,563,192,17,13,1,1,1
109,11,563,192,17,13,1,1,1
110,11,562,193,17,13,1,1,1
111,11,562,193,17,13,1,1,1
112,11,562,194,17,13,1,1,1
113,11,562,194,17,13,1,1,1
114,11,563,195,17,13,1,1,1
115,11,563,196,17,13,1,1,1
116,11,563,197,17,13,1,1,1
117,11,562,197,17,13,1,1,1
118,11,560,198,17,13,1,1,1
119,11,559,198,17,13,1,1,1
120,11,557,197,17,13,1,1,1
121,11,555,197,17,13,1,1,1
122,11,553,198,17,13,1,1,1
123,11,552,198,17,13,1,1,1
124,11,551,199,17,13,1,1,1
125,11,549,199,17,13,1,1,1
126,11,547,200,17,13,1,1,1
127,11,545,200,17,13,1,1,1
128,11,543,201,17,13,1,1,1
129,11,541,202,17,13,1,1,1
130,11,540,203,17,13,1,1,1
131,11,539,205,17,13,1,1,1
132,11,538,206,17,13,1,1,1
133,11,536,207,17,13,1,1,1
134,11,535,207,17,13,1,1,1
135,11,533,207,17,13,1,1,1
136,11,532,207,17,13,1,1,1
137,11,532,207,17,13,1,1,1
138,11,531,208,17,13,1,1,1
139,11,531,208,17,13,1,1,1
140,11,530,207,17,13,1,1,1
141,11,530,207,17,13,1,1,1
142,11,529,207,17,13,1,1,1
143,11,529,207,17,13,1,1,1
144,11,529,207,17,13,1,1,1
145,11,528,207,17,13,1,1,1
146,11,528,207,17,13,1,1,1
147,11,527,207,17,13,1,1,1
148,11,527,207,17,13,1,1,1
149,11,526,207,17,13,1,1,1
150,11,525,206,17,13,1,1,1
151,11,524,206,17,13,1,1,1
152,11,523,206,17,13,1,1,1
153,11,522,206,17,13,1,1,1
154,11,521,206,17,13,1,1,1
155,11,521,206,17,13,1,1,1
156,11,520,205,17,13,1,1,1
157,11,519,205,17,13,1,1,1
158,11,518,205,17,13,1,1,1
159,11,517,205,17,13,1,1,1
160,11,516,205,17,13,1,1,1
161,11,515,205,17,13,1,1,1
162,11,513,205,17,13,1,1,1
163,11,512,205,17,13,1,1,1
164,11,511,205,17,13,1,1,1
165,11,510,205,17,13,1,1,1
166,11,509,205,17,13,1,1,1
167,11,508,205,17,13,1,1,1
168,11,508,205,17,13,1,1,1
169,11,507,205,17,13,1,1,1
170,11,506,206,17,13,1,1,1
171,11,505,206,17,13,1,1,1
172,11,504,206,17,13,1,1,1
173,11,503,206,17,13,1,1,1
174,11,502,206,17,13,1,1,1
175,11,501,206,17,13,1,1,1
176,11,501,206,17,13,1,1,1
177,11,500,207,17,13,1,1,1
178,11,499,207,17,13,1,1,1
179,11,499,207,17,13,1,1,1
180,11,498,207,17,13,1,1,1
181,11,497,207,17,13,1,1,1
182,11,496,207,17,13,1,1,1
183,11,495,207,17,13,1,1,1
184,11,495,207,17,13,1,1,1
185,11,494,208,17,13,1,1,1
186,11,493,208,17,13,1,1,1
187,11,493,208,17,13,1,1,1
188,11,492,209,17,13,1,1,1
189,11,491,209,17,13,1,1,1
190,11,489,210,17,13,1,1,1
191,11,488,210,17,13,1,1,1
192,11,487,211,17,13,1,1,1
193,11,486,211,17,13,1,1,1
194,11,484,211,17,13,1,1,1
195,11,483,212,17,13,1,1,1
