1,-1,91,389,15,16,1,-1,-1,-1
1,-1,109,260,16,17,1,-1,-1,-1
1,-1,126,141,14,14,1,-1,-1,-1
1,-1,136,31,16,18,1,-1,-1,-1
1,-1,227,387,17,15,1,-1,-1,-1
1,-1,232,269,16,18,1,-1,-1,-1
1,-1,247,148,16,15,1,-1,-1,-1
1,-1,249,8,18,14,1,-1,-1,-1
1,-1,346,388,19,18,1,-1,-1,-1
1,-1,352,274,17,17,1,-1,-1,-1
1,-1,358,34,16,18,1,-1,-1,-1
1,-1,364,155,15,15,1,-1,-1,-1
1,-1,461,401,18,19,1,-1,-1,-1
1,-1,469,276,17,18,1,-1,-1,-1
1,-1,479,43,15,15,1,-1,-1,-1
1,-1,484,155,16,16,1,-1,-1,-1
1,-1,588,285,14,17,1,-1,-1,-1
1,-1,595,403,21,19,1,-1,-1,-1
1,-1,599,166,17,19,1,-1,-1,-1
1,-1,605,45,17,16,1,-1,-1,-1
2,-1,91,389,15,16,1,-1,-1,-1
2,-1,109,260,16,17,1,-1,-1,-1
2,-1,126,141,14,14,1,-1,-1,-1
2,-1,136,31,17,19,1,-1,-1,-1
2,-1,227,387,17,15,1,-1,-1,-1
2,-1,232,269,16,18,1,-1,-1,-1
2,-1,247,148,16,15,1,-1,-1,-1
2,-1,249,8,18,14,1,-1,-1,-1
2,-1,346,388,19,18,1,-1,-1,-1
2,-1,352,274,17,17,1,-1,-1,-1
2,-1,358,34,16,18,1,-1,-1,-1
2,-1,364,155,15,15,1,-1,-1,-1
2,-1,461,401,18,19,1,-1,-1,-1
2,-1,468,276,17,18,1,-1,-1,-1
2,-1,479,43,15,15,1,-1,-1,-1
2,-1,484,155,16,16,1,-1,-1,-1
2,-1,587,285,14,17,1,-1,-1,-1
2,-1,595,403,21,19,1,-1,-1,-1
2,-1,599,166,17,19,1,-1,-1,-1
2,-1,605,45,17,16,1,-1,-1,-1
3,-1,91,389,15,16,1,-1,-1,-1
3,-1,109,260,16,17,1,-1,-1,-1
3,-1,126,141,14,14,1,-1,-1,-1
3,-1,136,31,17,19,1,-1,-1,-1
3,-1,227,387,17,15,1,-1,-1,-1
3,-1,232,269,16,18,1,-1,-1,-1
3,-1,247,148,16,15,1,-1,-1,-1
3,-1,249,8,18,14,1,-1,-1,-1
3,-1,346,388,19,18,1,-1,-1,-1
3,-1,352,274,17,17,1,-1,-1,-1
3,-1,358,34,16,18,1,-1,-1,-1
3,-1,364,155,15,15,1,-1,-1,-1
3,-1,461,401,18,19,1,-1,-1,-1
3,-1,468,276,17,18,1,-1,-1,-1
3,-1,479,43,15,15,1,-1,-1,-1
3,-1,484,155,16,16,1,-1,-1,-1
3,-1,587,285,14,17,1,-1,-1,-1
3,-1,595,403,21,19,1,-1,-1,-1
3,-1,599,166,17,19,1,-1,-1,-1
3,-1,605,45,17,16,1,-1,-1,-1
4,-1,91,389,15,16,1,-1,-1,-1
4,-1,109,260,16,17,1,-1,-1,-1
4,-1,126,141,14,14,1,-1,-1,-1
4,-1,136,31,17,19,1,-1,-1,-1
4,-1,227,387,17,15,1,-1,-1,-1
4,-1,232,269,16,18,1,-1,-1,-1
4,-1,247,148,16,15,1,-1,-1,-1
4,-1,249,8,18,14,1,-1,-1,-1
4,-1,346,388,19,18,1,-1,-1,-1
4,-1,352,274,17,17,1,-1,-1,-1
4,-1,358,34,16,18,1,-1,-1,-1
4,-1,364,155,15,15,1,-1,-1,-1
4,-1,461,401,18,19,1,-1,-1,-1
4,-1,468,276,17,18,1,-1,-1,-1
4,-1,479,43,15,15,1,-1,-1,-1
4,-1,484,155,16,16,1,-1,-1,-1
4,-1,587,285,14,17,1,-1,-1,-1
4,-1,595,403,21,19,1,-1,-1,-1
4,-1,599,166,17,19,1,-1,-1,-1
4,-1,605,45,17,16,1,-1,-1,-1
5,-1,91,389,15,16,1,-1,-1,-1
5,-1,109,260,16,17,1,-1,-1,-1
5,-1,126,141,14,14,1,-1,-1,-1
5,-1,136,31,17,19,1,-1,-1,-1
5,-1,227,387,17,15,1,-1,-1,-1
5,-1,232,269,16,18,1,-1,-1,-1
5,-1,247,148,16,15,1,-1,-1,-1
5,-1,249,8,18,14,1,-1,-1,-1
5,-1,346,388,19,18,1,-1,-1,-1
5,-1,352,274,17,17,1,-1,-1,-1
5,-1,358,34,16,18,1,-1,-1,-1
5,-1,364,155,15,15,1,-1,-1,-1
5,-1,461,401,18,19,1,-1,-1,-1
5,-1,468,276,17,18,1,-1,-1,-1
5,-1,479,43,15,15,1,-1,-1,-1
5,-1,484,155,16,16,1,-1,-1,-1
5,-1,587,285,14,17,1,-1,-1,-1
5,-1,595,403,21,19,1,-1,-1,-1
5,-1,599,166,17,19,1,-1,-1,-1
5,-1,605,45,17,16,1,-1,-1,-1
6,-1,91,389,15,16,1,-1,-1,-1
6,-1,109,260,16,17,1,-1,-1,-1
6,-1,126,141,14,14,1,-1,-1,-1
6,-1,136,31,17,19,1,-1,-1,-1
6,-1,227,387,17,15,1,-1,-1,-1
6,-1,232,269,16,18,1,-1,-1,-1
6,-1,247,148,16,15,1,-1,-1,-1
6,-1,249,8,18,14,1,-1,-1,-1
6,-1,346,388,19,18,1,-1,-1,-1
6,-1,352,274,17,17,1,-1,-1,-1
6,-1,358,34,16,18,1,-1,-1,-1
6,-1,364,155,15,15,1,-1,-1,-1
6,-1,461,401,18,19,1,-1,-1,-1
6,-1,468,276,17,18,1,-1,-1,-1
6,-1,479,43,15,15,1,-1,-1,-1
6,-1,484,155,16,16,1,-1,-1,-1
6,-1,587,285,14,17,1,-1,-1,-1
6,-1,595,403,21,19,1,-1,-1,-1
6,-1,599,166,17,19,1,-1,-1,-1
6,-1,605,45,17,16,1,-1,-1,-1
7,-1,95,388,15,16,1,-1,-1,-1
7,-1,113,260,16,17,1,-1,-1,-1
7,-1,129,142,14,14,1,-1,-1,-1
7,-1,139,31,16,18,1,-1,-1,-1
7,-1,230,384,17,15,1,-1,-1,-1
7,-1,235,267,16,18,1,-1,-1,-1
7,-1,250,149,16,15,1,-1,-1,-1
7,-1,252,13,16,13,1,-1,-1,-1
7,-1,343,388,19,18,1,-1,-1,-1
7,-1,353,272,17,17,1,-1,-1,-1
7,-1,355,37,18,20,1,-1,-1,-1
7,-1,365,160,15,15,1,-1,-1,-1
7,-1,457,399,18,19,1,-1,-1,-1
7,-1,465,279,17,18,1,-1,-1,-1
7,-1,475,45,15,15,1,-1,-1,-1
7,-1,481,159,16,16,1,-1,-1,-1
7,-1,585,287,14,17,1,-1,-1,-1
7,-1,590,402,21,19,1,-1,-1,-1
7,-1,598,169,17,19,1,-1,-1,-1
7,-1,601,47,17,16,1,-1,-1,-1
8,-1,95,388,15,16,1,-1,-1,-1
8,-1,113,260,16,17,1,-1,-1,-1
8,-1,129,142,14,14,1,-1,-1,-1
8,-1,139,31,16,18,1,-1,-1,-1
8,-1,230,384,17,15,1,-1,-1,-1
8,-1,235,267,16,18,1,-1,-1,-1
8,-1,250,149,16,15,1,-1,-1,-1
8,-1,252,13,16,13,1,-1,-1,-1
8,-1,343,388,19,18,1,-1,-1,-1
8,-1,353,272,17,17,1,-1,-1,-1
8,-1,355,37,18,20,1,-1,-1,-1
8,-1,365,160,15,15,1,-1,-1,-1
8,-1,457,399,18,19,1,-1,-1,-1
8,-1,466,279,17,18,1,-1,-1,-1
8,-1,475,45,15,15,1,-1,-1,-1
8,-1,481,159,16,16,1,-1,-1,-1
8,-1,585,287,14,17,1,-1,-1,-1
8,-1,590,402,21,19,1,-1,-1,-1
8,-1,598,169,17,19,1,-1,-1,-1
8,-1,601,47,17,16,1,-1,-1,-1
9,-1,95,388,15,16,1,-1,-1,-1
9,-1,114,260,16,17,1,-1,-1,-1
9,-1,130,142,14,14,1,-1,-1,-1
9,-1,139,31,16,18,1,-1,-1,-1
9,-1,230,384,17,15,1,-1,-1,-1
9,-1,235,266,16,18,1,-1,-1,-1
9,-1,251,149,16,15,1,-1,-1,-1
9,-1,252,14,16,13,1,-1,-1,-1
9,-1,342,389,19,18,1,-1,-1,-1
9,-1,353,272,17,17,1,-1,-1,-1
9,-1,359,38,15,17,1,-1,-1,-1
9,-1,365,160,15,15,1,-1,-1,-1
9,-1,457,399,18,19,1,-1,-1,-1
9,-1,465,279,17,18,1,-1,-1,-1
9,-1,474,45,15,15,1,-1,-1,-1
9,-1,481,159,16,16,1,-1,-1,-1
9,-1,584,287,14,17,1,-1,-1,-1
9,-1,589,402,21,19,1,-1,-1,-1
9,-1,598,169,17,19,1,-1,-1,-1
9,-1,600,48,17,16,1,-1,-1,-1
10,-1,96,388,15,16,1,-1,-1,-1
10,-1,114,260,16,17,1,-1,-1,-1
10,-1,131,142,14,14,1,-1,-1,-1
10,-1,139,30,16,18,1,-1,-1,-1
10,-1,231,383,17,15,1,-1,-1,-1
10,-1,236,265,16,18,1,-1,-1,-1
10,-1,251,148,16,15,1,-1,-1,-1
10,-1,252,15,16,13,1,-1,-1,-1
10,-1,342,389,19,18,1,-1,-1,-1
10,-1,354,272,17,17,1,-1,-1,-1
10,-1,359,38,15,17,1,-1,-1,-1
10,-1,365,161,15,15,1,-1,-1,-1
10,-1,456,399,18,19,1,-1,-1,-1
10,-1,464,279,17,18,1,-1,-1,-1
10,-1,473,46,15,15,1,-1,-1,-1
10,-1,480,160,16,16,1,-1,-1,-1
10,-1,584,288,14,17,1,-1,-1,-1
10,-1,589,402,21,19,1,-1,-1,-1
10,-1,598,170,17,19,1,-1,-1,-1
10,-1,600,48,17,16,1,-1,-1,-1
11,-1,98,388,15,16,1,-1,-1,-1
11,-1,116,261,16,17,1,-1,-1,-1
11,-1,132,143,14,14,1,-1,-1,-1
11,-1,139,30,16,18,1,-1,-1,-1
11,-1,232,383,16,14,1,-1,-1,-1
11,-1,237,264,16,18,1,-1,-1,-1
11,-1,252,17,16,13,1,-1,-1,-1
11,-1,253,148,16,15,1,-1,-1,-1
11,-1,340,390,19,18,1,-1,-1,-1
11,-1,354,272,17,17,1,-1,-1,-1
11,-1,359,38,14,16,1,-1,-1,-1
11,-1,365,162,15,15,1,-1,-1,-1
11,-1,454,399,18,19,1,-1,-1,-1
11,-1,464,280,17,18,1,-1,-1,-1
11,-1,472,46,15,15,1,-1,-1,-1
11,-1,479,161,16,16,1,-1,-1,-1
11,-1,583,289,14,17,1,-1,-1,-1
11,-1,587,402,21,19,1,-1,-1,-1
11,-1,598,49,17,16,1,-1,-1,-1
11,-1,598,171,17,19,1,-1,-1,-1
12,-1,99,388,15,16,1,-1,-1,-1
12,-1,117,261,16,17,1,-1,-1,-1
12,-1,133,143,14,14,1,-1,-1,-1
12,-1,139,30,16,18,1,-1,-1,-1
12,-1,232,382,16,14,1,-1,-1,-1
12,-1,237,264,16,18,1,-1,-1,-1
12,-1,251,18,16,13,1,-1,-1,-1
12,-1,253,148,16,15,1,-1,-1,-1
12,-1,339,390,19,18,1,-1,-1,-1
12,-1,354,272,17,17,1,-1,-1,-1
12,-1,359,38,15,17,1,-1,-1,-1
12,-1,366,163,15,15,1,-1,-1,-1
12,-1,453,399,18,19,1,-1,-1,-1
12,-1,463,280,17,18,1,-1,-1,-1
12,-1,471,47,15,15,1,-1,-1,-1
12,-1,479,161,16,16,1,-1,-1,-1
12,-1,583,289,14,17,1,-1,-1,-1
12,-1,586,402,20,18,1,-1,-1,-1
12,-1,598,50,17,16,1,-1,-1,-1
12,-1,598,171,17,19,1,-1,-1,-1
13,-1,99,388,15,16,1,-1,-1,-1
13,-1,117,261,16,17,1,-1,-1,-1
13,-1,133,143,14,14,1,-1,-1,-1
13,-1,139,30,16,18,1,-1,-1,-1
13,-1,232,382,16,14,1,-1,-1,-1
13,-1,237,264,16,18,1,-1,-1,-1
13,-1,251,18,16,13,1,-1,-1,-1
13,-1,253,148,16,15,1,-1,-1,-1
13,-1,339,390,19,18,1,-1,-1,-1
13,-1,352,38,22,19,1,-1,-1,-1
13,-1,354,272,17,17,1,-1,-1,-1
13,-1,366,163,15,15,1,-1,-1,-1
13,-1,454,399,18,19,1,-1,-1,-1
13,-1,463,280,17,18,1,-1,-1,-1
13,-1,471,47,15,15,1,-1,-1,-1
13,-1,479,161,16,16,1,-1,-1,-1
13,-1,583,289,14,17,1,-1,-1,-1
13,-1,586,402,20,18,1,-1,-1,-1
13,-1,598,50,17,16,1,-1,-1,-1
13,-1,598,171,17,19,1,-1,-1,-1
14,-1,100,388,15,16,1,-1,-1,-1
14,-1,118,261,16,17,1,-1,-1,-1
14,-1,134,143,14,14,1,-1,-1,-1
14,-1,140,30,16,18,1,-1,-1,-1
14,-1,233,382,16,14,1,-1,-1,-1
14,-1,237,264,16,18,1,-1,-1,-1
14,-1,251,18,16,12,1,-1,-1,-1
14,-1,254,148,16,15,1,-1,-1,-1
14,-1,339,391,19,18,1,-1,-1,-1
14,-1,352,38,22,19,1,-1,-1,-1
14,-1,355,272,17,17,1,-1,-1,-1
14,-1,366,163,15,15,1,-1,-1,-1
14,-1,453,399,18,19,1,-1,-1,-1
14,-1,463,280,16,17,1,-1,-1,-1
14,-1,470,47,15,15,1,-1,-1,-1
14,-1,478,162,16,16,1,-1,-1,-1
14,-1,583,289,14,17,1,-1,-1,-1
14,-1,585,401,21,19,1,-1,-1,-1
14,-1,597,51,17,16,1,-1,-1,-1
14,-1,598,172,17,19,1,-1,-1,-1
15,-1,102,388,14,15,1,-1,-1,-1
15,-1,118,261,16,17,1,-1,-1,-1
15,-1,136,144,15,15,1,-1,-1,-1
15,-1,140,30,16,18,1,-1,-1,-1
15,-1,234,381,16,14,1,-1,-1,-1
15,-1,237,264,16,18,1,-1,-1,-1
15,-1,250,20,17,13,1,-1,-1,-1
15,-1,254,148,16,15,1,-1,-1,-1
15,-1,337,392,19,18,1,-1,-1,-1
15,-1,352,38,22,19,1,-1,-1,-1
15,-1,356,272,17,17,1,-1,-1,-1
15,-1,366,163,15,15,1,-1,-1,-1
15,-1,451,399,18,19,1,-1,-1,-1
15,-1,462,280,17,18,1,-1,-1,-1
15,-1,471,46,15,15,1,-1,-1,-1
15,-1,478,162,17,17,1,-1,-1,-1
15,-1,583,290,14,17,1,-1,-1,-1
15,-1,583,401,21,19,1,-1,-1,-1
15,-1,596,53,17,16,1,-1,-1,-1
15,-1,598,173,17,19,1,-1,-1,-1
16,-1,102,389,14,15,1,-1,-1,-1
16,-1,119,261,16,17,1,-1,-1,-1
16,-1,134,144,16,17,1,-1,-1,-1
16,-1,140,30,16,18,1,-1,-1,-1
16,-1,234,380,16,14,1,-1,-1,-1
16,-1,237,260,23,22,1,-1,-1,-1
16,-1,250,21,16,13,1,-1,-1,-1
16,-1,254,148,16,15,1,-1,-1,-1
16,-1,337,393,19,18,1,-1,-1,-1
16,-1,352,41,17,16,1,-1,-1,-1
16,-1,356,273,17,17,1,-1,-1,-1
16,-1,366,163,15,15,1,-1,-1,-1
16,-1,450,399,18,19,1,-1,-1,-1
16,-1,462,280,17,17,1,-1,-1,-1
16,-1,467,46,19,19,1,-1,-1,-1
16,-1,478,162,17,17,1,-1,-1,-1
16,-1,582,400,21,19,1,-1,-1,-1
16,-1,583,290,14,17,1,-1,-1,-1
16,-1,596,53,17,16,1,-1,-1,-1
16,-1,598,173,17,19,1,-1,-1,-1
17,-1,104,389,14,15,1,-1,-1,-1
17,-1,119,261,17,18,1,-1,-1,-1
17,-1,135,144,16,17,1,-1,-1,-1
17,-1,140,30,16,18,1,-1,-1,-1
17,-1,235,379,16,14,1,-1,-1,-1
17,-1,237,260,23,22,1,-1,-1,-1
17,-1,249,22,16,13,1,-1,-1,-1
17,-1,255,147,16,15,1,-1,-1,-1
17,-1,336,393,19,18,1,-1,-1,-1
17,-1,351,41,17,16,1,-1,-1,-1
17,-1,357,273,17,17,1,-1,-1,-1
17,-1,366,164,18,19,1,-1,-1,-1
17,-1,449,399,18,19,1,-1,-1,-1
17,-1,462,280,16,17,1,-1,-1,-1
17,-1,466,46,19,19,1,-1,-1,-1
17,-1,477,162,17,17,1,-1,-1,-1
17,-1,581,400,21,19,1,-1,-1,-1
17,-1,583,291,14,17,1,-1,-1,-1
17,-1,596,54,17,16,1,-1,-1,-1
17,-1,599,174,17,19,1,-1,-1,-1
18,-1,104,389,14,15,1,-1,-1,-1
18,-1,119,261,17,18,1,-1,-1,-1
18,-1,135,144,16,17,1,-1,-1,-1
18,-1,140,30,16,18,1,-1,-1,-1
18,-1,235,379,16,14,1,-1,-1,-1
18,-1,237,260,23,22,1,-1,-1,-1
18,-1,249,22,16,13,1,-1,-1,-1
18,-1,255,147,16,15,1,-1,-1,-1
18,-1,336,393,19,18,1,-1,-1,-1
18,-1,351,41,17,16,1,-1,-1,-1
18,-1,357,273,17,17,1,-1,-1,-1
18,-1,366,164,18,19,1,-1,-1,-1
18,-1,449,399,18,19,1,-1,-1,-1
18,-1,462,280,16,17,1,-1,-1,-1
18,-1,466,46,19,19,1,-1,-1,-1
18,-1,477,162,17,17,1,-1,-1,-1
18,-1,581,400,21,19,1,-1,-1,-1
18,-1,583,291,14,17,1,-1,-1,-1
18,-1,596,54,17,16,1,-1,-1,-1
18,-1,599,174,17,19,1,-1,-1,-1
19,-1,105,389,14,15,1,-1,-1,-1
19,-1,123,261,20,20,1,-1,-1,-1
19,-1,137,145,16,17,1,-1,-1,-1
19,-1,140,28,22,20,1,-1,-1,-1
19,-1,236,378,16,14,1,-1,-1,-1
19,-1,241,260,19,18,1,-1,-1,-1
19,-1,247,23,16,12,1,-1,-1,-1
19,-1,259,146,16,16,1,-1,-1,-1
19,-1,334,394,19,18,1,-1,-1,-1
19,-1,348,41,21,18,1,-1,-1,-1
19,-1,358,274,17,17,1,-1,-1,-1
19,-1,366,164,18,19,1,-1,-1,-1
19,-1,446,400,18,19,1,-1,-1,-1
19,-1,461,280,17,18,1,-1,-1,-1
19,-1,463,47,19,19,1,-1,-1,-1
19,-1,477,162,17,17,1,-1,-1,-1
19,-1,578,399,21,19,1,-1,-1,-1
19,-1,582,291,14,18,1,-1,-1,-1
19,-1,595,57,17,16,1,-1,-1,-1
19,-1,599,175,16,18,1,-1,-1,-1
20,-1,106,389,14,15,1,-1,-1,-1
20,-1,123,261,20,20,1,-1,-1,-1
20,-1,138,145,16,17,1,-1,-1,-1
20,-1,140,28,22,20,1,-1,-1,-1
20,-1,237,377,16,15,1,-1,-1,-1
20,-1,241,260,19,18,1,-1,-1,-1
20,-1,246,24,16,12,1,-1,-1,-1
20,-1,259,146,16,16,1,-1,-1,-1
20,-1,333,395,19,18,1,-1,-1,-1
20,-1,348,41,21,18,1,-1,-1,-1
20,-1,358,274,17,17,1,-1,-1,-1
20,-1,366,164,18,19,1,-1,-1,-1
20,-1,445,399,18,20,1,-1,-1,-1
20,-1,460,280,17,18,1,-1,-1,-1
20,-1,462,47,19,19,1,-1,-1,-1
20,-1,477,162,17,17,1,-1,-1,-1
20,-1,578,399,21,19,1,-1,-1,-1
20,-1,582,291,15,18,1,-1,-1,-1
20,-1,594,58,17,16,1,-1,-1,-1
20,-1,599,176,16,18,1,-1,-1,-1
21,-1,106,389,15,16,1,-1,-1,-1
21,-1,123,261,20,20,1,-1,-1,-1
21,-1,139,146,16,17,1,-1,-1,-1
21,-1,140,27,23,20,1,-1,-1,-1
21,-1,237,376,16,14,1,-1,-1,-1
21,-1,241,260,19,18,1,-1,-1,-1
21,-1,245,25,16,12,1,-1,-1,-1
21,-1,260,145,16,16,1,-1,-1,-1
21,-1,332,396,19,18,1,-1,-1,-1
21,-1,347,41,22,19,1,-1,-1,-1
21,-1,359,275,17,17,1,-1,-1,-1
21,-1,368,166,18,19,1,-1,-1,-1
21,-1,444,400,18,19,1,-1,-1,-1
21,-1,460,280,16,17,1,-1,-1,-1
21,-1,461,47,19,19,1,-1,-1,-1
21,-1,477,162,17,17,1,-1,-1,-1
21,-1,578,399,21,19,1,-1,-1,-1
21,-1,582,291,15,18,1,-1,-1,-1
21,-1,594,59,17,16,1,-1,-1,-1
21,-1,600,177,16,18,1,-1,-1,-1
22,-1,109,390,15,16,1,-1,-1,-1
22,-1,128,262,20,20,1,-1,-1,-1
22,-1,134,143,16,17,1,-1,-1,-1
22,-1,140,28,22,20,1,-1,-1,-1
22,-1,239,375,16,14,1,-1,-1,-1
22,-1,243,27,16,12,1,-1,-1,-1
22,-1,245,257,18,17,1,-1,-1,-1
22,-1,262,144,16,16,1,-1,-1,-1
22,-1,330,398,19,18,1,-1,-1,-1
22,-1,344,42,21,18,1,-1,-1,-1
22,-1,360,276,17,17,1,-1,-1,-1
22,-1,369,167,18,19,1,-1,-1,-1
22,-1,441,400,18,19,1,-1,-1,-1
22,-1,459,279,17,18,1,-1,-1,-1
22,-1,461,47,19,19,1,-1,-1,-1
22,-1,473,162,21,19,1,-1,-1,-1
22,-1,578,399,21,19,1,-1,-1,-1
22,-1,582,291,15,19,1,-1,-1,-1
22,-1,593,61,17,16,1,-1,-1,-1
22,-1,600,178,16,18,1,-1,-1,-1
23,-1,109,390,15,16,1,-1,-1,-1
23,-1,128,262,20,20,1,-1,-1,-1
23,-1,134,143,16,17,1,-1,-1,-1
23,-1,140,28,22,20,1,-1,-1,-1
23,-1,239,375,16,14,1,-1,-1,-1
23,-1,243,27,16,12,1,-1,-1,-1
23,-1,245,257,18,17,1,-1,-1,-1
23,-1,262,144,16,16,1,-1,-1,-1
23,-1,330,398,19,18,1,-1,-1,-1
23,-1,344,42,21,18,1,-1,-1,-1
23,-1,360,276,17,17,1,-1,-1,-1
23,-1,369,167,18,19,1,-1,-1,-1
23,-1,441,400,18,19,1,-1,-1,-1
23,-1,460,279,17,18,1,-1,-1,-1
23,-1,461,47,19,19,1,-1,-1,-1
23,-1,473,162,21,19,1,-1,-1,-1
23,-1,578,399,21,19,1,-1,-1,-1
23,-1,582,291,15,19,1,-1,-1,-1
23,-1,593,61,17,16,1,-1,-1,-1
23,-1,600,178,16,18,1,-1,-1,-1
24,-1,110,391,15,15,1,-1,-1,-1
24,-1,128,262,20,20,1,-1,-1,-1
24,-1,143,25,22,20,1,-1,-1,-1
24,-1,143,147,19,19,1,-1,-1,-1
24,-1,239,374,16,14,1,-1,-1,-1
24,-1,242,28,15,12,1,-1,-1,-1
24,-1,245,256,19,18,1,-1,-1,-1
24,-1,263,144,16,16,1,-1,-1,-1
24,-1,329,398,19,18,1,-1,-1,-1
24,-1,344,42,21,18,1,-1,-1,-1
24,-1,360,276,17,17,1,-1,-1,-1
24,-1,370,167,18,19,1,-1,-1,-1
24,-1,440,401,18,19,1,-1,-1,-1
24,-1,459,279,17,18,1,-1,-1,-1
24,-1,467,44,19,19,1,-1,-1,-1
24,-1,473,162,21,19,1,-1,-1,-1
24,-1,578,399,21,19,1,-1,-1,-1
24,-1,582,291,16,19,1,-1,-1,-1
24,-1,592,62,17,16,1,-1,-1,-1
24,-1,600,179,16,18,1,-1,-1,-1
25,-1,111,391,15,16,1,-1,-1,-1
25,-1,128,262,20,20,1,-1,-1,-1
25,-1,143,147,19,19,1,-1,-1,-1
25,-1,144,24,22,20,1,-1,-1,-1
25,-1,240,28,15,12,1,-1,-1,-1
25,-1,240,374,16,14,1,-1,-1,-1
25,-1,246,256,19,18,1,-1,-1,-1
25,-1,264,143,16,16,1,-1,-1,-1
25,-1,328,399,19,18,1,-1,-1,-1
25,-1,342,41,22,19,1,-1,-1,-1
25,-1,361,277,17,17,1,-1,-1,-1
25,-1,370,167,18,19,1,-1,-1,-1
25,-1,439,401,18,19,1,-1,-1,-1
25,-1,455,48,19,19,1,-1,-1,-1
25,-1,459,279,17,18,1,-1,-1,-1
25,-1,473,162,21,19,1,-1,-1,-1
25,-1,570,398,21,19,1,-1,-1,-1
25,-1,582,291,16,19,1,-1,-1,-1
25,-1,592,64,17,16,1,-1,-1,-1
25,-1,601,179,16,18,1,-1,-1,-1
26,-1,111,391,15,15,1,-1,-1,-1
26,-1,133,263,20,20,1,-1,-1,-1
26,-1,144,24,22,20,1,-1,-1,-1
26,-1,147,149,18,18,1,-1,-1,-1
26,-1,237,29,15,12,1,-1,-1,-1
26,-1,242,372,16,14,1,-1,-1,-1
26,-1,246,255,19,18,1,-1,-1,-1
26,-1,262,139,19,19,1,-1,-1,-1
26,-1,326,401,19,18,1,-1,-1,-1
26,-1,340,44,21,18,1,-1,-1,-1
26,-1,362,278,17,17,1,-1,-1,-1
26,-1,370,167,18,19,1,-1,-1,-1
26,-1,436,401,18,19,1,-1,-1,-1
26,-1,452,49,19,19,1,-1,-1,-1
26,-1,459,278,17,18,1,-1,-1,-1
26,-1,472,162,21,19,1,-1,-1,-1
26,-1,567,397,21,19,1,-1,-1,-1
26,-1,582,291,16,19,1,-1,-1,-1
26,-1,591,67,17,16,1,-1,-1,-1
26,-1,602,181,16,18,1,-1,-1,-1
27,-1,111,391,15,16,1,-1,-1,-1
27,-1,133,263,20,20,1,-1,-1,-1
27,-1,147,20,22,20,1,-1,-1,-1
27,-1,148,149,19,19,1,-1,-1,-1
27,-1,236,30,15,12,1,-1,-1,-1
27,-1,242,369,18,18,1,-1,-1,-1
27,-1,248,253,19,18,1,-1,-1,-1
27,-1,265,139,19,19,1,-1,-1,-1
27,-1,325,402,20,19,1,-1,-1,-1
27,-1,338,43,21,18,1,-1,-1,-1
27,-1,363,279,17,17,1,-1,-1,-1
27,-1,370,167,18,19,1,-1,-1,-1
27,-1,434,402,18,19,1,-1,-1,-1
27,-1,450,49,19,19,1,-1,-1,-1
27,-1,459,278,17,18,1,-1,-1,-1
27,-1,472,161,22,20,1,-1,-1,-1
27,-1,565,396,21,19,1,-1,-1,-1
27,-1,582,291,16,20,1,-1,-1,-1
27,-1,591,68,17,16,1,-1,-1,-1
27,-1,602,182,16,18,1,-1,-1,-1
28,-1,111,391,15,16,1,-1,-1,-1
28,-1,133,263,20,20,1,-1,-1,-1
28,-1,147,20,22,20,1,-1,-1,-1
28,-1,148,149,19,19,1,-1,-1,-1
28,-1,236,30,15,12,1,-1,-1,-1
28,-1,242,369,18,18,1,-1,-1,-1
28,-1,248,253,19,18,1,-1,-1,-1
28,-1,265,139,19,19,1,-1,-1,-1
28,-1,325,402,20,19,1,-1,-1,-1
28,-1,338,43,21,18,1,-1,-1,-1
28,-1,363,279,17,17,1,-1,-1,-1
28,-1,370,167,18,19,1,-1,-1,-1
28,-1,434,402,18,19,1,-1,-1,-1
28,-1,450,49,19,19,1,-1,-1,-1
28,-1,459,278,17,18,1,-1,-1,-1
28,-1,472,161,22,20,1,-1,-1,-1
28,-1,565,396,21,19,1,-1,-1,-1
28,-1,582,291,16,20,1,-1,-1,-1
28,-1,591,68,17,16,1,-1,-1,-1
28,-1,602,182,16,18,1,-1,-1,-1
29,-1,111,391,15,16,1,-1,-1,-1
29,-1,136,264,19,19,1,-1,-1,-1
29,-1,143,147,19,19,1,-1,-1,-1
29,-1,147,20,22,20,1,-1,-1,-1
29,-1,234,31,15,12,1,-1,-1,-1
29,-1,242,368,19,19,1,-1,-1,-1
29,-1,248,253,19,18,1,-1,-1,-1
29,-1,265,139,19,19,1,-1,-1,-1
29,-1,324,403,20,19,1,-1,-1,-1
29,-1,338,43,21,18,1,-1,-1,-1
29,-1,363,280,17,17,1,-1,-1,-1
29,-1,370,167,18,19,1,-1,-1,-1
29,-1,432,402,18,19,1,-1,-1,-1
29,-1,448,49,19,19,1,-1,-1,-1
29,-1,459,277,16,17,1,-1,-1,-1
29,-1,471,161,22,20,1,-1,-1,-1
29,-1,565,396,21,19,1,-1,-1,-1
29,-1,582,291,16,20,1,-1,-1,-1
29,-1,591,70,17,16,1,-1,-1,-1
29,-1,602,182,16,18,1,-1,-1,-1
30,-1,120,393,18,20,1,-1,-1,-1
30,-1,139,265,19,19,1,-1,-1,-1
30,-1,147,20,22,20,1,-1,-1,-1
30,-1,150,149,19,19,1,-1,-1,-1
30,-1,230,32,15,12,1,-1,-1,-1
30,-1,245,366,18,18,1,-1,-1,-1
30,-1,251,251,19,18,1,-1,-1,-1
30,-1,266,138,19,19,1,-1,-1,-1
30,-1,322,405,19,18,1,-1,-1,-1
30,-1,335,43,21,18,1,-1,-1,-1
30,-1,364,281,17,17,1,-1,-1,-1
30,-1,373,168,18,19,1,-1,-1,-1
30,-1,429,403,18,19,1,-1,-1,-1
30,-1,445,50,19,19,1,-1,-1,-1
30,-1,458,277,16,17,1,-1,-1,-1
30,-1,471,161,21,19,1,-1,-1,-1
30,-1,562,394,21,19,1,-1,-1,-1
30,-1,582,293,17,20,1,-1,-1,-1
30,-1,590,73,17,16,1,-1,-1,-1
30,-1,603,184,16,18,1,-1,-1,-1
31,-1,120,393,18,20,1,-1,-1,-1
31,-1,139,265,19,19,1,-1,-1,-1
31,-1,147,20,22,20,1,-1,-1,-1
31,-1,150,149,20,20,1,-1,-1,-1
31,-1,229,32,15,12,1,-1,-1,-1
31,-1,246,365,18,18,1,-1,-1,-1
31,-1,252,250,18,17,1,-1,-1,-1
31,-1,266,138,19,19,1,-1,-1,-1
31,-1,322,406,19,18,1,-1,-1,-1
31,-1,333,42,21,18,1,-1,-1,-1
31,-1,365,282,17,17,1,-1,-1,-1
31,-1,373,168,18,19,1,-1,-1,-1
31,-1,427,403,18,19,1,-1,-1,-1
31,-1,442,49,19,20,1,-1,-1,-1
31,-1,458,276,17,18,1,-1,-1,-1
31,-1,471,161,21,19,1,-1,-1,-1
31,-1,561,394,20,18,1,-1,-1,-1
31,-1,582,293,17,20,1,-1,-1,-1
31,-1,590,74,17,16,1,-1,-1,-1
31,-1,603,185,16,18,1,-1,-1,-1
32,-1,123,394,18,20,1,-1,-1,-1
32,-1,142,266,19,19,1,-1,-1,-1
32,-1,150,17,22,20,1,-1,-1,-1
32,-1,156,150,19,19,1,-1,-1,-1
32,-1,227,32,15,12,1,-1,-1,-1
32,-1,246,365,18,18,1,-1,-1,-1
32,-1,256,247,18,19,1,-1,-1,-1
32,-1,266,138,19,19,1,-1,-1,-1
32,-1,322,407,18,17,1,-1,-1,-1
32,-1,333,42,21,18,1,-1,-1,-1
32,-1,366,283,17,17,1,-1,-1,-1
32,-1,373,168,18,19,1,-1,-1,-1
32,-1,426,404,18,19,1,-1,-1,-1
32,-1,441,49,20,21,1,-1,-1,-1
32,-1,458,276,16,17,1,-1,-1,-1
32,-1,471,161,21,19,1,-1,-1,-1
32,-1,559,393,21,19,1,-1,-1,-1
32,-1,582,293,17,20,1,-1,-1,-1
32,-1,589,76,17,16,1,-1,-1,-1
32,-1,604,186,16,18,1,-1,-1,-1
33,-1,123,394,18,20,1,-1,-1,-1
33,-1,142,266,19,19,1,-1,-1,-1
33,-1,150,17,22,20,1,-1,-1,-1
33,-1,156,150,19,19,1,-1,-1,-1
33,-1,227,32,15,12,1,-1,-1,-1
33,-1,246,365,18,18,1,-1,-1,-1
33,-1,256,247,18,19,1,-1,-1,-1
33,-1,266,138,19,19,1,-1,-1,-1
33,-1,322,407,18,17,1,-1,-1,-1
33,-1,333,42,21,18,1,-1,-1,-1
33,-1,366,283,17,17,1,-1,-1,-1
33,-1,373,168,18,19,1,-1,-1,-1
33,-1,426,404,18,19,1,-1,-1,-1
33,-1,441,49,20,21,1,-1,-1,-1
33,-1,458,276,16,17,1,-1,-1,-1
33,-1,471,161,21,19,1,-1,-1,-1
33,-1,559,393,21,19,1,-1,-1,-1
33,-1,582,293,17,20,1,-1,-1,-1
33,-1,589,76,17,16,1,-1,-1,-1
33,-1,604,186,16,18,1,-1,-1,-1
34,-1,124,395,18,21,1,-1,-1,-1
34,-1,143,266,19,19,1,-1,-1,-1
34,-1,150,17,22,20,1,-1,-1,-1
34,-1,157,150,19,19,1,-1,-1,-1
34,-1,225,33,15,12,1,-1,-1,-1
34,-1,246,365,18,18,1,-1,-1,-1
34,-1,257,247,17,18,1,-1,-1,-1
34,-1,266,138,19,19,1,-1,-1,-1
34,-1,320,408,19,18,1,-1,-1,-1
34,-1,332,42,21,18,1,-1,-1,-1
34,-1,366,284,17,17,1,-1,-1,-1
34,-1,373,168,18,19,1,-1,-1,-1
34,-1,424,404,18,19,1,-1,-1,-1
34,-1,439,50,19,20,1,-1,-1,-1
34,-1,458,275,17,18,1,-1,-1,-1
34,-1,471,160,21,19,1,-1,-1,-1
34,-1,559,393,21,19,1,-1,-1,-1
34,-1,583,294,17,20,1,-1,-1,-1
34,-1,589,78,17,16,1,-1,-1,-1
34,-1,604,186,16,18,1,-1,-1,-1
35,-1,126,397,21,20,1,-1,-1,-1
35,-1,147,269,19,19,1,-1,-1,-1
35,-1,153,13,22,20,1,-1,-1,-1
35,-1,160,154,15,16,1,-1,-1,-1
35,-1,218,30,19,21,1,-1,-1,-1
35,-1,249,361,22,18,1,-1,-1,-1
35,-1,258,244,19,20,1,-1,-1,-1
35,-1,270,134,19,19,1,-1,-1,-1
35,-1,318,410,18,17,1,-1,-1,-1
35,-1,329,41,21,18,1,-1,-1,-1
35,-1,367,286,17,17,1,-1,-1,-1
35,-1,376,168,18,19,1,-1,-1,-1
35,-1,420,405,18,19,1,-1,-1,-1
35,-1,435,50,18,19,1,-1,-1,-1
35,-1,458,274,16,17,1,-1,-1,-1
35,-1,470,160,22,20,1,-1,-1,-1
35,-1,552,393,21,19,1,-1,-1,-1
35,-1,583,294,17,20,1,-1,-1,-1
35,-1,589,81,17,16,1,-1,-1,-1
35,-1,604,186,17,19,1,-1,-1,-1
36,-1,126,397,21,20,1,-1,-1,-1
36,-1,148,269,19,19,1,-1,-1,-1
36,-1,153,13,22,20,1,-1,-1,-1
36,-1,161,154,15,16,1,-1,-1,-1
36,-1,216,30,19,21,1,-1,-1,-1
36,-1,250,361,22,18,1,-1,-1,-1
36,-1,259,243,19,20,1,-1,-1,-1
36,-1,270,134,19,19,1,-1,-1,-1
36,-1,317,411,19,18,1,-1,-1,-1
36,-1,328,41,21,18,1,-1,-1,-1
36,-1,368,286,17,17,1,-1,-1,-1
36,-1,376,168,19,20,1,-1,-1,-1
36,-1,418,406,18,19,1,-1,-1,-1
36,-1,434,50,19,20,1,-1,-1,-1
36,-1,458,273,16,17,1,-1,-1,-1
36,-1,470,159,22,20,1,-1,-1,-1
36,-1,551,393,20,18,1,-1,-1,-1
36,-1,584,294,17,20,1,-1,-1,-1
36,-1,588,83,17,16,1,-1,-1,-1
36,-1,608,190,17,19,1,-1,-1,-1
37,-1,128,398,22,20,1,-1,-1,-1
37,-1,149,270,19,19,1,-1,-1,-1
37,-1,153,13,22,20,1,-1,-1,-1
37,-1,162,154,15,16,1,-1,-1,-1
37,-1,214,30,19,21,1,-1,-1,-1
37,-1,252,357,22,18,1,-1,-1,-1
37,-1,261,243,18,19,1,-1,-1,-1
37,-1,272,132,19,19,1,-1,-1,-1
37,-1,312,411,20,19,1,-1,-1,-1
37,-1,329,41,21,18,1,-1,-1,-1
37,-1,368,287,17,17,1,-1,-1,-1
37,-1,377,168,19,20,1,-1,-1,-1
37,-1,416,406,18,19,1,-1,-1,-1
37,-1,431,50,19,20,1,-1,-1,-1
37,-1,458,273,17,17,1,-1,-1,-1
37,-1,470,159,21,19,1,-1,-1,-1
37,-1,549,392,20,18,1,-1,-1,-1
37,-1,584,295,17,20,1,-1,-1,-1
37,-1,588,85,17,16,1,-1,-1,-1
37,-1,609,191,17,19,1,-1,-1,-1
38,-1,128,398,22,20,1,-1,-1,-1
38,-1,149,270,19,19,1,-1,-1,-1
38,-1,153,13,22,20,1,-1,-1,-1
38,-1,162,154,15,16,1,-1,-1,-1
38,-1,214,30,19,21,1,-1,-1,-1
38,-1,252,357,22,18,1,-1,-1,-1
38,-1,261,243,18,19,1,-1,-1,-1
38,-1,272,132,19,19,1,-1,-1,-1
38,-1,312,411,20,17,1,-1,-1,-1
38,-1,329,41,21,18,1,-1,-1,-1
38,-1,368,287,17,17,1,-1,-1,-1
38,-1,377,168,18,19,1,-1,-1,-1
38,-1,416,406,18,19,1,-1,-1,-1
38,-1,431,50,19,20,1,-1,-1,-1
38,-1,458,273,17,18,1,-1,-1,-1
38,-1,470,159,21,19,1,-1,-1,-1
38,-1,549,392,20,18,1,-1,-1,-1
38,-1,584,295,17,20,1,-1,-1,-1
38,-1,588,85,17,16,1,-1,-1,-1
38,-1,609,191,17,19,1,-1,-1,-1
39,-1,131,399,21,20,1,-1,-1,-1
39,-1,151,271,19,19,1,-1,-1,-1
39,-1,153,8,22,20,1,-1,-1,-1
39,-1,164,155,15,16,1,-1,-1,-1
39,-1,212,29,19,21,1,-1,-1,-1
39,-1,252,357,22,18,1,-1,-1,-1
39,-1,262,242,18,19,1,-1,-1,-1
39,-1,273,131,20,19,1,-1,-1,-1
39,-1,309,414,20,17,1,-1,-1,-1
39,-1,323,41,21,18,1,-1,-1,-1
39,-1,369,288,17,17,1,-1,-1,-1
39,-1,377,168,19,20,1,-1,-1,-1
39,-1,412,407,19,20,1,-1,-1,-1
39,-1,427,50,19,20,1,-1,-1,-1
39,-1,459,271,16,17,1,-1,-1,-1
39,-1,469,161,21,19,1,-1,-1,-1
39,-1,549,392,20,18,1,-1,-1,-1
39,-1,584,295,17,20,1,-1,-1,-1
39,-1,588,89,17,16,1,-1,-1,-1
39,-1,610,193,17,19,1,-1,-1,-1
40,-1,126,397,21,20,1,-1,-1,-1
40,-1,151,271,19,19,1,-1,-1,-1
40,-1,153,8,22,20,1,-1,-1,-1
40,-1,165,155,15,16,1,-1,-1,-1
40,-1,211,29,19,21,1,-1,-1,-1
40,-1,255,355,21,18,1,-1,-1,-1
40,-1,262,242,18,19,1,-1,-1,-1
40,-1,273,131,20,19,1,-1,-1,-1
40,-1,308,415,20,17,1,-1,-1,-1
40,-1,322,41,21,18,1,-1,-1,-1
40,-1,370,289,17,17,1,-1,-1,-1
40,-1,378,167,19,20,1,-1,-1,-1
40,-1,411,408,18,19,1,-1,-1,-1
40,-1,425,51,19,20,1,-1,-1,-1
40,-1,459,271,17,18,1,-1,-1,-1
40,-1,469,161,21,19,1,-1,-1,-1
40,-1,545,390,20,18,1,-1,-1,-1
40,-1,584,295,17,20,1,-1,-1,-1
40,-1,588,91,17,16,1,-1,-1,-1
40,-1,611,194,17,19,1,-1,-1,-1
41,-1,132,397,21,20,1,-1,-1,-1
41,-1,151,271,19,19,1,-1,-1,-1
41,-1,153,7,22,20,1,-1,-1,-1
41,-1,165,156,15,16,1,-1,-1,-1
41,-1,206,29,19,21,1,-1,-1,-1
41,-1,255,354,22,18,1,-1,-1,-1
41,-1,262,241,18,19,1,-1,-1,-1
41,-1,273,131,20,19,1,-1,-1,-1
41,-1,306,419,20,16,1,-1,-1,-1
41,-1,323,41,21,18,1,-1,-1,-1
41,-1,370,290,17,17,1,-1,-1,-1
41,-1,378,167,19,20,1,-1,-1,-1
41,-1,408,408,18,20,1,-1,-1,-1
41,-1,425,50,19,20,1,-1,-1,-1
41,-1,459,270,16,17,1,-1,-1,-1
41,-1,469,160,21,19,1,-1,-1,-1
41,-1,543,389,20,18,1,-1,-1,-1
41,-1,584,295,17,20,1,-1,-1,-1
41,-1,588,93,17,16,1,-1,-1,-1
41,-1,611,195,17,19,1,-1,-1,-1
42,-1,136,401,21,20,1,-1,-1,-1
42,-1,154,272,19,19,1,-1,-1,-1
42,-1,156,5,22,20,1,-1,-1,-1
42,-1,165,155,20,19,1,-1,-1,-1
42,-1,203,29,19,21,1,-1,-1,-1
42,-1,257,354,22,18,1,-1,-1,-1
42,-1,263,240,19,20,1,-1,-1,-1
42,-1,276,127,20,19,1,-1,-1,-1
42,-1,318,38,21,18,1,-1,-1,-1
42,-1,371,291,17,17,1,-1,-1,-1
42,-1,379,167,18,19,1,-1,-1,-1
42,-1,404,410,18,19,1,-1,-1,-1
42,-1,421,50,20,21,1,-1,-1,-1
42,-1,459,268,17,18,1,-1,-1,-1
42,-1,469,159,22,19,1,-1,-1,-1
42,-1,539,388,20,18,1,-1,-1,-1
42,-1,584,296,17,20,1,-1,-1,-1
42,-1,587,97,17,16,1,-1,-1,-1
42,-1,613,197,17,19,1,-1,-1,-1
43,-1,136,401,21,20,1,-1,-1,-1
43,-1,154,272,19,19,1,-1,-1,-1
43,-1,156,5,22,20,1,-1,-1,-1
43,-1,165,155,20,19,1,-1,-1,-1
43,-1,203,29,19,21,1,-1,-1,-1
43,-1,257,354,22,18,1,-1,-1,-1
43,-1,263,240,19,20,1,-1,-1,-1
43,-1,276,127,20,19,1,-1,-1,-1
43,-1,318,38,21,18,1,-1,-1,-1
43,-1,371,291,17,17,1,-1,-1,-1
43,-1,379,167,18,19,1,-1,-1,-1
43,-1,404,410,18,19,1,-1,-1,-1
43,-1,421,50,20,21,1,-1,-1,-1
43,-1,459,268,17,18,1,-1,-1,-1
43,-1,469,159,22,19,1,-1,-1,-1
43,-1,539,388,20,18,1,-1,-1,-1
43,-1,584,296,17,20,1,-1,-1,-1
43,-1,587,97,17,16,1,-1,-1,-1
43,-1,613,197,17,19,1,-1,-1,-1
44,-1,136,401,21,20,1,-1,-1,-1
44,-1,154,272,19,19,1,-1,-1,-1
44,-1,156,4,22,20,1,-1,-1,-1
44,-1,165,155,20,19,1,-1,-1,-1
44,-1,201,29,19,21,1,-1,-1,-1
44,-1,257,353,22,18,1,-1,-1,-1
44,-1,264,240,18,19,1,-1,-1,-1
44,-1,276,125,20,19,1,-1,-1,-1
44,-1,317,38,21,18,1,-1,-1,-1
44,-1,371,292,17,17,1,-1,-1,-1
44,-1,380,167,18,19,1,-1,-1,-1
44,-1,403,410,18,19,1,-1,-1,-1
44,-1,417,51,19,20,1,-1,-1,-1
44,-1,460,268,16,17,1,-1,-1,-1
44,-1,469,159,22,20,1,-1,-1,-1
44,-1,538,387,22,19,1,-1,-1,-1
44,-1,584,296,17,20,1,-1,-1,-1
44,-1,587,100,17,16,1,-1,-1,-1
44,-1,613,198,17,19,1,-1,-1,-1
45,-1,136,401,21,20,1,-1,-1,-1
45,-1,154,272,19,19,1,-1,-1,-1
45,-1,156,5,22,20,1,-1,-1,-1
45,-1,165,155,20,19,1,-1,-1,-1
45,-1,200,29,19,21,1,-1,-1,-1
45,-1,257,353,22,18,1,-1,-1,-1
45,-1,264,239,18,19,1,-1,-1,-1
45,-1,276,125,20,19,1,-1,-1,-1
45,-1,316,37,20,17,1,-1,-1,-1
45,-1,371,292,18,18,1,-1,-1,-1
45,-1,380,167,18,19,1,-1,-1,-1
45,-1,400,411,18,19,1,-1,-1,-1
45,-1,415,50,20,21,1,-1,-1,-1
45,-1,460,267,17,18,1,-1,-1,-1
45,-1,469,158,21,19,1,-1,-1,-1
45,-1,534,386,22,19,1,-1,-1,-1
45,-1,584,296,17,20,1,-1,-1,-1
45,-1,587,102,17,16,1,-1,-1,-1
45,-1,613,198,18,20,1,-1,-1,-1
46,-1,140,403,20,19,1,-1,-1,-1
46,-1,154,272,19,19,1,-1,-1,-1
46,-1,158,-1,22,20,1,-1,-1,-1
46,-1,165,155,20,19,1,-1,-1,-1
46,-1,197,28,19,21,1,-1,-1,-1
46,-1,257,353,22,18,1,-1,-1,-1
46,-1,265,238,19,20,1,-1,-1,-1
46,-1,277,121,20,19,1,-1,-1,-1
46,-1,312,36,21,18,1,-1,-1,-1
46,-1,372,293,17,17,1,-1,-1,-1
46,-1,380,167,18,19,1,-1,-1,-1
46,-1,397,412,18,19,1,-1,-1,-1
46,-1,412,51,19,20,1,-1,-1,-1
46,-1,461,266,16,17,1,-1,-1,-1
46,-1,469,157,21,19,1,-1,-1,-1
46,-1,531,385,21,18,1,-1,-1,-1
46,-1,585,296,17,20,1,-1,-1,-1
46,-1,587,106,17,16,1,-1,-1,-1
46,-1,617,203,17,19,1,-1,-1,-1
47,-1,140,403,20,19,1,-1,-1,-1
47,-1,154,272,19,19,1,-1,-1,-1
47,-1,158,0,22,19,1,-1,-1,-1
47,-1,168,156,20,19,1,-1,-1,-1
47,-1,196,28,19,21,1,-1,-1,-1
47,-1,257,353,22,18,1,-1,-1,-1
47,-1,265,238,19,20,1,-1,-1,-1
47,-1,277,121,20,19,1,-1,-1,-1
47,-1,312,36,21,18,1,-1,-1,-1
47,-1,372,293,17,17,1,-1,-1,-1
47,-1,380,167,18,19,1,-1,-1,-1
47,-1,395,412,18,19,1,-1,-1,-1
47,-1,410,51,19,20,1,-1,-1,-1
47,-1,461,265,16,17,1,-1,-1,-1
47,-1,469,157,21,19,1,-1,-1,-1
47,-1,528,384,21,18,1,-1,-1,-1
47,-1,585,296,17,20,1,-1,-1,-1
47,-1,587,109,17,16,1,-1,-1,-1
47,-1,618,204,17,19,1,-1,-1,-1
48,-1,140,403,20,19,1,-1,-1,-1
48,-1,154,272,19,19,1,-1,-1,-1
48,-1,158,0,22,19,1,-1,-1,-1
48,-1,168,156,20,19,1,-1,-1,-1
48,-1,196,28,19,21,1,-1,-1,-1
48,-1,257,353,22,18,1,-1,-1,-1
48,-1,265,239,19,20,1,-1,-1,-1
48,-1,277,121,20,19,1,-1,-1,-1
48,-1,312,36,21,18,1,-1,-1,-1
48,-1,372,293,17,17,1,-1,-1,-1
48,-1,380,167,18,19,1,-1,-1,-1
48,-1,395,412,18,19,1,-1,-1,-1
48,-1,410,51,19,20,1,-1,-1,-1
48,-1,461,265,16,17,1,-1,-1,-1
48,-1,469,157,21,19,1,-1,-1,-1
48,-1,528,384,21,18,1,-1,-1,-1
48,-1,585,296,17,20,1,-1,-1,-1
48,-1,587,109,17,16,1,-1,-1,-1
48,-1,618,204,17,19,1,-1,-1,-1
49,-1,141,404,20,19,1,-1,-1,-1
49,-1,157,273,19,19,1,-1,-1,-1
49,-1,158,0,22,19,1,-1,-1,-1
49,-1,169,156,20,19,1,-1,-1,-1
49,-1,195,28,19,21,1,-1,-1,-1
49,-1,257,353,22,18,1,-1,-1,-1
49,-1,265,238,19,20,1,-1,-1,-1
49,-1,277,121,20,19,1,-1,-1,-1
49,-1,312,36,21,18,1,-1,-1,-1
49,-1,372,294,17,17,1,-1,-1,-1
49,-1,380,167,18,19,1,-1,-1,-1
49,-1,393,413,18,19,1,-1,-1,-1
49,-1,408,51,19,20,1,-1,-1,-1
49,-1,461,264,17,18,1,-1,-1,-1
49,-1,469,156,21,19,1,-1,-1,-1
49,-1,526,383,21,18,1,-1,-1,-1
49,-1,585,296,17,20,1,-1,-1,-1
49,-1,587,111,17,16,1,-1,-1,-1
49,-1,619,205,17,19,1,-1,-1,-1
50,-1,140,403,21,20,1,-1,-1,-1
50,-1,157,274,20,20,1,-1,-1,-1
50,-1,161,-6,22,19,1,-1,-1,-1
50,-1,169,156,20,19,1,-1,-1,-1
50,-1,192,27,19,21,1,-1,-1,-1
50,-1,257,353,22,18,1,-1,-1,-1
50,-1,266,238,19,20,1,-1,-1,-1
50,-1,277,121,20,19,1,-1,-1,-1
50,-1,308,33,21,17,1,-1,-1,-1
50,-1,372,294,17,17,1,-1,-1,-1
50,-1,380,167,18,19,1,-1,-1,-1
50,-1,390,413,17,18,1,-1,-1,-1
50,-1,405,50,19,20,1,-1,-1,-1
50,-1,462,262,16,17,1,-1,-1,-1
50,-1,469,155,21,19,1,-1,-1,-1
50,-1,523,379,21,19,1,-1,-1,-1
50,-1,584,296,17,20,1,-1,-1,-1
50,-1,587,116,17,16,1,-1,-1,-1
50,-1,621,207,17,19,1,-1,-1,-1
51,-1,140,403,21,20,1,-1,-1,-1
51,-1,158,274,20,20,1,-1,-1,-1
51,-1,170,156,20,19,1,-1,-1,-1
51,-1,191,27,19,21,1,-1,-1,-1
51,-1,257,353,22,18,1,-1,-1,-1
51,-1,266,238,19,20,1,-1,-1,-1
51,-1,278,117,21,20,1,-1,-1,-1
51,-1,307,32,21,17,1,-1,-1,-1
51,-1,373,295,17,17,1,-1,-1,-1
51,-1,380,167,18,19,1,-1,-1,-1
51,-1,388,414,17,18,1,-1,-1,-1
51,-1,405,50,19,20,1,-1,-1,-1
51,-1,462,262,16,17,1,-1,-1,-1
51,-1,469,154,21,19,1,-1,-1,-1
51,-1,521,378,21,19,1,-1,-1,-1
51,-1,584,296,17,20,1,-1,-1,-1
51,-1,587,118,17,16,1,-1,-1,-1
51,-1,622,209,17,19,1,-1,-1,-1
52,-1,140,403,21,20,1,-1,-1,-1
52,-1,158,274,20,20,1,-1,-1,-1
52,-1,170,156,20,19,1,-1,-1,-1
52,-1,190,28,19,21,1,-1,-1,-1
52,-1,257,353,22,18,1,-1,-1,-1
52,-1,266,238,19,20,1,-1,-1,-1
52,-1,278,116,20,19,1,-1,-1,-1
52,-1,305,31,21,17,1,-1,-1,-1
52,-1,373,295,17,17,1,-1,-1,-1
52,-1,380,167,18,19,1,-1,-1,-1
52,-1,387,414,18,19,1,-1,-1,-1
52,-1,405,51,19,20,1,-1,-1,-1
52,-1,462,260,17,18,1,-1,-1,-1
52,-1,469,154,21,19,1,-1,-1,-1
52,-1,519,377,21,19,1,-1,-1,-1
52,-1,584,296,17,20,1,-1,-1,-1
52,-1,587,121,17,16,1,-1,-1,-1
52,-1,623,210,17,19,1,-1,-1,-1
53,-1,140,403,21,20,1,-1,-1,-1
53,-1,158,274,20,20,1,-1,-1,-1
53,-1,170,156,20,19,1,-1,-1,-1
53,-1,190,28,19,21,1,-1,-1,-1
53,-1,257,353,22,18,1,-1,-1,-1
53,-1,266,238,19,20,1,-1,-1,-1
53,-1,278,116,20,19,1,-1,-1,-1
53,-1,305,31,21,17,1,-1,-1,-1
53,-1,373,295,17,17,1,-1,-1,-1
53,-1,380,167,18,19,1,-1,-1,-1
53,-1,387,414,18,19,1,-1,-1,-1
53,-1,405,51,19,20,1,-1,-1,-1
53,-1,462,260,17,18,1,-1,-1,-1
53,-1,469,154,21,19,1,-1,-1,-1
53,-1,519,377,21,19,1,-1,-1,-1
53,-1,584,296,17,20,1,-1,-1,-1
53,-1,587,121,17,16,1,-1,-1,-1
53,-1,623,210,17,19,1,-1,-1,-1
54,-1,140,403,21,20,1,-1,-1,-1
54,-1,157,273,20,20,1,-1,-1,-1
54,-1,170,157,20,19,1,-1,-1,-1
54,-1,190,27,19,21,1,-1,-1,-1
54,-1,257,352,22,18,1,-1,-1,-1
54,-1,266,237,18,19,1,-1,-1,-1
54,-1,278,116,20,19,1,-1,-1,-1
54,-1,303,31,20,16,1,-1,-1,-1
54,-1,373,295,17,17,1,-1,-1,-1
54,-1,380,166,18,19,1,-1,-1,-1
54,-1,384,415,17,18,1,-1,-1,-1
54,-1,400,51,19,20,1,-1,-1,-1
54,-1,464,259,17,18,1,-1,-1,-1
54,-1,470,152,21,19,1,-1,-1,-1
54,-1,515,375,21,19,1,-1,-1,-1
54,-1,584,296,17,20,1,-1,-1,-1
54,-1,587,126,17,16,1,-1,-1,-1
54,-1,625,213,17,19,1,-1,-1,-1
55,-1,140,403,21,20,1,-1,-1,-1
55,-1,157,273,20,20,1,-1,-1,-1
55,-1,170,157,20,19,1,-1,-1,-1
55,-1,190,27,19,21,1,-1,-1,-1
55,-1,257,352,22,18,1,-1,-1,-1
55,-1,266,237,18,19,1,-1,-1,-1
55,-1,279,116,20,19,1,-1,-1,-1
55,-1,302,30,20,16,1,-1,-1,-1
55,-1,373,296,17,17,1,-1,-1,-1
55,-1,380,166,18,19,1,-1,-1,-1
55,-1,383,415,16,17,1,-1,-1,-1
55,-1,399,51,19,20,1,-1,-1,-1
55,-1,464,258,17,18,1,-1,-1,-1
55,-1,470,152,21,19,1,-1,-1,-1
55,-1,515,375,21,19,1,-1,-1,-1
55,-1,584,296,17,20,1,-1,-1,-1
55,-1,587,128,17,16,1,-1,-1,-1
55,-1,625,213,17,19,1,-1,-1,-1
56,-1,140,403,21,20,1,-1,-1,-1
56,-1,157,273,20,20,1,-1,-1,-1
56,-1,171,157,19,19,1,-1,-1,-1
56,-1,190,27,19,21,1,-1,-1,-1
56,-1,257,352,22,18,1,-1,-1,-1
56,-1,266,237,18,19,1,-1,-1,-1
56,-1,279,116,20,19,1,-1,-1,-1
56,-1,300,29,20,16,1,-1,-1,-1
56,-1,373,296,17,17,1,-1,-1,-1
56,-1,380,166,18,19,1,-1,-1,-1
56,-1,382,415,17,18,1,-1,-1,-1
56,-1,397,51,19,20,1,-1,-1,-1
56,-1,464,257,17,18,1,-1,-1,-1
56,-1,471,151,21,19,1,-1,-1,-1
56,-1,512,374,21,19,1,-1,-1,-1
56,-1,584,296,17,20,1,-1,-1,-1
56,-1,587,131,17,16,1,-1,-1,-1
56,-1,626,214,17,19,1,-1,-1,-1
57,-1,142,404,21,20,1,-1,-1,-1
57,-1,157,273,20,20,1,-1,-1,-1
57,-1,171,157,19,18,1,-1,-1,-1
57,-1,186,27,19,21,1,-1,-1,-1
57,-1,257,352,22,18,1,-1,-1,-1
57,-1,266,237,18,19,1,-1,-1,-1
57,-1,279,112,20,19,1,-1,-1,-1
57,-1,296,26,21,19,1,-1,-1,-1
57,-1,373,296,17,17,1,-1,-1,-1
57,-1,380,166,18,19,1,-1,-1,-1
57,-1,380,416,17,18,1,-1,-1,-1
57,-1,395,51,19,20,1,-1,-1,-1
57,-1,466,255,17,18,1,-1,-1,-1
57,-1,471,150,21,19,1,-1,-1,-1
57,-1,509,372,21,19,1,-1,-1,-1
57,-1,583,297,17,20,1,-1,-1,-1
57,-1,587,136,17,16,1,-1,-1,-1
57,-1,628,216,17,19,1,-1,-1,-1
58,-1,142,404,21,20,1,-1,-1,-1
58,-1,157,273,20,20,1,-1,-1,-1
58,-1,171,157,19,18,1,-1,-1,-1
58,-1,186,27,19,21,1,-1,-1,-1
58,-1,257,352,22,18,1,-1,-1,-1
58,-1,266,237,18,19,1,-1,-1,-1
58,-1,279,112,20,19,1,-1,-1,-1
58,-1,296,26,21,19,1,-1,-1,-1
58,-1,373,296,17,17,1,-1,-1,-1
58,-1,380,166,18,19,1,-1,-1,-1
58,-1,380,416,17,18,1,-1,-1,-1
58,-1,395,51,19,20,1,-1,-1,-1
58,-1,466,255,17,18,1,-1,-1,-1
58,-1,471,150,21,19,1,-1,-1,-1
58,-1,509,372,21,19,1,-1,-1,-1
58,-1,583,297,17,20,1,-1,-1,-1
58,-1,587,136,17,16,1,-1,-1,-1
58,-1,628,216,17,19,1,-1,-1,-1
59,-1,142,404,21,20,1,-1,-1,-1
59,-1,157,273,20,20,1,-1,-1,-1
59,-1,171,157,19,18,1,-1,-1,-1
59,-1,186,27,19,21,1,-1,-1,-1
59,-1,257,352,22,18,1,-1,-1,-1
59,-1,266,237,18,19,1,-1,-1,-1
59,-1,279,112,20,19,1,-1,-1,-1
59,-1,295,25,21,19,1,-1,-1,-1
59,-1,373,296,17,17,1,-1,-1,-1
59,-1,379,416,17,18,1,-1,-1,-1
59,-1,380,166,18,19,1,-1,-1,-1
59,-1,394,51,19,20,1,-1,-1,-1
59,-1,466,254,17,18,1,-1,-1,-1
59,-1,471,149,21,19,1,-1,-1,-1
59,-1,507,371,21,19,1,-1,-1,-1
59,-1,583,297,17,20,1,-1,-1,-1
59,-1,588,139,17,16,1,-1,-1,-1
59,-1,628,216,17,19,1,-1,-1,-1
60,-1,142,404,21,20,1,-1,-1,-1
60,-1,157,273,20,20,1,-1,-1,-1
60,-1,171,157,19,18,1,-1,-1,-1
60,-1,186,27,19,21,1,-1,-1,-1
60,-1,257,352,22,18,1,-1,-1,-1
60,-1,267,237,18,19,1,-1,-1,-1
60,-1,279,112,20,19,1,-1,-1,-1
60,-1,296,26,21,19,1,-1,-1,-1
60,-1,373,296,17,17,1,-1,-1,-1
60,-1,378,416,18,19,1,-1,-1,-1
60,-1,380,166,18,19,1,-1,-1,-1
60,-1,393,51,19,20,1,-1,-1,-1
60,-1,467,254,16,17,1,-1,-1,-1
60,-1,471,149,21,19,1,-1,-1,-1
60,-1,506,370,20,19,1,-1,-1,-1
60,-1,583,297,17,20,1,-1,-1,-1
60,-1,588,141,17,16,1,-1,-1,-1
60,-1,629,217,17,19,1,-1,-1,-1
61,-1,142,404,21,20,1,-1,-1,-1
61,-1,157,273,20,20,1,-1,-1,-1
61,-1,171,157,19,18,1,-1,-1,-1
61,-1,186,27,19,21,1,-1,-1,-1
61,-1,261,352,18,18,1,-1,-1,-1
61,-1,267,237,18,19,1,-1,-1,-1
61,-1,279,111,20,19,1,-1,-1,-1
61,-1,292,20,21,19,1,-1,-1,-1
61,-1,373,296,17,17,1,-1,-1,-1
61,-1,374,418,17,18,1,-1,-1,-1
61,-1,380,166,18,19,1,-1,-1,-1
61,-1,393,51,19,20,1,-1,-1,-1
61,-1,468,252,17,18,1,-1,-1,-1
61,-1,472,145,20,20,1,-1,-1,-1
61,-1,503,368,20,18,1,-1,-1,-1
61,-1,583,297,17,20,1,-1,-1,-1
61,-1,588,146,17,16,1,-1,-1,-1
61,-1,636,222,17,18,1,-1,-1,-1
62,-1,142,404,21,20,1,-1,-1,-1
62,-1,157,273,20,20,1,-1,-1,-1
62,-1,171,157,19,18,1,-1,-1,-1
62,-1,184,26,19,21,1,-1,-1,-1
62,-1,261,352,18,18,1,-1,-1,-1
62,-1,267,236,18,19,1,-1,-1,-1
62,-1,279,111,20,19,1,-1,-1,-1
62,-1,291,19,22,20,1,-1,-1,-1
62,-1,373,296,17,17,1,-1,-1,-1
62,-1,373,418,17,10,1,-1,-1,-1
62,-1,380,166,18,19,1,-1,-1,-1
62,-1,390,51,19,20,1,-1,-1,-1
62,-1,469,251,17,18,1,-1,-1,-1
62,-1,472,145,20,20,1,-1,-1,-1
62,-1,502,367,20,18,1,-1,-1,-1
62,-1,582,297,17,20,1,-1,-1,-1
62,-1,588,148,17,16,1,-1,-1,-1
62,-1,637,223,17,18,1,-1,-1,-1
63,-1,142,404,21,20,1,-1,-1,-1
63,-1,157,273,20,20,1,-1,-1,-1
63,-1,171,157,19,18,1,-1,-1,-1
63,-1,184,26,19,21,1,-1,-1,-1
63,-1,261,352,18,18,1,-1,-1,-1
63,-1,267,236,18,19,1,-1,-1,-1
63,-1,279,111,20,19,1,-1,-1,-1
63,-1,291,19,22,20,1,-1,-1,-1
63,-1,373,296,17,17,1,-1,-1,-1
63,-1,373,418,17,10,1,-1,-1,-1
63,-1,380,166,18,19,1,-1,-1,-1
63,-1,390,51,19,20,1,-1,-1,-1
63,-1,469,251,17,18,1,-1,-1,-1
63,-1,472,145,20,20,1,-1,-1,-1
63,-1,502,367,20,18,1,-1,-1,-1
63,-1,582,297,17,20,1,-1,-1,-1
63,-1,588,149,17,16,1,-1,-1,-1
63,-1,637,223,17,18,1,-1,-1,-1
64,-1,142,404,21,20,1,-1,-1,-1
64,-1,157,273,20,20,1,-1,-1,-1
64,-1,171,157,19,18,1,-1,-1,-1
64,-1,183,26,19,21,1,-1,-1,-1
64,-1,261,352,18,18,1,-1,-1,-1
64,-1,267,236,18,19,1,-1,-1,-1
64,-1,279,111,20,19,1,-1,-1,-1
64,-1,292,20,21,19,1,-1,-1,-1
64,-1,372,418,19,12,1,-1,-1,-1
64,-1,373,296,17,17,1,-1,-1,-1
64,-1,380,166,18,19,1,-1,-1,-1
64,-1,390,51,19,20,1,-1,-1,-1
64,-1,469,250,17,18,1,-1,-1,-1
64,-1,472,145,20,20,1,-1,-1,-1
64,-1,500,366,20,18,1,-1,-1,-1
64,-1,582,297,17,20,1,-1,-1,-1
64,-1,589,151,16,16,1,-1,-1,-1
64,-1,639,224,17,18,1,-1,-1,-1
65,-1,142,404,21,20,1,-1,-1,-1
65,-1,157,273,20,20,1,-1,-1,-1
65,-1,171,157,20,19,1,-1,-1,-1
65,-1,182,26,19,21,1,-1,-1,-1
65,-1,261,352,18,18,1,-1,-1,-1
65,-1,267,236,18,19,1,-1,-1,-1
65,-1,279,111,20,19,1,-1,-1,-1
65,-1,289,16,21,19,1,-1,-1,-1
65,-1,372,296,17,17,1,-1,-1,-1
65,-1,380,166,18,19,1,-1,-1,-1
65,-1,388,51,19,20,1,-1,-1,-1
65,-1,470,249,17,18,1,-1,-1,-1
65,-1,474,142,20,20,1,-1,-1,-1
65,-1,498,365,20,18,1,-1,-1,-1
65,-1,582,297,17,20,1,-1,-1,-1
65,-1,589,155,16,15,1,-1,-1,-1
65,-1,639,225,17,18,1,-1,-1,-1
66,-1,142,404,21,20,1,-1,-1,-1
66,-1,157,273,20,20,1,-1,-1,-1
66,-1,171,157,20,19,1,-1,-1,-1
66,-1,182,26,19,21,1,-1,-1,-1
66,-1,261,351,18,18,1,-1,-1,-1
66,-1,267,236,18,19,1,-1,-1,-1
66,-1,279,111,20,19,1,-1,-1,-1
66,-1,288,15,21,19,1,-1,-1,-1
66,-1,372,296,17,17,1,-1,-1,-1
66,-1,380,166,18,19,1,-1,-1,-1
66,-1,387,51,19,20,1,-1,-1,-1
66,-1,471,248,17,18,1,-1,-1,-1
66,-1,474,141,20,20,1,-1,-1,-1
66,-1,498,365,20,18,1,-1,-1,-1
66,-1,582,297,17,20,1,-1,-1,-1
66,-1,589,158,16,16,1,-1,-1,-1
66,-1,640,225,17,18,1,-1,-1,-1
67,-1,142,404,21,20,1,-1,-1,-1
67,-1,157,273,20,20,1,-1,-1,-1
67,-1,171,157,20,19,1,-1,-1,-1
67,-1,181,26,19,21,1,-1,-1,-1
67,-1,261,351,18,18,1,-1,-1,-1
67,-1,267,236,18,19,1,-1,-1,-1
67,-1,279,111,20,19,1,-1,-1,-1
67,-1,289,16,21,19,1,-1,-1,-1
67,-1,372,296,17,17,1,-1,-1,-1
67,-1,380,166,18,19,1,-1,-1,-1
67,-1,386,51,19,20,1,-1,-1,-1
67,-1,471,247,17,18,1,-1,-1,-1
67,-1,475,140,20,20,1,-1,-1,-1
67,-1,495,363,20,18,1,-1,-1,-1
67,-1,582,297,17,20,1,-1,-1,-1
67,-1,589,160,16,16,1,-1,-1,-1
67,-1,645,229,17,18,1,-1,-1,-1
68,-1,142,404,21,20,1,-1,-1,-1
68,-1,157,273,20,20,1,-1,-1,-1
68,-1,171,157,20,19,1,-1,-1,-1
68,-1,181,26,19,21,1,-1,-1,-1
68,-1,261,351,18,18,1,-1,-1,-1
68,-1,267,236,18,19,1,-1,-1,-1
68,-1,279,111,20,19,1,-1,-1,-1
68,-1,289,16,21,19,1,-1,-1,-1
68,-1,372,296,17,17,1,-1,-1,-1
68,-1,380,166,18,19,1,-1,-1,-1
68,-1,386,51,19,20,1,-1,-1,-1
68,-1,471,248,17,18,1,-1,-1,-1
68,-1,475,140,20,20,1,-1,-1,-1
68,-1,495,363,20,18,1,-1,-1,-1
68,-1,582,297,17,20,1,-1,-1,-1
68,-1,589,160,16,16,1,-1,-1,-1
68,-1,645,229,17,18,1,-1,-1,-1
69,-1,142,403,21,20,1,-1,-1,-1
69,-1,157,273,20,20,1,-1,-1,-1
69,-1,171,157,20,19,1,-1,-1,-1
69,-1,181,26,19,21,1,-1,-1,-1
69,-1,261,351,18,18,1,-1,-1,-1
69,-1,267,236,18,19,1,-1,-1,-1
69,-1,279,111,20,19,1,-1,-1,-1
69,-1,285,12,21,19,1,-1,-1,-1
69,-1,372,297,17,17,1,-1,-1,-1
69,-1,380,166,18,19,1,-1,-1,-1
69,-1,385,51,19,20,1,-1,-1,-1
69,-1,472,247,17,18,1,-1,-1,-1
69,-1,476,138,20,20,1,-1,-1,-1
69,-1,495,363,20,18,1,-1,-1,-1
69,-1,581,298,17,20,1,-1,-1,-1
69,-1,589,164,17,16,1,-1,-1,-1
69,-1,645,229,17,18,1,-1,-1,-1
70,-1,142,403,21,20,1,-1,-1,-1
70,-1,157,273,20,20,1,-1,-1,-1
70,-1,171,157,20,19,1,-1,-1,-1
70,-1,180,26,18,20,1,-1,-1,-1
70,-1,261,351,18,18,1,-1,-1,-1
70,-1,267,236,18,19,1,-1,-1,-1
70,-1,279,111,20,19,1,-1,-1,-1
70,-1,285,10,22,20,1,-1,-1,-1
70,-1,372,297,17,17,1,-1,-1,-1
70,-1,380,166,18,19,1,-1,-1,-1
70,-1,385,51,19,20,1,-1,-1,-1
70,-1,472,246,17,18,1,-1,-1,-1
70,-1,476,137,20,20,1,-1,-1,-1
70,-1,492,361,20,18,1,-1,-1,-1
70,-1,581,298,17,20,1,-1,-1,-1
70,-1,589,166,17,16,1,-1,-1,-1
70,-1,645,229,17,18,1,-1,-1,-1
71,-1,142,403,21,20,1,-1,-1,-1
71,-1,157,273,20,20,1,-1,-1,-1
71,-1,171,157,20,19,1,-1,-1,-1
71,-1,180,25,19,21,1,-1,-1,-1
71,-1,261,351,18,18,1,-1,-1,-1
71,-1,267,236,18,19,1,-1,-1,-1
71,-1,279,111,20,19,1,-1,-1,-1
71,-1,284,10,21,19,1,-1,-1,-1
71,-1,372,297,17,17,1,-1,-1,-1
71,-1,380,166,18,19,1,-1,-1,-1
71,-1,384,51,19,20,1,-1,-1,-1
71,-1,472,245,17,18,1,-1,-1,-1
71,-1,476,136,20,20,1,-1,-1,-1
71,-1,491,361,20,18,1,-1,-1,-1
71,-1,581,298,17,20,1,-1,-1,-1
71,-1,589,167,17,16,1,-1,-1,-1
71,-1,645,229,17,18,1,-1,-1,-1
72,-1,142,403,21,20,1,-1,-1,-1
72,-1,157,273,20,20,1,-1,-1,-1
72,-1,170,157,20,19,1,-1,-1,-1
72,-1,179,25,19,21,1,-1,-1,-1
72,-1,261,351,18,18,1,-1,-1,-1
72,-1,267,236,18,19,1,-1,-1,-1
72,-1,279,111,20,19,1,-1,-1,-1
72,-1,282,5,21,19,1,-1,-1,-1
72,-1,371,297,17,17,1,-1,-1,-1
72,-1,380,166,18,19,1,-1,-1,-1
72,-1,383,51,19,20,1,-1,-1,-1
72,-1,473,245,17,18,1,-1,-1,-1
72,-1,477,137,20,20,1,-1,-1,-1
72,-1,490,360,20,18,1,-1,-1,-1
72,-1,581,298,17,20,1,-1,-1,-1
72,-1,590,171,17,16,1,-1,-1,-1
72,-1,654,237,17,18,1,-1,-1,-1
73,-1,142,403,21,20,1,-1,-1,-1
73,-1,157,273,20,20,1,-1,-1,-1
73,-1,170,157,20,19,1,-1,-1,-1
73,-1,179,25,19,21,1,-1,-1,-1
73,-1,261,351,18,18,1,-1,-1,-1
73,-1,267,236,18,19,1,-1,-1,-1
73,-1,279,111,20,19,1,-1,-1,-1
73,-1,282,5,21,19,1,-1,-1,-1
73,-1,371,297,17,17,1,-1,-1,-1
73,-1,380,166,18,19,1,-1,-1,-1
73,-1,384,51,19,20,1,-1,-1,-1
73,-1,473,245,17,18,1,-1,-1,-1
73,-1,477,137,20,20,1,-1,-1,-1
73,-1,490,360,20,18,1,-1,-1,-1
73,-1,581,298,17,20,1,-1,-1,-1
73,-1,590,171,17,16,1,-1,-1,-1
73,-1,654,237,17,18,1,-1,-1,-1
74,-1,142,403,21,20,1,-1,-1,-1
74,-1,157,272,20,20,1,-1,-1,-1
74,-1,170,157,20,19,1,-1,-1,-1
74,-1,179,25,19,21,1,-1,-1,-1
74,-1,261,351,18,18,1,-1,-1,-1
74,-1,267,236,18,19,1,-1,-1,-1
74,-1,279,111,19,18,1,-1,-1,-1
74,-1,281,4,22,20,1,-1,-1,-1
74,-1,371,297,17,17,1,-1,-1,-1
74,-1,380,166,18,19,1,-1,-1,-1
74,-1,383,51,19,20,1,-1,-1,-1
74,-1,473,245,17,18,1,-1,-1,-1
74,-1,476,136,20,20,1,-1,-1,-1
74,-1,489,359,20,18,1,-1,-1,-1
74,-1,581,298,17,20,1,-1,-1,-1
74,-1,590,173,17,16,1,-1,-1,-1
74,-1,654,237,17,18,1,-1,-1,-1
75,-1,142,403,21,20,1,-1,-1,-1
75,-1,157,272,20,20,1,-1,-1,-1
75,-1,170,157,20,19,1,-1,-1,-1
75,-1,178,25,19,21,1,-1,-1,-1
75,-1,261,351,18,18,1,-1,-1,-1
75,-1,267,236,18,19,1,-1,-1,-1
75,-1,279,111,20,19,1,-1,-1,-1
75,-1,280,3,22,20,1,-1,-1,-1
75,-1,371,297,17,17,1,-1,-1,-1
75,-1,380,167,18,19,1,-1,-1,-1
75,-1,383,51,19,20,1,-1,-1,-1
75,-1,473,244,17,18,1,-1,-1,-1
75,-1,476,136,20,20,1,-1,-1,-1
75,-1,489,359,20,18,1,-1,-1,-1
75,-1,581,298,17,20,1,-1,-1,-1
75,-1,590,174,16,16,1,-1,-1,-1
75,-1,657,238,17,18,1,-1,-1,-1
76,-1,142,403,21,20,1,-1,-1,-1
76,-1,157,272,20,20,1,-1,-1,-1
76,-1,170,157,20,19,1,-1,-1,-1
76,-1,177,25,19,21,1,-1,-1,-1
76,-1,261,351,18,18,1,-1,-1,-1
76,-1,267,236,18,19,1,-1,-1,-1
76,-1,279,111,20,19,1,-1,-1,-1
76,-1,280,2,21,19,1,-1,-1,-1
76,-1,371,297,17,17,1,-1,-1,-1
76,-1,380,167,18,19,1,-1,-1,-1
76,-1,383,51,19,20,1,-1,-1,-1
76,-1,473,244,17,18,1,-1,-1,-1
76,-1,479,134,20,20,1,-1,-1,-1
76,-1,489,359,20,18,1,-1,-1,-1
76,-1,581,298,17,20,1,-1,-1,-1
76,-1,590,176,17,16,1,-1,-1,-1
76,-1,657,238,17,18,1,-1,-1,-1
77,-1,142,403,21,20,1,-1,-1,-1
77,-1,154,270,19,19,1,-1,-1,-1
77,-1,170,157,20,19,1,-1,-1,-1
77,-1,177,24,19,21,1,-1,-1,-1
77,-1,261,350,18,18,1,-1,-1,-1
77,-1,267,235,18,19,1,-1,-1,-1
77,-1,279,0,21,19,1,-1,-1,-1
77,-1,279,111,20,19,1,-1,-1,-1
77,-1,371,297,17,17,1,-1,-1,-1
77,-1,380,167,18,19,1,-1,-1,-1
77,-1,382,52,19,20,1,-1,-1,-1
77,-1,473,244,16,17,1,-1,-1,-1
77,-1,479,133,21,21,1,-1,-1,-1
77,-1,488,359,21,18,1,-1,-1,-1
77,-1,581,298,17,20,1,-1,-1,-1
77,-1,590,179,16,15,1,-1,-1,-1
77,-1,654,237,17,18,1,-1,-1,-1
78,-1,142,403,21,20,1,-1,-1,-1
78,-1,154,270,19,19,1,-1,-1,-1
78,-1,170,157,20,19,1,-1,-1,-1
78,-1,177,24,19,21,1,-1,-1,-1
78,-1,261,350,18,18,1,-1,-1,-1
78,-1,267,235,18,19,1,-1,-1,-1
78,-1,279,0,21,19,1,-1,-1,-1
78,-1,279,111,20,19,1,-1,-1,-1
78,-1,371,297,17,17,1,-1,-1,-1
78,-1,380,167,18,19,1,-1,-1,-1
78,-1,382,52,19,20,1,-1,-1,-1
78,-1,473,244,16,17,1,-1,-1,-1
78,-1,479,133,21,21,1,-1,-1,-1
78,-1,488,359,21,18,1,-1,-1,-1
78,-1,581,298,17,20,1,-1,-1,-1
78,-1,590,179,16,15,1,-1,-1,-1
78,-1,654,237,17,18,1,-1,-1,-1
79,-1,142,403,21,20,1,-1,-1,-1
79,-1,154,270,19,19,1,-1,-1,-1
79,-1,170,157,20,19,1,-1,-1,-1
79,-1,177,24,19,21,1,-1,-1,-1
79,-1,261,350,18,18,1,-1,-1,-1
79,-1,267,235,18,19,1,-1,-1,-1
79,-1,279,-1,21,19,1,-1,-1,-1
79,-1,279,111,20,19,1,-1,-1,-1
79,-1,371,297,17,17,1,-1,-1,-1
79,-1,380,167,18,19,1,-1,-1,-1
79,-1,382,52,19,20,1,-1,-1,-1
79,-1,473,244,17,18,1,-1,-1,-1
79,-1,480,132,20,20,1,-1,-1,-1
79,-1,491,360,23,20,1,-1,-1,-1
79,-1,580,298,17,20,1,-1,-1,-1
79,-1,590,181,16,15,1,-1,-1,-1
79,-1,662,242,17,18,1,-1,-1,-1
80,-1,142,403,21,20,1,-1,-1,-1
80,-1,155,274,20,20,1,-1,-1,-1
80,-1,170,157,20,19,1,-1,-1,-1
80,-1,177,24,19,21,1,-1,-1,-1
80,-1,261,350,18,18,1,-1,-1,-1
80,-1,267,235,18,19,1,-1,-1,-1
80,-1,278,-2,21,19,1,-1,-1,-1
80,-1,279,111,20,19,1,-1,-1,-1
80,-1,370,297,17,17,1,-1,-1,-1
80,-1,380,167,18,19,1,-1,-1,-1
80,-1,382,52,19,20,1,-1,-1,-1
80,-1,473,244,17,18,1,-1,-1,-1
80,-1,481,131,20,20,1,-1,-1,-1
80,-1,484,358,23,21,1,-1,-1,-1
80,-1,580,298,17,20,1,-1,-1,-1
80,-1,590,182,16,15,1,-1,-1,-1
80,-1,663,243,16,17,1,-1,-1,-1
81,-1,142,402,21,20,1,-1,-1,-1
81,-1,155,274,20,20,1,-1,-1,-1
81,-1,170,157,20,19,1,-1,-1,-1
81,-1,176,24,19,21,1,-1,-1,-1
81,-1,261,350,18,18,1,-1,-1,-1
81,-1,267,235,18,19,1,-1,-1,-1
81,-1,278,-2,21,19,1,-1,-1,-1
81,-1,279,111,20,19,1,-1,-1,-1
81,-1,370,298,17,17,1,-1,-1,-1
81,-1,380,167,18,19,1,-1,-1,-1
81,-1,382,52,19,20,1,-1,-1,-1
81,-1,473,244,17,18,1,-1,-1,-1
81,-1,482,130,20,20,1,-1,-1,-1
81,-1,483,357,24,22,1,-1,-1,-1
81,-1,580,298,17,20,1,-1,-1,-1
81,-1,590,185,16,15,1,-1,-1,-1
81,-1,666,244,17,18,1,-1,-1,-1
82,-1,142,402,21,20,1,-1,-1,-1
82,-1,155,274,20,20,1,-1,-1,-1
82,-1,170,157,20,19,1,-1,-1,-1
82,-1,176,24,19,21,1,-1,-1,-1
82,-1,261,350,18,18,1,-1,-1,-1
82,-1,267,235,18,19,1,-1,-1,-1
82,-1,278,-2,16,18,1,-1,-1,-1
82,-1,279,111,20,19,1,-1,-1,-1
82,-1,370,298,17,17,1,-1,-1,-1
82,-1,380,167,18,19,1,-1,-1,-1
82,-1,382,52,19,20,1,-1,-1,-1
82,-1,473,244,16,17,1,-1,-1,-1
82,-1,482,129,20,20,1,-1,-1,-1
82,-1,483,357,24,22,1,-1,-1,-1
82,-1,580,298,17,20,1,-1,-1,-1
82,-1,590,186,16,15,1,-1,-1,-1
82,-1,667,244,16,17,1,-1,-1,-1
83,-1,142,402,21,20,1,-1,-1,-1
83,-1,155,274,20,20,1,-1,-1,-1
83,-1,170,157,20,19,1,-1,-1,-1
83,-1,176,24,19,21,1,-1,-1,-1
83,-1,261,350,18,18,1,-1,-1,-1
83,-1,267,235,18,19,1,-1,-1,-1
83,-1,278,0,16,16,1,-1,-1,-1
83,-1,279,111,20,19,1,-1,-1,-1
83,-1,370,298,17,17,1,-1,-1,-1
83,-1,380,167,18,19,1,-1,-1,-1
83,-1,382,52,19,20,1,-1,-1,-1
83,-1,473,244,16,17,1,-1,-1,-1
83,-1,482,129,20,20,1,-1,-1,-1
83,-1,483,357,24,22,1,-1,-1,-1
83,-1,580,298,17,20,1,-1,-1,-1
83,-1,590,186,16,15,1,-1,-1,-1
83,-1,667,244,16,17,1,-1,-1,-1
84,-1,142,402,21,20,1,-1,-1,-1
84,-1,155,274,20,20,1,-1,-1,-1
84,-1,170,157,20,19,1,-1,-1,-1
84,-1,176,24,19,21,1,-1,-1,-1
84,-1,261,350,18,18,1,-1,-1,-1
84,-1,267,235,18,19,1,-1,-1,-1
84,-1,278,-1,16,16,1,-1,-1,-1
84,-1,279,111,20,19,1,-1,-1,-1
84,-1,370,298,17,17,1,-1,-1,-1
84,-1,380,167,18,19,1,-1,-1,-1
84,-1,382,52,19,20,1,-1,-1,-1
84,-1,473,243,17,17,1,-1,-1,-1
84,-1,482,129,20,20,1,-1,-1,-1
84,-1,483,358,23,21,1,-1,-1,-1
84,-1,580,298,17,20,1,-1,-1,-1
84,-1,590,187,16,15,1,-1,-1,-1
84,-1,668,245,16,17,1,-1,-1,-1
85,-1,142,402,21,20,1,-1,-1,-1
85,-1,155,274,20,20,1,-1,-1,-1
85,-1,170,157,20,19,1,-1,-1,-1
85,-1,176,24,19,21,1,-1,-1,-1
85,-1,261,350,18,18,1,-1,-1,-1
85,-1,267,235,18,19,1,-1,-1,-1
85,-1,277,-2,16,16,1,-1,-1,-1
85,-1,279,111,20,19,1,-1,-1,-1
85,-1,370,298,17,17,1,-1,-1,-1
85,-1,380,167,18,19,1,-1,-1,-1
85,-1,382,52,19,20,1,-1,-1,-1
85,-1,473,243,17,18,1,-1,-1,-1
85,-1,482,128,20,20,1,-1,-1,-1
85,-1,484,358,23,21,1,-1,-1,-1
85,-1,580,298,17,20,1,-1,-1,-1
85,-1,590,189,16,15,1,-1,-1,-1
85,-1,670,246,16,17,1,-1,-1,-1
86,-1,142,402,21,20,1,-1,-1,-1
86,-1,155,274,20,20,1,-1,-1,-1
86,-1,170,157,20,19,1,-1,-1,-1
86,-1,176,24,19,21,1,-1,-1,-1
86,-1,261,350,18,18,1,-1,-1,-1
86,-1,267,235,18,19,1,-1,-1,-1
86,-1,277,-3,16,16,1,-1,-1,-1
86,-1,279,111,20,19,1,-1,-1,-1
86,-1,370,298,17,17,1,-1,-1,-1
86,-1,380,167,18,19,1,-1,-1,-1
86,-1,383,52,19,20,1,-1,-1,-1
86,-1,473,243,17,18,1,-1,-1,-1
86,-1,482,127,20,20,1,-1,-1,-1
86,-1,483,358,23,21,1,-1,-1,-1
86,-1,580,298,17,20,1,-1,-1,-1
86,-1,590,191,16,15,1,-1,-1,-1
86,-1,671,246,16,17,1,-1,-1,-1
87,-1,142,402,21,20,1,-1,-1,-1
87,-1,155,274,20,20,1,-1,-1,-1
87,-1,170,157,20,19,1,-1,-1,-1
87,-1,176,24,19,21,1,-1,-1,-1
87,-1,261,350,18,18,1,-1,-1,-1
87,-1,267,235,18,19,1,-1,-1,-1
87,-1,277,-3,16,16,1,-1,-1,-1
87,-1,279,111,20,19,1,-1,-1,-1
87,-1,370,298,17,17,1,-1,-1,-1
87,-1,380,167,18,19,1,-1,-1,-1
87,-1,383,52,19,20,1,-1,-1,-1
87,-1,473,243,17,18,1,-1,-1,-1
87,-1,483,127,20,20,1,-1,-1,-1
87,-1,484,358,23,21,1,-1,-1,-1
87,-1,580,298,17,20,1,-1,-1,-1
87,-1,589,191,16,15,1,-1,-1,-1
87,-1,671,246,16,17,1,-1,-1,-1
88,-1,142,402,21,20,1,-1,-1,-1
88,-1,155,274,20,20,1,-1,-1,-1
88,-1,170,157,20,19,1,-1,-1,-1
88,-1,176,24,19,21,1,-1,-1,-1
88,-1,261,350,18,18,1,-1,-1,-1
88,-1,267,235,18,19,1,-1,-1,-1
88,-1,277,-3,16,16,1,-1,-1,-1
88,-1,279,111,20,19,1,-1,-1,-1
88,-1,370,298,17,17,1,-1,-1,-1
88,-1,380,167,18,19,1,-1,-1,-1
88,-1,383,52,19,20,1,-1,-1,-1
88,-1,473,243,17,18,1,-1,-1,-1
88,-1,483,127,20,20,1,-1,-1,-1
88,-1,484,358,23,21,1,-1,-1,-1
88,-1,580,298,17,20,1,-1,-1,-1
88,-1,589,191,16,15,1,-1,-1,-1
88,-1,671,246,16,17,1,-1,-1,-1
89,-1,142,402,21,20,1,-1,-1,-1
89,-1,155,274,20,20,1,-1,-1,-1
89,-1,170,157,20,19,1,-1,-1,-1
89,-1,176,24,19,21,1,-1,-1,-1
89,-1,261,349,18,18,1,-1,-1,-1
89,-1,267,235,18,19,1,-1,-1,-1
89,-1,277,-3,16,16,1,-1,-1,-1
89,-1,279,111,20,19,1,-1,-1,-1
89,-1,370,298,17,17,1,-1,-1,-1
89,-1,379,167,18,19,1,-1,-1,-1
89,-1,383,52,19,20,1,-1,-1,-1
89,-1,473,243,17,18,1,-1,-1,-1
89,-1,483,126,20,20,1,-1,-1,-1
89,-1,484,358,23,21,1,-1,-1,-1
89,-1,580,298,17,20,1,-1,-1,-1
89,-1,589,194,16,15,1,-1,-1,-1
89,-1,672,246,22,18,1,-1,-1,-1
90,-1,142,402,21,20,1,-1,-1,-1
90,-1,155,274,20,20,1,-1,-1,-1
90,-1,170,157,20,19,1,-1,-1,-1
90,-1,176,24,19,21,1,-1,-1,-1
90,-1,261,349,18,18,1,-1,-1,-1
90,-1,266,235,18,19,1,-1,-1,-1
90,-1,277,-3,16,16,1,-1,-1,-1
90,-1,279,111,20,19,1,-1,-1,-1
90,-1,370,298,17,17,1,-1,-1,-1
90,-1,379,167,18,19,1,-1,-1,-1
90,-1,383,52,19,20,1,-1,-1,-1
90,-1,473,243,17,18,1,-1,-1,-1
90,-1,483,126,20,20,1,-1,-1,-1
90,-1,484,358,23,21,1,-1,-1,-1
90,-1,580,298,17,20,1,-1,-1,-1
90,-1,589,195,16,15,1,-1,-1,-1
90,-1,672,246,22,18,1,-1,-1,-1
91,-1,142,402,21,20,1,-1,-1,-1
91,-1,155,274,20,20,1,-1,-1,-1
91,-1,170,157,20,19,1,-1,-1,-1
91,-1,173,25,19,21,1,-1,-1,-1
91,-1,261,349,18,18,1,-1,-1,-1
91,-1,266,235,18,19,1,-1,-1,-1
91,-1,277,-3,16,16,1,-1,-1,-1
91,-1,279,111,20,19,1,-1,-1,-1
91,-1,370,298,17,17,1,-1,-1,-1
91,-1,379,167,18,19,1,-1,-1,-1
91,-1,383,52,19,20,1,-1,-1,-1
91,-1,473,242,17,18,1,-1,-1,-1
91,-1,483,126,20,20,1,-1,-1,-1
91,-1,484,358,23,21,1,-1,-1,-1
91,-1,580,298,17,20,1,-1,-1,-1
91,-1,589,195,16,15,1,-1,-1,-1
91,-1,672,246,22,18,1,-1,-1,-1
92,-1,143,401,21,20,1,-1,-1,-1
92,-1,155,274,20,20,1,-1,-1,-1
92,-1,170,157,20,19,1,-1,-1,-1
92,-1,173,25,19,21,1,-1,-1,-1
92,-1,261,349,18,18,1,-1,-1,-1
92,-1,266,235,18,19,1,-1,-1,-1
92,-1,279,111,20,19,1,-1,-1,-1
92,-1,363,416,19,14,1,-1,-1,-1
92,-1,370,298,17,17,1,-1,-1,-1
92,-1,379,167,18,19,1,-1,-1,-1
92,-1,383,52,19,20,1,-1,-1,-1
92,-1,473,241,17,18,1,-1,-1,-1
92,-1,481,356,23,21,1,-1,-1,-1
92,-1,484,123,20,20,1,-1,-1,-1
92,-1,577,301,18,18,1,-1,-1,-1
92,-1,589,197,16,15,1,-1,-1,-1
92,-1,675,245,23,19,1,-1,-1,-1
93,-1,143,401,21,20,1,-1,-1,-1
93,-1,155,274,20,20,1,-1,-1,-1
93,-1,170,157,20,19,1,-1,-1,-1
93,-1,173,25,19,21,1,-1,-1,-1
93,-1,261,349,18,18,1,-1,-1,-1
93,-1,266,235,18,19,1,-1,-1,-1
93,-1,279,111,20,19,1,-1,-1,-1
93,-1,363,416,19,12,1,-1,-1,-1
93,-1,370,298,17,17,1,-1,-1,-1
93,-1,379,167,18,19,1,-1,-1,-1
93,-1,383,52,19,20,1,-1,-1,-1
93,-1,473,241,17,18,1,-1,-1,-1
93,-1,481,356,23,21,1,-1,-1,-1
93,-1,484,123,20,20,1,-1,-1,-1
93,-1,577,301,18,18,1,-1,-1,-1
93,-1,589,197,16,15,1,-1,-1,-1
93,-1,675,245,23,19,1,-1,-1,-1
94,-1,143,401,21,20,1,-1,-1,-1
94,-1,156,274,20,20,1,-1,-1,-1
94,-1,171,157,20,19,1,-1,-1,-1
94,-1,173,25,19,21,1,-1,-1,-1
94,-1,261,348,18,18,1,-1,-1,-1
94,-1,266,235,18,19,1,-1,-1,-1
94,-1,279,111,20,19,1,-1,-1,-1
94,-1,363,416,19,12,1,-1,-1,-1
94,-1,370,297,17,17,1,-1,-1,-1
94,-1,379,167,18,19,1,-1,-1,-1
94,-1,383,52,19,20,1,-1,-1,-1
94,-1,473,241,17,18,1,-1,-1,-1
94,-1,481,356,23,21,1,-1,-1,-1
94,-1,484,123,20,20,1,-1,-1,-1
94,-1,577,301,18,18,1,-1,-1,-1
94,-1,588,197,16,15,1,-1,-1,-1
94,-1,675,245,23,19,1,-1,-1,-1
95,-1,143,401,21,20,1,-1,-1,-1
95,-1,156,274,20,20,1,-1,-1,-1
95,-1,171,157,20,19,1,-1,-1,-1
95,-1,173,25,19,21,1,-1,-1,-1
95,-1,261,348,18,18,1,-1,-1,-1
95,-1,266,235,18,19,1,-1,-1,-1
95,-1,279,111,20,19,1,-1,-1,-1
95,-1,363,415,19,15,1,-1,-1,-1
95,-1,370,297,17,17,1,-1,-1,-1
95,-1,379,167,18,19,1,-1,-1,-1
95,-1,384,52,19,20,1,-1,-1,-1
95,-1,473,241,17,18,1,-1,-1,-1
95,-1,481,356,23,21,1,-1,-1,-1
95,-1,484,123,20,20,1,-1,-1,-1
95,-1,576,301,18,18,1,-1,-1,-1
95,-1,588,198,16,15,1,-1,-1,-1
95,-1,675,245,23,19,1,-1,-1,-1
96,-1,143,401,21,20,1,-1,-1,-1
96,-1,156,274,20,20,1,-1,-1,-1
96,-1,171,157,20,19,1,-1,-1,-1
96,-1,173,24,19,21,1,-1,-1,-1
96,-1,261,348,18,18,1,-1,-1,-1
96,-1,267,234,18,19,1,-1,-1,-1
96,-1,279,111,20,19,1,-1,-1,-1
96,-1,363,414,19,13,1,-1,-1,-1
96,-1,370,297,17,17,1,-1,-1,-1
96,-1,379,167,18,19,1,-1,-1,-1
96,-1,384,52,19,20,1,-1,-1,-1
96,-1,473,240,17,18,1,-1,-1,-1
96,-1,481,356,23,21,1,-1,-1,-1
96,-1,484,122,20,20,1,-1,-1,-1
96,-1,576,300,18,18,1,-1,-1,-1
96,-1,588,200,16,15,1,-1,-1,-1
96,-1,674,245,23,19,1,-1,-1,-1
97,-1,143,401,21,20,1,-1,-1,-1
97,-1,156,273,20,20,1,-1,-1,-1
97,-1,171,157,20,19,1,-1,-1,-1
97,-1,173,24,20,22,1,-1,-1,-1
97,-1,262,348,18,18,1,-1,-1,-1
97,-1,266,234,18,19,1,-1,-1,-1
97,-1,279,111,20,19,1,-1,-1,-1
97,-1,363,414,20,15,1,-1,-1,-1
97,-1,371,297,17,17,1,-1,-1,-1
97,-1,379,167,18,19,1,-1,-1,-1
97,-1,384,52,19,20,1,-1,-1,-1
97,-1,473,240,17,18,1,-1,-1,-1
97,-1,481,355,23,21,1,-1,-1,-1
97,-1,484,122,20,20,1,-1,-1,-1
97,-1,576,300,18,18,1,-1,-1,-1
97,-1,588,200,16,15,1,-1,-1,-1
97,-1,674,245,23,19,1,-1,-1,-1
98,-1,143,401,21,20,1,-1,-1,-1
98,-1,156,273,20,20,1,-1,-1,-1
98,-1,171,157,20,19,1,-1,-1,-1
98,-1,173,24,20,22,1,-1,-1,-1
98,-1,262,348,18,18,1,-1,-1,-1
98,-1,266,234,18,19,1,-1,-1,-1
98,-1,279,111,20,19,1,-1,-1,-1
98,-1,363,414,20,14,1,-1,-1,-1
98,-1,371,297,17,17,1,-1,-1,-1
98,-1,379,167,18,19,1,-1,-1,-1
98,-1,384,52,19,20,1,-1,-1,-1
98,-1,473,240,17,18,1,-1,-1,-1
98,-1,481,355,23,21,1,-1,-1,-1
98,-1,484,122,20,20,1,-1,-1,-1
98,-1,576,300,18,18,1,-1,-1,-1
98,-1,588,200,16,15,1,-1,-1,-1
98,-1,674,245,23,19,1,-1,-1,-1
99,-1,143,401,21,20,1,-1,-1,-1
99,-1,156,273,20,20,1,-1,-1,-1
99,-1,171,156,20,19,1,-1,-1,-1
99,-1,173,24,19,22,1,-1,-1,-1
99,-1,262,347,18,18,1,-1,-1,-1
99,-1,266,234,18,19,1,-1,-1,-1
99,-1,280,111,20,19,1,-1,-1,-1
99,-1,363,414,20,14,1,-1,-1,-1
99,-1,371,297,17,17,1,-1,-1,-1
99,-1,379,167,18,19,1,-1,-1,-1
99,-1,384,52,19,20,1,-1,-1,-1
99,-1,473,240,17,18,1,-1,-1,-1
99,-1,481,355,23,21,1,-1,-1,-1
99,-1,484,122,20,20,1,-1,-1,-1
99,-1,576,300,18,18,1,-1,-1,-1
99,-1,587,201,16,15,1,-1,-1,-1
99,-1,674,244,23,19,1,-1,-1,-1
100,-1,143,400,21,20,1,-1,-1,-1
100,-1,156,273,20,20,1,-1,-1,-1
100,-1,171,157,20,19,1,-1,-1,-1
100,-1,173,24,20,22,1,-1,-1,-1
100,-1,262,348,18,18,1,-1,-1,-1
100,-1,266,234,18,19,1,-1,-1,-1
100,-1,280,111,19,18,1,-1,-1,-1
100,-1,363,413,20,14,1,-1,-1,-1
100,-1,371,297,17,17,1,-1,-1,-1
100,-1,379,167,18,19,1,-1,-1,-1
100,-1,384,52,19,20,1,-1,-1,-1
100,-1,473,239,17,18,1,-1,-1,-1
100,-1,481,355,22,20,1,-1,-1,-1
100,-1,484,121,20,20,1,-1,-1,-1
100,-1,575,299,19,19,1,-1,-1,-1
100,-1,587,202,16,15,1,-1,-1,-1
100,-1,676,245,23,19,1,-1,-1,-1
101,-1,146,398,21,20,1,-1,-1,-1
101,-1,156,273,20,20,1,-1,-1,-1
101,-1,171,157,20,19,1,-1,-1,-1
101,-1,174,25,19,21,1,-1,-1,-1
101,-1,262,348,18,18,1,-1,-1,-1
101,-1,266,234,18,19,1,-1,-1,-1
101,-1,280,111,19,18,1,-1,-1,-1
101,-1,363,413,20,14,1,-1,-1,-1
101,-1,371,296,17,17,1,-1,-1,-1
101,-1,379,167,18,19,1,-1,-1,-1
101,-1,384,51,19,20,1,-1,-1,-1
101,-1,473,239,17,18,1,-1,-1,-1
101,-1,481,355,22,20,1,-1,-1,-1
101,-1,484,121,20,20,1,-1,-1,-1
101,-1,575,299,19,19,1,-1,-1,-1
101,-1,586,203,16,15,1,-1,-1,-1
101,-1,677,245,23,19,1,-1,-1,-1
102,-1,146,398,21,20,1,-1,-1,-1
102,-1,156,273,20,20,1,-1,-1,-1
102,-1,171,157,20,19,1,-1,-1,-1
102,-1,174,25,19,21,1,-1,-1,-1
102,-1,262,348,18,18,1,-1,-1,-1
102,-1,267,234,18,19,1,-1,-1,-1
102,-1,279,111,20,19,1,-1,-1,-1
102,-1,363,412,21,17,1,-1,-1,-1
102,-1,371,296,17,17,1,-1,-1,-1
102,-1,379,167,18,19,1,-1,-1,-1
102,-1,385,52,19,20,1,-1,-1,-1
102,-1,473,238,17,18,1,-1,-1,-1
102,-1,481,355,22,20,1,-1,-1,-1
102,-1,484,121,20,20,1,-1,-1,-1
102,-1,575,299,19,19,1,-1,-1,-1
102,-1,586,203,16,15,1,-1,-1,-1
102,-1,676,245,23,19,1,-1,-1,-1
103,-1,146,398,21,20,1,-1,-1,-1
103,-1,156,273,20,20,1,-1,-1,-1
103,-1,171,157,20,19,1,-1,-1,-1
103,-1,174,25,19,21,1,-1,-1,-1
103,-1,262,348,18,18,1,-1,-1,-1
103,-1,267,234,18,19,1,-1,-1,-1
103,-1,279,111,20,19,1,-1,-1,-1
103,-1,363,412,21,16,1,-1,-1,-1
103,-1,371,296,17,17,1,-1,-1,-1
103,-1,379,167,18,19,1,-1,-1,-1
103,-1,385,52,19,20,1,-1,-1,-1
103,-1,473,238,17,18,1,-1,-1,-1
103,-1,481,355,22,20,1,-1,-1,-1
103,-1,484,121,20,20,1,-1,-1,-1
103,-1,575,299,19,19,1,-1,-1,-1
103,-1,586,203,16,15,1,-1,-1,-1
103,-1,676,245,23,19,1,-1,-1,-1
104,-1,147,397,21,20,1,-1,-1,-1
104,-1,157,273,20,20,1,-1,-1,-1
104,-1,172,157,20,19,1,-1,-1,-1
104,-1,173,23,21,23,1,-1,-1,-1
104,-1,262,347,18,18,1,-1,-1,-1
104,-1,267,234,18,19,1,-1,-1,-1
104,-1,280,111,20,19,1,-1,-1,-1
104,-1,363,411,21,16,1,-1,-1,-1
104,-1,371,296,17,17,1,-1,-1,-1
104,-1,379,167,18,19,1,-1,-1,-1
104,-1,385,52,19,20,1,-1,-1,-1
104,-1,473,238,17,18,1,-1,-1,-1
104,-1,481,355,22,20,1,-1,-1,-1
104,-1,483,121,20,20,1,-1,-1,-1
104,-1,574,299,18,18,1,-1,-1,-1
104,-1,585,204,16,15,1,-1,-1,-1
104,-1,676,245,23,19,1,-1,-1,-1
105,-1,148,397,21,20,1,-1,-1,-1
105,-1,157,273,20,20,1,-1,-1,-1
105,-1,172,157,20,19,1,-1,-1,-1
105,-1,173,23,21,23,1,-1,-1,-1
105,-1,264,346,18,18,1,-1,-1,-1
105,-1,269,233,18,19,1,-1,-1,-1
105,-1,280,111,20,19,1,-1,-1,-1
105,-1,363,411,21,16,1,-1,-1,-1
105,-1,371,296,17,17,1,-1,-1,-1
105,-1,379,167,18,19,1,-1,-1,-1
105,-1,385,52,19,20,1,-1,-1,-1
105,-1,473,238,17,18,1,-1,-1,-1
105,-1,481,355,22,20,1,-1,-1,-1
105,-1,483,121,20,20,1,-1,-1,-1
105,-1,574,299,19,19,1,-1,-1,-1
105,-1,585,204,16,15,1,-1,-1,-1
105,-1,676,245,23,19,1,-1,-1,-1
106,-1,149,397,21,20,1,-1,-1,-1
106,-1,157,273,20,20,1,-1,-1,-1
106,-1,172,157,20,19,1,-1,-1,-1
106,-1,174,23,20,23,1,-1,-1,-1
106,-1,265,345,18,18,1,-1,-1,-1
106,-1,270,233,18,19,1,-1,-1,-1
106,-1,280,111,20,19,1,-1,-1,-1
106,-1,363,410,21,16,1,-1,-1,-1
106,-1,371,295,17,17,1,-1,-1,-1
106,-1,379,167,18,19,1,-1,-1,-1
106,-1,385,52,19,20,1,-1,-1,-1
106,-1,473,237,17,18,1,-1,-1,-1
106,-1,481,354,22,20,1,-1,-1,-1
106,-1,483,121,20,20,1,-1,-1,-1
106,-1,574,298,19,19,1,-1,-1,-1
106,-1,585,205,16,15,1,-1,-1,-1
106,-1,675,244,23,19,1,-1,-1,-1
107,-1,150,396,20,19,1,-1,-1,-1
107,-1,158,272,20,20,1,-1,-1,-1
107,-1,172,157,20,19,1,-1,-1,-1
107,-1,174,23,21,23,1,-1,-1,-1
107,-1,265,345,18,18,1,-1,-1,-1
107,-1,270,233,18,19,1,-1,-1,-1
107,-1,280,111,20,19,1,-1,-1,-1
107,-1,363,409,21,16,1,-1,-1,-1
107,-1,372,295,17,17,1,-1,-1,-1
107,-1,379,167,18,19,1,-1,-1,-1
107,-1,385,52,19,20,1,-1,-1,-1
107,-1,473,237,17,18,1,-1,-1,-1
107,-1,480,354,22,20,1,-1,-1,-1
107,-1,483,121,20,20,1,-1,-1,-1
107,-1,573,298,19,19,1,-1,-1,-1
107,-1,584,205,16,15,1,-1,-1,-1
107,-1,675,244,23,19,1,-1,-1,-1
108,-1,150,396,20,19,1,-1,-1,-1
108,-1,158,272,20,20,1,-1,-1,-1
108,-1,172,157,20,19,1,-1,-1,-1
108,-1,174,23,21,23,1,-1,-1,-1
108,-1,265,345,18,18,1,-1,-1,-1
108,-1,270,233,18,19,1,-1,-1,-1
108,-1,280,111,20,19,1,-1,-1,-1
108,-1,363,409,21,16,1,-1,-1,-1
108,-1,372,295,17,17,1,-1,-1,-1
108,-1,379,167,18,19,1,-1,-1,-1
108,-1,385,52,19,20,1,-1,-1,-1
108,-1,473,237,17,18,1,-1,-1,-1
108,-1,481,354,22,20,1,-1,-1,-1
108,-1,483,121,20,20,1,-1,-1,-1
108,-1,573,298,19,19,1,-1,-1,-1
108,-1,584,205,16,15,1,-1,-1,-1
108,-1,675,244,23,19,1,-1,-1,-1
109,-1,150,396,20,19,1,-1,-1,-1
109,-1,158,272,20,20,1,-1,-1,-1
109,-1,172,157,20,19,1,-1,-1,-1
109,-1,174,24,21,23,1,-1,-1,-1
109,-1,265,344,18,18,1,-1,-1,-1
109,-1,270,233,18,19,1,-1,-1,-1
109,-1,283,110,20,19,1,-1,-1,-1
109,-1,363,409,21,16,1,-1,-1,-1
109,-1,372,295,17,17,1,-1,-1,-1
109,-1,379,166,18,19,1,-1,-1,-1
109,-1,385,52,19,20,1,-1,-1,-1
109,-1,472,237,17,18,1,-1,-1,-1
109,-1,480,353,22,21,1,-1,-1,-1
109,-1,483,121,20,20,1,-1,-1,-1
109,-1,573,298,18,18,1,-1,-1,-1
109,-1,583,205,16,15,1,-1,-1,-1
109,-1,674,244,23,19,1,-1,-1,-1
110,-1,151,395,20,19,1,-1,-1,-1
110,-1,162,272,20,20,1,-1,-1,-1
110,-1,175,24,20,23,1,-1,-1,-1
110,-1,175,156,20,19,1,-1,-1,-1
110,-1,265,344,18,18,1,-1,-1,-1
110,-1,271,232,18,19,1,-1,-1,-1
110,-1,283,110,20,19,1,-1,-1,-1
110,-1,363,409,21,16,1,-1,-1,-1
110,-1,372,295,17,17,1,-1,-1,-1
110,-1,379,166,18,19,1,-1,-1,-1
110,-1,385,52,19,20,1,-1,-1,-1
110,-1,472,236,17,18,1,-1,-1,-1
110,-1,480,353,22,20,1,-1,-1,-1
110,-1,483,121,20,20,1,-1,-1,-1
110,-1,572,297,19,19,1,-1,-1,-1
110,-1,583,206,16,15,1,-1,-1,-1
110,-1,674,243,23,19,1,-1,-1,-1
111,-1,151,395,20,19,1,-1,-1,-1
111,-1,158,272,20,20,1,-1,-1,-1
111,-1,175,24,20,22,1,-1,-1,-1
111,-1,176,156,20,19,1,-1,-1,-1
111,-1,266,344,18,18,1,-1,-1,-1
111,-1,271,232,18,19,1,-1,-1,-1
111,-1,283,110,20,19,1,-1,-1,-1
111,-1,363,408,21,16,1,-1,-1,-1
111,-1,372,294,17,17,1,-1,-1,-1
111,-1,379,166,18,19,1,-1,-1,-1
111,-1,385,53,19,20,1,-1,-1,-1
111,-1,472,236,17,18,1,-1,-1,-1
111,-1,479,353,22,20,1,-1,-1,-1
111,-1,482,121,20,20,1,-1,-1,-1
111,-1,572,297,19,19,1,-1,-1,-1
111,-1,582,206,16,15,1,-1,-1,-1
111,-1,673,243,23,19,1,-1,-1,-1
112,-1,151,395,20,19,1,-1,-1,-1
112,-1,158,272,20,20,1,-1,-1,-1
112,-1,176,24,20,22,1,-1,-1,-1
112,-1,176,156,20,19,1,-1,-1,-1
112,-1,266,344,18,18,1,-1,-1,-1
112,-1,271,232,18,19,1,-1,-1,-1
112,-1,283,110,20,19,1,-1,-1,-1
112,-1,363,407,21,16,1,-1,-1,-1
112,-1,372,294,17,17,1,-1,-1,-1
112,-1,379,166,18,19,1,-1,-1,-1
112,-1,385,53,19,20,1,-1,-1,-1
112,-1,472,236,17,18,1,-1,-1,-1
112,-1,479,353,22,20,1,-1,-1,-1
112,-1,482,121,20,20,1,-1,-1,-1
112,-1,572,297,18,18,1,-1,-1,-1
112,-1,582,206,16,15,1,-1,-1,-1
112,-1,673,243,23,19,1,-1,-1,-1
113,-1,151,395,20,19,1,-1,-1,-1
113,-1,158,272,20,20,1,-1,-1,-1
113,-1,176,24,20,22,1,-1,-1,-1
113,-1,176,156,20,19,1,-1,-1,-1
113,-1,266,344,18,18,1,-1,-1,-1
113,-1,271,232,18,19,1,-1,-1,-1
113,-1,283,110,20,19,1,-1,-1,-1
113,-1,363,407,21,16,1,-1,-1,-1
113,-1,372,294,17,17,1,-1,-1,-1
113,-1,379,166,18,19,1,-1,-1,-1
113,-1,385,53,19,20,1,-1,-1,-1
113,-1,472,236,17,18,1,-1,-1,-1
113,-1,479,353,22,20,1,-1,-1,-1
113,-1,482,121,20,20,1,-1,-1,-1
113,-1,572,297,18,18,1,-1,-1,-1
113,-1,582,206,16,15,1,-1,-1,-1
113,-1,673,243,23,19,1,-1,-1,-1
114,-1,152,394,20,19,1,-1,-1,-1
114,-1,158,272,20,20,1,-1,-1,-1
114,-1,176,24,20,23,1,-1,-1,-1
114,-1,176,156,20,19,1,-1,-1,-1
114,-1,266,343,18,18,1,-1,-1,-1
114,-1,271,232,18,19,1,-1,-1,-1
114,-1,283,110,20,19,1,-1,-1,-1
114,-1,363,407,21,16,1,-1,-1,-1
114,-1,372,294,17,17,1,-1,-1,-1
114,-1,379,167,18,19,1,-1,-1,-1
114,-1,385,53,19,20,1,-1,-1,-1
114,-1,472,236,17,18,1,-1,-1,-1
114,-1,479,353,22,20,1,-1,-1,-1
114,-1,482,121,20,20,1,-1,-1,-1
114,-1,571,297,18,18,1,-1,-1,-1
114,-1,581,206,16,15,1,-1,-1,-1
114,-1,673,243,22,18,1,-1,-1,-1
115,-1,152,394,20,19,1,-1,-1,-1
115,-1,159,272,19,19,1,-1,-1,-1
115,-1,177,157,20,19,1,-1,-1,-1
115,-1,178,25,19,21,1,-1,-1,-1
115,-1,267,343,18,18,1,-1,-1,-1
115,-1,272,232,18,19,1,-1,-1,-1
115,-1,284,110,20,19,1,-1,-1,-1
115,-1,363,406,21,16,1,-1,-1,-1
115,-1,372,294,17,17,1,-1,-1,-1
115,-1,379,167,18,19,1,-1,-1,-1
115,-1,385,53,19,20,1,-1,-1,-1
115,-1,472,235,17,18,1,-1,-1,-1
115,-1,480,350,23,21,1,-1,-1,-1
115,-1,482,121,20,20,1,-1,-1,-1
115,-1,571,297,18,18,1,-1,-1,-1
115,-1,581,207,16,15,1,-1,-1,-1
115,-1,672,242,22,18,1,-1,-1,-1
116,-1,152,394,20,19,1,-1,-1,-1
116,-1,159,272,19,19,1,-1,-1,-1
116,-1,178,26,19,21,1,-1,-1,-1
116,-1,178,157,20,19,1,-1,-1,-1
116,-1,267,343,17,17,1,-1,-1,-1
116,-1,272,232,18,19,1,-1,-1,-1
116,-1,284,110,20,19,1,-1,-1,-1
116,-1,363,406,21,16,1,-1,-1,-1
116,-1,372,294,17,17,1,-1,-1,-1
116,-1,379,167,18,19,1,-1,-1,-1
116,-1,385,54,19,20,1,-1,-1,-1
116,-1,472,235,17,18,1,-1,-1,-1
116,-1,480,350,23,21,1,-1,-1,-1
116,-1,481,121,20,20,1,-1,-1,-1
116,-1,570,297,18,18,1,-1,-1,-1
116,-1,580,207,16,15,1,-1,-1,-1
116,-1,671,243,22,18,1,-1,-1,-1
117,-1,153,394,20,19,1,-1,-1,-1
117,-1,159,272,19,19,1,-1,-1,-1
117,-1,178,157,20,19,1,-1,-1,-1
117,-1,179,26,19,21,1,-1,-1,-1
117,-1,267,343,18,18,1,-1,-1,-1
117,-1,272,232,18,19,1,-1,-1,-1
117,-1,284,110,21,20,1,-1,-1,-1
117,-1,363,405,21,16,1,-1,-1,-1
117,-1,372,293,17,17,1,-1,-1,-1
117,-1,379,167,18,19,1,-1,-1,-1
117,-1,385,54,19,20,1,-1,-1,-1
117,-1,472,235,17,18,1,-1,-1,-1
117,-1,480,349,23,21,1,-1,-1,-1
117,-1,481,121,20,20,1,-1,-1,-1
117,-1,570,297,18,18,1,-1,-1,-1
117,-1,580,207,16,15,1,-1,-1,-1
117,-1,671,242,22,18,1,-1,-1,-1
118,-1,153,394,20,19,1,-1,-1,-1
118,-1,159,272,19,19,1,-1,-1,-1
118,-1,178,157,20,19,1,-1,-1,-1
118,-1,179,26,19,21,1,-1,-1,-1
118,-1,267,343,18,18,1,-1,-1,-1
118,-1,272,232,18,19,1,-1,-1,-1
118,-1,284,110,21,20,1,-1,-1,-1
118,-1,363,405,21,16,1,-1,-1,-1
118,-1,372,293,17,17,1,-1,-1,-1
118,-1,379,167,18,19,1,-1,-1,-1
118,-1,385,54,19,20,1,-1,-1,-1
118,-1,472,235,17,18,1,-1,-1,-1
118,-1,480,349,23,21,1,-1,-1,-1
118,-1,481,121,20,20,1,-1,-1,-1
118,-1,570,297,18,18,1,-1,-1,-1
118,-1,580,207,16,15,1,-1,-1,-1
118,-1,671,242,22,18,1,-1,-1,-1
119,-1,147,397,20,19,1,-1,-1,-1
119,-1,164,270,19,19,1,-1,-1,-1
119,-1,178,157,20,19,1,-1,-1,-1
119,-1,180,26,19,21,1,-1,-1,-1
119,-1,268,343,18,18,1,-1,-1,-1
119,-1,273,232,18,19,1,-1,-1,-1
119,-1,284,111,20,19,1,-1,-1,-1
119,-1,363,405,21,16,1,-1,-1,-1
119,-1,372,293,17,17,1,-1,-1,-1
119,-1,379,167,17,18,1,-1,-1,-1
119,-1,385,54,19,20,1,-1,-1,-1
119,-1,472,235,17,18,1,-1,-1,-1
119,-1,480,349,23,21,1,-1,-1,-1
119,-1,481,121,20,20,1,-1,-1,-1
119,-1,570,296,18,18,1,-1,-1,-1
119,-1,579,207,16,15,1,-1,-1,-1
119,-1,670,243,21,17,1,-1,-1,-1
120,-1,148,396,20,19,1,-1,-1,-1
120,-1,165,270,19,19,1,-1,-1,-1
120,-1,179,157,20,19,1,-1,-1,-1
120,-1,181,27,19,21,1,-1,-1,-1
120,-1,268,342,18,18,1,-1,-1,-1
120,-1,273,232,18,19,1,-1,-1,-1
120,-1,285,111,21,20,1,-1,-1,-1
120,-1,363,404,21,16,1,-1,-1,-1
120,-1,372,293,17,17,1,-1,-1,-1
120,-1,379,167,17,18,1,-1,-1,-1
120,-1,385,54,19,20,1,-1,-1,-1
120,-1,471,235,17,18,1,-1,-1,-1
120,-1,480,349,23,21,1,-1,-1,-1
120,-1,481,121,20,20,1,-1,-1,-1
120,-1,569,296,18,18,1,-1,-1,-1
120,-1,579,207,16,15,1,-1,-1,-1
120,-1,670,243,21,17,1,-1,-1,-1
121,-1,148,396,20,19,1,-1,-1,-1
121,-1,165,270,19,19,1,-1,-1,-1
121,-1,179,157,20,19,1,-1,-1,-1
121,-1,181,27,19,21,1,-1,-1,-1
121,-1,268,342,18,18,1,-1,-1,-1
121,-1,274,232,18,19,1,-1,-1,-1
121,-1,285,111,21,20,1,-1,-1,-1
121,-1,363,404,21,16,1,-1,-1,-1
121,-1,372,293,17,17,1,-1,-1,-1
121,-1,379,167,18,19,1,-1,-1,-1
121,-1,385,55,19,20,1,-1,-1,-1
121,-1,471,235,17,18,1,-1,-1,-1
121,-1,479,348,23,21,1,-1,-1,-1
121,-1,481,121,20,20,1,-1,-1,-1
121,-1,569,296,18,18,1,-1,-1,-1
121,-1,578,207,16,15,1,-1,-1,-1
121,-1,669,243,21,17,1,-1,-1,-1
122,-1,148,396,20,19,1,-1,-1,-1
122,-1,165,270,19,19,1,-1,-1,-1
122,-1,179,156,20,19,1,-1,-1,-1
122,-1,182,27,19,21,1,-1,-1,-1
122,-1,268,342,18,18,1,-1,-1,-1
122,-1,274,232,18,19,1,-1,-1,-1
122,-1,285,111,21,20,1,-1,-1,-1
122,-1,363,403,21,16,1,-1,-1,-1
122,-1,372,292,17,17,1,-1,-1,-1
122,-1,379,167,18,19,1,-1,-1,-1
122,-1,385,55,19,20,1,-1,-1,-1
122,-1,471,234,17,18,1,-1,-1,-1
122,-1,479,348,23,21,1,-1,-1,-1
122,-1,481,121,20,20,1,-1,-1,-1
122,-1,568,296,18,18,1,-1,-1,-1
122,-1,578,206,16,15,1,-1,-1,-1
122,-1,669,242,21,17,1,-1,-1,-1
123,-1,148,396,20,19,1,-1,-1,-1
123,-1,165,270,19,19,1,-1,-1,-1
123,-1,179,156,20,19,1,-1,-1,-1
123,-1,182,27,19,21,1,-1,-1,-1
123,-1,268,342,18,18,1,-1,-1,-1
123,-1,274,232,18,19,1,-1,-1,-1
123,-1,285,111,21,20,1,-1,-1,-1
123,-1,363,403,21,16,1,-1,-1,-1
123,-1,372,292,17,17,1,-1,-1,-1
123,-1,379,167,18,19,1,-1,-1,-1
123,-1,385,55,19,20,1,-1,-1,-1
123,-1,471,234,17,18,1,-1,-1,-1
123,-1,479,348,23,21,1,-1,-1,-1
123,-1,481,121,20,20,1,-1,-1,-1
123,-1,568,296,18,18,1,-1,-1,-1
123,-1,578,206,16,15,1,-1,-1,-1
123,-1,669,242,21,17,1,-1,-1,-1
124,-1,149,396,20,19,1,-1,-1,-1
124,-1,166,269,19,19,1,-1,-1,-1
124,-1,180,157,20,19,1,-1,-1,-1
124,-1,183,28,19,21,1,-1,-1,-1
124,-1,269,341,18,18,1,-1,-1,-1
124,-1,274,232,18,19,1,-1,-1,-1
124,-1,285,111,21,20,1,-1,-1,-1
124,-1,287,-3,16,15,1,-1,-1,-1
124,-1,363,403,21,16,1,-1,-1,-1
124,-1,372,292,17,17,1,-1,-1,-1
124,-1,379,167,18,19,1,-1,-1,-1
124,-1,385,55,19,20,1,-1,-1,-1
124,-1,471,234,17,18,1,-1,-1,-1
124,-1,479,347,23,21,1,-1,-1,-1
124,-1,480,121,20,20,1,-1,-1,-1
124,-1,568,295,18,18,1,-1,-1,-1
124,-1,577,206,16,15,1,-1,-1,-1
124,-1,668,242,20,17,1,-1,-1,-1
125,-1,158,391,20,19,1,-1,-1,-1
125,-1,166,269,19,19,1,-1,-1,-1
125,-1,180,157,20,19,1,-1,-1,-1
125,-1,183,28,19,21,1,-1,-1,-1
125,-1,269,341,18,18,1,-1,-1,-1
125,-1,275,231,18,19,1,-1,-1,-1
125,-1,286,111,21,19,1,-1,-1,-1
125,-1,287,0,16,12,1,-1,-1,-1
125,-1,363,402,21,16,1,-1,-1,-1
125,-1,372,291,17,17,1,-1,-1,-1
125,-1,379,167,17,18,1,-1,-1,-1
125,-1,385,55,19,20,1,-1,-1,-1
125,-1,471,234,17,18,1,-1,-1,-1
125,-1,478,347,23,21,1,-1,-1,-1
125,-1,480,121,20,20,1,-1,-1,-1
125,-1,567,295,18,18,1,-1,-1,-1
125,-1,577,206,16,15,1,-1,-1,-1
125,-1,668,242,20,17,1,-1,-1,-1
126,-1,158,391,20,19,1,-1,-1,-1
126,-1,168,269,19,19,1,-1,-1,-1
126,-1,181,157,19,18,1,-1,-1,-1
126,-1,184,29,19,21,1,-1,-1,-1
126,-1,269,341,18,18,1,-1,-1,-1
126,-1,275,231,18,19,1,-1,-1,-1
126,-1,286,111,20,19,1,-1,-1,-1
126,-1,287,0,16,12,1,-1,-1,-1
126,-1,363,402,21,16,1,-1,-1,-1
126,-1,372,291,17,17,1,-1,-1,-1
126,-1,379,167,17,18,1,-1,-1,-1
126,-1,385,56,19,20,1,-1,-1,-1
126,-1,471,234,17,18,1,-1,-1,-1
126,-1,478,346,23,21,1,-1,-1,-1
126,-1,480,121,20,20,1,-1,-1,-1
126,-1,567,295,18,18,1,-1,-1,-1
126,-1,576,206,16,15,1,-1,-1,-1
126,-1,667,242,20,17,1,-1,-1,-1
127,-1,159,390,20,19,1,-1,-1,-1
127,-1,169,269,19,19,1,-1,-1,-1
127,-1,182,157,19,18,1,-1,-1,-1
127,-1,185,29,19,21,1,-1,-1,-1
127,-1,270,340,17,17,1,-1,-1,-1
127,-1,275,231,18,19,1,-1,-1,-1
127,-1,286,112,20,19,1,-1,-1,-1
127,-1,288,0,16,14,1,-1,-1,-1
127,-1,363,401,21,16,1,-1,-1,-1
127,-1,372,291,17,17,1,-1,-1,-1
127,-1,379,167,17,18,1,-1,-1,-1
127,-1,385,56,19,20,1,-1,-1,-1
127,-1,470,234,17,18,1,-1,-1,-1
127,-1,478,346,22,20,1,-1,-1,-1
127,-1,480,121,20,20,1,-1,-1,-1
127,-1,566,294,18,18,1,-1,-1,-1
127,-1,575,205,16,15,1,-1,-1,-1
127,-1,666,242,20,17,1,-1,-1,-1
128,-1,159,390,20,19,1,-1,-1,-1
128,-1,169,269,19,19,1,-1,-1,-1
128,-1,182,157,19,18,1,-1,-1,-1
128,-1,185,29,19,21,1,-1,-1,-1
128,-1,270,340,17,17,1,-1,-1,-1
128,-1,275,231,18,19,1,-1,-1,-1
128,-1,286,112,20,19,1,-1,-1,-1
128,-1,288,0,16,14,1,-1,-1,-1
128,-1,363,401,21,16,1,-1,-1,-1
128,-1,372,291,17,17,1,-1,-1,-1
128,-1,379,167,18,19,1,-1,-1,-1
128,-1,385,56,19,20,1,-1,-1,-1
128,-1,470,234,17,18,1,-1,-1,-1
128,-1,478,346,22,20,1,-1,-1,-1
128,-1,480,121,20,20,1,-1,-1,-1
128,-1,566,294,18,18,1,-1,-1,-1
128,-1,575,205,16,15,1,-1,-1,-1
128,-1,666,242,20,17,1,-1,-1,-1
129,-1,159,390,20,19,1,-1,-1,-1
129,-1,167,269,19,19,1,-1,-1,-1
129,-1,182,158,19,18,1,-1,-1,-1
129,-1,186,30,19,21,1,-1,-1,-1
129,-1,270,340,18,18,1,-1,-1,-1
129,-1,275,231,18,19,1,-1,-1,-1
129,-1,286,112,20,19,1,-1,-1,-1
129,-1,288,1,16,14,1,-1,-1,-1
129,-1,363,401,21,16,1,-1,-1,-1
129,-1,372,291,17,17,1,-1,-1,-1
129,-1,379,167,17,18,1,-1,-1,-1
129,-1,385,56,19,20,1,-1,-1,-1
129,-1,470,234,17,18,1,-1,-1,-1
129,-1,478,346,22,20,1,-1,-1,-1
129,-1,480,121,20,20,1,-1,-1,-1
129,-1,566,295,18,18,1,-1,-1,-1
129,-1,575,205,16,15,1,-1,-1,-1
129,-1,666,242,20,17,1,-1,-1,-1
130,-1,160,390,20,19,1,-1,-1,-1
130,-1,169,269,19,19,1,-1,-1,-1
130,-1,182,158,19,18,1,-1,-1,-1
130,-1,186,30,19,21,1,-1,-1,-1
130,-1,270,340,18,18,1,-1,-1,-1
130,-1,276,231,18,19,1,-1,-1,-1
130,-1,286,112,20,19,1,-1,-1,-1
130,-1,288,1,16,14,1,-1,-1,-1
130,-1,363,400,21,16,1,-1,-1,-1
130,-1,372,291,17,17,1,-1,-1,-1
130,-1,379,167,17,18,1,-1,-1,-1
130,-1,385,57,19,20,1,-1,-1,-1
130,-1,470,234,17,18,1,-1,-1,-1
130,-1,478,346,22,20,1,-1,-1,-1
130,-1,480,121,20,20,1,-1,-1,-1
130,-1,566,294,18,18,1,-1,-1,-1
130,-1,575,204,16,15,1,-1,-1,-1
130,-1,665,242,20,17,1,-1,-1,-1
131,-1,160,389,20,19,1,-1,-1,-1
131,-1,171,268,19,19,1,-1,-1,-1
131,-1,183,158,19,18,1,-1,-1,-1
131,-1,188,31,19,17,1,-1,-1,-1
131,-1,270,340,17,17,1,-1,-1,-1
131,-1,276,231,18,19,1,-1,-1,-1
131,-1,287,112,21,20,1,-1,-1,-1
131,-1,289,-4,16,20,1,-1,-1,-1
131,-1,363,400,21,16,1,-1,-1,-1
131,-1,372,290,17,17,1,-1,-1,-1
131,-1,379,166,19,20,1,-1,-1,-1
131,-1,385,57,19,20,1,-1,-1,-1
131,-1,470,234,17,18,1,-1,-1,-1
131,-1,477,345,22,20,1,-1,-1,-1
131,-1,479,121,20,20,1,-1,-1,-1
131,-1,565,294,18,18,1,-1,-1,-1
131,-1,574,204,16,15,1,-1,-1,-1
131,-1,664,241,20,17,1,-1,-1,-1
132,-1,160,389,20,19,1,-1,-1,-1
132,-1,171,268,19,19,1,-1,-1,-1
132,-1,183,158,19,18,1,-1,-1,-1
132,-1,188,31,19,17,1,-1,-1,-1
132,-1,271,339,18,18,1,-1,-1,-1
132,-1,276,231,18,19,1,-1,-1,-1
132,-1,287,112,20,19,1,-1,-1,-1
132,-1,289,0,16,16,1,-1,-1,-1
132,-1,363,399,21,16,1,-1,-1,-1
132,-1,372,290,17,17,1,-1,-1,-1
132,-1,380,167,17,18,1,-1,-1,-1
132,-1,385,57,19,20,1,-1,-1,-1
132,-1,470,234,17,18,1,-1,-1,-1
132,-1,477,344,23,21,1,-1,-1,-1
132,-1,479,121,20,20,1,-1,-1,-1
132,-1,565,294,18,18,1,-1,-1,-1
132,-1,574,203,16,15,1,-1,-1,-1
132,-1,664,241,20,17,1,-1,-1,-1
133,-1,160,389,20,19,1,-1,-1,-1
133,-1,171,268,19,19,1,-1,-1,-1
133,-1,183,158,19,18,1,-1,-1,-1
133,-1,188,31,19,17,1,-1,-1,-1
133,-1,271,339,18,18,1,-1,-1,-1
133,-1,276,231,18,19,1,-1,-1,-1
133,-1,287,112,20,19,1,-1,-1,-1
133,-1,289,0,16,16,1,-1,-1,-1
133,-1,363,399,21,16,1,-1,-1,-1
133,-1,372,290,17,17,1,-1,-1,-1
133,-1,380,167,18,19,1,-1,-1,-1
133,-1,385,57,19,20,1,-1,-1,-1
133,-1,470,234,17,18,1,-1,-1,-1
133,-1,477,344,23,21,1,-1,-1,-1
133,-1,479,121,20,20,1,-1,-1,-1
133,-1,565,294,18,18,1,-1,-1,-1
133,-1,574,203,16,15,1,-1,-1,-1
133,-1,664,241,20,17,1,-1,-1,-1
134,-1,161,389,20,19,1,-1,-1,-1
134,-1,172,268,19,19,1,-1,-1,-1
134,-1,184,158,19,18,1,-1,-1,-1
134,-1,189,32,19,17,1,-1,-1,-1
134,-1,271,339,18,18,1,-1,-1,-1
134,-1,276,231,18,19,1,-1,-1,-1
134,-1,287,112,21,20,1,-1,-1,-1
134,-1,289,0,16,16,1,-1,-1,-1
134,-1,363,399,21,16,1,-1,-1,-1
134,-1,372,290,17,17,1,-1,-1,-1
134,-1,379,166,19,20,1,-1,-1,-1
134,-1,385,57,19,20,1,-1,-1,-1
134,-1,470,233,17,18,1,-1,-1,-1
134,-1,477,344,22,21,1,-1,-1,-1
134,-1,479,121,20,20,1,-1,-1,-1
134,-1,565,294,18,18,1,-1,-1,-1
134,-1,574,202,16,15,1,-1,-1,-1
134,-1,664,241,20,17,1,-1,-1,-1
135,-1,163,387,21,20,1,-1,-1,-1
135,-1,173,267,19,19,1,-1,-1,-1
135,-1,184,158,19,18,1,-1,-1,-1
135,-1,190,32,19,17,1,-1,-1,-1
135,-1,271,339,17,17,1,-1,-1,-1
135,-1,277,231,18,19,1,-1,-1,-1
135,-1,288,113,20,19,1,-1,-1,-1
135,-1,290,1,16,16,1,-1,-1,-1
135,-1,364,398,21,16,1,-1,-1,-1
135,-1,372,289,17,17,1,-1,-1,-1
135,-1,381,167,18,18,1,-1,-1,-1
135,-1,385,58,19,20,1,-1,-1,-1
135,-1,470,233,17,18,1,-1,-1,-1
135,-1,476,343,22,20,1,-1,-1,-1
135,-1,479,122,20,20,1,-1,-1,-1
135,-1,564,293,18,18,1,-1,-1,-1
135,-1,573,202,16,15,1,-1,-1,-1
135,-1,662,241,21,17,1,-1,-1,-1
136,-1,164,387,21,20,1,-1,-1,-1
136,-1,173,267,19,19,1,-1,-1,-1
136,-1,185,158,19,18,1,-1,-1,-1
136,-1,191,33,19,17,1,-1,-1,-1
136,-1,271,339,17,17,1,-1,-1,-1
136,-1,277,231,18,19,1,-1,-1,-1
136,-1,288,113,20,19,1,-1,-1,-1
136,-1,290,1,16,16,1,-1,-1,-1
136,-1,364,398,21,16,1,-1,-1,-1
136,-1,372,289,17,17,1,-1,-1,-1
136,-1,381,167,18,18,1,-1,-1,-1
136,-1,385,58,19,20,1,-1,-1,-1
136,-1,470,233,17,18,1,-1,-1,-1
136,-1,476,343,23,21,1,-1,-1,-1
136,-1,479,122,20,20,1,-1,-1,-1
136,-1,564,293,18,18,1,-1,-1,-1
136,-1,573,201,16,15,1,-1,-1,-1
136,-1,662,241,20,17,1,-1,-1,-1
137,-1,164,387,21,19,1,-1,-1,-1
137,-1,174,267,19,19,1,-1,-1,-1
137,-1,186,158,19,18,1,-1,-1,-1
137,-1,191,33,19,17,1,-1,-1,-1
137,-1,271,339,17,17,1,-1,-1,-1
137,-1,277,231,18,19,1,-1,-1,-1
137,-1,288,113,20,19,1,-1,-1,-1
137,-1,290,1,16,16,1,-1,-1,-1
137,-1,364,397,21,16,1,-1,-1,-1
137,-1,372,289,17,17,1,-1,-1,-1
137,-1,381,167,18,18,1,-1,-1,-1
137,-1,385,58,19,20,1,-1,-1,-1
137,-1,470,233,17,18,1,-1,-1,-1
137,-1,476,342,23,21,1,-1,-1,-1
137,-1,479,122,20,20,1,-1,-1,-1
137,-1,564,293,18,18,1,-1,-1,-1
137,-1,572,200,16,15,1,-1,-1,-1
137,-1,662,241,20,17,1,-1,-1,-1
138,-1,164,387,21,19,1,-1,-1,-1
138,-1,174,267,19,19,1,-1,-1,-1
138,-1,186,158,19,18,1,-1,-1,-1
138,-1,191,33,19,17,1,-1,-1,-1
138,-1,271,339,17,17,1,-1,-1,-1
138,-1,277,231,18,19,1,-1,-1,-1
138,-1,288,113,20,19,1,-1,-1,-1
138,-1,290,1,16,16,1,-1,-1,-1
138,-1,364,397,21,16,1,-1,-1,-1
138,-1,372,289,17,17,1,-1,-1,-1
138,-1,381,167,18,18,1,-1,-1,-1
138,-1,385,58,19,20,1,-1,-1,-1
138,-1,470,233,17,18,1,-1,-1,-1
138,-1,476,342,23,21,1,-1,-1,-1
138,-1,479,122,20,20,1,-1,-1,-1
138,-1,564,293,18,18,1,-1,-1,-1
138,-1,572,200,16,15,1,-1,-1,-1
138,-1,662,241,20,17,1,-1,-1,-1
139,-1,165,386,20,19,1,-1,-1,-1
139,-1,175,267,19,19,1,-1,-1,-1
139,-1,186,158,19,18,1,-1,-1,-1
139,-1,192,34,19,17,1,-1,-1,-1
139,-1,272,338,18,18,1,-1,-1,-1
139,-1,277,230,18,19,1,-1,-1,-1
139,-1,289,113,20,19,1,-1,-1,-1
139,-1,291,2,16,16,1,-1,-1,-1
139,-1,364,397,21,16,1,-1,-1,-1
139,-1,372,288,17,17,1,-1,-1,-1
139,-1,381,167,18,19,1,-1,-1,-1
139,-1,385,58,19,20,1,-1,-1,-1
139,-1,470,233,17,18,1,-1,-1,-1
139,-1,475,342,23,21,1,-1,-1,-1
139,-1,479,122,20,20,1,-1,-1,-1
139,-1,563,292,18,18,1,-1,-1,-1
139,-1,572,199,16,15,1,-1,-1,-1
139,-1,661,241,20,17,1,-1,-1,-1
140,-1,166,386,20,19,1,-1,-1,-1
140,-1,175,267,19,19,1,-1,-1,-1
140,-1,187,158,19,18,1,-1,-1,-1
140,-1,193,34,19,17,1,-1,-1,-1
140,-1,272,338,17,17,1,-1,-1,-1
140,-1,277,230,18,19,1,-1,-1,-1
140,-1,289,113,20,19,1,-1,-1,-1
140,-1,291,3,16,16,1,-1,-1,-1
140,-1,364,396,21,16,1,-1,-1,-1
140,-1,373,288,17,17,1,-1,-1,-1
140,-1,381,167,18,19,1,-1,-1,-1
140,-1,385,59,19,20,1,-1,-1,-1
140,-1,470,233,17,18,1,-1,-1,-1
140,-1,475,342,22,20,1,-1,-1,-1
140,-1,479,122,20,20,1,-1,-1,-1
140,-1,563,292,18,18,1,-1,-1,-1
140,-1,572,199,16,15,1,-1,-1,-1
140,-1,661,240,21,17,1,-1,-1,-1
141,-1,166,385,20,19,1,-1,-1,-1
141,-1,175,266,19,19,1,-1,-1,-1
141,-1,187,158,19,18,1,-1,-1,-1
141,-1,193,35,19,17,1,-1,-1,-1
141,-1,272,338,17,17,1,-1,-1,-1
141,-1,278,230,18,19,1,-1,-1,-1
141,-1,289,113,20,19,1,-1,-1,-1
141,-1,291,3,16,16,1,-1,-1,-1
141,-1,364,396,21,16,1,-1,-1,-1
141,-1,372,288,17,17,1,-1,-1,-1
141,-1,381,167,18,19,1,-1,-1,-1
141,-1,385,59,19,20,1,-1,-1,-1
141,-1,469,233,17,18,1,-1,-1,-1
141,-1,475,341,23,21,1,-1,-1,-1
141,-1,479,122,20,20,1,-1,-1,-1
141,-1,562,292,18,18,1,-1,-1,-1
141,-1,571,198,16,15,1,-1,-1,-1
141,-1,660,241,20,17,1,-1,-1,-1
142,-1,167,384,21,20,1,-1,-1,-1
142,-1,176,266,19,19,1,-1,-1,-1
142,-1,188,158,19,18,1,-1,-1,-1
142,-1,194,35,19,17,1,-1,-1,-1
142,-1,272,337,17,17,1,-1,-1,-1
142,-1,278,230,18,19,1,-1,-1,-1
142,-1,289,113,20,19,1,-1,-1,-1
142,-1,292,4,16,16,1,-1,-1,-1
142,-1,365,395,21,16,1,-1,-1,-1
142,-1,373,287,17,17,1,-1,-1,-1
142,-1,381,167,18,19,1,-1,-1,-1
142,-1,385,59,19,20,1,-1,-1,-1
142,-1,469,232,17,18,1,-1,-1,-1
142,-1,474,340,22,20,1,-1,-1,-1
142,-1,478,122,20,20,1,-1,-1,-1
142,-1,562,291,18,18,1,-1,-1,-1
142,-1,571,197,16,15,1,-1,-1,-1
142,-1,659,240,21,17,1,-1,-1,-1
143,-1,167,384,20,19,1,-1,-1,-1
143,-1,176,266,19,19,1,-1,-1,-1
143,-1,188,158,19,18,1,-1,-1,-1
143,-1,194,35,19,17,1,-1,-1,-1
143,-1,272,337,17,17,1,-1,-1,-1
143,-1,278,230,18,19,1,-1,-1,-1
143,-1,289,113,20,19,1,-1,-1,-1
143,-1,292,4,16,16,1,-1,-1,-1
143,-1,365,395,21,16,1,-1,-1,-1
143,-1,373,287,17,17,1,-1,-1,-1
143,-1,381,167,18,19,1,-1,-1,-1
143,-1,385,59,19,20,1,-1,-1,-1
143,-1,469,232,17,18,1,-1,-1,-1
143,-1,474,340,22,20,1,-1,-1,-1
143,-1,478,122,20,20,1,-1,-1,-1
143,-1,562,291,18,18,1,-1,-1,-1
143,-1,571,197,16,15,1,-1,-1,-1
143,-1,660,240,20,17,1,-1,-1,-1
144,-1,167,384,21,20,1,-1,-1,-1
144,-1,176,265,19,19,1,-1,-1,-1
144,-1,188,158,19,18,1,-1,-1,-1
144,-1,195,35,19,17,1,-1,-1,-1
144,-1,273,337,17,17,1,-1,-1,-1
144,-1,278,230,18,19,1,-1,-1,-1
144,-1,290,113,20,19,1,-1,-1,-1
144,-1,292,4,16,16,1,-1,-1,-1
144,-1,365,394,21,16,1,-1,-1,-1
144,-1,373,287,17,17,1,-1,-1,-1
144,-1,381,167,18,19,1,-1,-1,-1
144,-1,385,59,19,20,1,-1,-1,-1
144,-1,469,232,17,18,1,-1,-1,-1
144,-1,474,340,22,21,1,-1,-1,-1
144,-1,478,122,20,20,1,-1,-1,-1
144,-1,561,291,18,18,1,-1,-1,-1
144,-1,571,196,16,15,1,-1,-1,-1
144,-1,659,240,21,17,1,-1,-1,-1
145,-1,168,384,20,19,1,-1,-1,-1
145,-1,177,265,19,19,1,-1,-1,-1
145,-1,188,158,19,18,1,-1,-1,-1
145,-1,195,36,19,17,1,-1,-1,-1
145,-1,273,337,17,17,1,-1,-1,-1
145,-1,278,230,18,19,1,-1,-1,-1
145,-1,290,113,20,19,1,-1,-1,-1
145,-1,292,4,16,16,1,-1,-1,-1
145,-1,365,394,21,16,1,-1,-1,-1
145,-1,373,286,17,17,1,-1,-1,-1
145,-1,381,167,18,19,1,-1,-1,-1
145,-1,385,59,19,20,1,-1,-1,-1
145,-1,469,232,17,18,1,-1,-1,-1
145,-1,474,340,22,20,1,-1,-1,-1
145,-1,478,122,20,20,1,-1,-1,-1
145,-1,561,291,18,18,1,-1,-1,-1
145,-1,570,195,16,15,1,-1,-1,-1
145,-1,659,240,21,17,1,-1,-1,-1
146,-1,168,383,21,20,1,-1,-1,-1
146,-1,178,265,19,19,1,-1,-1,-1
146,-1,189,158,19,18,1,-1,-1,-1
146,-1,196,36,19,17,1,-1,-1,-1
146,-1,273,336,17,17,1,-1,-1,-1
146,-1,279,230,18,19,1,-1,-1,-1
146,-1,290,113,20,19,1,-1,-1,-1
146,-1,293,4,16,16,1,-1,-1,-1
146,-1,365,393,21,16,1,-1,-1,-1
146,-1,373,286,17,17,1,-1,-1,-1
146,-1,381,166,18,19,1,-1,-1,-1
146,-1,386,60,19,20,1,-1,-1,-1
146,-1,469,232,17,18,1,-1,-1,-1
146,-1,473,339,23,21,1,-1,-1,-1
146,-1,478,122,20,20,1,-1,-1,-1
146,-1,561,290,18,18,1,-1,-1,-1
146,-1,570,194,16,15,1,-1,-1,-1
146,-1,658,240,20,17,1,-1,-1,-1
147,-1,169,382,21,20,1,-1,-1,-1
147,-1,178,265,19,19,1,-1,-1,-1
147,-1,189,158,19,18,1,-1,-1,-1
147,-1,197,36,19,17,1,-1,-1,-1
147,-1,273,336,17,17,1,-1,-1,-1
147,-1,283,228,18,19,1,-1,-1,-1
147,-1,290,113,20,19,1,-1,-1,-1
147,-1,293,5,16,16,1,-1,-1,-1
147,-1,365,393,21,16,1,-1,-1,-1
147,-1,373,286,17,17,1,-1,-1,-1
147,-1,381,166,18,19,1,-1,-1,-1
147,-1,386,60,19,20,1,-1,-1,-1
147,-1,469,232,17,18,1,-1,-1,-1
147,-1,474,339,23,21,1,-1,-1,-1
147,-1,478,122,20,20,1,-1,-1,-1
147,-1,561,290,18,18,1,-1,-1,-1
147,-1,570,193,15,15,1,-1,-1,-1
147,-1,658,240,20,17,1,-1,-1,-1
148,-1,169,382,21,20,1,-1,-1,-1
148,-1,178,265,19,19,1,-1,-1,-1
148,-1,189,158,19,18,1,-1,-1,-1
148,-1,197,36,19,17,1,-1,-1,-1
148,-1,273,336,17,17,1,-1,-1,-1
148,-1,283,228,18,19,1,-1,-1,-1
148,-1,290,113,20,19,1,-1,-1,-1
148,-1,293,5,16,16,1,-1,-1,-1
148,-1,365,393,21,16,1,-1,-1,-1
148,-1,373,286,17,17,1,-1,-1,-1
148,-1,381,166,18,19,1,-1,-1,-1
148,-1,386,60,19,20,1,-1,-1,-1
148,-1,469,232,17,18,1,-1,-1,-1
148,-1,474,339,23,21,1,-1,-1,-1
148,-1,478,122,20,20,1,-1,-1,-1
148,-1,561,290,18,18,1,-1,-1,-1
148,-1,570,193,15,15,1,-1,-1,-1
148,-1,658,240,20,17,1,-1,-1,-1
149,-1,169,382,21,20,1,-1,-1,-1
149,-1,178,264,19,19,1,-1,-1,-1
149,-1,190,158,19,18,1,-1,-1,-1
149,-1,197,37,19,17,1,-1,-1,-1
149,-1,273,336,17,17,1,-1,-1,-1
149,-1,283,228,18,19,1,-1,-1,-1
149,-1,291,113,20,19,1,-1,-1,-1
149,-1,293,5,16,16,1,-1,-1,-1
149,-1,365,392,21,16,1,-1,-1,-1
149,-1,373,286,17,17,1,-1,-1,-1
149,-1,381,166,18,19,1,-1,-1,-1
149,-1,386,60,19,20,1,-1,-1,-1
149,-1,469,232,17,18,1,-1,-1,-1
149,-1,473,338,22,20,1,-1,-1,-1
149,-1,478,122,19,19,1,-1,-1,-1
149,-1,561,290,18,18,1,-1,-1,-1
149,-1,570,193,15,14,1,-1,-1,-1
149,-1,658,240,20,17,1,-1,-1,-1
150,-1,170,381,21,20,1,-1,-1,-1
150,-1,179,264,19,19,1,-1,-1,-1
150,-1,190,158,19,18,1,-1,-1,-1
150,-1,198,37,19,17,1,-1,-1,-1
150,-1,277,332,19,17,1,-1,-1,-1
150,-1,284,228,18,19,1,-1,-1,-1
150,-1,291,113,20,19,1,-1,-1,-1
150,-1,294,5,16,16,1,-1,-1,-1
150,-1,365,392,21,16,1,-1,-1,-1
150,-1,373,285,17,17,1,-1,-1,-1
150,-1,381,166,18,19,1,-1,-1,-1
150,-1,386,61,19,20,1,-1,-1,-1
150,-1,469,232,17,18,1,-1,-1,-1
150,-1,473,338,22,20,1,-1,-1,-1
150,-1,478,122,20,20,1,-1,-1,-1
150,-1,560,290,18,18,1,-1,-1,-1
150,-1,569,191,15,14,1,-1,-1,-1
150,-1,657,240,20,17,1,-1,-1,-1
151,-1,171,381,21,20,1,-1,-1,-1
151,-1,179,264,19,19,1,-1,-1,-1
151,-1,190,158,19,18,1,-1,-1,-1
151,-1,199,38,19,17,1,-1,-1,-1
151,-1,277,332,19,17,1,-1,-1,-1
151,-1,284,228,18,19,1,-1,-1,-1
151,-1,291,114,20,19,1,-1,-1,-1
151,-1,294,6,16,16,1,-1,-1,-1
151,-1,365,392,21,16,1,-1,-1,-1
151,-1,373,285,17,17,1,-1,-1,-1
151,-1,381,166,18,19,1,-1,-1,-1
151,-1,385,61,19,20,1,-1,-1,-1
151,-1,469,232,17,18,1,-1,-1,-1
151,-1,473,337,23,21,1,-1,-1,-1
151,-1,478,122,19,19,1,-1,-1,-1
151,-1,560,290,18,18,1,-1,-1,-1
151,-1,569,191,15,14,1,-1,-1,-1
151,-1,656,240,20,17,1,-1,-1,-1
152,-1,171,381,21,20,1,-1,-1,-1
152,-1,180,264,19,19,1,-1,-1,-1
152,-1,190,158,19,18,1,-1,-1,-1
152,-1,199,38,19,17,1,-1,-1,-1
152,-1,277,332,19,17,1,-1,-1,-1
152,-1,284,228,18,19,1,-1,-1,-1
152,-1,291,114,20,19,1,-1,-1,-1
152,-1,294,6,15,15,1,-1,-1,-1
152,-1,365,391,21,16,1,-1,-1,-1
152,-1,373,285,17,17,1,-1,-1,-1
152,-1,381,166,18,19,1,-1,-1,-1
152,-1,385,61,19,20,1,-1,-1,-1
152,-1,469,231,17,18,1,-1,-1,-1
152,-1,473,337,22,21,1,-1,-1,-1
152,-1,478,123,19,19,1,-1,-1,-1
152,-1,559,290,18,18,1,-1,-1,-1
152,-1,569,190,15,14,1,-1,-1,-1
152,-1,656,240,20,17,1,-1,-1,-1
153,-1,171,381,21,20,1,-1,-1,-1
153,-1,180,264,19,19,1,-1,-1,-1
153,-1,190,158,19,18,1,-1,-1,-1
153,-1,199,38,19,17,1,-1,-1,-1
153,-1,277,332,19,17,1,-1,-1,-1
153,-1,284,228,18,19,1,-1,-1,-1
153,-1,291,114,20,19,1,-1,-1,-1
153,-1,294,6,15,15,1,-1,-1,-1
153,-1,365,391,21,16,1,-1,-1,-1
153,-1,373,284,17,17,1,-1,-1,-1
153,-1,381,166,18,19,1,-1,-1,-1
153,-1,385,61,19,20,1,-1,-1,-1
153,-1,469,232,17,18,1,-1,-1,-1
153,-1,473,337,22,20,1,-1,-1,-1
153,-1,478,123,19,19,1,-1,-1,-1
153,-1,559,290,18,18,1,-1,-1,-1
153,-1,569,190,15,14,1,-1,-1,-1
153,-1,656,240,20,17,1,-1,-1,-1
154,-1,171,380,21,20,1,-1,-1,-1
154,-1,181,264,19,19,1,-1,-1,-1
154,-1,191,158,19,18,1,-1,-1,-1
154,-1,200,39,19,17,1,-1,-1,-1
154,-1,277,331,19,17,1,-1,-1,-1
154,-1,284,228,18,19,1,-1,-1,-1
154,-1,291,114,20,19,1,-1,-1,-1
154,-1,294,6,15,15,1,-1,-1,-1
154,-1,365,390,21,16,1,-1,-1,-1
154,-1,373,283,17,17,1,-1,-1,-1
154,-1,381,166,18,19,1,-1,-1,-1
154,-1,385,61,19,20,1,-1,-1,-1
154,-1,469,232,17,18,1,-1,-1,-1
154,-1,473,336,22,20,1,-1,-1,-1
154,-1,478,123,19,19,1,-1,-1,-1
154,-1,558,290,18,18,1,-1,-1,-1
154,-1,568,189,15,14,1,-1,-1,-1
154,-1,655,240,20,17,1,-1,-1,-1
155,-1,172,380,21,20,1,-1,-1,-1
155,-1,181,264,19,19,1,-1,-1,-1
155,-1,191,158,19,18,1,-1,-1,-1
155,-1,200,39,19,17,1,-1,-1,-1
155,-1,277,331,19,17,1,-1,-1,-1
155,-1,284,228,18,19,1,-1,-1,-1
155,-1,291,114,20,19,1,-1,-1,-1
155,-1,294,7,15,15,1,-1,-1,-1
155,-1,365,390,21,16,1,-1,-1,-1
155,-1,373,283,17,17,1,-1,-1,-1
155,-1,381,166,18,19,1,-1,-1,-1
155,-1,385,61,19,20,1,-1,-1,-1
155,-1,468,232,17,18,1,-1,-1,-1
155,-1,473,336,22,20,1,-1,-1,-1
155,-1,478,123,19,19,1,-1,-1,-1
155,-1,558,289,18,18,1,-1,-1,-1
155,-1,568,188,15,14,1,-1,-1,-1
155,-1,655,240,20,17,1,-1,-1,-1
156,-1,172,380,21,20,1,-1,-1,-1
156,-1,181,264,19,19,1,-1,-1,-1
156,-1,191,158,19,18,1,-1,-1,-1
156,-1,200,39,19,17,1,-1,-1,-1
156,-1,277,331,19,17,1,-1,-1,-1
156,-1,285,227,18,19,1,-1,-1,-1
156,-1,292,114,20,19,1,-1,-1,-1
156,-1,295,7,15,15,1,-1,-1,-1
156,-1,365,389,21,16,1,-1,-1,-1
156,-1,373,283,17,17,1,-1,-1,-1
156,-1,381,166,18,19,1,-1,-1,-1
156,-1,385,62,19,20,1,-1,-1,-1
156,-1,468,232,17,18,1,-1,-1,-1
156,-1,472,336,22,20,1,-1,-1,-1
156,-1,478,123,19,19,1,-1,-1,-1
156,-1,558,289,18,18,1,-1,-1,-1
156,-1,568,188,15,14,1,-1,-1,-1
156,-1,655,240,20,17,1,-1,-1,-1
157,-1,173,379,21,20,1,-1,-1,-1
157,-1,182,263,19,19,1,-1,-1,-1
157,-1,192,158,19,18,1,-1,-1,-1
157,-1,202,40,19,17,1,-1,-1,-1
157,-1,278,330,19,17,1,-1,-1,-1
157,-1,285,227,18,19,1,-1,-1,-1
157,-1,292,114,20,19,1,-1,-1,-1
157,-1,295,8,15,15,1,-1,-1,-1
157,-1,365,388,21,16,1,-1,-1,-1
157,-1,374,283,17,17,1,-1,-1,-1
157,-1,381,166,18,19,1,-1,-1,-1
157,-1,385,62,19,20,1,-1,-1,-1
157,-1,468,231,17,18,1,-1,-1,-1
157,-1,472,335,22,20,1,-1,-1,-1
157,-1,477,123,19,19,1,-1,-1,-1
157,-1,557,289,18,18,1,-1,-1,-1
157,-1,568,187,15,14,1,-1,-1,-1
157,-1,654,239,20,17,1,-1,-1,-1
158,-1,173,379,21,20,1,-1,-1,-1
158,-1,182,263,19,19,1,-1,-1,-1
158,-1,192,158,19,18,1,-1,-1,-1
158,-1,202,40,19,17,1,-1,-1,-1
158,-1,278,330,19,17,1,-1,-1,-1
158,-1,285,227,18,19,1,-1,-1,-1
158,-1,292,114,20,19,1,-1,-1,-1
158,-1,295,8,15,15,1,-1,-1,-1
158,-1,365,388,21,16,1,-1,-1,-1
158,-1,373,283,17,17,1,-1,-1,-1
158,-1,381,166,18,19,1,-1,-1,-1
158,-1,385,62,19,20,1,-1,-1,-1
158,-1,468,231,17,18,1,-1,-1,-1
158,-1,472,335,22,20,1,-1,-1,-1
158,-1,477,123,19,19,1,-1,-1,-1
158,-1,557,289,18,18,1,-1,-1,-1
158,-1,568,187,15,14,1,-1,-1,-1
158,-1,654,239,20,17,1,-1,-1,-1
159,-1,173,379,21,20,1,-1,-1,-1
159,-1,182,263,19,19,1,-1,-1,-1
159,-1,192,158,19,18,1,-1,-1,-1
159,-1,202,40,19,17,1,-1,-1,-1
159,-1,278,330,19,17,1,-1,-1,-1
159,-1,285,227,18,19,1,-1,-1,-1
159,-1,292,114,20,19,1,-1,-1,-1
159,-1,295,8,15,15,1,-1,-1,-1
159,-1,365,388,21,16,1,-1,-1,-1
159,-1,373,282,17,17,1,-1,-1,-1
159,-1,381,166,18,19,1,-1,-1,-1
159,-1,385,62,19,20,1,-1,-1,-1
159,-1,468,231,17,18,1,-1,-1,-1
159,-1,472,335,22,20,1,-1,-1,-1
159,-1,477,123,19,19,1,-1,-1,-1
159,-1,557,289,18,18,1,-1,-1,-1
159,-1,567,186,15,14,1,-1,-1,-1
159,-1,654,239,20,17,1,-1,-1,-1
160,-1,173,379,21,20,1,-1,-1,-1
160,-1,182,263,19,19,1,-1,-1,-1
160,-1,192,158,19,18,1,-1,-1,-1
160,-1,202,40,19,17,1,-1,-1,-1
160,-1,278,330,19,17,1,-1,-1,-1
160,-1,285,227,18,19,1,-1,-1,-1
160,-1,292,115,20,19,1,-1,-1,-1
160,-1,295,8,15,15,1,-1,-1,-1
160,-1,365,388,21,16,1,-1,-1,-1
160,-1,373,282,17,17,1,-1,-1,-1
160,-1,381,166,18,19,1,-1,-1,-1
160,-1,385,62,19,20,1,-1,-1,-1
160,-1,468,231,17,18,1,-1,-1,-1
160,-1,471,335,23,21,1,-1,-1,-1
160,-1,477,124,19,19,1,-1,-1,-1
160,-1,557,288,18,18,1,-1,-1,-1
160,-1,567,186,15,14,1,-1,-1,-1
160,-1,653,239,20,17,1,-1,-1,-1
161,-1,173,379,21,20,1,-1,-1,-1
161,-1,182,263,19,19,1,-1,-1,-1
161,-1,193,158,19,18,1,-1,-1,-1
161,-1,203,41,19,17,1,-1,-1,-1
161,-1,278,329,20,18,1,-1,-1,-1
161,-1,286,227,18,19,1,-1,-1,-1
161,-1,292,115,20,19,1,-1,-1,-1
161,-1,295,8,15,15,1,-1,-1,-1
161,-1,365,387,21,16,1,-1,-1,-1
161,-1,374,282,17,17,1,-1,-1,-1
161,-1,381,166,18,19,1,-1,-1,-1
161,-1,385,63,19,20,1,-1,-1,-1
161,-1,468,231,17,18,1,-1,-1,-1
161,-1,471,334,23,21,1,-1,-1,-1
161,-1,477,124,19,19,1,-1,-1,-1
161,-1,557,288,18,18,1,-1,-1,-1
161,-1,567,186,15,14,1,-1,-1,-1
161,-1,653,239,20,17,1,-1,-1,-1
162,-1,174,378,21,20,1,-1,-1,-1
162,-1,183,263,19,19,1,-1,-1,-1
162,-1,193,158,19,18,1,-1,-1,-1
162,-1,204,41,19,17,1,-1,-1,-1
162,-1,279,329,19,17,1,-1,-1,-1
162,-1,286,226,18,19,1,-1,-1,-1
162,-1,293,115,20,19,1,-1,-1,-1
162,-1,296,9,15,15,1,-1,-1,-1
162,-1,365,386,22,16,1,-1,-1,-1
162,-1,374,282,17,17,1,-1,-1,-1
162,-1,381,166,18,19,1,-1,-1,-1
162,-1,385,63,19,20,1,-1,-1,-1
162,-1,468,231,17,18,1,-1,-1,-1
162,-1,471,334,23,21,1,-1,-1,-1
162,-1,477,124,19,19,1,-1,-1,-1
162,-1,556,288,18,18,1,-1,-1,-1
162,-1,566,185,15,14,1,-1,-1,-1
162,-1,652,239,20,17,1,-1,-1,-1
163,-1,174,378,21,20,1,-1,-1,-1
163,-1,183,263,19,19,1,-1,-1,-1
163,-1,193,158,19,18,1,-1,-1,-1
163,-1,204,41,19,17,1,-1,-1,-1
163,-1,279,329,19,17,1,-1,-1,-1
163,-1,286,226,18,19,1,-1,-1,-1
163,-1,293,115,20,19,1,-1,-1,-1
163,-1,296,9,15,15,1,-1,-1,-1
163,-1,365,386,22,16,1,-1,-1,-1
163,-1,374,282,17,17,1,-1,-1,-1
163,-1,381,166,18,19,1,-1,-1,-1
163,-1,385,63,19,20,1,-1,-1,-1
163,-1,468,231,17,18,1,-1,-1,-1
163,-1,471,334,23,21,1,-1,-1,-1
163,-1,477,124,19,19,1,-1,-1,-1
163,-1,556,288,18,18,1,-1,-1,-1
163,-1,566,185,15,14,1,-1,-1,-1
163,-1,652,239,20,17,1,-1,-1,-1
164,-1,174,378,21,20,1,-1,-1,-1
164,-1,183,263,19,19,1,-1,-1,-1
164,-1,194,158,19,18,1,-1,-1,-1
164,-1,204,41,19,17,1,-1,-1,-1
164,-1,280,329,18,16,1,-1,-1,-1
164,-1,286,226,18,19,1,-1,-1,-1
164,-1,293,115,19,19,1,-1,-1,-1
164,-1,296,9,15,15,1,-1,-1,-1
164,-1,365,386,22,16,1,-1,-1,-1
164,-1,374,281,17,17,1,-1,-1,-1
164,-1,381,166,18,19,1,-1,-1,-1
164,-1,385,63,19,20,1,-1,-1,-1
164,-1,468,231,17,18,1,-1,-1,-1
164,-1,471,333,22,20,1,-1,-1,-1
164,-1,477,124,19,19,1,-1,-1,-1
164,-1,555,287,18,18,1,-1,-1,-1
164,-1,566,185,15,14,1,-1,-1,-1
164,-1,652,239,20,17,1,-1,-1,-1
