1,-1,91.0,389.0,15.0,16.0,1.000000
1,-1,109.0,260.0,16.0,17.0,1.000000
1,-1,126.0,141.0,14.0,14.0,1.000000
1,-1,136.0,31.0,16.0,18.0,1.000000
1,-1,227.0,387.0,17.0,15.0,1.000000
1,-1,232.0,269.0,16.0,18.0,1.000000
1,-1,247.0,148.0,16.0,15.0,1.000000
1,-1,249.0,8.0,18.0,14.0,1.000000
1,-1,346.0,388.0,19.0,18.0,1.000000
1,-1,352.0,274.0,17.0,17.0,1.000000
1,-1,358.0,34.0,16.0,18.0,1.000000
1,-1,364.0,155.0,15.0,15.0,1.000000
1,-1,461.0,401.0,18.0,19.0,1.000000
1,-1,469.0,276.0,17.0,18.0,1.000000
1,-1,479.0,43.0,15.0,15.0,1.000000
1,-1,484.0,155.0,16.0,16.0,1.000000
1,-1,588.0,285.0,14.0,17.0,1.000000
1,-1,595.0,403.0,21.0,19.0,1.000000
1,-1,599.0,166.0,17.0,19.0,1.000000
1,-1,605.0,45.0,17.0,16.0,1.000000
2,-1,91.0,389.0,15.0,16.0,1.000000
2,-1,109.0,260.0,16.0,17.0,1.000000
2,-1,126.0,141.0,14.0,14.0,1.000000
2,-1,136.0,31.0,17.0,19.0,1.000000
2,-1,227.0,387.0,17.0,15.0,1.000000
2,-1,232.0,269.0,16.0,18.0,1.000000
2,-1,247.0,148.0,16.0,15.0,1.000000
2,-1,249.0,8.0,18.0,14.0,1.000000
2,-1,346.0,388.0,19.0,18.0,1.000000
2,-1,352.0,274.0,17.0,17.0,1.000000
2,-1,358.0,34.0,16.0,18.0,1.000000
2,-1,364.0,155.0,15.0,15.0,1.000000
2,-1,461.0,401.0,18.0,19.0,1.000000
2,-1,468.0,276.0,17.0,18.0,1.000000
2,-1,479.0,43.0,15.0,15.0,1.000000
2,-1,484.0,155.0,16.0,16.0,1.000000
2,-1,587.0,285.0,14.0,17.0,1.000000
2,-1,595.0,403.0,21.0,19.0,1.000000
2,-1,599.0,166.0,17.0,19.0,1.000000
2,-1,605.0,45.0,17.0,16.0,1.000000
3,-1,91.0,389.0,15.0,16.0,1.000000
3,-1,109.0,260.0,16.0,17.0,1.000000
3,-1,126.0,141.0,14.0,14.0,1.000000
3,-1,136.0,31.0,17.0,19.0,1.000000
3,-1,227.0,387.0,17.0,15.0,1.000000
3,-1,232.0,269.0,16.0,18.0,1.000000
3,-1,247.0,148.0,16.0,15.0,1.000000
3,-1,249.0,8.0,18.0,14.0,1.000000
3,-1,346.0,388.0,19.0,18.0,1.000000
3,-1,352.0,274.0,17.0,17.0,1.000000
3,-1,358.0,34.0,16.0,18.0,1.000000
3,-1,364.0,155.0,15.0,15.0,1.000000
3,-1,461.0,401.0,18.0,19.0,1.000000
3,-1,468.0,276.0,17.0,18.0,1.000000
3,-1,479.0,43.0,15.0,15.0,1.000000
3,-1,484.0,155.0,16.0,16.0,1.000000
3,-1,587.0,285.0,14.0,17.0,1.000000
3,-1,595.0,403.0,21.0,19.0,1.000000
3,-1,599.0,166.0,17.0,19.0,1.000000
3,-1,605.0,45.0,17.0,16.0,1.000000
4,-1,91.0,389.0,15.0,16.0,1.000000
4,-1,109.0,260.0,16.0,17.0,1.000000
4,-1,126.0,141.0,14.0,14.0,1.000000
4,-1,136.0,31.0,17.0,19.0,1.000000
4,-1,227.0,387.0,17.0,15.0,1.000000
4,-1,232.0,269.0,16.0,18.0,1.000000
4,-1,247.0,148.0,16.0,15.0,1.000000
4,-1,249.0,8.0,18.0,14.0,1.000000
4,-1,346.0,388.0,19.0,18.0,1.000000
4,-1,352.0,274.0,17.0,17.0,1.000000
4,-1,358.0,34.0,16.0,18.0,1.000000
4,-1,364.0,155.0,15.0,15.0,1.000000
4,-1,461.0,401.0,18.0,19.0,1.000000
4,-1,468.0,276.0,17.0,18.0,1.000000
4,-1,479.0,43.0,15.0,15.0,1.000000
4,-1,484.0,155.0,16.0,16.0,1.000000
4,-1,587.0,285.0,14.0,17.0,1.000000
4,-1,595.0,403.0,21.0,19.0,1.000000
4,-1,599.0,166.0,17.0,19.0,1.000000
4,-1,605.0,45.0,17.0,16.0,1.000000
5,-1,91.0,389.0,15.0,16.0,1.000000
5,-1,109.0,260.0,16.0,17.0,1.000000
5,-1,126.0,141.0,14.0,14.0,1.000000
5,-1,136.0,31.0,17.0,19.0,1.000000
5,-1,227.0,387.0,17.0,15.0,1.000000
5,-1,232.0,269.0,16.0,18.0,1.000000
5,-1,247.0,148.0,16.0,15.0,1.000000
5,-1,249.0,8.0,18.0,14.0,1.000000
5,-1,346.0,388.0,19.0,18.0,1.000000
5,-1,352.0,274.0,17.0,17.0,1.000000
5,-1,358.0,34.0,16.0,18.0,1.000000
5,-1,364.0,155.0,15.0,15.0,1.000000
5,-1,461.0,401.0,18.0,19.0,1.000000
5,-1,468.0,276.0,17.0,18.0,1.000000
5,-1,479.0,43.0,15.0,15.0,1.000000
5,-1,484.0,155.0,16.0,16.0,1.000000
5,-1,587.0,285.0,14.0,17.0,1.000000
5,-1,595.0,403.0,21.0,19.0,1.000000
5,-1,599.0,166.0,17.0,19.0,1.000000
5,-1,605.0,45.0,17.0,16.0,1.000000
6,-1,91.0,389.0,15.0,16.0,1.000000
6,-1,109.0,260.0,16.0,17.0,1.000000
6,-1,126.0,141.0,14.0,14.0,1.000000
6,-1,136.0,31.0,17.0,19.0,1.000000
6,-1,227.0,387.0,17.0,15.0,1.000000
6,-1,232.0,269.0,16.0,18.0,1.000000
6,-1,247.0,148.0,16.0,15.0,1.000000
6,-1,249.0,8.0,18.0,14.0,1.000000
6,-1,346.0,388.0,19.0,18.0,1.000000
6,-1,352.0,274.0,17.0,17.0,1.000000
6,-1,358.0,34.0,16.0,18.0,1.000000
6,-1,364.0,155.0,15.0,15.0,1.000000
6,-1,461.0,401.0,18.0,19.0,1.000000
6,-1,468.0,276.0,17.0,18.0,1.000000
6,-1,479.0,43.0,15.0,15.0,1.000000
6,-1,484.0,155.0,16.0,16.0,1.000000
6,-1,587.0,285.0,14.0,17.0,1.000000
6,-1,595.0,403.0,21.0,19.0,1.000000
6,-1,599.0,166.0,17.0,19.0,1.000000
6,-1,605.0,45.0,17.0,16.0,1.000000
7,-1,95.0,388.0,15.0,16.0,1.000000
7,-1,113.0,260.0,16.0,17.0,1.000000
7,-1,129.0,142.0,14.0,14.0,1.000000
7,-1,139.0,31.0,16.0,18.0,1.000000
7,-1,230.0,384.0,17.0,15.0,1.000000
7,-1,235.0,267.0,16.0,18.0,1.000000
7,-1,250.0,149.0,16.0,15.0,1.000000
7,-1,252.0,13.0,16.0,13.0,1.000000
7,-1,343.0,388.0,19.0,18.0,1.000000
7,-1,353.0,272.0,17.0,17.0,1.000000
7,-1,355.0,37.0,18.0,20.0,1.000000
7,-1,365.0,160.0,15.0,15.0,1.000000
7,-1,457.0,399.0,18.0,19.0,1.000000
7,-1,465.0,279.0,17.0,18.0,1.000000
7,-1,475.0,45.0,15.0,15.0,1.000000
7,-1,481.0,159.0,16.0,16.0,1.000000
7,-1,585.0,287.0,14.0,17.0,1.000000
7,-1,590.0,402.0,21.0,19.0,1.000000
7,-1,598.0,169.0,17.0,19.0,1.000000
7,-1,601.0,47.0,17.0,16.0,1.000000
8,-1,95.0,388.0,15.0,16.0,1.000000
8,-1,113.0,260.0,16.0,17.0,1.000000
8,-1,129.0,142.0,14.0,14.0,1.000000
8,-1,139.0,31.0,16.0,18.0,1.000000
8,-1,230.0,384.0,17.0,15.0,1.000000
8,-1,235.0,267.0,16.0,18.0,1.000000
8,-1,250.0,149.0,16.0,15.0,1.000000
8,-1,252.0,13.0,16.0,13.0,1.000000
8,-1,343.0,388.0,19.0,18.0,1.000000
8,-1,353.0,272.0,17.0,17.0,1.000000
8,-1,355.0,37.0,18.0,20.0,1.000000
8,-1,365.0,160.0,15.0,15.0,1.000000
8,-1,457.0,399.0,18.0,19.0,1.000000
8,-1,466.0,279.0,17.0,18.0,1.000000
8,-1,475.0,45.0,15.0,15.0,1.000000
8,-1,481.0,159.0,16.0,16.0,1.000000
8,-1,585.0,287.0,14.0,17.0,1.000000
8,-1,590.0,402.0,21.0,19.0,1.000000
8,-1,598.0,169.0,17.0,19.0,1.000000
8,-1,601.0,47.0,17.0,16.0,1.000000
9,-1,95.0,388.0,15.0,16.0,1.000000
9,-1,114.0,260.0,16.0,17.0,1.000000
9,-1,130.0,142.0,14.0,14.0,1.000000
9,-1,139.0,31.0,16.0,18.0,1.000000
9,-1,230.0,384.0,17.0,15.0,1.000000
9,-1,235.0,266.0,16.0,18.0,1.000000
9,-1,251.0,149.0,16.0,15.0,1.000000
9,-1,252.0,14.0,16.0,13.0,1.000000
9,-1,342.0,389.0,19.0,18.0,1.000000
9,-1,353.0,272.0,17.0,17.0,1.000000
9,-1,359.0,38.0,15.0,17.0,1.000000
9,-1,365.0,160.0,15.0,15.0,1.000000
9,-1,457.0,399.0,18.0,19.0,1.000000
9,-1,465.0,279.0,17.0,18.0,1.000000
9,-1,474.0,45.0,15.0,15.0,1.000000
9,-1,481.0,159.0,16.0,16.0,1.000000
9,-1,584.0,287.0,14.0,17.0,1.000000
9,-1,589.0,402.0,21.0,19.0,1.000000
9,-1,598.0,169.0,17.0,19.0,1.000000
9,-1,600.0,48.0,17.0,16.0,1.000000
10,-1,96.0,388.0,15.0,16.0,1.000000
10,-1,114.0,260.0,16.0,17.0,1.000000
10,-1,131.0,142.0,14.0,14.0,1.000000
10,-1,139.0,30.0,16.0,18.0,1.000000
10,-1,231.0,383.0,17.0,15.0,1.000000
10,-1,236.0,265.0,16.0,18.0,1.000000
10,-1,251.0,148.0,16.0,15.0,1.000000
10,-1,252.0,15.0,16.0,13.0,1.000000
10,-1,342.0,389.0,19.0,18.0,1.000000
10,-1,354.0,272.0,17.0,17.0,1.000000
10,-1,359.0,38.0,15.0,17.0,1.000000
10,-1,365.0,161.0,15.0,15.0,1.000000
10,-1,456.0,399.0,18.0,19.0,1.000000
10,-1,464.0,279.0,17.0,18.0,1.000000
10,-1,473.0,46.0,15.0,15.0,1.000000
10,-1,480.0,160.0,16.0,16.0,1.000000
10,-1,584.0,288.0,14.0,17.0,1.000000
10,-1,589.0,402.0,21.0,19.0,1.000000
10,-1,598.0,170.0,17.0,19.0,1.000000
10,-1,600.0,48.0,17.0,16.0,1.000000
11,-1,98.0,388.0,15.0,16.0,1.000000
11,-1,116.0,261.0,16.0,17.0,1.000000
11,-1,132.0,143.0,14.0,14.0,1.000000
11,-1,139.0,30.0,16.0,18.0,1.000000
11,-1,232.0,383.0,16.0,14.0,1.000000
11,-1,237.0,264.0,16.0,18.0,1.000000
11,-1,252.0,17.0,16.0,13.0,1.000000
11,-1,253.0,148.0,16.0,15.0,1.000000
11,-1,340.0,390.0,19.0,18.0,1.000000
11,-1,354.0,272.0,17.0,17.0,1.000000
11,-1,359.0,38.0,14.0,16.0,1.000000
11,-1,365.0,162.0,15.0,15.0,1.000000
11,-1,454.0,399.0,18.0,19.0,1.000000
11,-1,464.0,280.0,17.0,18.0,1.000000
11,-1,472.0,46.0,15.0,15.0,1.000000
11,-1,479.0,161.0,16.0,16.0,1.000000
11,-1,583.0,289.0,14.0,17.0,1.000000
11,-1,587.0,402.0,21.0,19.0,1.000000
11,-1,598.0,49.0,17.0,16.0,1.000000
11,-1,598.0,171.0,17.0,19.0,1.000000
12,-1,99.0,388.0,15.0,16.0,1.000000
12,-1,117.0,261.0,16.0,17.0,1.000000
12,-1,133.0,143.0,14.0,14.0,1.000000
12,-1,139.0,30.0,16.0,18.0,1.000000
12,-1,232.0,382.0,16.0,14.0,1.000000
12,-1,237.0,264.0,16.0,18.0,1.000000
12,-1,251.0,18.0,16.0,13.0,1.000000
12,-1,253.0,148.0,16.0,15.0,1.000000
12,-1,339.0,390.0,19.0,18.0,1.000000
12,-1,354.0,272.0,17.0,17.0,1.000000
12,-1,359.0,38.0,15.0,17.0,1.000000
12,-1,366.0,163.0,15.0,15.0,1.000000
12,-1,453.0,399.0,18.0,19.0,1.000000
12,-1,463.0,280.0,17.0,18.0,1.000000
12,-1,471.0,47.0,15.0,15.0,1.000000
12,-1,479.0,161.0,16.0,16.0,1.000000
12,-1,583.0,289.0,14.0,17.0,1.000000
12,-1,586.0,402.0,20.0,18.0,1.000000
12,-1,598.0,50.0,17.0,16.0,1.000000
12,-1,598.0,171.0,17.0,19.0,1.000000
13,-1,99.0,388.0,15.0,16.0,1.000000
13,-1,117.0,261.0,16.0,17.0,1.000000
13,-1,133.0,143.0,14.0,14.0,1.000000
13,-1,139.0,30.0,16.0,18.0,1.000000
13,-1,232.0,382.0,16.0,14.0,1.000000
13,-1,237.0,264.0,16.0,18.0,1.000000
13,-1,251.0,18.0,16.0,13.0,1.000000
13,-1,253.0,148.0,16.0,15.0,1.000000
13,-1,339.0,390.0,19.0,18.0,1.000000
13,-1,352.0,38.0,22.0,19.0,1.000000
13,-1,354.0,272.0,17.0,17.0,1.000000
13,-1,366.0,163.0,15.0,15.0,1.000000
13,-1,454.0,399.0,18.0,19.0,1.000000
13,-1,463.0,280.0,17.0,18.0,1.000000
13,-1,471.0,47.0,15.0,15.0,1.000000
13,-1,479.0,161.0,16.0,16.0,1.000000
13,-1,583.0,289.0,14.0,17.0,1.000000
13,-1,586.0,402.0,20.0,18.0,1.000000
13,-1,598.0,50.0,17.0,16.0,1.000000
13,-1,598.0,171.0,17.0,19.0,1.000000
14,-1,100.0,388.0,15.0,16.0,1.000000
14,-1,118.0,261.0,16.0,17.0,1.000000
14,-1,134.0,143.0,14.0,14.0,1.000000
14,-1,140.0,30.0,16.0,18.0,1.000000
14,-1,233.0,382.0,16.0,14.0,1.000000
14,-1,237.0,264.0,16.0,18.0,1.000000
14,-1,251.0,18.0,16.0,12.0,1.000000
14,-1,254.0,148.0,16.0,15.0,1.000000
14,-1,339.0,391.0,19.0,18.0,1.000000
14,-1,352.0,38.0,22.0,19.0,1.000000
14,-1,355.0,272.0,17.0,17.0,1.000000
14,-1,366.0,163.0,15.0,15.0,1.000000
14,-1,453.0,399.0,18.0,19.0,1.000000
14,-1,463.0,280.0,16.0,17.0,1.000000
14,-1,470.0,47.0,15.0,15.0,1.000000
14,-1,478.0,162.0,16.0,16.0,1.000000
14,-1,583.0,289.0,14.0,17.0,1.000000
14,-1,585.0,401.0,21.0,19.0,1.000000
14,-1,597.0,51.0,17.0,16.0,1.000000
14,-1,598.0,172.0,17.0,19.0,1.000000
15,-1,102.0,388.0,14.0,15.0,1.000000
15,-1,118.0,261.0,16.0,17.0,1.000000
15,-1,136.0,144.0,15.0,15.0,1.000000
15,-1,140.0,30.0,16.0,18.0,1.000000
15,-1,234.0,381.0,16.0,14.0,1.000000
15,-1,237.0,264.0,16.0,18.0,1.000000
15,-1,250.0,20.0,17.0,13.0,1.000000
15,-1,254.0,148.0,16.0,15.0,1.000000
15,-1,337.0,392.0,19.0,18.0,1.000000
15,-1,352.0,38.0,22.0,19.0,1.000000
15,-1,356.0,272.0,17.0,17.0,1.000000
15,-1,366.0,163.0,15.0,15.0,1.000000
15,-1,451.0,399.0,18.0,19.0,1.000000
15,-1,462.0,280.0,17.0,18.0,1.000000
15,-1,471.0,46.0,15.0,15.0,1.000000
15,-1,478.0,162.0,17.0,17.0,1.000000
15,-1,583.0,290.0,14.0,17.0,1.000000
15,-1,583.0,401.0,21.0,19.0,1.000000
15,-1,596.0,53.0,17.0,16.0,1.000000
15,-1,598.0,173.0,17.0,19.0,1.000000
16,-1,102.0,389.0,14.0,15.0,1.000000
16,-1,119.0,261.0,16.0,17.0,1.000000
16,-1,134.0,144.0,16.0,17.0,1.000000
16,-1,140.0,30.0,16.0,18.0,1.000000
16,-1,234.0,380.0,16.0,14.0,1.000000
16,-1,237.0,260.0,23.0,22.0,1.000000
16,-1,250.0,21.0,16.0,13.0,1.000000
16,-1,254.0,148.0,16.0,15.0,1.000000
16,-1,337.0,393.0,19.0,18.0,1.000000
16,-1,352.0,41.0,17.0,16.0,1.000000
16,-1,356.0,273.0,17.0,17.0,1.000000
16,-1,366.0,163.0,15.0,15.0,1.000000
16,-1,450.0,399.0,18.0,19.0,1.000000
16,-1,462.0,280.0,17.0,17.0,1.000000
16,-1,467.0,46.0,19.0,19.0,1.000000
16,-1,478.0,162.0,17.0,17.0,1.000000
16,-1,582.0,400.0,21.0,19.0,1.000000
16,-1,583.0,290.0,14.0,17.0,1.000000
16,-1,596.0,53.0,17.0,16.0,1.000000
16,-1,598.0,173.0,17.0,19.0,1.000000
17,-1,104.0,389.0,14.0,15.0,1.000000
17,-1,119.0,261.0,17.0,18.0,1.000000
17,-1,135.0,144.0,16.0,17.0,1.000000
17,-1,140.0,30.0,16.0,18.0,1.000000
17,-1,235.0,379.0,16.0,14.0,1.000000
17,-1,237.0,260.0,23.0,22.0,1.000000
17,-1,249.0,22.0,16.0,13.0,1.000000
17,-1,255.0,147.0,16.0,15.0,1.000000
17,-1,336.0,393.0,19.0,18.0,1.000000
17,-1,351.0,41.0,17.0,16.0,1.000000
17,-1,357.0,273.0,17.0,17.0,1.000000
17,-1,366.0,164.0,18.0,19.0,1.000000
17,-1,449.0,399.0,18.0,19.0,1.000000
17,-1,462.0,280.0,16.0,17.0,1.000000
17,-1,466.0,46.0,19.0,19.0,1.000000
17,-1,477.0,162.0,17.0,17.0,1.000000
17,-1,581.0,400.0,21.0,19.0,1.000000
17,-1,583.0,291.0,14.0,17.0,1.000000
17,-1,596.0,54.0,17.0,16.0,1.000000
17,-1,599.0,174.0,17.0,19.0,1.000000
18,-1,104.0,389.0,14.0,15.0,1.000000
18,-1,119.0,261.0,17.0,18.0,1.000000
18,-1,135.0,144.0,16.0,17.0,1.000000
18,-1,140.0,30.0,16.0,18.0,1.000000
18,-1,235.0,379.0,16.0,14.0,1.000000
18,-1,237.0,260.0,23.0,22.0,1.000000
18,-1,249.0,22.0,16.0,13.0,1.000000
18,-1,255.0,147.0,16.0,15.0,1.000000
18,-1,336.0,393.0,19.0,18.0,1.000000
18,-1,351.0,41.0,17.0,16.0,1.000000
18,-1,357.0,273.0,17.0,17.0,1.000000
18,-1,366.0,164.0,18.0,19.0,1.000000
18,-1,449.0,399.0,18.0,19.0,1.000000
18,-1,462.0,280.0,16.0,17.0,1.000000
18,-1,466.0,46.0,19.0,19.0,1.000000
18,-1,477.0,162.0,17.0,17.0,1.000000
18,-1,581.0,400.0,21.0,19.0,1.000000
18,-1,583.0,291.0,14.0,17.0,1.000000
18,-1,596.0,54.0,17.0,16.0,1.000000
18,-1,599.0,174.0,17.0,19.0,1.000000
19,-1,105.0,389.0,14.0,15.0,1.000000
19,-1,123.0,261.0,20.0,20.0,1.000000
19,-1,137.0,145.0,16.0,17.0,1.000000
19,-1,140.0,28.0,22.0,20.0,1.000000
19,-1,236.0,378.0,16.0,14.0,1.000000
19,-1,241.0,260.0,19.0,18.0,1.000000
19,-1,247.0,23.0,16.0,12.0,1.000000
19,-1,259.0,146.0,16.0,16.0,1.000000
19,-1,334.0,394.0,19.0,18.0,1.000000
19,-1,348.0,41.0,21.0,18.0,1.000000
19,-1,358.0,274.0,17.0,17.0,1.000000
19,-1,366.0,164.0,18.0,19.0,1.000000
19,-1,446.0,400.0,18.0,19.0,1.000000
19,-1,461.0,280.0,17.0,18.0,1.000000
19,-1,463.0,47.0,19.0,19.0,1.000000
19,-1,477.0,162.0,17.0,17.0,1.000000
19,-1,578.0,399.0,21.0,19.0,1.000000
19,-1,582.0,291.0,14.0,18.0,1.000000
19,-1,595.0,57.0,17.0,16.0,1.000000
19,-1,599.0,175.0,16.0,18.0,1.000000
20,-1,106.0,389.0,14.0,15.0,1.000000
20,-1,123.0,261.0,20.0,20.0,1.000000
20,-1,138.0,145.0,16.0,17.0,1.000000
20,-1,140.0,28.0,22.0,20.0,1.000000
20,-1,237.0,377.0,16.0,15.0,1.000000
20,-1,241.0,260.0,19.0,18.0,1.000000
20,-1,246.0,24.0,16.0,12.0,1.000000
20,-1,259.0,146.0,16.0,16.0,1.000000
20,-1,333.0,395.0,19.0,18.0,1.000000
20,-1,348.0,41.0,21.0,18.0,1.000000
20,-1,358.0,274.0,17.0,17.0,1.000000
20,-1,366.0,164.0,18.0,19.0,1.000000
20,-1,445.0,399.0,18.0,20.0,1.000000
20,-1,460.0,280.0,17.0,18.0,1.000000
20,-1,462.0,47.0,19.0,19.0,1.000000
20,-1,477.0,162.0,17.0,17.0,1.000000
20,-1,578.0,399.0,21.0,19.0,1.000000
20,-1,582.0,291.0,15.0,18.0,1.000000
20,-1,594.0,58.0,17.0,16.0,1.000000
20,-1,599.0,176.0,16.0,18.0,1.000000
21,-1,106.0,389.0,15.0,16.0,1.000000
21,-1,123.0,261.0,20.0,20.0,1.000000
21,-1,139.0,146.0,16.0,17.0,1.000000
21,-1,140.0,27.0,23.0,20.0,1.000000
21,-1,237.0,376.0,16.0,14.0,1.000000
21,-1,241.0,260.0,19.0,18.0,1.000000
21,-1,245.0,25.0,16.0,12.0,1.000000
21,-1,260.0,145.0,16.0,16.0,1.000000
21,-1,332.0,396.0,19.0,18.0,1.000000
21,-1,347.0,41.0,22.0,19.0,1.000000
21,-1,359.0,275.0,17.0,17.0,1.000000
21,-1,368.0,166.0,18.0,19.0,1.000000
21,-1,444.0,400.0,18.0,19.0,1.000000
21,-1,460.0,280.0,16.0,17.0,1.000000
21,-1,461.0,47.0,19.0,19.0,1.000000
21,-1,477.0,162.0,17.0,17.0,1.000000
21,-1,578.0,399.0,21.0,19.0,1.000000
21,-1,582.0,291.0,15.0,18.0,1.000000
21,-1,594.0,59.0,17.0,16.0,1.000000
21,-1,600.0,177.0,16.0,18.0,1.000000
22,-1,109.0,390.0,15.0,16.0,1.000000
22,-1,128.0,262.0,20.0,20.0,1.000000
22,-1,134.0,143.0,16.0,17.0,1.000000
22,-1,140.0,28.0,22.0,20.0,1.000000
22,-1,239.0,375.0,16.0,14.0,1.000000
22,-1,243.0,27.0,16.0,12.0,1.000000
22,-1,245.0,257.0,18.0,17.0,1.000000
22,-1,262.0,144.0,16.0,16.0,1.000000
22,-1,330.0,398.0,19.0,18.0,1.000000
22,-1,344.0,42.0,21.0,18.0,1.000000
22,-1,360.0,276.0,17.0,17.0,1.000000
22,-1,369.0,167.0,18.0,19.0,1.000000
22,-1,441.0,400.0,18.0,19.0,1.000000
22,-1,459.0,279.0,17.0,18.0,1.000000
22,-1,461.0,47.0,19.0,19.0,1.000000
22,-1,473.0,162.0,21.0,19.0,1.000000
22,-1,578.0,399.0,21.0,19.0,1.000000
22,-1,582.0,291.0,15.0,19.0,1.000000
22,-1,593.0,61.0,17.0,16.0,1.000000
22,-1,600.0,178.0,16.0,18.0,1.000000
23,-1,109.0,390.0,15.0,16.0,1.000000
23,-1,128.0,262.0,20.0,20.0,1.000000
23,-1,134.0,143.0,16.0,17.0,1.000000
23,-1,140.0,28.0,22.0,20.0,1.000000
23,-1,239.0,375.0,16.0,14.0,1.000000
23,-1,243.0,27.0,16.0,12.0,1.000000
23,-1,245.0,257.0,18.0,17.0,1.000000
23,-1,262.0,144.0,16.0,16.0,1.000000
23,-1,330.0,398.0,19.0,18.0,1.000000
23,-1,344.0,42.0,21.0,18.0,1.000000
23,-1,360.0,276.0,17.0,17.0,1.000000
23,-1,369.0,167.0,18.0,19.0,1.000000
23,-1,441.0,400.0,18.0,19.0,1.000000
23,-1,460.0,279.0,17.0,18.0,1.000000
23,-1,461.0,47.0,19.0,19.0,1.000000
23,-1,473.0,162.0,21.0,19.0,1.000000
23,-1,578.0,399.0,21.0,19.0,1.000000
23,-1,582.0,291.0,15.0,19.0,1.000000
23,-1,593.0,61.0,17.0,16.0,1.000000
23,-1,600.0,178.0,16.0,18.0,1.000000
24,-1,110.0,391.0,15.0,15.0,1.000000
24,-1,128.0,262.0,20.0,20.0,1.000000
24,-1,143.0,25.0,22.0,20.0,1.000000
24,-1,143.0,147.0,19.0,19.0,1.000000
24,-1,239.0,374.0,16.0,14.0,1.000000
24,-1,242.0,28.0,15.0,12.0,1.000000
24,-1,245.0,256.0,19.0,18.0,1.000000
24,-1,263.0,144.0,16.0,16.0,1.000000
24,-1,329.0,398.0,19.0,18.0,1.000000
24,-1,344.0,42.0,21.0,18.0,1.000000
24,-1,360.0,276.0,17.0,17.0,1.000000
24,-1,370.0,167.0,18.0,19.0,1.000000
24,-1,440.0,401.0,18.0,19.0,1.000000
24,-1,459.0,279.0,17.0,18.0,1.000000
24,-1,467.0,44.0,19.0,19.0,1.000000
24,-1,473.0,162.0,21.0,19.0,1.000000
24,-1,578.0,399.0,21.0,19.0,1.000000
24,-1,582.0,291.0,16.0,19.0,1.000000
24,-1,592.0,62.0,17.0,16.0,1.000000
24,-1,600.0,179.0,16.0,18.0,1.000000
25,-1,111.0,391.0,15.0,16.0,1.000000
25,-1,128.0,262.0,20.0,20.0,1.000000
25,-1,143.0,147.0,19.0,19.0,1.000000
25,-1,144.0,24.0,22.0,20.0,1.000000
25,-1,240.0,28.0,15.0,12.0,1.000000
25,-1,240.0,374.0,16.0,14.0,1.000000
25,-1,246.0,256.0,19.0,18.0,1.000000
25,-1,264.0,143.0,16.0,16.0,1.000000
25,-1,328.0,399.0,19.0,18.0,1.000000
25,-1,342.0,41.0,22.0,19.0,1.000000
25,-1,361.0,277.0,17.0,17.0,1.000000
25,-1,370.0,167.0,18.0,19.0,1.000000
25,-1,439.0,401.0,18.0,19.0,1.000000
25,-1,455.0,48.0,19.0,19.0,1.000000
25,-1,459.0,279.0,17.0,18.0,1.000000
25,-1,473.0,162.0,21.0,19.0,1.000000
25,-1,570.0,398.0,21.0,19.0,1.000000
25,-1,582.0,291.0,16.0,19.0,1.000000
25,-1,592.0,64.0,17.0,16.0,1.000000
25,-1,601.0,179.0,16.0,18.0,1.000000
26,-1,111.0,391.0,15.0,15.0,1.000000
26,-1,133.0,263.0,20.0,20.0,1.000000
26,-1,144.0,24.0,22.0,20.0,1.000000
26,-1,147.0,149.0,18.0,18.0,1.000000
26,-1,237.0,29.0,15.0,12.0,1.000000
26,-1,242.0,372.0,16.0,14.0,1.000000
26,-1,246.0,255.0,19.0,18.0,1.000000
26,-1,262.0,139.0,19.0,19.0,1.000000
26,-1,326.0,401.0,19.0,18.0,1.000000
26,-1,340.0,44.0,21.0,18.0,1.000000
26,-1,362.0,278.0,17.0,17.0,1.000000
26,-1,370.0,167.0,18.0,19.0,1.000000
26,-1,436.0,401.0,18.0,19.0,1.000000
26,-1,452.0,49.0,19.0,19.0,1.000000
26,-1,459.0,278.0,17.0,18.0,1.000000
26,-1,472.0,162.0,21.0,19.0,1.000000
26,-1,567.0,397.0,21.0,19.0,1.000000
26,-1,582.0,291.0,16.0,19.0,1.000000
26,-1,591.0,67.0,17.0,16.0,1.000000
26,-1,602.0,181.0,16.0,18.0,1.000000
27,-1,111.0,391.0,15.0,16.0,1.000000
27,-1,133.0,263.0,20.0,20.0,1.000000
27,-1,147.0,20.0,22.0,20.0,1.000000
27,-1,148.0,149.0,19.0,19.0,1.000000
27,-1,236.0,30.0,15.0,12.0,1.000000
27,-1,242.0,369.0,18.0,18.0,1.000000
27,-1,248.0,253.0,19.0,18.0,1.000000
27,-1,265.0,139.0,19.0,19.0,1.000000
27,-1,325.0,402.0,20.0,19.0,1.000000
27,-1,338.0,43.0,21.0,18.0,1.000000
27,-1,363.0,279.0,17.0,17.0,1.000000
27,-1,370.0,167.0,18.0,19.0,1.000000
27,-1,434.0,402.0,18.0,19.0,1.000000
27,-1,450.0,49.0,19.0,19.0,1.000000
27,-1,459.0,278.0,17.0,18.0,1.000000
27,-1,472.0,161.0,22.0,20.0,1.000000
27,-1,565.0,396.0,21.0,19.0,1.000000
27,-1,582.0,291.0,16.0,20.0,1.000000
27,-1,591.0,68.0,17.0,16.0,1.000000
27,-1,602.0,182.0,16.0,18.0,1.000000
28,-1,111.0,391.0,15.0,16.0,1.000000
28,-1,133.0,263.0,20.0,20.0,1.000000
28,-1,147.0,20.0,22.0,20.0,1.000000
28,-1,148.0,149.0,19.0,19.0,1.000000
28,-1,236.0,30.0,15.0,12.0,1.000000
28,-1,242.0,369.0,18.0,18.0,1.000000
28,-1,248.0,253.0,19.0,18.0,1.000000
28,-1,265.0,139.0,19.0,19.0,1.000000
28,-1,325.0,402.0,20.0,19.0,1.000000
28,-1,338.0,43.0,21.0,18.0,1.000000
28,-1,363.0,279.0,17.0,17.0,1.000000
28,-1,370.0,167.0,18.0,19.0,1.000000
28,-1,434.0,402.0,18.0,19.0,1.000000
28,-1,450.0,49.0,19.0,19.0,1.000000
28,-1,459.0,278.0,17.0,18.0,1.000000
28,-1,472.0,161.0,22.0,20.0,1.000000
28,-1,565.0,396.0,21.0,19.0,1.000000
28,-1,582.0,291.0,16.0,20.0,1.000000
28,-1,591.0,68.0,17.0,16.0,1.000000
28,-1,602.0,182.0,16.0,18.0,1.000000
29,-1,111.0,391.0,15.0,16.0,1.000000
29,-1,136.0,264.0,19.0,19.0,1.000000
29,-1,143.0,147.0,19.0,19.0,1.000000
29,-1,147.0,20.0,22.0,20.0,1.000000
29,-1,234.0,31.0,15.0,12.0,1.000000
29,-1,242.0,368.0,19.0,19.0,1.000000
29,-1,248.0,253.0,19.0,18.0,1.000000
29,-1,265.0,139.0,19.0,19.0,1.000000
29,-1,324.0,403.0,20.0,19.0,1.000000
29,-1,338.0,43.0,21.0,18.0,1.000000
29,-1,363.0,280.0,17.0,17.0,1.000000
29,-1,370.0,167.0,18.0,19.0,1.000000
29,-1,432.0,402.0,18.0,19.0,1.000000
29,-1,448.0,49.0,19.0,19.0,1.000000
29,-1,459.0,277.0,16.0,17.0,1.000000
29,-1,471.0,161.0,22.0,20.0,1.000000
29,-1,565.0,396.0,21.0,19.0,1.000000
29,-1,582.0,291.0,16.0,20.0,1.000000
29,-1,591.0,70.0,17.0,16.0,1.000000
29,-1,602.0,182.0,16.0,18.0,1.000000
30,-1,120.0,393.0,18.0,20.0,1.000000
30,-1,139.0,265.0,19.0,19.0,1.000000
30,-1,147.0,20.0,22.0,20.0,1.000000
30,-1,150.0,149.0,19.0,19.0,1.000000
30,-1,230.0,32.0,15.0,12.0,1.000000
30,-1,245.0,366.0,18.0,18.0,1.000000
30,-1,251.0,251.0,19.0,18.0,1.000000
30,-1,266.0,138.0,19.0,19.0,1.000000
30,-1,322.0,405.0,19.0,18.0,1.000000
30,-1,335.0,43.0,21.0,18.0,1.000000
30,-1,364.0,281.0,17.0,17.0,1.000000
30,-1,373.0,168.0,18.0,19.0,1.000000
30,-1,429.0,403.0,18.0,19.0,1.000000
30,-1,445.0,50.0,19.0,19.0,1.000000
30,-1,458.0,277.0,16.0,17.0,1.000000
30,-1,471.0,161.0,21.0,19.0,1.000000
30,-1,562.0,394.0,21.0,19.0,1.000000
30,-1,582.0,293.0,17.0,20.0,1.000000
30,-1,590.0,73.0,17.0,16.0,1.000000
30,-1,603.0,184.0,16.0,18.0,1.000000
31,-1,120.0,393.0,18.0,20.0,1.000000
31,-1,139.0,265.0,19.0,19.0,1.000000
31,-1,147.0,20.0,22.0,20.0,1.000000
31,-1,150.0,149.0,20.0,20.0,1.000000
31,-1,229.0,32.0,15.0,12.0,1.000000
31,-1,246.0,365.0,18.0,18.0,1.000000
31,-1,252.0,250.0,18.0,17.0,1.000000
31,-1,266.0,138.0,19.0,19.0,1.000000
31,-1,322.0,406.0,19.0,18.0,1.000000
31,-1,333.0,42.0,21.0,18.0,1.000000
31,-1,365.0,282.0,17.0,17.0,1.000000
31,-1,373.0,168.0,18.0,19.0,1.000000
31,-1,427.0,403.0,18.0,19.0,1.000000
31,-1,442.0,49.0,19.0,20.0,1.000000
31,-1,458.0,276.0,17.0,18.0,1.000000
31,-1,471.0,161.0,21.0,19.0,1.000000
31,-1,561.0,394.0,20.0,18.0,1.000000
31,-1,582.0,293.0,17.0,20.0,1.000000
31,-1,590.0,74.0,17.0,16.0,1.000000
31,-1,603.0,185.0,16.0,18.0,1.000000
32,-1,123.0,394.0,18.0,20.0,1.000000
32,-1,142.0,266.0,19.0,19.0,1.000000
32,-1,150.0,17.0,22.0,20.0,1.000000
32,-1,156.0,150.0,19.0,19.0,1.000000
32,-1,227.0,32.0,15.0,12.0,1.000000
32,-1,246.0,365.0,18.0,18.0,1.000000
32,-1,256.0,247.0,18.0,19.0,1.000000
32,-1,266.0,138.0,19.0,19.0,1.000000
32,-1,322.0,407.0,18.0,17.0,1.000000
32,-1,333.0,42.0,21.0,18.0,1.000000
32,-1,366.0,283.0,17.0,17.0,1.000000
32,-1,373.0,168.0,18.0,19.0,1.000000
32,-1,426.0,404.0,18.0,19.0,1.000000
32,-1,441.0,49.0,20.0,21.0,1.000000
32,-1,458.0,276.0,16.0,17.0,1.000000
32,-1,471.0,161.0,21.0,19.0,1.000000
32,-1,559.0,393.0,21.0,19.0,1.000000
32,-1,582.0,293.0,17.0,20.0,1.000000
32,-1,589.0,76.0,17.0,16.0,1.000000
32,-1,604.0,186.0,16.0,18.0,1.000000
33,-1,123.0,394.0,18.0,20.0,1.000000
33,-1,142.0,266.0,19.0,19.0,1.000000
33,-1,150.0,17.0,22.0,20.0,1.000000
33,-1,156.0,150.0,19.0,19.0,1.000000
33,-1,227.0,32.0,15.0,12.0,1.000000
33,-1,246.0,365.0,18.0,18.0,1.000000
33,-1,256.0,247.0,18.0,19.0,1.000000
33,-1,266.0,138.0,19.0,19.0,1.000000
33,-1,322.0,407.0,18.0,17.0,1.000000
33,-1,333.0,42.0,21.0,18.0,1.000000
33,-1,366.0,283.0,17.0,17.0,1.000000
33,-1,373.0,168.0,18.0,19.0,1.000000
33,-1,426.0,404.0,18.0,19.0,1.000000
33,-1,441.0,49.0,20.0,21.0,1.000000
33,-1,458.0,276.0,16.0,17.0,1.000000
33,-1,471.0,161.0,21.0,19.0,1.000000
33,-1,559.0,393.0,21.0,19.0,1.000000
33,-1,582.0,293.0,17.0,20.0,1.000000
33,-1,589.0,76.0,17.0,16.0,1.000000
33,-1,604.0,186.0,16.0,18.0,1.000000
34,-1,124.0,395.0,18.0,21.0,1.000000
34,-1,143.0,266.0,19.0,19.0,1.000000
34,-1,150.0,17.0,22.0,20.0,1.000000
34,-1,157.0,150.0,19.0,19.0,1.000000
34,-1,225.0,33.0,15.0,12.0,1.000000
34,-1,246.0,365.0,18.0,18.0,1.000000
34,-1,257.0,247.0,17.0,18.0,1.000000
34,-1,266.0,138.0,19.0,19.0,1.000000
34,-1,320.0,408.0,19.0,18.0,1.000000
34,-1,332.0,42.0,21.0,18.0,1.000000
34,-1,366.0,284.0,17.0,17.0,1.000000
34,-1,373.0,168.0,18.0,19.0,1.000000
34,-1,424.0,404.0,18.0,19.0,1.000000
34,-1,439.0,50.0,19.0,20.0,1.000000
34,-1,458.0,275.0,17.0,18.0,1.000000
34,-1,471.0,160.0,21.0,19.0,1.000000
34,-1,559.0,393.0,21.0,19.0,1.000000
34,-1,583.0,294.0,17.0,20.0,1.000000
34,-1,589.0,78.0,17.0,16.0,1.000000
34,-1,604.0,186.0,16.0,18.0,1.000000
35,-1,126.0,397.0,21.0,20.0,1.000000
35,-1,147.0,269.0,19.0,19.0,1.000000
35,-1,153.0,13.0,22.0,20.0,1.000000
35,-1,160.0,154.0,15.0,16.0,1.000000
35,-1,218.0,30.0,19.0,21.0,1.000000
35,-1,249.0,361.0,22.0,18.0,1.000000
35,-1,258.0,244.0,19.0,20.0,1.000000
35,-1,270.0,134.0,19.0,19.0,1.000000
35,-1,318.0,410.0,18.0,17.0,1.000000
35,-1,329.0,41.0,21.0,18.0,1.000000
35,-1,367.0,286.0,17.0,17.0,1.000000
35,-1,376.0,168.0,18.0,19.0,1.000000
35,-1,420.0,405.0,18.0,19.0,1.000000
35,-1,435.0,50.0,18.0,19.0,1.000000
35,-1,458.0,274.0,16.0,17.0,1.000000
35,-1,470.0,160.0,22.0,20.0,1.000000
35,-1,552.0,393.0,21.0,19.0,1.000000
35,-1,583.0,294.0,17.0,20.0,1.000000
35,-1,589.0,81.0,17.0,16.0,1.000000
35,-1,604.0,186.0,17.0,19.0,1.000000
36,-1,126.0,397.0,21.0,20.0,1.000000
36,-1,148.0,269.0,19.0,19.0,1.000000
36,-1,153.0,13.0,22.0,20.0,1.000000
36,-1,161.0,154.0,15.0,16.0,1.000000
36,-1,216.0,30.0,19.0,21.0,1.000000
36,-1,250.0,361.0,22.0,18.0,1.000000
36,-1,259.0,243.0,19.0,20.0,1.000000
36,-1,270.0,134.0,19.0,19.0,1.000000
36,-1,317.0,411.0,19.0,18.0,1.000000
36,-1,328.0,41.0,21.0,18.0,1.000000
36,-1,368.0,286.0,17.0,17.0,1.000000
36,-1,376.0,168.0,19.0,20.0,1.000000
36,-1,418.0,406.0,18.0,19.0,1.000000
36,-1,434.0,50.0,19.0,20.0,1.000000
36,-1,458.0,273.0,16.0,17.0,1.000000
36,-1,470.0,159.0,22.0,20.0,1.000000
36,-1,551.0,393.0,20.0,18.0,1.000000
36,-1,584.0,294.0,17.0,20.0,1.000000
36,-1,588.0,83.0,17.0,16.0,1.000000
36,-1,608.0,190.0,17.0,19.0,1.000000
37,-1,128.0,398.0,22.0,20.0,1.000000
37,-1,149.0,270.0,19.0,19.0,1.000000
37,-1,153.0,13.0,22.0,20.0,1.000000
37,-1,162.0,154.0,15.0,16.0,1.000000
37,-1,214.0,30.0,19.0,21.0,1.000000
37,-1,252.0,357.0,22.0,18.0,1.000000
37,-1,261.0,243.0,18.0,19.0,1.000000
37,-1,272.0,132.0,19.0,19.0,1.000000
37,-1,312.0,411.0,20.0,19.0,1.000000
37,-1,329.0,41.0,21.0,18.0,1.000000
37,-1,368.0,287.0,17.0,17.0,1.000000
37,-1,377.0,168.0,19.0,20.0,1.000000
37,-1,416.0,406.0,18.0,19.0,1.000000
37,-1,431.0,50.0,19.0,20.0,1.000000
37,-1,458.0,273.0,17.0,17.0,1.000000
37,-1,470.0,159.0,21.0,19.0,1.000000
37,-1,549.0,392.0,20.0,18.0,1.000000
37,-1,584.0,295.0,17.0,20.0,1.000000
37,-1,588.0,85.0,17.0,16.0,1.000000
37,-1,609.0,191.0,17.0,19.0,1.000000
38,-1,128.0,398.0,22.0,20.0,1.000000
38,-1,149.0,270.0,19.0,19.0,1.000000
38,-1,153.0,13.0,22.0,20.0,1.000000
38,-1,162.0,154.0,15.0,16.0,1.000000
38,-1,214.0,30.0,19.0,21.0,1.000000
38,-1,252.0,357.0,22.0,18.0,1.000000
38,-1,261.0,243.0,18.0,19.0,1.000000
38,-1,272.0,132.0,19.0,19.0,1.000000
38,-1,312.0,411.0,20.0,17.0,1.000000
38,-1,329.0,41.0,21.0,18.0,1.000000
38,-1,368.0,287.0,17.0,17.0,1.000000
38,-1,377.0,168.0,18.0,19.0,1.000000
38,-1,416.0,406.0,18.0,19.0,1.000000
38,-1,431.0,50.0,19.0,20.0,1.000000
38,-1,458.0,273.0,17.0,18.0,1.000000
38,-1,470.0,159.0,21.0,19.0,1.000000
38,-1,549.0,392.0,20.0,18.0,1.000000
38,-1,584.0,295.0,17.0,20.0,1.000000
38,-1,588.0,85.0,17.0,16.0,1.000000
38,-1,609.0,191.0,17.0,19.0,1.000000
39,-1,131.0,399.0,21.0,20.0,1.000000
39,-1,151.0,271.0,19.0,19.0,1.000000
39,-1,153.0,8.0,22.0,20.0,1.000000
39,-1,164.0,155.0,15.0,16.0,1.000000
39,-1,212.0,29.0,19.0,21.0,1.000000
39,-1,252.0,357.0,22.0,18.0,1.000000
39,-1,262.0,242.0,18.0,19.0,1.000000
39,-1,273.0,131.0,20.0,19.0,1.000000
39,-1,309.0,414.0,20.0,17.0,1.000000
39,-1,323.0,41.0,21.0,18.0,1.000000
39,-1,369.0,288.0,17.0,17.0,1.000000
39,-1,377.0,168.0,19.0,20.0,1.000000
39,-1,412.0,407.0,19.0,20.0,1.000000
39,-1,427.0,50.0,19.0,20.0,1.000000
39,-1,459.0,271.0,16.0,17.0,1.000000
39,-1,469.0,161.0,21.0,19.0,1.000000
39,-1,549.0,392.0,20.0,18.0,1.000000
39,-1,584.0,295.0,17.0,20.0,1.000000
39,-1,588.0,89.0,17.0,16.0,1.000000
39,-1,610.0,193.0,17.0,19.0,1.000000
40,-1,126.0,397.0,21.0,20.0,1.000000
40,-1,151.0,271.0,19.0,19.0,1.000000
40,-1,153.0,8.0,22.0,20.0,1.000000
40,-1,165.0,155.0,15.0,16.0,1.000000
40,-1,211.0,29.0,19.0,21.0,1.000000
40,-1,255.0,355.0,21.0,18.0,1.000000
40,-1,262.0,242.0,18.0,19.0,1.000000
40,-1,273.0,131.0,20.0,19.0,1.000000
40,-1,308.0,415.0,20.0,17.0,1.000000
40,-1,322.0,41.0,21.0,18.0,1.000000
40,-1,370.0,289.0,17.0,17.0,1.000000
40,-1,378.0,167.0,19.0,20.0,1.000000
40,-1,411.0,408.0,18.0,19.0,1.000000
40,-1,425.0,51.0,19.0,20.0,1.000000
40,-1,459.0,271.0,17.0,18.0,1.000000
40,-1,469.0,161.0,21.0,19.0,1.000000
40,-1,545.0,390.0,20.0,18.0,1.000000
40,-1,584.0,295.0,17.0,20.0,1.000000
40,-1,588.0,91.0,17.0,16.0,1.000000
40,-1,611.0,194.0,17.0,19.0,1.000000
41,-1,132.0,397.0,21.0,20.0,1.000000
41,-1,151.0,271.0,19.0,19.0,1.000000
41,-1,153.0,7.0,22.0,20.0,1.000000
41,-1,165.0,156.0,15.0,16.0,1.000000
41,-1,206.0,29.0,19.0,21.0,1.000000
41,-1,255.0,354.0,22.0,18.0,1.000000
41,-1,262.0,241.0,18.0,19.0,1.000000
41,-1,273.0,131.0,20.0,19.0,1.000000
41,-1,306.0,419.0,20.0,16.0,1.000000
41,-1,323.0,41.0,21.0,18.0,1.000000
41,-1,370.0,290.0,17.0,17.0,1.000000
41,-1,378.0,167.0,19.0,20.0,1.000000
41,-1,408.0,408.0,18.0,20.0,1.000000
41,-1,425.0,50.0,19.0,20.0,1.000000
41,-1,459.0,270.0,16.0,17.0,1.000000
41,-1,469.0,160.0,21.0,19.0,1.000000
41,-1,543.0,389.0,20.0,18.0,1.000000
41,-1,584.0,295.0,17.0,20.0,1.000000
41,-1,588.0,93.0,17.0,16.0,1.000000
41,-1,611.0,195.0,17.0,19.0,1.000000
42,-1,136.0,401.0,21.0,20.0,1.000000
42,-1,154.0,272.0,19.0,19.0,1.000000
42,-1,156.0,5.0,22.0,20.0,1.000000
42,-1,165.0,155.0,20.0,19.0,1.000000
42,-1,203.0,29.0,19.0,21.0,1.000000
42,-1,257.0,354.0,22.0,18.0,1.000000
42,-1,263.0,240.0,19.0,20.0,1.000000
42,-1,276.0,127.0,20.0,19.0,1.000000
42,-1,318.0,38.0,21.0,18.0,1.000000
42,-1,371.0,291.0,17.0,17.0,1.000000
42,-1,379.0,167.0,18.0,19.0,1.000000
42,-1,404.0,410.0,18.0,19.0,1.000000
42,-1,421.0,50.0,20.0,21.0,1.000000
42,-1,459.0,268.0,17.0,18.0,1.000000
42,-1,469.0,159.0,22.0,19.0,1.000000
42,-1,539.0,388.0,20.0,18.0,1.000000
42,-1,584.0,296.0,17.0,20.0,1.000000
42,-1,587.0,97.0,17.0,16.0,1.000000
42,-1,613.0,197.0,17.0,19.0,1.000000
43,-1,136.0,401.0,21.0,20.0,1.000000
43,-1,154.0,272.0,19.0,19.0,1.000000
43,-1,156.0,5.0,22.0,20.0,1.000000
43,-1,165.0,155.0,20.0,19.0,1.000000
43,-1,203.0,29.0,19.0,21.0,1.000000
43,-1,257.0,354.0,22.0,18.0,1.000000
43,-1,263.0,240.0,19.0,20.0,1.000000
43,-1,276.0,127.0,20.0,19.0,1.000000
43,-1,318.0,38.0,21.0,18.0,1.000000
43,-1,371.0,291.0,17.0,17.0,1.000000
43,-1,379.0,167.0,18.0,19.0,1.000000
43,-1,404.0,410.0,18.0,19.0,1.000000
43,-1,421.0,50.0,20.0,21.0,1.000000
43,-1,459.0,268.0,17.0,18.0,1.000000
43,-1,469.0,159.0,22.0,19.0,1.000000
43,-1,539.0,388.0,20.0,18.0,1.000000
43,-1,584.0,296.0,17.0,20.0,1.000000
43,-1,587.0,97.0,17.0,16.0,1.000000
43,-1,613.0,197.0,17.0,19.0,1.000000
44,-1,136.0,401.0,21.0,20.0,1.000000
44,-1,154.0,272.0,19.0,19.0,1.000000
44,-1,156.0,4.0,22.0,20.0,1.000000
44,-1,165.0,155.0,20.0,19.0,1.000000
44,-1,201.0,29.0,19.0,21.0,1.000000
44,-1,257.0,353.0,22.0,18.0,1.000000
44,-1,264.0,240.0,18.0,19.0,1.000000
44,-1,276.0,125.0,20.0,19.0,1.000000
44,-1,317.0,38.0,21.0,18.0,1.000000
44,-1,371.0,292.0,17.0,17.0,1.000000
44,-1,380.0,167.0,18.0,19.0,1.000000
44,-1,403.0,410.0,18.0,19.0,1.000000
44,-1,417.0,51.0,19.0,20.0,1.000000
44,-1,460.0,268.0,16.0,17.0,1.000000
44,-1,469.0,159.0,22.0,20.0,1.000000
44,-1,538.0,387.0,22.0,19.0,1.000000
44,-1,584.0,296.0,17.0,20.0,1.000000
44,-1,587.0,100.0,17.0,16.0,1.000000
44,-1,613.0,198.0,17.0,19.0,1.000000
45,-1,136.0,401.0,21.0,20.0,1.000000
45,-1,154.0,272.0,19.0,19.0,1.000000
45,-1,156.0,5.0,22.0,20.0,1.000000
45,-1,165.0,155.0,20.0,19.0,1.000000
45,-1,200.0,29.0,19.0,21.0,1.000000
45,-1,257.0,353.0,22.0,18.0,1.000000
45,-1,264.0,239.0,18.0,19.0,1.000000
45,-1,276.0,125.0,20.0,19.0,1.000000
45,-1,316.0,37.0,20.0,17.0,1.000000
45,-1,371.0,292.0,18.0,18.0,1.000000
45,-1,380.0,167.0,18.0,19.0,1.000000
45,-1,400.0,411.0,18.0,19.0,1.000000
45,-1,415.0,50.0,20.0,21.0,1.000000
45,-1,460.0,267.0,17.0,18.0,1.000000
45,-1,469.0,158.0,21.0,19.0,1.000000
45,-1,534.0,386.0,22.0,19.0,1.000000
45,-1,584.0,296.0,17.0,20.0,1.000000
45,-1,587.0,102.0,17.0,16.0,1.000000
45,-1,613.0,198.0,18.0,20.0,1.000000
46,-1,140.0,403.0,20.0,19.0,1.000000
46,-1,154.0,272.0,19.0,19.0,1.000000
46,-1,158.0,-1.0,22.0,20.0,1.000000
46,-1,165.0,155.0,20.0,19.0,1.000000
46,-1,197.0,28.0,19.0,21.0,1.000000
46,-1,257.0,353.0,22.0,18.0,1.000000
46,-1,265.0,238.0,19.0,20.0,1.000000
46,-1,277.0,121.0,20.0,19.0,1.000000
46,-1,312.0,36.0,21.0,18.0,1.000000
46,-1,372.0,293.0,17.0,17.0,1.000000
46,-1,380.0,167.0,18.0,19.0,1.000000
46,-1,397.0,412.0,18.0,19.0,1.000000
46,-1,412.0,51.0,19.0,20.0,1.000000
46,-1,461.0,266.0,16.0,17.0,1.000000
46,-1,469.0,157.0,21.0,19.0,1.000000
46,-1,531.0,385.0,21.0,18.0,1.000000
46,-1,585.0,296.0,17.0,20.0,1.000000
46,-1,587.0,106.0,17.0,16.0,1.000000
46,-1,617.0,203.0,17.0,19.0,1.000000
47,-1,140.0,403.0,20.0,19.0,1.000000
47,-1,154.0,272.0,19.0,19.0,1.000000
47,-1,158.0,0.0,22.0,19.0,1.000000
47,-1,168.0,156.0,20.0,19.0,1.000000
47,-1,196.0,28.0,19.0,21.0,1.000000
47,-1,257.0,353.0,22.0,18.0,1.000000
47,-1,265.0,238.0,19.0,20.0,1.000000
47,-1,277.0,121.0,20.0,19.0,1.000000
47,-1,312.0,36.0,21.0,18.0,1.000000
47,-1,372.0,293.0,17.0,17.0,1.000000
47,-1,380.0,167.0,18.0,19.0,1.000000
47,-1,395.0,412.0,18.0,19.0,1.000000
47,-1,410.0,51.0,19.0,20.0,1.000000
47,-1,461.0,265.0,16.0,17.0,1.000000
47,-1,469.0,157.0,21.0,19.0,1.000000
47,-1,528.0,384.0,21.0,18.0,1.000000
47,-1,585.0,296.0,17.0,20.0,1.000000
47,-1,587.0,109.0,17.0,16.0,1.000000
47,-1,618.0,204.0,17.0,19.0,1.000000
48,-1,140.0,403.0,20.0,19.0,1.000000
48,-1,154.0,272.0,19.0,19.0,1.000000
48,-1,158.0,0.0,22.0,19.0,1.000000
48,-1,168.0,156.0,20.0,19.0,1.000000
48,-1,196.0,28.0,19.0,21.0,1.000000
48,-1,257.0,353.0,22.0,18.0,1.000000
48,-1,265.0,239.0,19.0,20.0,1.000000
48,-1,277.0,121.0,20.0,19.0,1.000000
48,-1,312.0,36.0,21.0,18.0,1.000000
48,-1,372.0,293.0,17.0,17.0,1.000000
48,-1,380.0,167.0,18.0,19.0,1.000000
48,-1,395.0,412.0,18.0,19.0,1.000000
48,-1,410.0,51.0,19.0,20.0,1.000000
48,-1,461.0,265.0,16.0,17.0,1.000000
48,-1,469.0,157.0,21.0,19.0,1.000000
48,-1,528.0,384.0,21.0,18.0,1.000000
48,-1,585.0,296.0,17.0,20.0,1.000000
48,-1,587.0,109.0,17.0,16.0,1.000000
48,-1,618.0,204.0,17.0,19.0,1.000000
49,-1,141.0,404.0,20.0,19.0,1.000000
49,-1,157.0,273.0,19.0,19.0,1.000000
49,-1,158.0,0.0,22.0,19.0,1.000000
49,-1,169.0,156.0,20.0,19.0,1.000000
49,-1,195.0,28.0,19.0,21.0,1.000000
49,-1,257.0,353.0,22.0,18.0,1.000000
49,-1,265.0,238.0,19.0,20.0,1.000000
49,-1,277.0,121.0,20.0,19.0,1.000000
49,-1,312.0,36.0,21.0,18.0,1.000000
49,-1,372.0,294.0,17.0,17.0,1.000000
49,-1,380.0,167.0,18.0,19.0,1.000000
49,-1,393.0,413.0,18.0,19.0,1.000000
49,-1,408.0,51.0,19.0,20.0,1.000000
49,-1,461.0,264.0,17.0,18.0,1.000000
49,-1,469.0,156.0,21.0,19.0,1.000000
49,-1,526.0,383.0,21.0,18.0,1.000000
49,-1,585.0,296.0,17.0,20.0,1.000000
49,-1,587.0,111.0,17.0,16.0,1.000000
49,-1,619.0,205.0,17.0,19.0,1.000000
50,-1,140.0,403.0,21.0,20.0,1.000000
50,-1,157.0,274.0,20.0,20.0,1.000000
50,-1,161.0,-6.0,22.0,19.0,1.000000
50,-1,169.0,156.0,20.0,19.0,1.000000
50,-1,192.0,27.0,19.0,21.0,1.000000
50,-1,257.0,353.0,22.0,18.0,1.000000
50,-1,266.0,238.0,19.0,20.0,1.000000
50,-1,277.0,121.0,20.0,19.0,1.000000
50,-1,308.0,33.0,21.0,17.0,1.000000
50,-1,372.0,294.0,17.0,17.0,1.000000
50,-1,380.0,167.0,18.0,19.0,1.000000
50,-1,390.0,413.0,17.0,18.0,1.000000
50,-1,405.0,50.0,19.0,20.0,1.000000
50,-1,462.0,262.0,16.0,17.0,1.000000
50,-1,469.0,155.0,21.0,19.0,1.000000
50,-1,523.0,379.0,21.0,19.0,1.000000
50,-1,584.0,296.0,17.0,20.0,1.000000
50,-1,587.0,116.0,17.0,16.0,1.000000
50,-1,621.0,207.0,17.0,19.0,1.000000
51,-1,140.0,403.0,21.0,20.0,1.000000
51,-1,158.0,274.0,20.0,20.0,1.000000
51,-1,170.0,156.0,20.0,19.0,1.000000
51,-1,191.0,27.0,19.0,21.0,1.000000
51,-1,257.0,353.0,22.0,18.0,1.000000
51,-1,266.0,238.0,19.0,20.0,1.000000
51,-1,278.0,117.0,21.0,20.0,1.000000
51,-1,307.0,32.0,21.0,17.0,1.000000
51,-1,373.0,295.0,17.0,17.0,1.000000
51,-1,380.0,167.0,18.0,19.0,1.000000
51,-1,388.0,414.0,17.0,18.0,1.000000
51,-1,405.0,50.0,19.0,20.0,1.000000
51,-1,462.0,262.0,16.0,17.0,1.000000
51,-1,469.0,154.0,21.0,19.0,1.000000
51,-1,521.0,378.0,21.0,19.0,1.000000
51,-1,584.0,296.0,17.0,20.0,1.000000
51,-1,587.0,118.0,17.0,16.0,1.000000
51,-1,622.0,209.0,17.0,19.0,1.000000
52,-1,140.0,403.0,21.0,20.0,1.000000
52,-1,158.0,274.0,20.0,20.0,1.000000
52,-1,170.0,156.0,20.0,19.0,1.000000
52,-1,190.0,28.0,19.0,21.0,1.000000
52,-1,257.0,353.0,22.0,18.0,1.000000
52,-1,266.0,238.0,19.0,20.0,1.000000
52,-1,278.0,116.0,20.0,19.0,1.000000
52,-1,305.0,31.0,21.0,17.0,1.000000
52,-1,373.0,295.0,17.0,17.0,1.000000
52,-1,380.0,167.0,18.0,19.0,1.000000
52,-1,387.0,414.0,18.0,19.0,1.000000
52,-1,405.0,51.0,19.0,20.0,1.000000
52,-1,462.0,260.0,17.0,18.0,1.000000
52,-1,469.0,154.0,21.0,19.0,1.000000
52,-1,519.0,377.0,21.0,19.0,1.000000
52,-1,584.0,296.0,17.0,20.0,1.000000
52,-1,587.0,121.0,17.0,16.0,1.000000
52,-1,623.0,210.0,17.0,19.0,1.000000
53,-1,140.0,403.0,21.0,20.0,1.000000
53,-1,158.0,274.0,20.0,20.0,1.000000
53,-1,170.0,156.0,20.0,19.0,1.000000
53,-1,190.0,28.0,19.0,21.0,1.000000
53,-1,257.0,353.0,22.0,18.0,1.000000
53,-1,266.0,238.0,19.0,20.0,1.000000
53,-1,278.0,116.0,20.0,19.0,1.000000
53,-1,305.0,31.0,21.0,17.0,1.000000
53,-1,373.0,295.0,17.0,17.0,1.000000
53,-1,380.0,167.0,18.0,19.0,1.000000
53,-1,387.0,414.0,18.0,19.0,1.000000
53,-1,405.0,51.0,19.0,20.0,1.000000
53,-1,462.0,260.0,17.0,18.0,1.000000
53,-1,469.0,154.0,21.0,19.0,1.000000
53,-1,519.0,377.0,21.0,19.0,1.000000
53,-1,584.0,296.0,17.0,20.0,1.000000
53,-1,587.0,121.0,17.0,16.0,1.000000
53,-1,623.0,210.0,17.0,19.0,1.000000
54,-1,140.0,403.0,21.0,20.0,1.000000
54,-1,157.0,273.0,20.0,20.0,1.000000
54,-1,170.0,157.0,20.0,19.0,1.000000
54,-1,190.0,27.0,19.0,21.0,1.000000
54,-1,257.0,352.0,22.0,18.0,1.000000
54,-1,266.0,237.0,18.0,19.0,1.000000
54,-1,278.0,116.0,20.0,19.0,1.000000
54,-1,303.0,31.0,20.0,16.0,1.000000
54,-1,373.0,295.0,17.0,17.0,1.000000
54,-1,380.0,166.0,18.0,19.0,1.000000
54,-1,384.0,415.0,17.0,18.0,1.000000
54,-1,400.0,51.0,19.0,20.0,1.000000
54,-1,464.0,259.0,17.0,18.0,1.000000
54,-1,470.0,152.0,21.0,19.0,1.000000
54,-1,515.0,375.0,21.0,19.0,1.000000
54,-1,584.0,296.0,17.0,20.0,1.000000
54,-1,587.0,126.0,17.0,16.0,1.000000
54,-1,625.0,213.0,17.0,19.0,1.000000
55,-1,140.0,403.0,21.0,20.0,1.000000
55,-1,157.0,273.0,20.0,20.0,1.000000
55,-1,170.0,157.0,20.0,19.0,1.000000
55,-1,190.0,27.0,19.0,21.0,1.000000
55,-1,257.0,352.0,22.0,18.0,1.000000
55,-1,266.0,237.0,18.0,19.0,1.000000
55,-1,279.0,116.0,20.0,19.0,1.000000
55,-1,302.0,30.0,20.0,16.0,1.000000
55,-1,373.0,296.0,17.0,17.0,1.000000
55,-1,380.0,166.0,18.0,19.0,1.000000
55,-1,383.0,415.0,16.0,17.0,1.000000
55,-1,399.0,51.0,19.0,20.0,1.000000
55,-1,464.0,258.0,17.0,18.0,1.000000
55,-1,470.0,152.0,21.0,19.0,1.000000
55,-1,515.0,375.0,21.0,19.0,1.000000
55,-1,584.0,296.0,17.0,20.0,1.000000
55,-1,587.0,128.0,17.0,16.0,1.000000
55,-1,625.0,213.0,17.0,19.0,1.000000
56,-1,140.0,403.0,21.0,20.0,1.000000
56,-1,157.0,273.0,20.0,20.0,1.000000
56,-1,171.0,157.0,19.0,19.0,1.000000
56,-1,190.0,27.0,19.0,21.0,1.000000
56,-1,257.0,352.0,22.0,18.0,1.000000
56,-1,266.0,237.0,18.0,19.0,1.000000
56,-1,279.0,116.0,20.0,19.0,1.000000
56,-1,300.0,29.0,20.0,16.0,1.000000
56,-1,373.0,296.0,17.0,17.0,1.000000
56,-1,380.0,166.0,18.0,19.0,1.000000
56,-1,382.0,415.0,17.0,18.0,1.000000
56,-1,397.0,51.0,19.0,20.0,1.000000
56,-1,464.0,257.0,17.0,18.0,1.000000
56,-1,471.0,151.0,21.0,19.0,1.000000
56,-1,512.0,374.0,21.0,19.0,1.000000
56,-1,584.0,296.0,17.0,20.0,1.000000
56,-1,587.0,131.0,17.0,16.0,1.000000
56,-1,626.0,214.0,17.0,19.0,1.000000
57,-1,142.0,404.0,21.0,20.0,1.000000
57,-1,157.0,273.0,20.0,20.0,1.000000
57,-1,171.0,157.0,19.0,18.0,1.000000
57,-1,186.0,27.0,19.0,21.0,1.000000
57,-1,257.0,352.0,22.0,18.0,1.000000
57,-1,266.0,237.0,18.0,19.0,1.000000
57,-1,279.0,112.0,20.0,19.0,1.000000
57,-1,296.0,26.0,21.0,19.0,1.000000
57,-1,373.0,296.0,17.0,17.0,1.000000
57,-1,380.0,166.0,18.0,19.0,1.000000
57,-1,380.0,416.0,17.0,18.0,1.000000
57,-1,395.0,51.0,19.0,20.0,1.000000
57,-1,466.0,255.0,17.0,18.0,1.000000
57,-1,471.0,150.0,21.0,19.0,1.000000
57,-1,509.0,372.0,21.0,19.0,1.000000
57,-1,583.0,297.0,17.0,20.0,1.000000
57,-1,587.0,136.0,17.0,16.0,1.000000
57,-1,628.0,216.0,17.0,19.0,1.000000
58,-1,142.0,404.0,21.0,20.0,1.000000
58,-1,157.0,273.0,20.0,20.0,1.000000
58,-1,171.0,157.0,19.0,18.0,1.000000
58,-1,186.0,27.0,19.0,21.0,1.000000
58,-1,257.0,352.0,22.0,18.0,1.000000
58,-1,266.0,237.0,18.0,19.0,1.000000
58,-1,279.0,112.0,20.0,19.0,1.000000
58,-1,296.0,26.0,21.0,19.0,1.000000
58,-1,373.0,296.0,17.0,17.0,1.000000
58,-1,380.0,166.0,18.0,19.0,1.000000
58,-1,380.0,416.0,17.0,18.0,1.000000
58,-1,395.0,51.0,19.0,20.0,1.000000
58,-1,466.0,255.0,17.0,18.0,1.000000
58,-1,471.0,150.0,21.0,19.0,1.000000
58,-1,509.0,372.0,21.0,19.0,1.000000
58,-1,583.0,297.0,17.0,20.0,1.000000
58,-1,587.0,136.0,17.0,16.0,1.000000
58,-1,628.0,216.0,17.0,19.0,1.000000
59,-1,142.0,404.0,21.0,20.0,1.000000
59,-1,157.0,273.0,20.0,20.0,1.000000
59,-1,171.0,157.0,19.0,18.0,1.000000
59,-1,186.0,27.0,19.0,21.0,1.000000
59,-1,257.0,352.0,22.0,18.0,1.000000
59,-1,266.0,237.0,18.0,19.0,1.000000
59,-1,279.0,112.0,20.0,19.0,1.000000
59,-1,295.0,25.0,21.0,19.0,1.000000
59,-1,373.0,296.0,17.0,17.0,1.000000
59,-1,379.0,416.0,17.0,18.0,1.000000
59,-1,380.0,166.0,18.0,19.0,1.000000
59,-1,394.0,51.0,19.0,20.0,1.000000
59,-1,466.0,254.0,17.0,18.0,1.000000
59,-1,471.0,149.0,21.0,19.0,1.000000
59,-1,507.0,371.0,21.0,19.0,1.000000
59,-1,583.0,297.0,17.0,20.0,1.000000
59,-1,588.0,139.0,17.0,16.0,1.000000
59,-1,628.0,216.0,17.0,19.0,1.000000
60,-1,142.0,404.0,21.0,20.0,1.000000
60,-1,157.0,273.0,20.0,20.0,1.000000
60,-1,171.0,157.0,19.0,18.0,1.000000
60,-1,186.0,27.0,19.0,21.0,1.000000
60,-1,257.0,352.0,22.0,18.0,1.000000
60,-1,267.0,237.0,18.0,19.0,1.000000
60,-1,279.0,112.0,20.0,19.0,1.000000
60,-1,296.0,26.0,21.0,19.0,1.000000
60,-1,373.0,296.0,17.0,17.0,1.000000
60,-1,378.0,416.0,18.0,19.0,1.000000
60,-1,380.0,166.0,18.0,19.0,1.000000
60,-1,393.0,51.0,19.0,20.0,1.000000
60,-1,467.0,254.0,16.0,17.0,1.000000
60,-1,471.0,149.0,21.0,19.0,1.000000
60,-1,506.0,370.0,20.0,19.0,1.000000
60,-1,583.0,297.0,17.0,20.0,1.000000
60,-1,588.0,141.0,17.0,16.0,1.000000
60,-1,629.0,217.0,17.0,19.0,1.000000
61,-1,142.0,404.0,21.0,20.0,1.000000
61,-1,157.0,273.0,20.0,20.0,1.000000
61,-1,171.0,157.0,19.0,18.0,1.000000
61,-1,186.0,27.0,19.0,21.0,1.000000
61,-1,261.0,352.0,18.0,18.0,1.000000
61,-1,267.0,237.0,18.0,19.0,1.000000
61,-1,279.0,111.0,20.0,19.0,1.000000
61,-1,292.0,20.0,21.0,19.0,1.000000
61,-1,373.0,296.0,17.0,17.0,1.000000
61,-1,374.0,418.0,17.0,18.0,1.000000
61,-1,380.0,166.0,18.0,19.0,1.000000
61,-1,393.0,51.0,19.0,20.0,1.000000
61,-1,468.0,252.0,17.0,18.0,1.000000
61,-1,472.0,145.0,20.0,20.0,1.000000
61,-1,503.0,368.0,20.0,18.0,1.000000
61,-1,583.0,297.0,17.0,20.0,1.000000
61,-1,588.0,146.0,17.0,16.0,1.000000
61,-1,636.0,222.0,17.0,18.0,1.000000
62,-1,142.0,404.0,21.0,20.0,1.000000
62,-1,157.0,273.0,20.0,20.0,1.000000
62,-1,171.0,157.0,19.0,18.0,1.000000
62,-1,184.0,26.0,19.0,21.0,1.000000
62,-1,261.0,352.0,18.0,18.0,1.000000
62,-1,267.0,236.0,18.0,19.0,1.000000
62,-1,279.0,111.0,20.0,19.0,1.000000
62,-1,291.0,19.0,22.0,20.0,1.000000
62,-1,373.0,296.0,17.0,17.0,1.000000
62,-1,373.0,418.0,17.0,10.0,1.000000
62,-1,380.0,166.0,18.0,19.0,1.000000
62,-1,390.0,51.0,19.0,20.0,1.000000
62,-1,469.0,251.0,17.0,18.0,1.000000
62,-1,472.0,145.0,20.0,20.0,1.000000
62,-1,502.0,367.0,20.0,18.0,1.000000
62,-1,582.0,297.0,17.0,20.0,1.000000
62,-1,588.0,148.0,17.0,16.0,1.000000
62,-1,637.0,223.0,17.0,18.0,1.000000
63,-1,142.0,404.0,21.0,20.0,1.000000
63,-1,157.0,273.0,20.0,20.0,1.000000
63,-1,171.0,157.0,19.0,18.0,1.000000
63,-1,184.0,26.0,19.0,21.0,1.000000
63,-1,261.0,352.0,18.0,18.0,1.000000
63,-1,267.0,236.0,18.0,19.0,1.000000
63,-1,279.0,111.0,20.0,19.0,1.000000
63,-1,291.0,19.0,22.0,20.0,1.000000
63,-1,373.0,296.0,17.0,17.0,1.000000
63,-1,373.0,418.0,17.0,10.0,1.000000
63,-1,380.0,166.0,18.0,19.0,1.000000
63,-1,390.0,51.0,19.0,20.0,1.000000
63,-1,469.0,251.0,17.0,18.0,1.000000
63,-1,472.0,145.0,20.0,20.0,1.000000
63,-1,502.0,367.0,20.0,18.0,1.000000
63,-1,582.0,297.0,17.0,20.0,1.000000
63,-1,588.0,149.0,17.0,16.0,1.000000
63,-1,637.0,223.0,17.0,18.0,1.000000
64,-1,142.0,404.0,21.0,20.0,1.000000
64,-1,157.0,273.0,20.0,20.0,1.000000
64,-1,171.0,157.0,19.0,18.0,1.000000
64,-1,183.0,26.0,19.0,21.0,1.000000
64,-1,261.0,352.0,18.0,18.0,1.000000
64,-1,267.0,236.0,18.0,19.0,1.000000
64,-1,279.0,111.0,20.0,19.0,1.000000
64,-1,292.0,20.0,21.0,19.0,1.000000
64,-1,372.0,418.0,19.0,12.0,1.000000
64,-1,373.0,296.0,17.0,17.0,1.000000
64,-1,380.0,166.0,18.0,19.0,1.000000
64,-1,390.0,51.0,19.0,20.0,1.000000
64,-1,469.0,250.0,17.0,18.0,1.000000
64,-1,472.0,145.0,20.0,20.0,1.000000
64,-1,500.0,366.0,20.0,18.0,1.000000
64,-1,582.0,297.0,17.0,20.0,1.000000
64,-1,589.0,151.0,16.0,16.0,1.000000
64,-1,639.0,224.0,17.0,18.0,1.000000
65,-1,142.0,404.0,21.0,20.0,1.000000
65,-1,157.0,273.0,20.0,20.0,1.000000
65,-1,171.0,157.0,20.0,19.0,1.000000
65,-1,182.0,26.0,19.0,21.0,1.000000
65,-1,261.0,352.0,18.0,18.0,1.000000
65,-1,267.0,236.0,18.0,19.0,1.000000
65,-1,279.0,111.0,20.0,19.0,1.000000
65,-1,289.0,16.0,21.0,19.0,1.000000
65,-1,372.0,296.0,17.0,17.0,1.000000
65,-1,380.0,166.0,18.0,19.0,1.000000
65,-1,388.0,51.0,19.0,20.0,1.000000
65,-1,470.0,249.0,17.0,18.0,1.000000
65,-1,474.0,142.0,20.0,20.0,1.000000
65,-1,498.0,365.0,20.0,18.0,1.000000
65,-1,582.0,297.0,17.0,20.0,1.000000
65,-1,589.0,155.0,16.0,15.0,1.000000
65,-1,639.0,225.0,17.0,18.0,1.000000
66,-1,142.0,404.0,21.0,20.0,1.000000
66,-1,157.0,273.0,20.0,20.0,1.000000
66,-1,171.0,157.0,20.0,19.0,1.000000
66,-1,182.0,26.0,19.0,21.0,1.000000
66,-1,261.0,351.0,18.0,18.0,1.000000
66,-1,267.0,236.0,18.0,19.0,1.000000
66,-1,279.0,111.0,20.0,19.0,1.000000
66,-1,288.0,15.0,21.0,19.0,1.000000
66,-1,372.0,296.0,17.0,17.0,1.000000
66,-1,380.0,166.0,18.0,19.0,1.000000
66,-1,387.0,51.0,19.0,20.0,1.000000
66,-1,471.0,248.0,17.0,18.0,1.000000
66,-1,474.0,141.0,20.0,20.0,1.000000
66,-1,498.0,365.0,20.0,18.0,1.000000
66,-1,582.0,297.0,17.0,20.0,1.000000
66,-1,589.0,158.0,16.0,16.0,1.000000
66,-1,640.0,225.0,17.0,18.0,1.000000
67,-1,142.0,404.0,21.0,20.0,1.000000
67,-1,157.0,273.0,20.0,20.0,1.000000
67,-1,171.0,157.0,20.0,19.0,1.000000
67,-1,181.0,26.0,19.0,21.0,1.000000
67,-1,261.0,351.0,18.0,18.0,1.000000
67,-1,267.0,236.0,18.0,19.0,1.000000
67,-1,279.0,111.0,20.0,19.0,1.000000
67,-1,289.0,16.0,21.0,19.0,1.000000
67,-1,372.0,296.0,17.0,17.0,1.000000
67,-1,380.0,166.0,18.0,19.0,1.000000
67,-1,386.0,51.0,19.0,20.0,1.000000
67,-1,471.0,247.0,17.0,18.0,1.000000
67,-1,475.0,140.0,20.0,20.0,1.000000
67,-1,495.0,363.0,20.0,18.0,1.000000
67,-1,582.0,297.0,17.0,20.0,1.000000
67,-1,589.0,160.0,16.0,16.0,1.000000
67,-1,645.0,229.0,17.0,18.0,1.000000
68,-1,142.0,404.0,21.0,20.0,1.000000
68,-1,157.0,273.0,20.0,20.0,1.000000
68,-1,171.0,157.0,20.0,19.0,1.000000
68,-1,181.0,26.0,19.0,21.0,1.000000
68,-1,261.0,351.0,18.0,18.0,1.000000
68,-1,267.0,236.0,18.0,19.0,1.000000
68,-1,279.0,111.0,20.0,19.0,1.000000
68,-1,289.0,16.0,21.0,19.0,1.000000
68,-1,372.0,296.0,17.0,17.0,1.000000
68,-1,380.0,166.0,18.0,19.0,1.000000
68,-1,386.0,51.0,19.0,20.0,1.000000
68,-1,471.0,248.0,17.0,18.0,1.000000
68,-1,475.0,140.0,20.0,20.0,1.000000
68,-1,495.0,363.0,20.0,18.0,1.000000
68,-1,582.0,297.0,17.0,20.0,1.000000
68,-1,589.0,160.0,16.0,16.0,1.000000
68,-1,645.0,229.0,17.0,18.0,1.000000
69,-1,142.0,403.0,21.0,20.0,1.000000
69,-1,157.0,273.0,20.0,20.0,1.000000
69,-1,171.0,157.0,20.0,19.0,1.000000
69,-1,181.0,26.0,19.0,21.0,1.000000
69,-1,261.0,351.0,18.0,18.0,1.000000
69,-1,267.0,236.0,18.0,19.0,1.000000
69,-1,279.0,111.0,20.0,19.0,1.000000
69,-1,285.0,12.0,21.0,19.0,1.000000
69,-1,372.0,297.0,17.0,17.0,1.000000
69,-1,380.0,166.0,18.0,19.0,1.000000
69,-1,385.0,51.0,19.0,20.0,1.000000
69,-1,472.0,247.0,17.0,18.0,1.000000
69,-1,476.0,138.0,20.0,20.0,1.000000
69,-1,495.0,363.0,20.0,18.0,1.000000
69,-1,581.0,298.0,17.0,20.0,1.000000
69,-1,589.0,164.0,17.0,16.0,1.000000
69,-1,645.0,229.0,17.0,18.0,1.000000
70,-1,142.0,403.0,21.0,20.0,1.000000
70,-1,157.0,273.0,20.0,20.0,1.000000
70,-1,171.0,157.0,20.0,19.0,1.000000
70,-1,180.0,26.0,18.0,20.0,1.000000
70,-1,261.0,351.0,18.0,18.0,1.000000
70,-1,267.0,236.0,18.0,19.0,1.000000
70,-1,279.0,111.0,20.0,19.0,1.000000
70,-1,285.0,10.0,22.0,20.0,1.000000
70,-1,372.0,297.0,17.0,17.0,1.000000
70,-1,380.0,166.0,18.0,19.0,1.000000
70,-1,385.0,51.0,19.0,20.0,1.000000
70,-1,472.0,246.0,17.0,18.0,1.000000
70,-1,476.0,137.0,20.0,20.0,1.000000
70,-1,492.0,361.0,20.0,18.0,1.000000
70,-1,581.0,298.0,17.0,20.0,1.000000
70,-1,589.0,166.0,17.0,16.0,1.000000
70,-1,645.0,229.0,17.0,18.0,1.000000
71,-1,142.0,403.0,21.0,20.0,1.000000
71,-1,157.0,273.0,20.0,20.0,1.000000
71,-1,171.0,157.0,20.0,19.0,1.000000
71,-1,180.0,25.0,19.0,21.0,1.000000
71,-1,261.0,351.0,18.0,18.0,1.000000
71,-1,267.0,236.0,18.0,19.0,1.000000
71,-1,279.0,111.0,20.0,19.0,1.000000
71,-1,284.0,10.0,21.0,19.0,1.000000
71,-1,372.0,297.0,17.0,17.0,1.000000
71,-1,380.0,166.0,18.0,19.0,1.000000
71,-1,384.0,51.0,19.0,20.0,1.000000
71,-1,472.0,245.0,17.0,18.0,1.000000
71,-1,476.0,136.0,20.0,20.0,1.000000
71,-1,491.0,361.0,20.0,18.0,1.000000
71,-1,581.0,298.0,17.0,20.0,1.000000
71,-1,589.0,167.0,17.0,16.0,1.000000
71,-1,645.0,229.0,17.0,18.0,1.000000
72,-1,142.0,403.0,21.0,20.0,1.000000
72,-1,157.0,273.0,20.0,20.0,1.000000
72,-1,170.0,157.0,20.0,19.0,1.000000
72,-1,179.0,25.0,19.0,21.0,1.000000
72,-1,261.0,351.0,18.0,18.0,1.000000
72,-1,267.0,236.0,18.0,19.0,1.000000
72,-1,279.0,111.0,20.0,19.0,1.000000
72,-1,282.0,5.0,21.0,19.0,1.000000
72,-1,371.0,297.0,17.0,17.0,1.000000
72,-1,380.0,166.0,18.0,19.0,1.000000
72,-1,383.0,51.0,19.0,20.0,1.000000
72,-1,473.0,245.0,17.0,18.0,1.000000
72,-1,477.0,137.0,20.0,20.0,1.000000
72,-1,490.0,360.0,20.0,18.0,1.000000
72,-1,581.0,298.0,17.0,20.0,1.000000
72,-1,590.0,171.0,17.0,16.0,1.000000
72,-1,654.0,237.0,17.0,18.0,1.000000
73,-1,142.0,403.0,21.0,20.0,1.000000
73,-1,157.0,273.0,20.0,20.0,1.000000
73,-1,170.0,157.0,20.0,19.0,1.000000
73,-1,179.0,25.0,19.0,21.0,1.000000
73,-1,261.0,351.0,18.0,18.0,1.000000
73,-1,267.0,236.0,18.0,19.0,1.000000
73,-1,279.0,111.0,20.0,19.0,1.000000
73,-1,282.0,5.0,21.0,19.0,1.000000
73,-1,371.0,297.0,17.0,17.0,1.000000
73,-1,380.0,166.0,18.0,19.0,1.000000
73,-1,384.0,51.0,19.0,20.0,1.000000
73,-1,473.0,245.0,17.0,18.0,1.000000
73,-1,477.0,137.0,20.0,20.0,1.000000
73,-1,490.0,360.0,20.0,18.0,1.000000
73,-1,581.0,298.0,17.0,20.0,1.000000
73,-1,590.0,171.0,17.0,16.0,1.000000
73,-1,654.0,237.0,17.0,18.0,1.000000
74,-1,142.0,403.0,21.0,20.0,1.000000
74,-1,157.0,272.0,20.0,20.0,1.000000
74,-1,170.0,157.0,20.0,19.0,1.000000
74,-1,179.0,25.0,19.0,21.0,1.000000
74,-1,261.0,351.0,18.0,18.0,1.000000
74,-1,267.0,236.0,18.0,19.0,1.000000
74,-1,279.0,111.0,19.0,18.0,1.000000
74,-1,281.0,4.0,22.0,20.0,1.000000
74,-1,371.0,297.0,17.0,17.0,1.000000
74,-1,380.0,166.0,18.0,19.0,1.000000
74,-1,383.0,51.0,19.0,20.0,1.000000
74,-1,473.0,245.0,17.0,18.0,1.000000
74,-1,476.0,136.0,20.0,20.0,1.000000
74,-1,489.0,359.0,20.0,18.0,1.000000
74,-1,581.0,298.0,17.0,20.0,1.000000
74,-1,590.0,173.0,17.0,16.0,1.000000
74,-1,654.0,237.0,17.0,18.0,1.000000
75,-1,142.0,403.0,21.0,20.0,1.000000
75,-1,157.0,272.0,20.0,20.0,1.000000
75,-1,170.0,157.0,20.0,19.0,1.000000
75,-1,178.0,25.0,19.0,21.0,1.000000
75,-1,261.0,351.0,18.0,18.0,1.000000
75,-1,267.0,236.0,18.0,19.0,1.000000
75,-1,279.0,111.0,20.0,19.0,1.000000
75,-1,280.0,3.0,22.0,20.0,1.000000
75,-1,371.0,297.0,17.0,17.0,1.000000
75,-1,380.0,167.0,18.0,19.0,1.000000
75,-1,383.0,51.0,19.0,20.0,1.000000
75,-1,473.0,244.0,17.0,18.0,1.000000
75,-1,476.0,136.0,20.0,20.0,1.000000
75,-1,489.0,359.0,20.0,18.0,1.000000
75,-1,581.0,298.0,17.0,20.0,1.000000
75,-1,590.0,174.0,16.0,16.0,1.000000
75,-1,657.0,238.0,17.0,18.0,1.000000
76,-1,142.0,403.0,21.0,20.0,1.000000
76,-1,157.0,272.0,20.0,20.0,1.000000
76,-1,170.0,157.0,20.0,19.0,1.000000
76,-1,177.0,25.0,19.0,21.0,1.000000
76,-1,261.0,351.0,18.0,18.0,1.000000
76,-1,267.0,236.0,18.0,19.0,1.000000
76,-1,279.0,111.0,20.0,19.0,1.000000
76,-1,280.0,2.0,21.0,19.0,1.000000
76,-1,371.0,297.0,17.0,17.0,1.000000
76,-1,380.0,167.0,18.0,19.0,1.000000
76,-1,383.0,51.0,19.0,20.0,1.000000
76,-1,473.0,244.0,17.0,18.0,1.000000
76,-1,479.0,134.0,20.0,20.0,1.000000
76,-1,489.0,359.0,20.0,18.0,1.000000
76,-1,581.0,298.0,17.0,20.0,1.000000
76,-1,590.0,176.0,17.0,16.0,1.000000
76,-1,657.0,238.0,17.0,18.0,1.000000
77,-1,142.0,403.0,21.0,20.0,1.000000
77,-1,154.0,270.0,19.0,19.0,1.000000
77,-1,170.0,157.0,20.0,19.0,1.000000
77,-1,177.0,24.0,19.0,21.0,1.000000
77,-1,261.0,350.0,18.0,18.0,1.000000
77,-1,267.0,235.0,18.0,19.0,1.000000
77,-1,279.0,0.0,21.0,19.0,1.000000
77,-1,279.0,111.0,20.0,19.0,1.000000
77,-1,371.0,297.0,17.0,17.0,1.000000
77,-1,380.0,167.0,18.0,19.0,1.000000
77,-1,382.0,52.0,19.0,20.0,1.000000
77,-1,473.0,244.0,16.0,17.0,1.000000
77,-1,479.0,133.0,21.0,21.0,1.000000
77,-1,488.0,359.0,21.0,18.0,1.000000
77,-1,581.0,298.0,17.0,20.0,1.000000
77,-1,590.0,179.0,16.0,15.0,1.000000
77,-1,654.0,237.0,17.0,18.0,1.000000
78,-1,142.0,403.0,21.0,20.0,1.000000
78,-1,154.0,270.0,19.0,19.0,1.000000
78,-1,170.0,157.0,20.0,19.0,1.000000
78,-1,177.0,24.0,19.0,21.0,1.000000
78,-1,261.0,350.0,18.0,18.0,1.000000
78,-1,267.0,235.0,18.0,19.0,1.000000
78,-1,279.0,0.0,21.0,19.0,1.000000
78,-1,279.0,111.0,20.0,19.0,1.000000
78,-1,371.0,297.0,17.0,17.0,1.000000
78,-1,380.0,167.0,18.0,19.0,1.000000
78,-1,382.0,52.0,19.0,20.0,1.000000
78,-1,473.0,244.0,16.0,17.0,1.000000
78,-1,479.0,133.0,21.0,21.0,1.000000
78,-1,488.0,359.0,21.0,18.0,1.000000
78,-1,581.0,298.0,17.0,20.0,1.000000
78,-1,590.0,179.0,16.0,15.0,1.000000
78,-1,654.0,237.0,17.0,18.0,1.000000
79,-1,142.0,403.0,21.0,20.0,1.000000
79,-1,154.0,270.0,19.0,19.0,1.000000
79,-1,170.0,157.0,20.0,19.0,1.000000
79,-1,177.0,24.0,19.0,21.0,1.000000
79,-1,261.0,350.0,18.0,18.0,1.000000
79,-1,267.0,235.0,18.0,19.0,1.000000
79,-1,279.0,-1.0,21.0,19.0,1.000000
79,-1,279.0,111.0,20.0,19.0,1.000000
79,-1,371.0,297.0,17.0,17.0,1.000000
79,-1,380.0,167.0,18.0,19.0,1.000000
79,-1,382.0,52.0,19.0,20.0,1.000000
79,-1,473.0,244.0,17.0,18.0,1.000000
79,-1,480.0,132.0,20.0,20.0,1.000000
79,-1,491.0,360.0,23.0,20.0,1.000000
79,-1,580.0,298.0,17.0,20.0,1.000000
79,-1,590.0,181.0,16.0,15.0,1.000000
79,-1,662.0,242.0,17.0,18.0,1.000000
80,-1,142.0,403.0,21.0,20.0,1.000000
80,-1,155.0,274.0,20.0,20.0,1.000000
80,-1,170.0,157.0,20.0,19.0,1.000000
80,-1,177.0,24.0,19.0,21.0,1.000000
80,-1,261.0,350.0,18.0,18.0,1.000000
80,-1,267.0,235.0,18.0,19.0,1.000000
80,-1,278.0,-2.0,21.0,19.0,1.000000
80,-1,279.0,111.0,20.0,19.0,1.000000
80,-1,370.0,297.0,17.0,17.0,1.000000
80,-1,380.0,167.0,18.0,19.0,1.000000
80,-1,382.0,52.0,19.0,20.0,1.000000
80,-1,473.0,244.0,17.0,18.0,1.000000
80,-1,481.0,131.0,20.0,20.0,1.000000
80,-1,484.0,358.0,23.0,21.0,1.000000
80,-1,580.0,298.0,17.0,20.0,1.000000
80,-1,590.0,182.0,16.0,15.0,1.000000
80,-1,663.0,243.0,16.0,17.0,1.000000
81,-1,142.0,402.0,21.0,20.0,1.000000
81,-1,155.0,274.0,20.0,20.0,1.000000
81,-1,170.0,157.0,20.0,19.0,1.000000
81,-1,176.0,24.0,19.0,21.0,1.000000
81,-1,261.0,350.0,18.0,18.0,1.000000
81,-1,267.0,235.0,18.0,19.0,1.000000
81,-1,278.0,-2.0,21.0,19.0,1.000000
81,-1,279.0,111.0,20.0,19.0,1.000000
81,-1,370.0,298.0,17.0,17.0,1.000000
81,-1,380.0,167.0,18.0,19.0,1.000000
81,-1,382.0,52.0,19.0,20.0,1.000000
81,-1,473.0,244.0,17.0,18.0,1.000000
81,-1,482.0,130.0,20.0,20.0,1.000000
81,-1,483.0,357.0,24.0,22.0,1.000000
81,-1,580.0,298.0,17.0,20.0,1.000000
81,-1,590.0,185.0,16.0,15.0,1.000000
81,-1,666.0,244.0,17.0,18.0,1.000000
82,-1,142.0,402.0,21.0,20.0,1.000000
82,-1,155.0,274.0,20.0,20.0,1.000000
82,-1,170.0,157.0,20.0,19.0,1.000000
82,-1,176.0,24.0,19.0,21.0,1.000000
82,-1,261.0,350.0,18.0,18.0,1.000000
82,-1,267.0,235.0,18.0,19.0,1.000000
82,-1,278.0,-2.0,16.0,18.0,1.000000
82,-1,279.0,111.0,20.0,19.0,1.000000
82,-1,370.0,298.0,17.0,17.0,1.000000
82,-1,380.0,167.0,18.0,19.0,1.000000
82,-1,382.0,52.0,19.0,20.0,1.000000
82,-1,473.0,244.0,16.0,17.0,1.000000
82,-1,482.0,129.0,20.0,20.0,1.000000
82,-1,483.0,357.0,24.0,22.0,1.000000
82,-1,580.0,298.0,17.0,20.0,1.000000
82,-1,590.0,186.0,16.0,15.0,1.000000
82,-1,667.0,244.0,16.0,17.0,1.000000
83,-1,142.0,402.0,21.0,20.0,1.000000
83,-1,155.0,274.0,20.0,20.0,1.000000
83,-1,170.0,157.0,20.0,19.0,1.000000
83,-1,176.0,24.0,19.0,21.0,1.000000
83,-1,261.0,350.0,18.0,18.0,1.000000
83,-1,267.0,235.0,18.0,19.0,1.000000
83,-1,278.0,0.0,16.0,16.0,1.000000
83,-1,279.0,111.0,20.0,19.0,1.000000
83,-1,370.0,298.0,17.0,17.0,1.000000
83,-1,380.0,167.0,18.0,19.0,1.000000
83,-1,382.0,52.0,19.0,20.0,1.000000
83,-1,473.0,244.0,16.0,17.0,1.000000
83,-1,482.0,129.0,20.0,20.0,1.000000
83,-1,483.0,357.0,24.0,22.0,1.000000
83,-1,580.0,298.0,17.0,20.0,1.000000
83,-1,590.0,186.0,16.0,15.0,1.000000
83,-1,667.0,244.0,16.0,17.0,1.000000
