1,-1,506.0,707.0,22.0,16.0,1.000000
1,-1,509.0,620.0,22.0,19.0,1.000000
1,-1,913.0,672.0,23.0,19.0,1.000000
1,-1,1217.0,741.0,18.0,16.0,1.000000
1,-1,1577.0,762.0,19.0,17.0,1.000000
1,-1,1586.0,542.0,30.0,23.0,1.000000
2,-1,512.0,621.0,22.0,19.0,1.000000
2,-1,513.0,708.0,22.0,16.0,1.000000
2,-1,917.0,672.0,23.0,19.0,1.000000
2,-1,1222.0,741.0,17.0,16.0,1.000000
2,-1,1584.0,762.0,19.0,17.0,1.000000
2,-1,1593.0,542.0,30.0,23.0,1.000000
3,-1,514.0,621.0,22.0,19.0,1.000000
3,-1,519.0,708.0,22.0,16.0,1.000000
3,-1,921.0,672.0,23.0,19.0,1.000000
3,-1,1227.0,741.0,18.0,16.0,1.000000
3,-1,1591.0,762.0,19.0,17.0,1.000000
3,-1,1599.0,542.0,30.0,23.0,1.000000
4,-1,517.0,621.0,22.0,19.0,1.000000
4,-1,525.0,708.0,22.0,16.0,1.000000
4,-1,925.0,673.0,23.0,19.0,1.000000
4,-1,1232.0,741.0,18.0,16.0,1.000000
4,-1,1598.0,762.0,19.0,17.0,1.000000
4,-1,1606.0,542.0,30.0,23.0,1.000000
5,-1,519.0,622.0,22.0,19.0,1.000000
5,-1,531.0,708.0,22.0,16.0,1.000000
5,-1,929.0,674.0,23.0,19.0,1.000000
5,-1,1237.0,742.0,18.0,16.0,1.000000
5,-1,1605.0,762.0,19.0,17.0,1.000000
5,-1,1612.0,542.0,30.0,23.0,1.000000
6,-1,521.0,623.0,22.0,19.0,1.000000
6,-1,537.0,709.0,22.0,16.0,1.000000
6,-1,933.0,674.0,23.0,19.0,1.000000
6,-1,1242.0,742.0,18.0,16.0,1.000000
6,-1,1612.0,762.0,19.0,17.0,1.000000
6,-1,1618.0,542.0,31.0,23.0,1.000000
7,-1,523.0,624.0,22.0,19.0,1.000000
7,-1,544.0,710.0,21.0,16.0,1.000000
7,-1,937.0,674.0,23.0,19.0,1.000000
7,-1,1246.0,742.0,18.0,16.0,1.000000
7,-1,1619.0,761.0,19.0,17.0,1.000000
7,-1,1624.0,541.0,30.0,23.0,1.000000
8,-1,525.0,625.0,21.0,18.0,1.000000
8,-1,550.0,710.0,21.0,16.0,1.000000
8,-1,941.0,674.0,23.0,19.0,1.000000
8,-1,1251.0,741.0,18.0,16.0,1.000000
8,-1,1625.0,759.0,19.0,17.0,1.000000
8,-1,1630.0,540.0,30.0,23.0,1.000000
9,-1,525.0,626.0,21.0,18.0,1.000000
9,-1,554.0,711.0,21.0,15.0,1.000000
9,-1,943.0,675.0,23.0,19.0,1.000000
9,-1,1255.0,741.0,18.0,16.0,1.000000
9,-1,1631.0,758.0,19.0,17.0,1.000000
9,-1,1634.0,539.0,30.0,23.0,1.000000
10,-1,523.0,628.0,21.0,18.0,1.000000
10,-1,556.0,712.0,21.0,16.0,1.000000
10,-1,942.0,675.0,23.0,19.0,1.000000
10,-1,1255.0,741.0,18.0,16.0,1.000000
10,-1,1632.0,757.0,19.0,17.0,1.000000
10,-1,1634.0,539.0,31.0,23.0,1.000000
11,-1,520.0,629.0,21.0,18.0,1.000000
11,-1,556.0,713.0,21.0,16.0,1.000000
11,-1,940.0,676.0,23.0,19.0,1.000000
11,-1,1255.0,741.0,18.0,16.0,1.000000
11,-1,1634.0,758.0,19.0,17.0,1.000000
11,-1,1635.0,539.0,30.0,23.0,1.000000
12,-1,517.0,630.0,21.0,18.0,1.000000
12,-1,558.0,714.0,21.0,15.0,1.000000
12,-1,940.0,677.0,23.0,19.0,1.000000
12,-1,1255.0,742.0,18.0,16.0,1.000000
12,-1,1634.0,539.0,30.0,23.0,1.000000
12,-1,1636.0,758.0,19.0,17.0,1.000000
13,-1,515.0,632.0,21.0,18.0,1.000000
13,-1,559.0,715.0,21.0,16.0,1.000000
13,-1,939.0,678.0,23.0,19.0,1.000000
13,-1,1256.0,743.0,18.0,16.0,1.000000
13,-1,1634.0,539.0,31.0,24.0,1.000000
13,-1,1637.0,758.0,19.0,17.0,1.000000
14,-1,512.0,633.0,21.0,18.0,1.000000
14,-1,561.0,716.0,21.0,15.0,1.000000
14,-1,938.0,679.0,23.0,19.0,1.000000
14,-1,1256.0,744.0,18.0,16.0,1.000000
14,-1,1635.0,541.0,30.0,23.0,1.000000
14,-1,1639.0,758.0,19.0,17.0,1.000000
15,-1,509.0,634.0,21.0,18.0,1.000000
15,-1,562.0,716.0,21.0,15.0,1.000000
15,-1,937.0,679.0,23.0,19.0,1.000000
15,-1,1257.0,744.0,18.0,16.0,1.000000
15,-1,1635.0,542.0,29.0,22.0,1.000000
15,-1,1641.0,758.0,19.0,17.0,1.000000
16,-1,506.0,634.0,21.0,18.0,1.000000
16,-1,562.0,716.0,21.0,15.0,1.000000
16,-1,936.0,679.0,23.0,19.0,1.000000
16,-1,1256.0,744.0,18.0,16.0,1.000000
16,-1,1634.0,541.0,29.0,23.0,1.000000
16,-1,1642.0,758.0,19.0,17.0,1.000000
17,-1,504.0,635.0,20.0,18.0,1.000000
17,-1,564.0,717.0,21.0,15.0,1.000000
17,-1,935.0,680.0,23.0,19.0,1.000000
17,-1,1257.0,744.0,18.0,16.0,1.000000
17,-1,1632.0,541.0,31.0,24.0,1.000000
17,-1,1644.0,758.0,19.0,17.0,1.000000
18,-1,500.0,636.0,21.0,18.0,1.000000
18,-1,564.0,717.0,21.0,15.0,1.000000
18,-1,933.0,680.0,23.0,19.0,1.000000
18,-1,1258.0,745.0,18.0,16.0,1.000000
18,-1,1631.0,542.0,30.0,23.0,1.000000
18,-1,1646.0,758.0,19.0,17.0,1.000000
19,-1,498.0,638.0,21.0,18.0,1.000000
19,-1,566.0,718.0,21.0,15.0,1.000000
19,-1,933.0,682.0,23.0,19.0,1.000000
19,-1,1258.0,746.0,18.0,16.0,1.000000
19,-1,1631.0,544.0,30.0,23.0,1.000000
19,-1,1648.0,759.0,19.0,17.0,1.000000
20,-1,495.0,639.0,20.0,18.0,1.000000
20,-1,567.0,719.0,21.0,15.0,1.000000
20,-1,932.0,682.0,23.0,19.0,1.000000
20,-1,1259.0,746.0,18.0,16.0,1.000000
20,-1,1629.0,544.0,30.0,23.0,1.000000
20,-1,1648.0,758.0,19.0,17.0,1.000000
21,-1,492.0,641.0,21.0,18.0,1.000000
21,-1,567.0,720.0,21.0,16.0,1.000000
21,-1,931.0,685.0,23.0,19.0,1.000000
21,-1,1259.0,748.0,18.0,16.0,1.000000
21,-1,1628.0,547.0,29.0,22.0,1.000000
21,-1,1650.0,761.0,19.0,17.0,1.000000
22,-1,489.0,643.0,21.0,18.0,1.000000
22,-1,569.0,722.0,21.0,16.0,1.000000
22,-1,930.0,687.0,23.0,19.0,1.000000
22,-1,1260.0,750.0,18.0,16.0,1.000000
22,-1,1626.0,549.0,31.0,24.0,1.000000
22,-1,1652.0,762.0,19.0,17.0,1.000000
23,-1,487.0,646.0,21.0,18.0,1.000000
23,-1,571.0,724.0,21.0,15.0,1.000000
23,-1,929.0,689.0,23.0,19.0,1.000000
23,-1,1261.0,752.0,18.0,16.0,1.000000
23,-1,1625.0,552.0,31.0,24.0,1.000000
23,-1,1654.0,764.0,19.0,17.0,1.000000
24,-1,485.0,649.0,20.0,17.0,1.000000
24,-1,571.0,727.0,21.0,15.0,1.000000
24,-1,928.0,692.0,23.0,19.0,1.000000
24,-1,1261.0,754.0,18.0,16.0,1.000000
24,-1,1623.0,555.0,31.0,24.0,1.000000
24,-1,1655.0,767.0,19.0,17.0,1.000000
25,-1,481.0,652.0,20.0,17.0,1.000000
25,-1,572.0,729.0,21.0,15.0,1.000000
25,-1,927.0,695.0,22.0,18.0,1.000000
25,-1,1261.0,757.0,18.0,16.0,1.000000
25,-1,1620.0,559.0,30.0,23.0,1.000000
25,-1,1656.0,769.0,19.0,17.0,1.000000
26,-1,477.0,656.0,20.0,17.0,1.000000
26,-1,571.0,733.0,22.0,16.0,1.000000
26,-1,924.0,699.0,23.0,19.0,1.000000
26,-1,1261.0,760.0,18.0,16.0,1.000000
26,-1,1617.0,563.0,30.0,23.0,1.000000
26,-1,1656.0,773.0,19.0,17.0,1.000000
27,-1,474.0,661.0,20.0,17.0,1.000000
27,-1,573.0,738.0,21.0,15.0,1.000000
27,-1,923.0,704.0,23.0,19.0,1.000000
27,-1,1261.0,765.0,18.0,16.0,1.000000
27,-1,1615.0,569.0,30.0,23.0,1.000000
27,-1,1657.0,778.0,19.0,17.0,1.000000
28,-1,471.0,667.0,20.0,17.0,1.000000
28,-1,572.0,743.0,21.0,15.0,1.000000
28,-1,921.0,709.0,22.0,19.0,1.000000
28,-1,1261.0,770.0,18.0,16.0,1.000000
28,-1,1612.0,575.0,30.0,23.0,1.000000
28,-1,1657.0,784.0,19.0,17.0,1.000000
29,-1,468.0,672.0,20.0,17.0,1.000000
29,-1,573.0,748.0,21.0,15.0,1.000000
29,-1,920.0,715.0,23.0,19.0,1.000000
29,-1,1261.0,775.0,18.0,16.0,1.000000
29,-1,1610.0,581.0,29.0,22.0,1.000000
29,-1,1658.0,789.0,19.0,17.0,1.000000
30,-1,465.0,676.0,20.0,17.0,1.000000
30,-1,574.0,751.0,21.0,16.0,1.000000
30,-1,919.0,718.0,23.0,19.0,1.000000
30,-1,1262.0,778.0,18.0,16.0,1.000000
30,-1,1608.0,585.0,29.0,22.0,1.000000
30,-1,1660.0,793.0,19.0,17.0,1.000000
31,-1,462.0,678.0,20.0,17.0,1.000000
31,-1,575.0,753.0,21.0,15.0,1.000000
31,-1,918.0,720.0,23.0,19.0,1.000000
31,-1,1262.0,780.0,18.0,16.0,1.000000
31,-1,1604.0,588.0,29.0,22.0,1.000000
31,-1,1660.0,794.0,19.0,17.0,1.000000
32,-1,459.0,679.0,20.0,17.0,1.000000
32,-1,575.0,754.0,21.0,16.0,1.000000
32,-1,916.0,722.0,23.0,19.0,1.000000
32,-1,1263.0,781.0,18.0,16.0,1.000000
32,-1,1601.0,590.0,29.0,22.0,1.000000
32,-1,1661.0,796.0,20.0,18.0,1.000000
33,-1,456.0,681.0,20.0,17.0,1.000000
33,-1,576.0,755.0,21.0,15.0,1.000000
33,-1,915.0,722.0,23.0,19.0,1.000000
33,-1,1263.0,781.0,18.0,16.0,1.000000
33,-1,1599.0,592.0,29.0,22.0,1.000000
33,-1,1662.0,797.0,19.0,17.0,1.000000
34,-1,454.0,682.0,20.0,17.0,1.000000
34,-1,576.0,755.0,21.0,15.0,1.000000
34,-1,914.0,724.0,22.0,18.0,1.000000
34,-1,1264.0,782.0,17.0,16.0,1.000000
34,-1,1597.0,594.0,29.0,22.0,1.000000
34,-1,1664.0,798.0,20.0,18.0,1.000000
35,-1,450.0,684.0,20.0,17.0,1.000000
35,-1,577.0,758.0,21.0,15.0,1.000000
35,-1,913.0,726.0,22.0,18.0,1.000000
35,-1,1265.0,784.0,18.0,16.0,1.000000
35,-1,1594.0,596.0,29.0,22.0,1.000000
35,-1,1665.0,800.0,20.0,18.0,1.000000
36,-1,447.0,685.0,20.0,17.0,1.000000
36,-1,577.0,758.0,22.0,16.0,1.000000
36,-1,910.0,727.0,23.0,19.0,1.000000
36,-1,1264.0,785.0,18.0,16.0,1.000000
36,-1,1590.0,598.0,29.0,22.0,1.000000
36,-1,1664.0,801.0,20.0,18.0,1.000000
37,-1,444.0,685.0,20.0,17.0,1.000000
37,-1,577.0,759.0,21.0,15.0,1.000000
37,-1,909.0,728.0,23.0,19.0,1.000000
37,-1,1264.0,785.0,18.0,16.0,1.000000
37,-1,1587.0,600.0,28.0,22.0,1.000000
37,-1,1665.0,802.0,20.0,18.0,1.000000
38,-1,439.0,685.0,20.0,18.0,1.000000
38,-1,576.0,758.0,21.0,15.0,1.000000
38,-1,906.0,728.0,23.0,19.0,1.000000
38,-1,1263.0,786.0,18.0,16.0,1.000000
38,-1,1583.0,602.0,29.0,22.0,1.000000
38,-1,1664.0,804.0,20.0,18.0,1.000000
39,-1,435.0,686.0,20.0,17.0,1.000000
39,-1,576.0,759.0,21.0,15.0,1.000000
39,-1,904.0,729.0,23.0,19.0,1.000000
39,-1,1262.0,787.0,18.0,16.0,1.000000
39,-1,1579.0,604.0,28.0,22.0,1.000000
39,-1,1664.0,805.0,20.0,18.0,1.000000
40,-1,432.0,686.0,20.0,17.0,1.000000
40,-1,576.0,759.0,21.0,15.0,1.000000
40,-1,902.0,730.0,23.0,19.0,1.000000
40,-1,1263.0,788.0,18.0,16.0,1.000000
40,-1,1577.0,606.0,29.0,22.0,1.000000
40,-1,1664.0,807.0,20.0,18.0,1.000000
41,-1,430.0,688.0,20.0,17.0,1.000000
41,-1,576.0,760.0,21.0,16.0,1.000000
41,-1,901.0,732.0,23.0,19.0,1.000000
41,-1,1263.0,790.0,18.0,16.0,1.000000
41,-1,1574.0,610.0,28.0,22.0,1.000000
41,-1,1665.0,810.0,20.0,18.0,1.000000
42,-1,428.0,690.0,20.0,17.0,1.000000
42,-1,577.0,763.0,22.0,16.0,1.000000
42,-1,900.0,735.0,23.0,19.0,1.000000
42,-1,1264.0,793.0,18.0,16.0,1.000000
42,-1,1572.0,614.0,28.0,21.0,1.000000
42,-1,1666.0,813.0,20.0,18.0,1.000000
43,-1,425.0,694.0,20.0,17.0,1.000000
43,-1,578.0,767.0,22.0,16.0,1.000000
43,-1,898.0,739.0,23.0,19.0,1.000000
43,-1,1265.0,798.0,18.0,16.0,1.000000
43,-1,1572.0,621.0,27.0,21.0,1.000000
43,-1,1669.0,819.0,20.0,18.0,1.000000
44,-1,422.0,700.0,21.0,18.0,1.000000
44,-1,578.0,773.0,21.0,16.0,1.000000
44,-1,897.0,746.0,23.0,19.0,1.000000
44,-1,1266.0,804.0,18.0,16.0,1.000000
44,-1,1570.0,628.0,27.0,20.0,1.000000
44,-1,1670.0,827.0,20.0,18.0,1.000000
45,-1,419.0,706.0,20.0,18.0,1.000000
45,-1,578.0,779.0,22.0,16.0,1.000000
45,-1,896.0,753.0,23.0,19.0,1.000000
45,-1,1266.0,811.0,18.0,16.0,1.000000
45,-1,1568.0,636.0,27.0,20.0,1.000000
45,-1,1671.0,835.0,20.0,18.0,1.000000
46,-1,416.0,713.0,20.0,18.0,1.000000
46,-1,579.0,785.0,22.0,16.0,1.000000
46,-1,895.0,759.0,22.0,18.0,1.000000
46,-1,1267.0,818.0,18.0,16.0,1.000000
46,-1,1565.0,643.0,27.0,21.0,1.000000
46,-1,1672.0,842.0,20.0,18.0,1.000000
47,-1,414.0,719.0,20.0,18.0,1.000000
47,-1,579.0,792.0,22.0,16.0,1.000000
47,-1,894.0,766.0,23.0,19.0,1.000000
47,-1,1268.0,825.0,18.0,16.0,1.000000
47,-1,1564.0,652.0,26.0,20.0,1.000000
47,-1,1673.0,849.0,20.0,18.0,1.000000
48,-1,411.0,722.0,20.0,18.0,1.000000
48,-1,579.0,795.0,22.0,16.0,1.000000
48,-1,892.0,770.0,23.0,19.0,1.000000
48,-1,1268.0,828.0,18.0,16.0,1.000000
48,-1,1561.0,657.0,26.0,20.0,1.000000
48,-1,1673.0,854.0,20.0,18.0,1.000000
49,-1,408.0,723.0,20.0,18.0,1.000000
49,-1,579.0,796.0,22.0,16.0,1.000000
49,-1,891.0,772.0,23.0,19.0,1.000000
49,-1,1268.0,831.0,18.0,16.0,1.000000
49,-1,1559.0,659.0,26.0,20.0,1.000000
49,-1,1674.0,856.0,20.0,18.0,1.000000
50,-1,406.0,723.0,20.0,17.0,1.000000
50,-1,581.0,796.0,21.0,15.0,1.000000
50,-1,890.0,772.0,23.0,19.0,1.000000
50,-1,1269.0,831.0,18.0,16.0,1.000000
50,-1,1558.0,661.0,26.0,20.0,1.000000
50,-1,1675.0,857.0,20.0,18.0,1.000000
51,-1,404.0,721.0,20.0,17.0,1.000000
51,-1,581.0,794.0,21.0,16.0,1.000000
51,-1,889.0,772.0,22.0,18.0,1.000000
51,-1,1269.0,830.0,18.0,16.0,1.000000
51,-1,1556.0,662.0,25.0,19.0,1.000000
51,-1,1675.0,857.0,20.0,18.0,1.000000
52,-1,401.0,721.0,20.0,17.0,1.000000
52,-1,581.0,794.0,22.0,16.0,1.000000
52,-1,887.0,772.0,22.0,18.0,1.000000
52,-1,1269.0,831.0,18.0,16.0,1.000000
52,-1,1555.0,663.0,25.0,19.0,1.000000
52,-1,1675.0,858.0,19.0,17.0,1.000000
53,-1,398.0,720.0,20.0,17.0,1.000000
53,-1,580.0,794.0,21.0,15.0,1.000000
53,-1,884.0,772.0,22.0,18.0,1.000000
53,-1,1269.0,831.0,18.0,16.0,1.000000
53,-1,1552.0,665.0,25.0,20.0,1.000000
53,-1,1675.0,860.0,19.0,17.0,1.000000
54,-1,395.0,721.0,20.0,17.0,1.000000
54,-1,581.0,794.0,21.0,16.0,1.000000
54,-1,883.0,773.0,22.0,18.0,1.000000
54,-1,1269.0,833.0,18.0,16.0,1.000000
54,-1,1552.0,667.0,25.0,19.0,1.000000
54,-1,1675.0,862.0,19.0,17.0,1.000000
55,-1,393.0,721.0,20.0,17.0,1.000000
55,-1,581.0,794.0,21.0,15.0,1.000000
55,-1,881.0,773.0,22.0,18.0,1.000000
55,-1,1270.0,833.0,18.0,16.0,1.000000
55,-1,1551.0,669.0,25.0,19.0,1.000000
55,-1,1676.0,862.0,19.0,17.0,1.000000
56,-1,391.0,721.0,19.0,17.0,1.000000
56,-1,581.0,794.0,21.0,16.0,1.000000
56,-1,879.0,775.0,22.0,18.0,1.000000
56,-1,1270.0,834.0,18.0,16.0,1.000000
56,-1,1550.0,670.0,25.0,19.0,1.000000
56,-1,1676.0,864.0,19.0,17.0,1.000000
57,-1,389.0,722.0,19.0,16.0,1.000000
57,-1,582.0,794.0,21.0,15.0,1.000000
57,-1,879.0,776.0,22.0,18.0,1.000000
57,-1,1271.0,834.0,18.0,16.0,1.000000
57,-1,1551.0,672.0,26.0,20.0,1.000000
57,-1,1678.0,865.0,19.0,17.0,1.000000
58,-1,387.0,722.0,20.0,17.0,1.000000
58,-1,583.0,795.0,21.0,15.0,1.000000
58,-1,878.0,776.0,22.0,18.0,1.000000
58,-1,1272.0,835.0,18.0,16.0,1.000000
58,-1,1551.0,673.0,26.0,20.0,1.000000
58,-1,1679.0,866.0,19.0,17.0,1.000000
59,-1,385.0,723.0,19.0,16.0,1.000000
59,-1,583.0,795.0,21.0,15.0,1.000000
59,-1,876.0,776.0,22.0,19.0,1.000000
59,-1,1272.0,836.0,18.0,16.0,1.000000
59,-1,1551.0,674.0,26.0,20.0,1.000000
59,-1,1680.0,867.0,20.0,17.0,1.000000
60,-1,383.0,722.0,19.0,16.0,1.000000
60,-1,583.0,795.0,21.0,15.0,1.000000
60,-1,874.0,776.0,22.0,18.0,1.000000
60,-1,1272.0,835.0,18.0,16.0,1.000000
60,-1,1551.0,674.0,26.0,20.0,1.000000
60,-1,1680.0,867.0,19.0,17.0,1.000000
61,-1,382.0,722.0,19.0,16.0,1.000000
61,-1,585.0,795.0,21.0,15.0,1.000000
61,-1,874.0,776.0,22.0,18.0,1.000000
61,-1,1273.0,835.0,18.0,16.0,1.000000
61,-1,1552.0,674.0,26.0,20.0,1.000000
61,-1,1682.0,866.0,19.0,17.0,1.000000
62,-1,380.0,722.0,19.0,16.0,1.000000
62,-1,585.0,794.0,21.0,15.0,1.000000
62,-1,873.0,776.0,22.0,18.0,1.000000
62,-1,1274.0,834.0,18.0,16.0,1.000000
62,-1,1552.0,674.0,26.0,20.0,1.000000
62,-1,1682.0,866.0,19.0,17.0,1.000000
63,-1,379.0,722.0,19.0,16.0,1.000000
63,-1,585.0,794.0,21.0,15.0,1.000000
63,-1,871.0,776.0,22.0,18.0,1.000000
63,-1,1275.0,833.0,19.0,17.0,1.000000
63,-1,1553.0,674.0,26.0,20.0,1.000000
63,-1,1683.0,866.0,19.0,17.0,1.000000
64,-1,378.0,722.0,19.0,16.0,1.000000
64,-1,586.0,794.0,21.0,15.0,1.000000
64,-1,870.0,776.0,22.0,18.0,1.000000
64,-1,1275.0,834.0,18.0,16.0,1.000000
64,-1,1553.0,674.0,27.0,20.0,1.000000
64,-1,1683.0,865.0,19.0,17.0,1.000000
65,-1,377.0,722.0,18.0,16.0,1.000000
65,-1,586.0,794.0,21.0,15.0,1.000000
65,-1,868.0,776.0,22.0,18.0,1.000000
65,-1,1276.0,833.0,18.0,16.0,1.000000
65,-1,1553.0,673.0,27.0,20.0,1.000000
65,-1,1684.0,865.0,19.0,17.0,1.000000
66,-1,376.0,721.0,18.0,16.0,1.000000
66,-1,586.0,792.0,21.0,15.0,1.000000
66,-1,866.0,775.0,22.0,18.0,1.000000
66,-1,1276.0,832.0,18.0,16.0,1.000000
66,-1,1553.0,672.0,27.0,21.0,1.000000
66,-1,1684.0,864.0,19.0,17.0,1.000000
67,-1,375.0,721.0,18.0,16.0,1.000000
67,-1,586.0,792.0,21.0,15.0,1.000000
67,-1,865.0,775.0,22.0,18.0,1.000000
67,-1,1277.0,832.0,18.0,16.0,1.000000
67,-1,1554.0,672.0,26.0,20.0,1.000000
67,-1,1685.0,864.0,19.0,17.0,1.000000
68,-1,375.0,721.0,18.0,16.0,1.000000
68,-1,587.0,792.0,21.0,15.0,1.000000
68,-1,863.0,775.0,22.0,18.0,1.000000
68,-1,1278.0,831.0,19.0,17.0,1.000000
68,-1,1555.0,671.0,27.0,21.0,1.000000
68,-1,1686.0,863.0,19.0,17.0,1.000000
69,-1,374.0,720.0,19.0,16.0,1.000000
69,-1,587.0,791.0,21.0,15.0,1.000000
69,-1,862.0,774.0,22.0,18.0,1.000000
69,-1,1279.0,831.0,18.0,16.0,1.000000
69,-1,1556.0,670.0,27.0,21.0,1.000000
69,-1,1687.0,863.0,19.0,17.0,1.000000
70,-1,375.0,720.0,18.0,16.0,1.000000
70,-1,588.0,791.0,21.0,15.0,1.000000
70,-1,861.0,774.0,22.0,18.0,1.000000
70,-1,1281.0,830.0,18.0,16.0,1.000000
70,-1,1558.0,670.0,27.0,21.0,1.000000
70,-1,1689.0,862.0,19.0,17.0,1.000000
71,-1,376.0,720.0,18.0,16.0,1.000000
71,-1,590.0,791.0,20.0,15.0,1.000000
71,-1,861.0,774.0,22.0,18.0,1.000000
71,-1,1283.0,830.0,18.0,16.0,1.000000
71,-1,1560.0,670.0,27.0,21.0,1.000000
71,-1,1690.0,863.0,19.0,17.0,1.000000
72,-1,377.0,719.0,18.0,16.0,1.000000
72,-1,591.0,790.0,21.0,15.0,1.000000
72,-1,860.0,774.0,22.0,18.0,1.000000
72,-1,1285.0,829.0,18.0,16.0,1.000000
72,-1,1562.0,669.0,27.0,21.0,1.000000
72,-1,1692.0,862.0,19.0,17.0,1.000000
73,-1,378.0,719.0,19.0,16.0,1.000000
73,-1,592.0,790.0,21.0,15.0,1.000000
73,-1,859.0,774.0,22.0,18.0,1.000000
73,-1,1286.0,829.0,18.0,16.0,1.000000
73,-1,1564.0,670.0,27.0,20.0,1.000000
73,-1,1693.0,862.0,19.0,17.0,1.000000
74,-1,378.0,719.0,19.0,16.0,1.000000
74,-1,592.0,791.0,20.0,15.0,1.000000
74,-1,858.0,774.0,22.0,18.0,1.000000
74,-1,1287.0,830.0,18.0,16.0,1.000000
74,-1,1565.0,669.0,28.0,21.0,1.000000
74,-1,1693.0,862.0,19.0,17.0,1.000000
75,-1,379.0,719.0,19.0,16.0,1.000000
75,-1,592.0,791.0,21.0,15.0,1.000000
75,-1,856.0,774.0,22.0,18.0,1.000000
75,-1,1288.0,830.0,18.0,16.0,1.000000
75,-1,1567.0,670.0,27.0,21.0,1.000000
75,-1,1694.0,863.0,19.0,17.0,1.000000
76,-1,379.0,718.0,19.0,16.0,1.000000
76,-1,592.0,790.0,21.0,15.0,1.000000
76,-1,855.0,774.0,21.0,18.0,1.000000
76,-1,1289.0,830.0,18.0,16.0,1.000000
76,-1,1568.0,669.0,27.0,21.0,1.000000
76,-1,1695.0,862.0,19.0,17.0,1.000000
77,-1,381.0,719.0,19.0,16.0,1.000000
77,-1,593.0,790.0,21.0,15.0,1.000000
77,-1,854.0,774.0,22.0,18.0,1.000000
77,-1,1291.0,830.0,18.0,16.0,1.000000
77,-1,1570.0,669.0,27.0,21.0,1.000000
77,-1,1695.0,862.0,19.0,17.0,1.000000
78,-1,382.0,719.0,19.0,16.0,1.000000
78,-1,593.0,790.0,21.0,15.0,1.000000
78,-1,853.0,775.0,21.0,18.0,1.000000
78,-1,1292.0,830.0,18.0,16.0,1.000000
78,-1,1571.0,669.0,27.0,21.0,1.000000
78,-1,1697.0,863.0,19.0,17.0,1.000000
79,-1,383.0,720.0,19.0,16.0,1.000000
79,-1,594.0,792.0,21.0,15.0,1.000000
79,-1,851.0,776.0,22.0,18.0,1.000000
79,-1,1294.0,831.0,18.0,16.0,1.000000
79,-1,1573.0,670.0,27.0,21.0,1.000000
79,-1,1698.0,863.0,19.0,17.0,1.000000
80,-1,385.0,720.0,19.0,16.0,1.000000
80,-1,594.0,792.0,21.0,15.0,1.000000
80,-1,850.0,776.0,21.0,18.0,1.000000
80,-1,1295.0,831.0,18.0,16.0,1.000000
80,-1,1576.0,670.0,27.0,20.0,1.000000
80,-1,1699.0,863.0,19.0,17.0,1.000000
81,-1,386.0,721.0,19.0,16.0,1.000000
81,-1,595.0,792.0,21.0,15.0,1.000000
81,-1,849.0,776.0,22.0,18.0,1.000000
81,-1,1297.0,830.0,18.0,16.0,1.000000
81,-1,1577.0,669.0,27.0,21.0,1.000000
81,-1,1700.0,863.0,19.0,17.0,1.000000
82,-1,387.0,722.0,19.0,16.0,1.000000
82,-1,595.0,793.0,21.0,15.0,1.000000
82,-1,847.0,777.0,21.0,18.0,1.000000
82,-1,1298.0,830.0,18.0,16.0,1.000000
82,-1,1578.0,669.0,27.0,20.0,1.000000
82,-1,1700.0,862.0,18.0,16.0,1.000000
83,-1,388.0,722.0,19.0,17.0,1.000000
83,-1,595.0,793.0,21.0,15.0,1.000000
83,-1,846.0,777.0,21.0,18.0,1.000000
83,-1,1299.0,829.0,18.0,16.0,1.000000
83,-1,1580.0,668.0,27.0,20.0,1.000000
83,-1,1701.0,861.0,19.0,17.0,1.000000
84,-1,390.0,724.0,19.0,16.0,1.000000
84,-1,596.0,794.0,21.0,15.0,1.000000
84,-1,845.0,777.0,21.0,18.0,1.000000
84,-1,1301.0,829.0,18.0,16.0,1.000000
84,-1,1581.0,667.0,27.0,21.0,1.000000
84,-1,1702.0,859.0,19.0,17.0,1.000000
85,-1,392.0,725.0,19.0,17.0,1.000000
85,-1,597.0,795.0,21.0,15.0,1.000000
85,-1,845.0,778.0,21.0,18.0,1.000000
85,-1,1303.0,828.0,18.0,16.0,1.000000
85,-1,1584.0,666.0,27.0,21.0,1.000000
85,-1,1704.0,857.0,19.0,17.0,1.000000
86,-1,395.0,727.0,19.0,17.0,1.000000
86,-1,598.0,796.0,21.0,15.0,1.000000
86,-1,844.0,778.0,21.0,18.0,1.000000
86,-1,1306.0,827.0,18.0,16.0,1.000000
86,-1,1586.0,664.0,26.0,20.0,1.000000
86,-1,1705.0,854.0,19.0,17.0,1.000000
87,-1,397.0,729.0,19.0,17.0,1.000000
87,-1,600.0,798.0,21.0,15.0,1.000000
87,-1,844.0,778.0,22.0,18.0,1.000000
87,-1,1308.0,825.0,19.0,17.0,1.000000
87,-1,1588.0,661.0,26.0,20.0,1.000000
87,-1,1707.0,852.0,19.0,17.0,1.000000
88,-1,399.0,731.0,19.0,17.0,1.000000
88,-1,601.0,800.0,20.0,15.0,1.000000
88,-1,843.0,779.0,21.0,18.0,1.000000
88,-1,1310.0,824.0,18.0,16.0,1.000000
88,-1,1589.0,659.0,27.0,20.0,1.000000
88,-1,1709.0,849.0,19.0,17.0,1.000000
89,-1,401.0,733.0,19.0,17.0,1.000000
89,-1,601.0,800.0,21.0,15.0,1.000000
89,-1,843.0,779.0,22.0,18.0,1.000000
89,-1,1312.0,823.0,19.0,17.0,1.000000
89,-1,1590.0,657.0,26.0,20.0,1.000000
89,-1,1711.0,846.0,19.0,17.0,1.000000
90,-1,402.0,735.0,19.0,17.0,1.000000
90,-1,602.0,802.0,21.0,15.0,1.000000
90,-1,841.0,780.0,22.0,18.0,1.000000
90,-1,1315.0,822.0,18.0,16.0,1.000000
90,-1,1592.0,654.0,27.0,20.0,1.000000
90,-1,1712.0,843.0,19.0,17.0,1.000000
91,-1,404.0,736.0,20.0,17.0,1.000000
91,-1,603.0,803.0,21.0,15.0,1.000000
91,-1,841.0,781.0,22.0,18.0,1.000000
91,-1,1317.0,821.0,19.0,16.0,1.000000
91,-1,1592.0,653.0,27.0,21.0,1.000000
91,-1,1713.0,841.0,19.0,17.0,1.000000
92,-1,406.0,738.0,19.0,17.0,1.000000
92,-1,604.0,804.0,21.0,15.0,1.000000
92,-1,840.0,781.0,22.0,18.0,1.000000
92,-1,1318.0,820.0,18.0,16.0,1.000000
92,-1,1594.0,651.0,27.0,20.0,1.000000
92,-1,1715.0,838.0,19.0,17.0,1.000000
93,-1,409.0,739.0,20.0,17.0,1.000000
93,-1,605.0,805.0,21.0,15.0,1.000000
93,-1,840.0,781.0,22.0,18.0,1.000000
93,-1,1320.0,818.0,19.0,17.0,1.000000
93,-1,1595.0,650.0,26.0,20.0,1.000000
93,-1,1715.0,835.0,19.0,17.0,1.000000
94,-1,411.0,740.0,19.0,17.0,1.000000
94,-1,606.0,806.0,21.0,15.0,1.000000
94,-1,839.0,782.0,22.0,18.0,1.000000
94,-1,1323.0,819.0,18.0,16.0,1.000000
94,-1,1597.0,650.0,26.0,20.0,1.000000
94,-1,1717.0,835.0,19.0,17.0,1.000000
95,-1,414.0,740.0,20.0,17.0,1.000000
95,-1,607.0,806.0,21.0,15.0,1.000000
95,-1,839.0,782.0,22.0,18.0,1.000000
95,-1,1324.0,819.0,18.0,16.0,1.000000
95,-1,1597.0,650.0,26.0,20.0,1.000000
95,-1,1718.0,835.0,19.0,17.0,1.000000
96,-1,416.0,740.0,19.0,17.0,1.000000
96,-1,608.0,806.0,21.0,15.0,1.000000
96,-1,838.0,782.0,22.0,18.0,1.000000
96,-1,1326.0,818.0,18.0,16.0,1.000000
96,-1,1598.0,650.0,26.0,20.0,1.000000
96,-1,1719.0,834.0,19.0,17.0,1.000000
97,-1,418.0,740.0,20.0,17.0,1.000000
97,-1,609.0,806.0,21.0,15.0,1.000000
97,-1,838.0,782.0,22.0,18.0,1.000000
97,-1,1329.0,819.0,18.0,16.0,1.000000
97,-1,1599.0,650.0,27.0,21.0,1.000000
97,-1,1721.0,834.0,19.0,17.0,1.000000
98,-1,421.0,741.0,19.0,17.0,1.000000
98,-1,611.0,807.0,21.0,15.0,1.000000
98,-1,838.0,783.0,22.0,18.0,1.000000
98,-1,1331.0,819.0,18.0,16.0,1.000000
98,-1,1600.0,650.0,26.0,20.0,1.000000
98,-1,1722.0,834.0,19.0,17.0,1.000000
99,-1,424.0,742.0,19.0,17.0,1.000000
99,-1,612.0,807.0,21.0,15.0,1.000000
99,-1,838.0,784.0,22.0,18.0,1.000000
99,-1,1333.0,819.0,19.0,17.0,1.000000
99,-1,1600.0,651.0,27.0,20.0,1.000000
99,-1,1724.0,834.0,19.0,17.0,1.000000
100,-1,426.0,743.0,19.0,17.0,1.000000
100,-1,613.0,809.0,21.0,15.0,1.000000
100,-1,838.0,785.0,22.0,18.0,1.000000
100,-1,1335.0,820.0,18.0,16.0,1.000000
100,-1,1601.0,652.0,27.0,20.0,1.000000
100,-1,1725.0,835.0,19.0,17.0,1.000000
101,-1,428.0,745.0,19.0,17.0,1.000000
101,-1,614.0,811.0,21.0,15.0,1.000000
101,-1,836.0,787.0,22.0,18.0,1.000000
101,-1,1336.0,822.0,18.0,16.0,1.000000
101,-1,1600.0,653.0,27.0,21.0,1.000000
101,-1,1725.0,836.0,19.0,17.0,1.000000
102,-1,430.0,746.0,19.0,17.0,1.000000
102,-1,615.0,813.0,20.0,15.0,1.000000
102,-1,836.0,788.0,22.0,18.0,1.000000
102,-1,1337.0,823.0,18.0,16.0,1.000000
102,-1,1601.0,655.0,26.0,20.0,1.000000
102,-1,1727.0,836.0,19.0,17.0,1.000000
103,-1,432.0,747.0,19.0,16.0,1.000000
103,-1,616.0,813.0,21.0,15.0,1.000000
103,-1,835.0,789.0,21.0,18.0,1.000000
103,-1,1339.0,824.0,18.0,16.0,1.000000
103,-1,1600.0,656.0,26.0,20.0,1.000000
103,-1,1728.0,837.0,19.0,17.0,1.000000
104,-1,434.0,748.0,19.0,17.0,1.000000
104,-1,616.0,814.0,21.0,15.0,1.000000
104,-1,835.0,790.0,22.0,18.0,1.000000
104,-1,1340.0,825.0,18.0,16.0,1.000000
104,-1,1599.0,657.0,27.0,21.0,1.000000
104,-1,1728.0,837.0,19.0,17.0,1.000000
105,-1,435.0,748.0,19.0,17.0,1.000000
105,-1,616.0,814.0,21.0,15.0,1.000000
105,-1,833.0,791.0,22.0,18.0,1.000000
105,-1,1340.0,825.0,18.0,16.0,1.000000
105,-1,1599.0,658.0,27.0,20.0,1.000000
105,-1,1728.0,837.0,18.0,17.0,1.000000
106,-1,436.0,749.0,19.0,17.0,1.000000
106,-1,617.0,815.0,21.0,15.0,1.000000
106,-1,833.0,792.0,21.0,18.0,1.000000
106,-1,1341.0,826.0,19.0,17.0,1.000000
106,-1,1598.0,659.0,27.0,20.0,1.000000
106,-1,1728.0,837.0,18.0,17.0,1.000000
107,-1,438.0,750.0,19.0,17.0,1.000000
107,-1,617.0,817.0,21.0,15.0,1.000000
107,-1,832.0,793.0,22.0,18.0,1.000000
107,-1,1342.0,827.0,18.0,16.0,1.000000
107,-1,1596.0,660.0,27.0,21.0,1.000000
107,-1,1729.0,838.0,18.0,17.0,1.000000
108,-1,439.0,752.0,19.0,17.0,1.000000
108,-1,617.0,818.0,21.0,15.0,1.000000
108,-1,831.0,794.0,21.0,18.0,1.000000
108,-1,1343.0,828.0,18.0,16.0,1.000000
108,-1,1596.0,663.0,26.0,20.0,1.000000
108,-1,1728.0,839.0,19.0,17.0,1.000000
109,-1,441.0,752.0,19.0,16.0,1.000000
109,-1,618.0,818.0,21.0,15.0,1.000000
109,-1,830.0,795.0,21.0,18.0,1.000000
109,-1,1343.0,829.0,18.0,16.0,1.000000
109,-1,1594.0,663.0,27.0,20.0,1.000000
109,-1,1728.0,840.0,19.0,17.0,1.000000
110,-1,442.0,753.0,19.0,16.0,1.000000
110,-1,618.0,819.0,21.0,15.0,1.000000
110,-1,829.0,797.0,21.0,18.0,1.000000
110,-1,1344.0,831.0,18.0,16.0,1.000000
110,-1,1593.0,666.0,26.0,20.0,1.000000
110,-1,1729.0,842.0,19.0,17.0,1.000000
111,-1,444.0,754.0,19.0,16.0,1.000000
111,-1,619.0,820.0,21.0,15.0,1.000000
111,-1,828.0,798.0,22.0,18.0,1.000000
111,-1,1345.0,832.0,18.0,16.0,1.000000
111,-1,1593.0,668.0,26.0,20.0,1.000000
111,-1,1729.0,843.0,19.0,17.0,1.000000
112,-1,446.0,755.0,19.0,16.0,1.000000
112,-1,620.0,821.0,21.0,15.0,1.000000
112,-1,827.0,799.0,22.0,18.0,1.000000
112,-1,1346.0,834.0,18.0,16.0,1.000000
112,-1,1592.0,670.0,26.0,20.0,1.000000
112,-1,1730.0,845.0,19.0,17.0,1.000000
113,-1,448.0,755.0,19.0,17.0,1.000000
113,-1,620.0,822.0,21.0,16.0,1.000000
113,-1,827.0,800.0,22.0,18.0,1.000000
113,-1,1348.0,835.0,18.0,16.0,1.000000
113,-1,1592.0,672.0,26.0,20.0,1.000000
113,-1,1731.0,846.0,19.0,17.0,1.000000
114,-1,449.0,757.0,20.0,17.0,1.000000
114,-1,621.0,824.0,21.0,15.0,1.000000
114,-1,826.0,802.0,22.0,18.0,1.000000
114,-1,1348.0,837.0,18.0,16.0,1.000000
114,-1,1590.0,674.0,26.0,20.0,1.000000
114,-1,1731.0,847.0,19.0,17.0,1.000000
115,-1,450.0,758.0,19.0,17.0,1.000000
115,-1,621.0,825.0,21.0,15.0,1.000000
115,-1,826.0,803.0,22.0,18.0,1.000000
115,-1,1349.0,838.0,18.0,16.0,1.000000
115,-1,1589.0,676.0,26.0,20.0,1.000000
115,-1,1731.0,848.0,19.0,17.0,1.000000
116,-1,451.0,759.0,19.0,17.0,1.000000
116,-1,621.0,826.0,21.0,15.0,1.000000
116,-1,824.0,805.0,21.0,17.0,1.000000
116,-1,1349.0,839.0,18.0,16.0,1.000000
116,-1,1587.0,678.0,25.0,19.0,1.000000
116,-1,1731.0,849.0,19.0,17.0,1.000000
117,-1,452.0,759.0,19.0,17.0,1.000000
117,-1,621.0,827.0,21.0,15.0,1.000000
117,-1,823.0,805.0,21.0,18.0,1.000000
117,-1,1349.0,840.0,18.0,16.0,1.000000
117,-1,1585.0,679.0,26.0,20.0,1.000000
117,-1,1730.0,850.0,19.0,17.0,1.000000
118,-1,452.0,759.0,20.0,17.0,1.000000
118,-1,621.0,827.0,21.0,15.0,1.000000
118,-1,822.0,806.0,21.0,18.0,1.000000
118,-1,1349.0,841.0,18.0,16.0,1.000000
118,-1,1584.0,680.0,25.0,19.0,1.000000
118,-1,1730.0,851.0,19.0,17.0,1.000000
119,-1,454.0,759.0,20.0,17.0,1.000000
119,-1,621.0,827.0,21.0,15.0,1.000000
119,-1,822.0,807.0,20.0,17.0,1.000000
119,-1,1349.0,843.0,18.0,16.0,1.000000
119,-1,1582.0,682.0,26.0,20.0,1.000000
119,-1,1730.0,852.0,19.0,17.0,1.000000
120,-1,455.0,758.0,20.0,17.0,1.000000
120,-1,622.0,827.0,21.0,15.0,1.000000
120,-1,821.0,807.0,21.0,17.0,1.000000
120,-1,1350.0,844.0,18.0,16.0,1.000000
120,-1,1582.0,685.0,26.0,20.0,1.000000
120,-1,1731.0,854.0,19.0,17.0,1.000000
121,-1,457.0,758.0,20.0,17.0,1.000000
121,-1,623.0,827.0,21.0,15.0,1.000000
121,-1,821.0,808.0,21.0,17.0,1.000000
121,-1,1352.0,846.0,18.0,16.0,1.000000
121,-1,1582.0,687.0,25.0,19.0,1.000000
121,-1,1731.0,856.0,19.0,17.0,1.000000
122,-1,459.0,757.0,19.0,17.0,1.000000
122,-1,623.0,827.0,21.0,15.0,1.000000
122,-1,820.0,808.0,21.0,17.0,1.000000
122,-1,1352.0,848.0,18.0,16.0,1.000000
122,-1,1580.0,691.0,25.0,19.0,1.000000
122,-1,1731.0,859.0,19.0,17.0,1.000000
123,-1,460.0,756.0,19.0,17.0,1.000000
123,-1,622.0,827.0,21.0,15.0,1.000000
123,-1,819.0,809.0,21.0,17.0,1.000000
123,-1,1352.0,850.0,18.0,16.0,1.000000
123,-1,1579.0,693.0,26.0,20.0,1.000000
123,-1,1731.0,862.0,19.0,17.0,1.000000
124,-1,461.0,756.0,19.0,17.0,1.000000
124,-1,623.0,826.0,21.0,15.0,1.000000
124,-1,818.0,809.0,21.0,17.0,1.000000
124,-1,1352.0,852.0,18.0,16.0,1.000000
124,-1,1577.0,696.0,25.0,19.0,1.000000
124,-1,1730.0,865.0,19.0,17.0,1.000000
125,-1,462.0,755.0,19.0,17.0,1.000000
125,-1,623.0,827.0,21.0,15.0,1.000000
125,-1,818.0,810.0,21.0,17.0,1.000000
125,-1,1352.0,854.0,18.0,16.0,1.000000
125,-1,1576.0,699.0,25.0,19.0,1.000000
125,-1,1730.0,867.0,19.0,17.0,1.000000
126,-1,463.0,754.0,19.0,17.0,1.000000
126,-1,622.0,826.0,21.0,15.0,1.000000
126,-1,817.0,810.0,21.0,17.0,1.000000
126,-1,1351.0,855.0,18.0,16.0,1.000000
126,-1,1574.0,701.0,25.0,19.0,1.000000
126,-1,1729.0,869.0,19.0,17.0,1.000000
127,-1,463.0,753.0,19.0,16.0,1.000000
127,-1,622.0,825.0,21.0,15.0,1.000000
127,-1,817.0,809.0,21.0,17.0,1.000000
127,-1,1351.0,854.0,18.0,16.0,1.000000
127,-1,1572.0,702.0,25.0,19.0,1.000000
127,-1,1729.0,869.0,19.0,17.0,1.000000
128,-1,464.0,751.0,19.0,17.0,1.000000
128,-1,622.0,824.0,21.0,15.0,1.000000
128,-1,817.0,809.0,21.0,17.0,1.000000
128,-1,1351.0,854.0,18.0,16.0,1.000000
128,-1,1571.0,702.0,25.0,19.0,1.000000
128,-1,1728.0,868.0,19.0,17.0,1.000000
129,-1,464.0,750.0,19.0,17.0,1.000000
129,-1,621.0,823.0,21.0,15.0,1.000000
129,-1,816.0,808.0,21.0,17.0,1.000000
129,-1,1351.0,854.0,17.0,15.0,1.000000
129,-1,1568.0,702.0,24.0,19.0,1.000000
129,-1,1727.0,868.0,19.0,17.0,1.000000
130,-1,464.0,750.0,19.0,16.0,1.000000
130,-1,621.0,823.0,21.0,15.0,1.000000
130,-1,816.0,808.0,20.0,17.0,1.000000
130,-1,1350.0,855.0,18.0,16.0,1.000000
130,-1,1566.0,704.0,24.0,18.0,1.000000
130,-1,1726.0,869.0,19.0,17.0,1.000000
131,-1,464.0,750.0,19.0,16.0,1.000000
131,-1,620.0,824.0,20.0,15.0,1.000000
131,-1,814.0,809.0,20.0,17.0,1.000000
131,-1,1349.0,855.0,17.0,15.0,1.000000
131,-1,1563.0,704.0,24.0,19.0,1.000000
131,-1,1724.0,869.0,19.0,17.0,1.000000
132,-1,464.0,750.0,19.0,16.0,1.000000
132,-1,619.0,823.0,21.0,15.0,1.000000
132,-1,815.0,809.0,21.0,17.0,1.000000
132,-1,1349.0,856.0,17.0,15.0,1.000000
132,-1,1561.0,705.0,24.0,19.0,1.000000
132,-1,1724.0,869.0,19.0,17.0,1.000000
133,-1,465.0,750.0,19.0,17.0,1.000000
133,-1,619.0,824.0,20.0,15.0,1.000000
133,-1,815.0,809.0,20.0,17.0,1.000000
133,-1,1349.0,856.0,18.0,16.0,1.000000
133,-1,1560.0,707.0,24.0,19.0,1.000000
133,-1,1724.0,870.0,19.0,17.0,1.000000
134,-1,465.0,751.0,19.0,17.0,1.000000
134,-1,618.0,824.0,21.0,15.0,1.000000
134,-1,815.0,810.0,20.0,17.0,1.000000
134,-1,1348.0,857.0,18.0,16.0,1.000000
134,-1,1557.0,709.0,24.0,18.0,1.000000
134,-1,1723.0,871.0,19.0,17.0,1.000000
135,-1,466.0,751.0,19.0,17.0,1.000000
135,-1,618.0,825.0,20.0,15.0,1.000000
135,-1,815.0,810.0,21.0,17.0,1.000000
135,-1,1348.0,858.0,18.0,16.0,1.000000
135,-1,1556.0,710.0,24.0,18.0,1.000000
135,-1,1724.0,872.0,19.0,17.0,1.000000
136,-1,466.0,751.0,19.0,17.0,1.000000
136,-1,618.0,825.0,21.0,15.0,1.000000
136,-1,816.0,810.0,21.0,17.0,1.000000
136,-1,1348.0,858.0,18.0,16.0,1.000000
136,-1,1554.0,711.0,24.0,19.0,1.000000
136,-1,1723.0,872.0,19.0,17.0,1.000000
137,-1,466.0,751.0,19.0,17.0,1.000000
137,-1,616.0,825.0,21.0,15.0,1.000000
137,-1,816.0,811.0,21.0,17.0,1.000000
137,-1,1347.0,859.0,18.0,16.0,1.000000
137,-1,1552.0,712.0,24.0,18.0,1.000000
137,-1,1722.0,873.0,19.0,17.0,1.000000
138,-1,465.0,752.0,19.0,17.0,1.000000
138,-1,615.0,826.0,20.0,15.0,1.000000
138,-1,815.0,811.0,21.0,17.0,1.000000
138,-1,1345.0,860.0,18.0,16.0,1.000000
138,-1,1548.0,713.0,24.0,18.0,1.000000
138,-1,1720.0,874.0,19.0,17.0,1.000000
139,-1,463.0,751.0,19.0,17.0,1.000000
139,-1,612.0,826.0,21.0,15.0,1.000000
139,-1,814.0,811.0,21.0,17.0,1.000000
139,-1,1342.0,860.0,18.0,16.0,1.000000
139,-1,1544.0,714.0,24.0,19.0,1.000000
139,-1,1717.0,873.0,19.0,17.0,1.000000
140,-1,461.0,751.0,19.0,17.0,1.000000
140,-1,609.0,826.0,21.0,15.0,1.000000
140,-1,812.0,811.0,21.0,17.0,1.000000
140,-1,1339.0,860.0,18.0,16.0,1.000000
140,-1,1540.0,714.0,24.0,19.0,1.000000
140,-1,1714.0,874.0,19.0,17.0,1.000000
141,-1,460.0,751.0,19.0,17.0,1.000000
141,-1,607.0,826.0,21.0,15.0,1.000000
141,-1,812.0,811.0,21.0,17.0,1.000000
141,-1,1337.0,860.0,18.0,16.0,1.000000
141,-1,1536.0,715.0,24.0,18.0,1.000000
141,-1,1711.0,873.0,19.0,17.0,1.000000
142,-1,459.0,751.0,19.0,17.0,1.000000
142,-1,605.0,825.0,21.0,15.0,1.000000
142,-1,811.0,811.0,21.0,17.0,1.000000
142,-1,1335.0,860.0,18.0,16.0,1.000000
142,-1,1533.0,715.0,24.0,18.0,1.000000
142,-1,1709.0,873.0,19.0,17.0,1.000000
143,-1,458.0,751.0,19.0,17.0,1.000000
143,-1,603.0,825.0,21.0,15.0,1.000000
143,-1,811.0,811.0,21.0,17.0,1.000000
143,-1,1334.0,860.0,18.0,16.0,1.000000
143,-1,1530.0,716.0,24.0,18.0,1.000000
143,-1,1707.0,873.0,19.0,17.0,1.000000
144,-1,456.0,751.0,19.0,17.0,1.000000
144,-1,601.0,826.0,21.0,15.0,1.000000
144,-1,811.0,811.0,21.0,17.0,1.000000
144,-1,1332.0,861.0,18.0,16.0,1.000000
144,-1,1527.0,717.0,24.0,18.0,1.000000
144,-1,1705.0,874.0,19.0,17.0,1.000000
145,-1,455.0,752.0,19.0,16.0,1.000000
145,-1,599.0,826.0,21.0,15.0,1.000000
145,-1,811.0,811.0,20.0,17.0,1.000000
145,-1,1330.0,861.0,18.0,16.0,1.000000
145,-1,1523.0,718.0,24.0,18.0,1.000000
145,-1,1703.0,874.0,19.0,17.0,1.000000
146,-1,454.0,752.0,19.0,17.0,1.000000
146,-1,597.0,827.0,21.0,15.0,1.000000
146,-1,811.0,811.0,20.0,17.0,1.000000
146,-1,1328.0,862.0,18.0,16.0,1.000000
146,-1,1519.0,719.0,24.0,18.0,1.000000
146,-1,1701.0,874.0,19.0,17.0,1.000000
147,-1,454.0,752.0,19.0,17.0,1.000000
147,-1,596.0,827.0,21.0,15.0,1.000000
147,-1,812.0,812.0,21.0,17.0,1.000000
147,-1,1327.0,863.0,18.0,16.0,1.000000
147,-1,1517.0,720.0,24.0,18.0,1.000000
147,-1,1701.0,875.0,19.0,17.0,1.000000
148,-1,453.0,753.0,19.0,17.0,1.000000
148,-1,595.0,828.0,21.0,15.0,1.000000
148,-1,814.0,812.0,21.0,17.0,1.000000
148,-1,1327.0,863.0,18.0,16.0,1.000000
148,-1,1515.0,721.0,24.0,18.0,1.000000
148,-1,1700.0,876.0,19.0,17.0,1.000000
149,-1,453.0,753.0,19.0,17.0,1.000000
149,-1,594.0,828.0,21.0,15.0,1.000000
149,-1,815.0,812.0,21.0,17.0,1.000000
149,-1,1326.0,864.0,18.0,16.0,1.000000
149,-1,1513.0,722.0,24.0,18.0,1.000000
149,-1,1699.0,876.0,19.0,17.0,1.000000
150,-1,454.0,753.0,19.0,17.0,1.000000
150,-1,593.0,829.0,21.0,15.0,1.000000
150,-1,817.0,813.0,20.0,17.0,1.000000
150,-1,1326.0,864.0,18.0,16.0,1.000000
150,-1,1512.0,723.0,23.0,18.0,1.000000
150,-1,1699.0,877.0,19.0,17.0,1.000000
151,-1,455.0,753.0,20.0,17.0,1.000000
151,-1,594.0,829.0,21.0,15.0,1.000000
151,-1,820.0,813.0,20.0,17.0,1.000000
151,-1,1326.0,865.0,18.0,16.0,1.000000
151,-1,1511.0,725.0,23.0,18.0,1.000000
151,-1,1699.0,878.0,19.0,17.0,1.000000
152,-1,455.0,753.0,20.0,17.0,1.000000
152,-1,593.0,830.0,21.0,15.0,1.000000
152,-1,822.0,813.0,20.0,17.0,1.000000
152,-1,1326.0,865.0,18.0,16.0,1.000000
152,-1,1510.0,726.0,23.0,18.0,1.000000
152,-1,1700.0,878.0,19.0,17.0,1.000000
153,-1,456.0,754.0,20.0,17.0,1.000000
153,-1,594.0,830.0,21.0,15.0,1.000000
153,-1,825.0,814.0,20.0,17.0,1.000000
153,-1,1326.0,866.0,18.0,16.0,1.000000
153,-1,1508.0,727.0,24.0,18.0,1.000000
153,-1,1700.0,879.0,19.0,17.0,1.000000
154,-1,456.0,754.0,20.0,17.0,1.000000
154,-1,592.0,830.0,21.0,15.0,1.000000
154,-1,826.0,814.0,20.0,17.0,1.000000
154,-1,1325.0,867.0,18.0,16.0,1.000000
154,-1,1506.0,728.0,24.0,18.0,1.000000
154,-1,1699.0,880.0,20.0,17.0,1.000000
155,-1,456.0,754.0,20.0,17.0,1.000000
155,-1,591.0,831.0,21.0,15.0,1.000000
155,-1,828.0,814.0,21.0,17.0,1.000000
155,-1,1324.0,868.0,18.0,16.0,1.000000
155,-1,1504.0,729.0,23.0,18.0,1.000000
155,-1,1699.0,881.0,19.0,17.0,1.000000
156,-1,456.0,755.0,19.0,17.0,1.000000
156,-1,591.0,832.0,21.0,15.0,1.000000
156,-1,830.0,815.0,21.0,17.0,1.000000
156,-1,1324.0,869.0,17.0,15.0,1.000000
156,-1,1503.0,732.0,23.0,18.0,1.000000
156,-1,1699.0,883.0,20.0,17.0,1.000000
157,-1,456.0,757.0,20.0,17.0,1.000000
157,-1,590.0,834.0,21.0,15.0,1.000000
157,-1,832.0,816.0,21.0,18.0,1.000000
157,-1,1324.0,872.0,17.0,15.0,1.000000
157,-1,1501.0,735.0,24.0,18.0,1.000000
157,-1,1699.0,886.0,19.0,17.0,1.000000
158,-1,456.0,758.0,20.0,17.0,1.000000
158,-1,589.0,836.0,21.0,15.0,1.000000
158,-1,834.0,819.0,21.0,18.0,1.000000
158,-1,1323.0,875.0,17.0,15.0,1.000000
158,-1,1499.0,738.0,23.0,18.0,1.000000
158,-1,1699.0,890.0,19.0,17.0,1.000000
159,-1,457.0,760.0,20.0,17.0,1.000000
159,-1,589.0,838.0,20.0,15.0,1.000000
159,-1,836.0,821.0,22.0,18.0,1.000000
159,-1,1322.0,878.0,17.0,15.0,1.000000
159,-1,1498.0,742.0,24.0,18.0,1.000000
159,-1,1699.0,893.0,19.0,17.0,1.000000
160,-1,457.0,762.0,20.0,17.0,1.000000
160,-1,588.0,840.0,21.0,15.0,1.000000
160,-1,839.0,823.0,22.0,18.0,1.000000
160,-1,1322.0,880.0,17.0,15.0,1.000000
160,-1,1497.0,745.0,23.0,18.0,1.000000
160,-1,1699.0,896.0,19.0,17.0,1.000000
161,-1,458.0,763.0,20.0,17.0,1.000000
161,-1,588.0,841.0,21.0,15.0,1.000000
161,-1,841.0,824.0,22.0,18.0,1.000000
161,-1,1322.0,882.0,17.0,15.0,1.000000
161,-1,1496.0,748.0,23.0,18.0,1.000000
161,-1,1699.0,898.0,19.0,17.0,1.000000
162,-1,457.0,764.0,20.0,17.0,1.000000
162,-1,587.0,843.0,21.0,15.0,1.000000
162,-1,843.0,825.0,22.0,18.0,1.000000
162,-1,1320.0,883.0,18.0,16.0,1.000000
162,-1,1494.0,750.0,23.0,17.0,1.000000
162,-1,1698.0,900.0,19.0,17.0,1.000000
163,-1,457.0,764.0,20.0,17.0,1.000000
163,-1,586.0,844.0,21.0,15.0,1.000000
163,-1,845.0,825.0,22.0,18.0,1.000000
163,-1,1319.0,883.0,18.0,16.0,1.000000
163,-1,1492.0,751.0,24.0,17.0,1.000000
163,-1,1698.0,901.0,19.0,17.0,1.000000
164,-1,457.0,764.0,20.0,17.0,1.000000
164,-1,585.0,844.0,21.0,15.0,1.000000
164,-1,847.0,826.0,22.0,18.0,1.000000
164,-1,1318.0,884.0,18.0,16.0,1.000000
164,-1,1490.0,753.0,23.0,17.0,1.000000
164,-1,1697.0,902.0,19.0,17.0,1.000000
165,-1,457.0,765.0,20.0,17.0,1.000000
165,-1,584.0,845.0,21.0,15.0,1.000000
165,-1,849.0,827.0,22.0,18.0,1.000000
165,-1,1317.0,886.0,18.0,16.0,1.000000
165,-1,1488.0,754.0,24.0,17.0,1.000000
165,-1,1697.0,904.0,19.0,17.0,1.000000
166,-1,457.0,765.0,20.0,17.0,1.000000
166,-1,583.0,845.0,21.0,15.0,1.000000
166,-1,851.0,828.0,22.0,18.0,1.000000
166,-1,1316.0,887.0,18.0,16.0,1.000000
166,-1,1486.0,756.0,24.0,17.0,1.000000
166,-1,1696.0,906.0,19.0,17.0,1.000000
166,-1,1903.0,877.0,16.0,21.0,1.000000
167,-1,456.0,766.0,19.0,17.0,1.000000
167,-1,582.0,846.0,21.0,15.0,1.000000
167,-1,853.0,829.0,22.0,18.0,1.000000
167,-1,1315.0,887.0,18.0,16.0,1.000000
167,-1,1483.0,757.0,23.0,17.0,1.000000
167,-1,1695.0,907.0,19.0,17.0,1.000000
167,-1,1900.0,878.0,16.0,21.0,1.000000
168,-1,456.0,766.0,20.0,17.0,1.000000
168,-1,581.0,847.0,21.0,15.0,1.000000
168,-1,855.0,830.0,22.0,18.0,1.000000
168,-1,1314.0,888.0,18.0,16.0,1.000000
168,-1,1481.0,759.0,23.0,17.0,1.000000
168,-1,1695.0,908.0,19.0,17.0,1.000000
168,-1,1897.0,879.0,16.0,21.0,1.000000
169,-1,455.0,766.0,20.0,17.0,1.000000
169,-1,580.0,848.0,21.0,15.0,1.000000
169,-1,857.0,830.0,22.0,18.0,1.000000
169,-1,1312.0,888.0,18.0,16.0,1.000000
169,-1,1479.0,760.0,23.0,17.0,1.000000
169,-1,1694.0,908.0,19.0,17.0,1.000000
169,-1,1895.0,880.0,19.0,21.0,1.000000
170,-1,456.0,766.0,20.0,17.0,1.000000
170,-1,579.0,848.0,21.0,15.0,1.000000
170,-1,860.0,830.0,22.0,18.0,1.000000
170,-1,1312.0,888.0,18.0,16.0,1.000000
170,-1,1478.0,760.0,23.0,17.0,1.000000
170,-1,1694.0,908.0,19.0,17.0,1.000000
170,-1,1894.0,881.0,19.0,21.0,1.000000
171,-1,456.0,766.0,20.0,17.0,1.000000
171,-1,579.0,848.0,21.0,15.0,1.000000
171,-1,862.0,831.0,22.0,18.0,1.000000
171,-1,1312.0,888.0,18.0,16.0,1.000000
171,-1,1476.0,761.0,24.0,17.0,1.000000
171,-1,1693.0,908.0,19.0,17.0,1.000000
171,-1,1891.0,881.0,19.0,21.0,1.000000
172,-1,456.0,766.0,20.0,17.0,1.000000
172,-1,579.0,849.0,20.0,15.0,1.000000
172,-1,864.0,831.0,22.0,18.0,1.000000
172,-1,1311.0,888.0,18.0,16.0,1.000000
172,-1,1474.0,762.0,23.0,17.0,1.000000
172,-1,1693.0,909.0,20.0,18.0,1.000000
172,-1,1889.0,881.0,19.0,21.0,1.000000
173,-1,455.0,766.0,20.0,17.0,1.000000
173,-1,577.0,849.0,21.0,15.0,1.000000
173,-1,866.0,832.0,22.0,18.0,1.000000
173,-1,1309.0,889.0,18.0,16.0,1.000000
173,-1,1471.0,763.0,23.0,17.0,1.000000
173,-1,1692.0,909.0,19.0,17.0,1.000000
173,-1,1886.0,882.0,19.0,21.0,1.000000
174,-1,454.0,766.0,20.0,17.0,1.000000
174,-1,575.0,850.0,21.0,15.0,1.000000
174,-1,867.0,832.0,22.0,18.0,1.000000
174,-1,1307.0,889.0,18.0,16.0,1.000000
174,-1,1469.0,763.0,23.0,17.0,1.000000
174,-1,1690.0,910.0,19.0,17.0,1.000000
174,-1,1883.0,883.0,19.0,20.0,1.000000
175,-1,453.0,767.0,20.0,17.0,1.000000
175,-1,573.0,851.0,21.0,15.0,1.000000
175,-1,867.0,833.0,22.0,18.0,1.000000
175,-1,1305.0,890.0,17.0,16.0,1.000000
175,-1,1465.0,765.0,23.0,17.0,1.000000
175,-1,1688.0,911.0,19.0,17.0,1.000000
175,-1,1878.0,884.0,19.0,20.0,1.000000
176,-1,451.0,767.0,20.0,17.0,1.000000
176,-1,571.0,851.0,21.0,15.0,1.000000
176,-1,868.0,834.0,22.0,18.0,1.000000
176,-1,1303.0,890.0,18.0,16.0,1.000000
176,-1,1462.0,765.0,23.0,17.0,1.000000
176,-1,1686.0,911.0,19.0,17.0,1.000000
176,-1,1875.0,884.0,18.0,20.0,1.000000
177,-1,451.0,768.0,20.0,17.0,1.000000
177,-1,570.0,852.0,21.0,15.0,1.000000
177,-1,869.0,835.0,22.0,18.0,1.000000
177,-1,1301.0,891.0,18.0,16.0,1.000000
177,-1,1460.0,767.0,23.0,17.0,1.000000
177,-1,1685.0,912.0,19.0,17.0,1.000000
177,-1,1872.0,886.0,19.0,20.0,1.000000
178,-1,451.0,769.0,20.0,17.0,1.000000
178,-1,568.0,854.0,21.0,15.0,1.000000
178,-1,870.0,836.0,22.0,18.0,1.000000
178,-1,1300.0,892.0,18.0,16.0,1.000000
178,-1,1457.0,769.0,23.0,17.0,1.000000
178,-1,1684.0,913.0,19.0,17.0,1.000000
178,-1,1868.0,887.0,18.0,20.0,1.000000
179,-1,450.0,769.0,20.0,17.0,1.000000
179,-1,567.0,854.0,21.0,15.0,1.000000
179,-1,871.0,837.0,21.0,17.0,1.000000
179,-1,1298.0,892.0,18.0,16.0,1.000000
179,-1,1454.0,770.0,23.0,17.0,1.000000
179,-1,1683.0,914.0,19.0,17.0,1.000000
179,-1,1865.0,888.0,18.0,20.0,1.000000
180,-1,449.0,769.0,20.0,17.0,1.000000
180,-1,565.0,855.0,21.0,15.0,1.000000
180,-1,871.0,837.0,22.0,18.0,1.000000
180,-1,1296.0,893.0,18.0,16.0,1.000000
180,-1,1452.0,771.0,23.0,17.0,1.000000
180,-1,1681.0,914.0,19.0,17.0,1.000000
180,-1,1861.0,888.0,18.0,20.0,1.000000
181,-1,447.0,769.0,20.0,17.0,1.000000
181,-1,562.0,855.0,21.0,15.0,1.000000
181,-1,871.0,838.0,21.0,17.0,1.000000
181,-1,1293.0,893.0,18.0,16.0,1.000000
181,-1,1448.0,772.0,23.0,17.0,1.000000
181,-1,1678.0,914.0,19.0,17.0,1.000000
181,-1,1857.0,889.0,18.0,20.0,1.000000
182,-1,444.0,769.0,20.0,17.0,1.000000
182,-1,559.0,855.0,21.0,15.0,1.000000
182,-1,869.0,838.0,22.0,18.0,1.000000
182,-1,1289.0,893.0,18.0,16.0,1.000000
182,-1,1443.0,772.0,23.0,17.0,1.000000
182,-1,1674.0,914.0,19.0,17.0,1.000000
182,-1,1850.0,890.0,18.0,19.0,1.000000
183,-1,440.0,768.0,20.0,17.0,1.000000
183,-1,554.0,855.0,21.0,15.0,1.000000
183,-1,867.0,838.0,21.0,17.0,1.000000
183,-1,1285.0,893.0,18.0,16.0,1.000000
183,-1,1439.0,772.0,22.0,16.0,1.000000
183,-1,1670.0,915.0,19.0,17.0,1.000000
183,-1,1843.0,890.0,18.0,20.0,1.000000
184,-1,436.0,768.0,20.0,17.0,1.000000
184,-1,549.0,855.0,21.0,15.0,1.000000
184,-1,864.0,838.0,21.0,17.0,1.000000
184,-1,1279.0,892.0,18.0,16.0,1.000000
184,-1,1433.0,772.0,22.0,17.0,1.000000
184,-1,1664.0,914.0,19.0,17.0,1.000000
184,-1,1836.0,889.0,18.0,20.0,1.000000
185,-1,430.0,768.0,20.0,17.0,1.000000
185,-1,543.0,855.0,21.0,15.0,1.000000
185,-1,860.0,838.0,21.0,17.0,1.000000
185,-1,1272.0,892.0,18.0,16.0,1.000000
185,-1,1426.0,773.0,22.0,16.0,1.000000
185,-1,1658.0,914.0,19.0,17.0,1.000000
185,-1,1826.0,889.0,18.0,20.0,1.000000
186,-1,422.0,767.0,21.0,17.0,1.000000
186,-1,535.0,855.0,21.0,15.0,1.000000
186,-1,853.0,837.0,22.0,18.0,1.000000
186,-1,1264.0,892.0,18.0,16.0,1.000000
186,-1,1417.0,773.0,22.0,16.0,1.000000
186,-1,1649.0,913.0,19.0,17.0,1.000000
186,-1,1815.0,889.0,18.0,20.0,1.000000
187,-1,415.0,768.0,20.0,17.0,1.000000
187,-1,526.0,856.0,21.0,15.0,1.000000
187,-1,848.0,838.0,21.0,17.0,1.000000
187,-1,1256.0,892.0,17.0,15.0,1.000000
187,-1,1409.0,774.0,22.0,16.0,1.000000
187,-1,1640.0,913.0,19.0,17.0,1.000000
187,-1,1804.0,889.0,18.0,20.0,1.000000
188,-1,408.0,768.0,20.0,17.0,1.000000
188,-1,519.0,856.0,21.0,15.0,1.000000
188,-1,842.0,838.0,21.0,17.0,1.000000
188,-1,1248.0,891.0,18.0,16.0,1.000000
188,-1,1402.0,774.0,22.0,16.0,1.000000
188,-1,1632.0,914.0,19.0,17.0,1.000000
188,-1,1795.0,889.0,17.0,19.0,1.000000
189,-1,403.0,767.0,20.0,17.0,1.000000
189,-1,513.0,856.0,21.0,15.0,1.000000
189,-1,838.0,839.0,21.0,17.0,1.000000
189,-1,1242.0,891.0,18.0,16.0,1.000000
189,-1,1396.0,774.0,22.0,16.0,1.000000
189,-1,1626.0,913.0,19.0,17.0,1.000000
189,-1,1786.0,890.0,18.0,19.0,1.000000
190,-1,398.0,767.0,20.0,17.0,1.000000
190,-1,508.0,856.0,21.0,15.0,1.000000
190,-1,834.0,839.0,21.0,17.0,1.000000
190,-1,1237.0,891.0,18.0,16.0,1.000000
190,-1,1391.0,774.0,22.0,16.0,1.000000
190,-1,1620.0,914.0,19.0,17.0,1.000000
190,-1,1778.0,890.0,17.0,19.0,1.000000
191,-1,394.0,766.0,20.0,17.0,1.000000
191,-1,503.0,856.0,21.0,15.0,1.000000
191,-1,830.0,839.0,21.0,17.0,1.000000
191,-1,1232.0,891.0,18.0,16.0,1.000000
191,-1,1387.0,774.0,22.0,16.0,1.000000
191,-1,1614.0,913.0,19.0,17.0,1.000000
191,-1,1771.0,889.0,17.0,19.0,1.000000
192,-1,390.0,766.0,20.0,17.0,1.000000
192,-1,499.0,856.0,21.0,15.0,1.000000
192,-1,828.0,838.0,21.0,17.0,1.000000
192,-1,1228.0,890.0,18.0,16.0,1.000000
192,-1,1383.0,774.0,22.0,16.0,1.000000
192,-1,1610.0,913.0,19.0,17.0,1.000000
192,-1,1765.0,890.0,17.0,19.0,1.000000
193,-1,387.0,765.0,20.0,17.0,1.000000
193,-1,496.0,855.0,21.0,15.0,1.000000
193,-1,826.0,838.0,21.0,17.0,1.000000
193,-1,1223.0,890.0,18.0,16.0,1.000000
193,-1,1380.0,774.0,22.0,16.0,1.000000
193,-1,1607.0,913.0,19.0,17.0,1.000000
193,-1,1759.0,889.0,17.0,19.0,1.000000
194,-1,384.0,765.0,20.0,17.0,1.000000
194,-1,492.0,855.0,21.0,15.0,1.000000
194,-1,823.0,838.0,21.0,17.0,1.000000
194,-1,1219.0,889.0,18.0,16.0,1.000000
194,-1,1377.0,774.0,22.0,16.0,1.000000
194,-1,1602.0,913.0,19.0,17.0,1.000000
194,-1,1752.0,890.0,17.0,19.0,1.000000
194,-1,1894.0,650.0,25.0,26.0,1.000000
195,-1,379.0,764.0,20.0,17.0,1.000000
195,-1,486.0,855.0,21.0,15.0,1.000000
195,-1,819.0,838.0,21.0,17.0,1.000000
195,-1,1213.0,889.0,18.0,16.0,1.000000
195,-1,1373.0,773.0,22.0,16.0,1.000000
195,-1,1596.0,913.0,20.0,18.0,1.000000
195,-1,1744.0,890.0,17.0,18.0,1.000000
195,-1,1886.0,650.0,25.0,26.0,1.000000
196,-1,374.0,764.0,20.0,17.0,1.000000
196,-1,481.0,855.0,21.0,15.0,1.000000
196,-1,815.0,838.0,21.0,17.0,1.000000
196,-1,1208.0,889.0,18.0,16.0,1.000000
196,-1,1369.0,774.0,21.0,15.0,1.000000
196,-1,1590.0,913.0,19.0,17.0,1.000000
196,-1,1737.0,890.0,17.0,19.0,1.000000
196,-1,1879.0,652.0,25.0,26.0,1.000000
197,-1,368.0,764.0,20.0,17.0,1.000000
197,-1,474.0,855.0,21.0,15.0,1.000000
197,-1,810.0,839.0,21.0,17.0,1.000000
197,-1,1201.0,889.0,18.0,16.0,1.000000
197,-1,1364.0,774.0,21.0,16.0,1.000000
197,-1,1584.0,913.0,19.0,17.0,1.000000
197,-1,1728.0,891.0,17.0,19.0,1.000000
197,-1,1870.0,653.0,25.0,26.0,1.000000
198,-1,361.0,763.0,20.0,17.0,1.000000
198,-1,467.0,855.0,21.0,15.0,1.000000
198,-1,804.0,839.0,21.0,17.0,1.000000
198,-1,1194.0,890.0,18.0,16.0,1.000000
198,-1,1359.0,774.0,21.0,15.0,1.000000
198,-1,1575.0,913.0,20.0,18.0,1.000000
198,-1,1718.0,892.0,17.0,19.0,1.000000
198,-1,1860.0,654.0,25.0,26.0,1.000000
199,-1,354.0,764.0,20.0,17.0,1.000000
199,-1,460.0,855.0,21.0,15.0,1.000000
199,-1,797.0,839.0,20.0,16.0,1.000000
199,-1,1186.0,890.0,18.0,16.0,1.000000
199,-1,1352.0,774.0,22.0,16.0,1.000000
199,-1,1567.0,914.0,19.0,17.0,1.000000
199,-1,1708.0,892.0,17.0,19.0,1.000000
199,-1,1850.0,655.0,25.0,26.0,1.000000
200,-1,348.0,763.0,20.0,17.0,1.000000
200,-1,452.0,855.0,21.0,15.0,1.000000
200,-1,791.0,839.0,21.0,17.0,1.000000
200,-1,1178.0,889.0,18.0,16.0,1.000000
200,-1,1347.0,774.0,22.0,16.0,1.000000
200,-1,1559.0,914.0,20.0,18.0,1.000000
200,-1,1698.0,892.0,17.0,19.0,1.000000
200,-1,1840.0,656.0,25.0,26.0,1.000000
201,-1,341.0,763.0,20.0,17.0,1.000000
201,-1,445.0,855.0,21.0,15.0,1.000000
201,-1,785.0,839.0,21.0,17.0,1.000000
201,-1,1170.0,890.0,18.0,16.0,1.000000
201,-1,1341.0,774.0,22.0,16.0,1.000000
201,-1,1552.0,915.0,19.0,17.0,1.000000
201,-1,1688.0,893.0,16.0,18.0,1.000000
201,-1,1830.0,657.0,25.0,26.0,1.000000
202,-1,335.0,762.0,20.0,17.0,1.000000
202,-1,438.0,855.0,21.0,15.0,1.000000
202,-1,779.0,839.0,21.0,17.0,1.000000
202,-1,1164.0,889.0,18.0,16.0,1.000000
202,-1,1336.0,774.0,22.0,16.0,1.000000
202,-1,1545.0,914.0,19.0,17.0,1.000000
202,-1,1679.0,892.0,17.0,19.0,1.000000
202,-1,1822.0,658.0,25.0,26.0,1.000000
203,-1,331.0,761.0,20.0,17.0,1.000000
203,-1,434.0,854.0,21.0,15.0,1.000000
203,-1,775.0,838.0,21.0,17.0,1.000000
203,-1,1156.0,888.0,18.0,16.0,1.000000
203,-1,1331.0,772.0,22.0,16.0,1.000000
203,-1,1537.0,913.0,19.0,17.0,1.000000
203,-1,1670.0,892.0,16.0,18.0,1.000000
203,-1,1811.0,657.0,25.0,26.0,1.000000
204,-1,326.0,761.0,20.0,17.0,1.000000
204,-1,428.0,855.0,21.0,15.0,1.000000
204,-1,771.0,839.0,21.0,17.0,1.000000
204,-1,1151.0,888.0,18.0,16.0,1.000000
204,-1,1328.0,773.0,22.0,16.0,1.000000
204,-1,1531.0,914.0,19.0,17.0,1.000000
204,-1,1663.0,892.0,17.0,18.0,1.000000
204,-1,1804.0,659.0,24.0,25.0,1.000000
205,-1,326.0,761.0,20.0,17.0,1.000000
205,-1,428.0,854.0,21.0,15.0,1.000000
205,-1,771.0,839.0,20.0,17.0,1.000000
205,-1,1150.0,888.0,18.0,16.0,1.000000
205,-1,1329.0,773.0,22.0,16.0,1.000000
205,-1,1530.0,914.0,19.0,17.0,1.000000
205,-1,1660.0,893.0,16.0,18.0,1.000000
205,-1,1802.0,660.0,24.0,25.0,1.000000
206,-1,326.0,760.0,20.0,17.0,1.000000
206,-1,427.0,854.0,21.0,15.0,1.000000
206,-1,771.0,839.0,21.0,17.0,1.000000
206,-1,1148.0,888.0,18.0,16.0,1.000000
206,-1,1330.0,772.0,22.0,16.0,1.000000
206,-1,1529.0,914.0,19.0,17.0,1.000000
206,-1,1658.0,892.0,16.0,18.0,1.000000
206,-1,1800.0,660.0,25.0,26.0,1.000000
207,-1,326.0,760.0,20.0,17.0,1.000000
207,-1,426.0,854.0,21.0,15.0,1.000000
207,-1,771.0,839.0,21.0,17.0,1.000000
207,-1,1147.0,887.0,18.0,16.0,1.000000
207,-1,1332.0,772.0,22.0,16.0,1.000000
207,-1,1528.0,914.0,19.0,17.0,1.000000
207,-1,1656.0,892.0,17.0,19.0,1.000000
207,-1,1798.0,660.0,24.0,25.0,1.000000
208,-1,326.0,759.0,20.0,17.0,1.000000
208,-1,426.0,853.0,21.0,15.0,1.000000
208,-1,771.0,839.0,21.0,17.0,1.000000
208,-1,1145.0,887.0,18.0,16.0,1.000000
208,-1,1334.0,772.0,22.0,16.0,1.000000
208,-1,1526.0,914.0,20.0,18.0,1.000000
208,-1,1653.0,893.0,17.0,19.0,1.000000
208,-1,1796.0,661.0,24.0,25.0,1.000000
209,-1,325.0,759.0,20.0,17.0,1.000000
209,-1,425.0,853.0,21.0,15.0,1.000000
209,-1,770.0,839.0,21.0,17.0,1.000000
209,-1,1143.0,887.0,18.0,16.0,1.000000
209,-1,1335.0,772.0,22.0,16.0,1.000000
209,-1,1525.0,914.0,20.0,18.0,1.000000
209,-1,1651.0,893.0,17.0,19.0,1.000000
209,-1,1794.0,662.0,24.0,25.0,1.000000
210,-1,325.0,757.0,20.0,17.0,1.000000
210,-1,424.0,852.0,21.0,15.0,1.000000
210,-1,770.0,838.0,21.0,17.0,1.000000
210,-1,1141.0,887.0,18.0,16.0,1.000000
210,-1,1336.0,771.0,22.0,16.0,1.000000
210,-1,1524.0,914.0,19.0,17.0,1.000000
210,-1,1649.0,893.0,17.0,19.0,1.000000
210,-1,1792.0,663.0,24.0,25.0,1.000000
211,-1,325.0,757.0,20.0,17.0,1.000000
211,-1,423.0,852.0,21.0,15.0,1.000000
211,-1,770.0,838.0,21.0,17.0,1.000000
211,-1,1139.0,886.0,18.0,16.0,1.000000
211,-1,1337.0,770.0,22.0,16.0,1.000000
211,-1,1522.0,913.0,20.0,18.0,1.000000
211,-1,1646.0,893.0,17.0,19.0,1.000000
211,-1,1789.0,663.0,24.0,25.0,1.000000
212,-1,325.0,756.0,20.0,17.0,1.000000
212,-1,423.0,852.0,21.0,15.0,1.000000
212,-1,771.0,838.0,20.0,16.0,1.000000
212,-1,1138.0,886.0,18.0,16.0,1.000000
212,-1,1339.0,770.0,22.0,16.0,1.000000
212,-1,1522.0,914.0,19.0,17.0,1.000000
212,-1,1644.0,893.0,17.0,19.0,1.000000
212,-1,1788.0,664.0,24.0,25.0,1.000000
213,-1,324.0,755.0,20.0,17.0,1.000000
213,-1,421.0,851.0,22.0,15.0,1.000000
213,-1,770.0,837.0,21.0,17.0,1.000000
213,-1,1136.0,885.0,18.0,16.0,1.000000
213,-1,1340.0,770.0,22.0,16.0,1.000000
213,-1,1520.0,913.0,19.0,17.0,1.000000
213,-1,1642.0,893.0,17.0,18.0,1.000000
213,-1,1785.0,664.0,24.0,25.0,1.000000
214,-1,326.0,754.0,20.0,17.0,1.000000
214,-1,422.0,850.0,21.0,15.0,1.000000
214,-1,771.0,837.0,20.0,16.0,1.000000
214,-1,1135.0,884.0,18.0,16.0,1.000000
214,-1,1343.0,769.0,22.0,16.0,1.000000
214,-1,1521.0,913.0,19.0,17.0,1.000000
214,-1,1641.0,892.0,17.0,19.0,1.000000
214,-1,1785.0,664.0,24.0,25.0,1.000000
215,-1,327.0,753.0,20.0,17.0,1.000000
215,-1,423.0,850.0,21.0,15.0,1.000000
215,-1,772.0,837.0,20.0,16.0,1.000000
215,-1,1134.0,884.0,18.0,16.0,1.000000
215,-1,1346.0,768.0,22.0,16.0,1.000000
215,-1,1521.0,913.0,19.0,17.0,1.000000
215,-1,1641.0,893.0,17.0,19.0,1.000000
215,-1,1785.0,664.0,24.0,25.0,1.000000
216,-1,328.0,753.0,20.0,17.0,1.000000
216,-1,422.0,851.0,21.0,15.0,1.000000
216,-1,773.0,837.0,20.0,16.0,1.000000
216,-1,1133.0,884.0,18.0,16.0,1.000000
216,-1,1348.0,769.0,22.0,16.0,1.000000
216,-1,1520.0,914.0,19.0,17.0,1.000000
216,-1,1640.0,894.0,17.0,19.0,1.000000
216,-1,1783.0,665.0,24.0,25.0,1.000000
217,-1,328.0,753.0,20.0,17.0,1.000000
217,-1,422.0,851.0,22.0,15.0,1.000000
217,-1,773.0,837.0,20.0,16.0,1.000000
217,-1,1131.0,884.0,18.0,16.0,1.000000
217,-1,1350.0,769.0,23.0,17.0,1.000000
217,-1,1520.0,914.0,19.0,17.0,1.000000
217,-1,1639.0,894.0,17.0,19.0,1.000000
217,-1,1782.0,666.0,24.0,25.0,1.000000
218,-1,329.0,753.0,20.0,17.0,1.000000
218,-1,421.0,851.0,21.0,15.0,1.000000
218,-1,774.0,838.0,20.0,16.0,1.000000
218,-1,1130.0,884.0,18.0,16.0,1.000000
218,-1,1352.0,769.0,23.0,17.0,1.000000
218,-1,1519.0,915.0,19.0,17.0,1.000000
218,-1,1638.0,895.0,17.0,18.0,1.000000
218,-1,1781.0,667.0,24.0,25.0,1.000000
219,-1,329.0,752.0,20.0,17.0,1.000000
219,-1,421.0,851.0,21.0,15.0,1.000000
219,-1,774.0,838.0,20.0,16.0,1.000000
219,-1,1128.0,883.0,18.0,16.0,1.000000
219,-1,1355.0,769.0,22.0,16.0,1.000000
219,-1,1518.0,915.0,19.0,17.0,1.000000
219,-1,1637.0,895.0,17.0,19.0,1.000000
219,-1,1779.0,668.0,24.0,25.0,1.000000
220,-1,330.0,752.0,20.0,17.0,1.000000
220,-1,420.0,851.0,21.0,15.0,1.000000
220,-1,774.0,838.0,20.0,16.0,1.000000
220,-1,1127.0,883.0,18.0,16.0,1.000000
220,-1,1356.0,769.0,23.0,17.0,1.000000
220,-1,1517.0,915.0,19.0,17.0,1.000000
220,-1,1636.0,896.0,17.0,18.0,1.000000
220,-1,1778.0,669.0,24.0,25.0,1.000000
221,-1,331.0,752.0,20.0,17.0,1.000000
221,-1,420.0,851.0,21.0,15.0,1.000000
221,-1,775.0,838.0,21.0,17.0,1.000000
221,-1,1125.0,883.0,18.0,16.0,1.000000
221,-1,1359.0,770.0,23.0,17.0,1.000000
221,-1,1517.0,916.0,19.0,17.0,1.000000
221,-1,1636.0,896.0,16.0,18.0,1.000000
221,-1,1777.0,670.0,24.0,25.0,1.000000
222,-1,332.0,752.0,20.0,17.0,1.000000
222,-1,420.0,851.0,21.0,15.0,1.000000
222,-1,776.0,838.0,20.0,16.0,1.000000
222,-1,1124.0,883.0,18.0,16.0,1.000000
222,-1,1361.0,769.0,23.0,17.0,1.000000
222,-1,1517.0,916.0,19.0,17.0,1.000000
222,-1,1636.0,896.0,17.0,19.0,1.000000
222,-1,1776.0,670.0,24.0,25.0,1.000000
223,-1,333.0,751.0,20.0,17.0,1.000000
223,-1,419.0,851.0,21.0,15.0,1.000000
223,-1,777.0,838.0,20.0,16.0,1.000000
223,-1,1123.0,882.0,18.0,16.0,1.000000
223,-1,1364.0,769.0,22.0,16.0,1.000000
223,-1,1517.0,915.0,19.0,17.0,1.000000
223,-1,1636.0,895.0,16.0,18.0,1.000000
223,-1,1775.0,670.0,24.0,25.0,1.000000
224,-1,333.0,750.0,20.0,17.0,1.000000
224,-1,419.0,850.0,21.0,15.0,1.000000
224,-1,777.0,837.0,20.0,16.0,1.000000
224,-1,1121.0,881.0,18.0,16.0,1.000000
224,-1,1366.0,768.0,22.0,16.0,1.000000
224,-1,1516.0,914.0,19.0,17.0,1.000000
224,-1,1635.0,894.0,17.0,19.0,1.000000
224,-1,1774.0,669.0,24.0,25.0,1.000000
225,-1,334.0,749.0,20.0,17.0,1.000000
225,-1,418.0,849.0,21.0,15.0,1.000000
225,-1,777.0,836.0,20.0,16.0,1.000000
225,-1,1119.0,880.0,18.0,16.0,1.000000
225,-1,1368.0,767.0,22.0,16.0,1.000000
225,-1,1515.0,913.0,19.0,17.0,1.000000
225,-1,1635.0,893.0,17.0,19.0,1.000000
225,-1,1772.0,669.0,24.0,25.0,1.000000
226,-1,335.0,748.0,20.0,17.0,1.000000
226,-1,417.0,849.0,21.0,15.0,1.000000
226,-1,778.0,836.0,20.0,16.0,1.000000
226,-1,1118.0,879.0,18.0,16.0,1.000000
226,-1,1370.0,767.0,22.0,16.0,1.000000
226,-1,1514.0,912.0,19.0,17.0,1.000000
226,-1,1635.0,893.0,17.0,19.0,1.000000
226,-1,1772.0,669.0,24.0,25.0,1.000000
227,-1,336.0,748.0,20.0,17.0,1.000000
227,-1,417.0,849.0,21.0,15.0,1.000000
227,-1,779.0,836.0,20.0,16.0,1.000000
227,-1,1117.0,879.0,18.0,16.0,1.000000
227,-1,1373.0,766.0,22.0,16.0,1.000000
227,-1,1514.0,912.0,19.0,17.0,1.000000
227,-1,1635.0,892.0,17.0,19.0,1.000000
227,-1,1771.0,669.0,23.0,24.0,1.000000
228,-1,337.0,748.0,20.0,17.0,1.000000
228,-1,416.0,849.0,21.0,15.0,1.000000
228,-1,779.0,836.0,20.0,16.0,1.000000
228,-1,1116.0,878.0,18.0,16.0,1.000000
228,-1,1375.0,766.0,23.0,16.0,1.000000
228,-1,1514.0,912.0,19.0,17.0,1.000000
228,-1,1635.0,892.0,16.0,18.0,1.000000
228,-1,1770.0,669.0,24.0,25.0,1.000000
229,-1,338.0,747.0,20.0,17.0,1.000000
229,-1,416.0,849.0,21.0,15.0,1.000000
229,-1,781.0,836.0,20.0,16.0,1.000000
229,-1,1115.0,878.0,18.0,16.0,1.000000
229,-1,1377.0,766.0,23.0,16.0,1.000000
229,-1,1514.0,912.0,19.0,17.0,1.000000
229,-1,1636.0,892.0,16.0,18.0,1.000000
229,-1,1769.0,669.0,24.0,25.0,1.000000
230,-1,339.0,747.0,20.0,17.0,1.000000
230,-1,415.0,849.0,21.0,15.0,1.000000
230,-1,781.0,836.0,20.0,16.0,1.000000
230,-1,1113.0,878.0,18.0,16.0,1.000000
230,-1,1379.0,766.0,23.0,17.0,1.000000
230,-1,1513.0,912.0,19.0,17.0,1.000000
230,-1,1636.0,892.0,17.0,18.0,1.000000
230,-1,1768.0,670.0,24.0,25.0,1.000000
231,-1,340.0,747.0,20.0,17.0,1.000000
231,-1,414.0,849.0,21.0,15.0,1.000000
231,-1,782.0,836.0,20.0,16.0,1.000000
231,-1,1112.0,877.0,18.0,16.0,1.000000
231,-1,1382.0,765.0,22.0,16.0,1.000000
231,-1,1513.0,912.0,19.0,17.0,1.000000
231,-1,1637.0,890.0,16.0,18.0,1.000000
231,-1,1768.0,670.0,23.0,24.0,1.000000
232,-1,340.0,748.0,20.0,17.0,1.000000
232,-1,413.0,850.0,21.0,15.0,1.000000
232,-1,782.0,836.0,20.0,16.0,1.000000
232,-1,1110.0,877.0,18.0,16.0,1.000000
232,-1,1384.0,765.0,22.0,16.0,1.000000
232,-1,1512.0,912.0,19.0,17.0,1.000000
232,-1,1637.0,890.0,17.0,19.0,1.000000
232,-1,1766.0,670.0,23.0,24.0,1.000000
233,-1,341.0,747.0,20.0,17.0,1.000000
233,-1,411.0,850.0,21.0,15.0,1.000000
233,-1,782.0,837.0,20.0,16.0,1.000000
233,-1,1108.0,876.0,18.0,16.0,1.000000
233,-1,1385.0,765.0,23.0,17.0,1.000000
233,-1,1511.0,912.0,19.0,17.0,1.000000
233,-1,1637.0,889.0,17.0,19.0,1.000000
233,-1,1765.0,670.0,24.0,24.0,1.000000
234,-1,342.0,747.0,20.0,17.0,1.000000
234,-1,410.0,850.0,21.0,15.0,1.000000
234,-1,783.0,837.0,20.0,16.0,1.000000
234,-1,1107.0,876.0,18.0,16.0,1.000000
234,-1,1387.0,764.0,22.0,16.0,1.000000
234,-1,1510.0,911.0,19.0,17.0,1.000000
234,-1,1636.0,888.0,17.0,19.0,1.000000
234,-1,1764.0,670.0,23.0,24.0,1.000000
235,-1,343.0,748.0,20.0,17.0,1.000000
235,-1,410.0,850.0,21.0,15.0,1.000000
235,-1,783.0,837.0,20.0,16.0,1.000000
235,-1,1106.0,876.0,18.0,16.0,1.000000
235,-1,1390.0,764.0,22.0,16.0,1.000000
235,-1,1510.0,912.0,19.0,17.0,1.000000
235,-1,1637.0,888.0,17.0,19.0,1.000000
235,-1,1763.0,670.0,23.0,24.0,1.000000
236,-1,343.0,747.0,20.0,17.0,1.000000
236,-1,408.0,850.0,21.0,15.0,1.000000
236,-1,783.0,837.0,20.0,16.0,1.000000
236,-1,1104.0,875.0,18.0,16.0,1.000000
236,-1,1391.0,764.0,22.0,16.0,1.000000
236,-1,1509.0,911.0,19.0,17.0,1.000000
236,-1,1637.0,887.0,17.0,19.0,1.000000
236,-1,1762.0,670.0,23.0,24.0,1.000000
237,-1,343.0,747.0,20.0,17.0,1.000000
237,-1,406.0,850.0,21.0,15.0,1.000000
237,-1,784.0,837.0,20.0,16.0,1.000000
237,-1,1102.0,874.0,18.0,16.0,1.000000
237,-1,1392.0,762.0,23.0,17.0,1.000000
237,-1,1508.0,911.0,18.0,16.0,1.000000
237,-1,1637.0,886.0,17.0,19.0,1.000000
237,-1,1760.0,669.0,23.0,24.0,1.000000
238,-1,344.0,747.0,20.0,17.0,1.000000
238,-1,405.0,850.0,21.0,15.0,1.000000
238,-1,784.0,837.0,20.0,16.0,1.000000
238,-1,1101.0,874.0,18.0,16.0,1.000000
238,-1,1393.0,762.0,22.0,16.0,1.000000
238,-1,1507.0,909.0,19.0,17.0,1.000000
238,-1,1636.0,885.0,17.0,19.0,1.000000
238,-1,1758.0,668.0,23.0,24.0,1.000000
239,-1,343.0,746.0,20.0,17.0,1.000000
239,-1,402.0,850.0,21.0,15.0,1.000000
239,-1,783.0,836.0,20.0,16.0,1.000000
239,-1,1098.0,873.0,18.0,16.0,1.000000
239,-1,1394.0,761.0,23.0,17.0,1.000000
239,-1,1505.0,909.0,19.0,17.0,1.000000
239,-1,1636.0,884.0,17.0,19.0,1.000000
239,-1,1756.0,668.0,23.0,24.0,1.000000
240,-1,344.0,746.0,20.0,17.0,1.000000
240,-1,400.0,850.0,21.0,15.0,1.000000
240,-1,783.0,836.0,20.0,16.0,1.000000
240,-1,1096.0,872.0,18.0,16.0,1.000000
240,-1,1395.0,760.0,23.0,17.0,1.000000
240,-1,1504.0,908.0,19.0,17.0,1.000000
240,-1,1635.0,882.0,17.0,19.0,1.000000
240,-1,1754.0,668.0,23.0,24.0,1.000000
241,-1,345.0,746.0,20.0,17.0,1.000000
241,-1,399.0,850.0,22.0,15.0,1.000000
241,-1,783.0,836.0,20.0,16.0,1.000000
241,-1,1095.0,872.0,18.0,16.0,1.000000
241,-1,1397.0,760.0,23.0,17.0,1.000000
241,-1,1503.0,908.0,18.0,16.0,1.000000
241,-1,1636.0,881.0,17.0,19.0,1.000000
241,-1,1753.0,667.0,23.0,24.0,1.000000
242,-1,345.0,745.0,20.0,17.0,1.000000
242,-1,398.0,850.0,21.0,15.0,1.000000
242,-1,784.0,835.0,20.0,16.0,1.000000
242,-1,1094.0,871.0,18.0,16.0,1.000000
242,-1,1399.0,759.0,23.0,16.0,1.000000
242,-1,1502.0,907.0,18.0,17.0,1.000000
242,-1,1636.0,880.0,17.0,19.0,1.000000
242,-1,1753.0,667.0,23.0,24.0,1.000000
