1,-1,118,36,21,19,1,-1,-1,-1
1,-1,138,146,19,17,1,-1,-1,-1
1,-1,151,226,17,16,1,-1,-1,-1
1,-1,160,275,18,17,1,-1,-1,-1
1,-1,200,149,12,13,1,-1,-1,-1
1,-1,281,173,16,15,1,-1,-1,-1
1,-1,281,231,11,10,1,-1,-1,-1
1,-1,285,94,19,20,1,-1,-1,-1
1,-1,286,225,15,12,1,-1,-1,-1
1,-1,366,261,15,14,1,-1,-1,-1
1,-1,401,236,15,14,1,-1,-1,-1
1,-1,419,177,19,15,1,-1,-1,-1
1,-1,434,104,16,14,1,-1,-1,-1
1,-1,468,288,15,15,1,-1,-1,-1
1,-1,508,229,17,14,1,-1,-1,-1
1,-1,538,187,17,15,1,-1,-1,-1
1,-1,578,286,16,14,1,-1,-1,-1
1,-1,583,124,18,15,1,-1,-1,-1
1,-1,628,245,15,14,1,-1,-1,-1
1,-1,674,208,15,16,1,-1,-1,-1
1,-1,731,125,19,17,1,-1,-1,-1
2,-1,119,36,21,19,1,-1,-1,-1
2,-1,139,146,19,17,1,-1,-1,-1
2,-1,151,226,17,16,1,-1,-1,-1
2,-1,160,275,16,14,1,-1,-1,-1
2,-1,200,150,12,13,1,-1,-1,-1
2,-1,280,231,12,11,1,-1,-1,-1
2,-1,281,173,16,15,1,-1,-1,-1
2,-1,285,95,19,20,1,-1,-1,-1
2,-1,286,225,15,12,1,-1,-1,-1
2,-1,365,261,15,14,1,-1,-1,-1
2,-1,401,236,15,14,1,-1,-1,-1
2,-1,419,177,19,15,1,-1,-1,-1
2,-1,433,104,16,14,1,-1,-1,-1
2,-1,467,288,15,15,1,-1,-1,-1
2,-1,507,229,17,14,1,-1,-1,-1
2,-1,537,187,17,15,1,-1,-1,-1
2,-1,578,286,16,14,1,-1,-1,-1
2,-1,582,124,18,15,1,-1,-1,-1
2,-1,628,245,15,14,1,-1,-1,-1
2,-1,674,208,15,16,1,-1,-1,-1
2,-1,730,125,19,17,1,-1,-1,-1
3,-1,119,36,21,19,1,-1,-1,-1
3,-1,139,146,19,17,1,-1,-1,-1
3,-1,151,226,17,16,1,-1,-1,-1
3,-1,160,275,16,14,1,-1,-1,-1
3,-1,200,150,12,13,1,-1,-1,-1
3,-1,280,231,12,11,1,-1,-1,-1
3,-1,281,173,16,15,1,-1,-1,-1
3,-1,285,95,19,20,1,-1,-1,-1
3,-1,286,225,15,12,1,-1,-1,-1
3,-1,365,261,15,14,1,-1,-1,-1
3,-1,401,236,15,14,1,-1,-1,-1
3,-1,419,177,19,15,1,-1,-1,-1
3,-1,433,104,16,14,1,-1,-1,-1
3,-1,467,288,15,15,1,-1,-1,-1
3,-1,507,229,17,14,1,-1,-1,-1
3,-1,537,187,17,15,1,-1,-1,-1
3,-1,578,286,16,14,1,-1,-1,-1
3,-1,582,124,18,15,1,-1,-1,-1
3,-1,628,245,15,14,1,-1,-1,-1
3,-1,674,208,15,16,1,-1,-1,-1
3,-1,730,125,19,17,1,-1,-1,-1
4,-1,120,36,21,19,1,-1,-1,-1
4,-1,140,146,19,17,1,-1,-1,-1
4,-1,152,226,17,16,1,-1,-1,-1
4,-1,160,276,16,14,1,-1,-1,-1
4,-1,199,151,12,13,1,-1,-1,-1
4,-1,278,231,11,10,1,-1,-1,-1
4,-1,282,174,16,15,1,-1,-1,-1
4,-1,286,96,19,20,1,-1,-1,-1
4,-1,286,225,15,12,1,-1,-1,-1
4,-1,363,261,15,14,1,-1,-1,-1
4,-1,401,236,15,14,1,-1,-1,-1
4,-1,420,177,19,15,1,-1,-1,-1
4,-1,431,103,16,14,1,-1,-1,-1
4,-1,465,288,15,15,1,-1,-1,-1
4,-1,506,229,17,14,1,-1,-1,-1
4,-1,536,187,17,15,1,-1,-1,-1
4,-1,577,286,16,14,1,-1,-1,-1
4,-1,579,124,18,15,1,-1,-1,-1
4,-1,628,244,15,14,1,-1,-1,-1
4,-1,673,208,15,16,1,-1,-1,-1
4,-1,726,126,19,17,1,-1,-1,-1
5,-1,121,37,21,19,1,-1,-1,-1
5,-1,141,146,19,17,1,-1,-1,-1
5,-1,153,226,17,16,1,-1,-1,-1
5,-1,160,276,16,14,1,-1,-1,-1
5,-1,199,151,12,13,1,-1,-1,-1
5,-1,277,231,11,10,1,-1,-1,-1
5,-1,282,174,16,15,1,-1,-1,-1
5,-1,286,225,15,12,1,-1,-1,-1
5,-1,287,97,19,20,1,-1,-1,-1
5,-1,362,261,15,14,1,-1,-1,-1
5,-1,401,236,15,14,1,-1,-1,-1
5,-1,420,177,19,15,1,-1,-1,-1
5,-1,430,103,16,14,1,-1,-1,-1
5,-1,463,288,15,15,1,-1,-1,-1
5,-1,505,229,17,14,1,-1,-1,-1
5,-1,535,187,17,15,1,-1,-1,-1
5,-1,576,286,16,14,1,-1,-1,-1
5,-1,578,124,18,15,1,-1,-1,-1
5,-1,627,244,15,14,1,-1,-1,-1
5,-1,673,208,15,16,1,-1,-1,-1
5,-1,724,126,19,17,1,-1,-1,-1
6,-1,121,37,21,19,1,-1,-1,-1
6,-1,142,146,19,17,1,-1,-1,-1
6,-1,154,226,17,16,1,-1,-1,-1
6,-1,160,276,16,14,1,-1,-1,-1
6,-1,199,154,12,13,1,-1,-1,-1
6,-1,272,228,16,15,1,-1,-1,-1
6,-1,282,175,16,15,1,-1,-1,-1
6,-1,287,97,19,20,1,-1,-1,-1
6,-1,287,226,15,12,1,-1,-1,-1
6,-1,361,261,15,14,1,-1,-1,-1
6,-1,401,236,15,14,1,-1,-1,-1
6,-1,420,177,19,15,1,-1,-1,-1
6,-1,429,102,16,14,1,-1,-1,-1
6,-1,462,288,15,15,1,-1,-1,-1
6,-1,505,230,17,14,1,-1,-1,-1
6,-1,534,187,17,15,1,-1,-1,-1
6,-1,576,124,18,15,1,-1,-1,-1
6,-1,576,286,16,14,1,-1,-1,-1
6,-1,627,244,15,14,1,-1,-1,-1
6,-1,673,208,15,16,1,-1,-1,-1
6,-1,723,127,19,17,1,-1,-1,-1
7,-1,122,37,21,19,1,-1,-1,-1
7,-1,142,146,19,17,1,-1,-1,-1
7,-1,154,226,17,16,1,-1,-1,-1
7,-1,160,276,16,14,1,-1,-1,-1
7,-1,199,154,12,13,1,-1,-1,-1
7,-1,270,228,16,15,1,-1,-1,-1
7,-1,282,175,16,15,1,-1,-1,-1
7,-1,287,98,19,20,1,-1,-1,-1
7,-1,287,226,16,13,1,-1,-1,-1
7,-1,360,262,15,14,1,-1,-1,-1
7,-1,401,236,15,14,1,-1,-1,-1
7,-1,420,177,19,15,1,-1,-1,-1
7,-1,427,102,16,14,1,-1,-1,-1
7,-1,460,288,15,15,1,-1,-1,-1
7,-1,504,230,17,14,1,-1,-1,-1
7,-1,533,188,18,16,1,-1,-1,-1
7,-1,574,124,18,15,1,-1,-1,-1
7,-1,576,286,16,14,1,-1,-1,-1
7,-1,627,244,15,14,1,-1,-1,-1
7,-1,672,208,15,16,1,-1,-1,-1
7,-1,721,127,19,17,1,-1,-1,-1
8,-1,122,37,21,19,1,-1,-1,-1
8,-1,142,146,19,17,1,-1,-1,-1
8,-1,154,226,17,16,1,-1,-1,-1
8,-1,160,276,16,14,1,-1,-1,-1
8,-1,199,154,12,13,1,-1,-1,-1
8,-1,270,228,16,15,1,-1,-1,-1
8,-1,282,175,16,15,1,-1,-1,-1
8,-1,287,98,19,20,1,-1,-1,-1
8,-1,287,226,16,13,1,-1,-1,-1
8,-1,360,262,15,14,1,-1,-1,-1
8,-1,401,236,15,14,1,-1,-1,-1
8,-1,420,177,19,15,1,-1,-1,-1
8,-1,427,102,16,14,1,-1,-1,-1
8,-1,460,288,15,15,1,-1,-1,-1
8,-1,504,230,17,14,1,-1,-1,-1
8,-1,533,188,18,16,1,-1,-1,-1
8,-1,574,124,18,15,1,-1,-1,-1
8,-1,576,286,16,14,1,-1,-1,-1
8,-1,627,244,15,14,1,-1,-1,-1
8,-1,672,208,15,16,1,-1,-1,-1
8,-1,721,127,19,17,1,-1,-1,-1
9,-1,123,37,21,19,1,-1,-1,-1
9,-1,143,146,19,17,1,-1,-1,-1
9,-1,154,226,17,16,1,-1,-1,-1
9,-1,159,277,16,14,1,-1,-1,-1
9,-1,199,154,12,13,1,-1,-1,-1
9,-1,267,229,16,15,1,-1,-1,-1
9,-1,282,177,17,15,1,-1,-1,-1
9,-1,287,99,19,20,1,-1,-1,-1
9,-1,287,226,16,13,1,-1,-1,-1
9,-1,357,262,15,14,1,-1,-1,-1
9,-1,401,236,15,14,1,-1,-1,-1
9,-1,420,177,19,15,1,-1,-1,-1
9,-1,425,102,16,14,1,-1,-1,-1
9,-1,458,288,15,15,1,-1,-1,-1
9,-1,502,231,17,14,1,-1,-1,-1
9,-1,532,189,17,15,1,-1,-1,-1
9,-1,570,124,18,15,1,-1,-1,-1
9,-1,574,286,16,14,1,-1,-1,-1
9,-1,627,245,15,14,1,-1,-1,-1
9,-1,672,208,15,16,1,-1,-1,-1
9,-1,717,128,19,17,1,-1,-1,-1
10,-1,123,37,21,19,1,-1,-1,-1
10,-1,144,146,19,17,1,-1,-1,-1
10,-1,154,226,17,16,1,-1,-1,-1
10,-1,159,277,16,14,1,-1,-1,-1
10,-1,195,156,15,12,1,-1,-1,-1
10,-1,266,229,16,15,1,-1,-1,-1
10,-1,283,177,16,15,1,-1,-1,-1
10,-1,287,227,16,12,1,-1,-1,-1
10,-1,288,101,19,20,1,-1,-1,-1
10,-1,356,263,15,14,1,-1,-1,-1
10,-1,401,237,15,14,1,-1,-1,-1
10,-1,419,177,19,15,1,-1,-1,-1
10,-1,423,101,16,14,1,-1,-1,-1
10,-1,455,288,15,15,1,-1,-1,-1
10,-1,502,232,17,14,1,-1,-1,-1
10,-1,531,189,17,15,1,-1,-1,-1
10,-1,568,124,18,15,1,-1,-1,-1
10,-1,573,286,16,14,1,-1,-1,-1
10,-1,626,245,16,15,1,-1,-1,-1
10,-1,671,209,15,16,1,-1,-1,-1
10,-1,715,129,19,17,1,-1,-1,-1
11,-1,124,37,21,19,1,-1,-1,-1
11,-1,144,147,19,17,1,-1,-1,-1
11,-1,154,226,17,16,1,-1,-1,-1
11,-1,159,277,16,14,1,-1,-1,-1
11,-1,195,157,15,12,1,-1,-1,-1
11,-1,264,230,16,15,1,-1,-1,-1
11,-1,282,178,17,16,1,-1,-1,-1
11,-1,286,228,15,12,1,-1,-1,-1
11,-1,288,102,19,20,1,-1,-1,-1
11,-1,354,263,15,14,1,-1,-1,-1
11,-1,401,237,15,14,1,-1,-1,-1
11,-1,419,177,19,15,1,-1,-1,-1
11,-1,422,101,16,14,1,-1,-1,-1
11,-1,454,289,15,15,1,-1,-1,-1
11,-1,501,232,17,14,1,-1,-1,-1
11,-1,530,190,17,15,1,-1,-1,-1
11,-1,567,124,18,15,1,-1,-1,-1
11,-1,573,286,16,14,1,-1,-1,-1
11,-1,626,246,15,14,1,-1,-1,-1
11,-1,671,209,15,16,1,-1,-1,-1
11,-1,713,130,19,17,1,-1,-1,-1
12,-1,124,38,21,19,1,-1,-1,-1
12,-1,145,147,19,17,1,-1,-1,-1
12,-1,154,226,17,16,1,-1,-1,-1
12,-1,158,278,16,14,1,-1,-1,-1
12,-1,194,158,15,12,1,-1,-1,-1
12,-1,262,230,16,15,1,-1,-1,-1
12,-1,282,179,17,16,1,-1,-1,-1
12,-1,286,228,15,12,1,-1,-1,-1
12,-1,288,103,19,20,1,-1,-1,-1
12,-1,352,264,15,14,1,-1,-1,-1
12,-1,400,237,15,14,1,-1,-1,-1
12,-1,419,178,19,15,1,-1,-1,-1
12,-1,420,101,16,14,1,-1,-1,-1
12,-1,452,289,15,15,1,-1,-1,-1
12,-1,499,233,17,14,1,-1,-1,-1
12,-1,529,191,17,15,1,-1,-1,-1
12,-1,565,125,18,15,1,-1,-1,-1
12,-1,572,286,16,14,1,-1,-1,-1
12,-1,626,246,15,14,1,-1,-1,-1
12,-1,670,210,14,15,1,-1,-1,-1
12,-1,711,131,19,17,1,-1,-1,-1
13,-1,124,38,21,19,1,-1,-1,-1
13,-1,145,147,19,17,1,-1,-1,-1
13,-1,154,226,17,16,1,-1,-1,-1
13,-1,158,278,16,14,1,-1,-1,-1
13,-1,194,158,15,12,1,-1,-1,-1
13,-1,262,230,16,15,1,-1,-1,-1
13,-1,282,179,17,16,1,-1,-1,-1
13,-1,286,228,15,12,1,-1,-1,-1
13,-1,288,103,19,20,1,-1,-1,-1
13,-1,352,264,15,14,1,-1,-1,-1
13,-1,400,237,15,14,1,-1,-1,-1
13,-1,419,178,19,15,1,-1,-1,-1
13,-1,420,101,16,14,1,-1,-1,-1
13,-1,452,289,15,15,1,-1,-1,-1
13,-1,499,233,17,14,1,-1,-1,-1
13,-1,529,191,17,15,1,-1,-1,-1
13,-1,565,125,18,15,1,-1,-1,-1
13,-1,572,286,16,14,1,-1,-1,-1
13,-1,626,246,15,14,1,-1,-1,-1
13,-1,670,210,14,15,1,-1,-1,-1
13,-1,711,131,19,17,1,-1,-1,-1
14,-1,125,39,21,19,1,-1,-1,-1
14,-1,146,148,19,17,1,-1,-1,-1
14,-1,154,226,17,16,1,-1,-1,-1
14,-1,157,279,16,14,1,-1,-1,-1
14,-1,192,160,15,12,1,-1,-1,-1
14,-1,258,231,16,15,1,-1,-1,-1
14,-1,282,181,17,16,1,-1,-1,-1
14,-1,286,229,15,12,1,-1,-1,-1
14,-1,288,105,19,20,1,-1,-1,-1
14,-1,348,265,15,14,1,-1,-1,-1
14,-1,399,238,15,14,1,-1,-1,-1
14,-1,417,101,16,14,1,-1,-1,-1
14,-1,419,179,19,15,1,-1,-1,-1
14,-1,448,290,15,15,1,-1,-1,-1
14,-1,497,234,17,14,1,-1,-1,-1
14,-1,527,192,17,15,1,-1,-1,-1
14,-1,561,125,18,15,1,-1,-1,-1
14,-1,571,287,16,14,1,-1,-1,-1
14,-1,625,247,15,14,1,-1,-1,-1
14,-1,669,211,14,15,1,-1,-1,-1
14,-1,706,133,19,17,1,-1,-1,-1
15,-1,126,39,21,19,1,-1,-1,-1
15,-1,147,148,19,17,1,-1,-1,-1
15,-1,155,227,17,16,1,-1,-1,-1
15,-1,157,280,16,14,1,-1,-1,-1
15,-1,192,162,15,12,1,-1,-1,-1
15,-1,256,232,16,15,1,-1,-1,-1
15,-1,282,182,17,16,1,-1,-1,-1
15,-1,286,230,15,12,1,-1,-1,-1
15,-1,289,106,19,20,1,-1,-1,-1
15,-1,347,266,15,14,1,-1,-1,-1
15,-1,399,239,15,14,1,-1,-1,-1
15,-1,415,101,16,14,1,-1,-1,-1
15,-1,419,179,19,15,1,-1,-1,-1
15,-1,447,290,15,15,1,-1,-1,-1
15,-1,496,235,17,14,1,-1,-1,-1
15,-1,526,193,17,15,1,-1,-1,-1
15,-1,558,126,18,15,1,-1,-1,-1
15,-1,570,287,16,14,1,-1,-1,-1
15,-1,625,248,15,14,1,-1,-1,-1
15,-1,668,212,14,15,1,-1,-1,-1
15,-1,704,134,19,17,1,-1,-1,-1
16,-1,126,39,21,19,1,-1,-1,-1
16,-1,148,148,19,17,1,-1,-1,-1
16,-1,155,227,17,16,1,-1,-1,-1
16,-1,156,280,16,14,1,-1,-1,-1
16,-1,191,162,15,12,1,-1,-1,-1
16,-1,254,232,16,15,1,-1,-1,-1
16,-1,282,183,17,16,1,-1,-1,-1
16,-1,286,231,15,12,1,-1,-1,-1
16,-1,289,107,19,20,1,-1,-1,-1
16,-1,346,266,15,14,1,-1,-1,-1
16,-1,399,239,15,14,1,-1,-1,-1
16,-1,413,101,16,14,1,-1,-1,-1
16,-1,419,179,19,15,1,-1,-1,-1
16,-1,445,291,15,15,1,-1,-1,-1
16,-1,495,236,17,14,1,-1,-1,-1
16,-1,525,194,17,15,1,-1,-1,-1
16,-1,556,126,18,15,1,-1,-1,-1
16,-1,569,287,16,14,1,-1,-1,-1
16,-1,625,249,15,14,1,-1,-1,-1
16,-1,668,213,14,15,1,-1,-1,-1
16,-1,701,134,20,18,1,-1,-1,-1
17,-1,127,39,21,19,1,-1,-1,-1
17,-1,148,149,19,17,1,-1,-1,-1
17,-1,156,227,17,16,1,-1,-1,-1
17,-1,156,280,16,14,1,-1,-1,-1
17,-1,191,163,16,12,1,-1,-1,-1
17,-1,252,233,16,15,1,-1,-1,-1
17,-1,282,184,17,16,1,-1,-1,-1
17,-1,286,232,15,12,1,-1,-1,-1
17,-1,290,109,18,19,1,-1,-1,-1
17,-1,344,267,15,14,1,-1,-1,-1
17,-1,399,240,15,14,1,-1,-1,-1
17,-1,412,101,16,14,1,-1,-1,-1
17,-1,419,180,19,15,1,-1,-1,-1
17,-1,443,291,15,15,1,-1,-1,-1
17,-1,494,237,17,14,1,-1,-1,-1
17,-1,524,195,16,14,1,-1,-1,-1
17,-1,555,127,18,15,1,-1,-1,-1
17,-1,569,287,16,14,1,-1,-1,-1
17,-1,625,249,15,14,1,-1,-1,-1
17,-1,667,213,14,15,1,-1,-1,-1
17,-1,699,135,20,18,1,-1,-1,-1
18,-1,127,39,21,19,1,-1,-1,-1
18,-1,148,149,19,17,1,-1,-1,-1
18,-1,156,227,17,16,1,-1,-1,-1
18,-1,156,280,16,14,1,-1,-1,-1
18,-1,191,163,16,12,1,-1,-1,-1
18,-1,252,233,16,15,1,-1,-1,-1
18,-1,282,184,17,16,1,-1,-1,-1
18,-1,286,232,15,12,1,-1,-1,-1
18,-1,290,108,18,19,1,-1,-1,-1
18,-1,344,267,15,14,1,-1,-1,-1
18,-1,399,240,15,14,1,-1,-1,-1
18,-1,412,101,16,14,1,-1,-1,-1
18,-1,419,180,19,15,1,-1,-1,-1
18,-1,443,291,15,15,1,-1,-1,-1
18,-1,494,237,17,14,1,-1,-1,-1
18,-1,524,195,16,15,1,-1,-1,-1
18,-1,555,127,18,15,1,-1,-1,-1
18,-1,569,287,16,14,1,-1,-1,-1
18,-1,625,249,15,14,1,-1,-1,-1
18,-1,667,213,14,15,1,-1,-1,-1
18,-1,699,135,20,17,1,-1,-1,-1
19,-1,129,40,22,19,1,-1,-1,-1
19,-1,149,149,20,17,1,-1,-1,-1
19,-1,155,282,16,14,1,-1,-1,-1
19,-1,156,228,18,17,1,-1,-1,-1
19,-1,190,166,15,12,1,-1,-1,-1
19,-1,248,234,16,15,1,-1,-1,-1
19,-1,283,186,17,16,1,-1,-1,-1
19,-1,285,233,15,12,1,-1,-1,-1
19,-1,290,111,18,19,1,-1,-1,-1
19,-1,341,268,15,14,1,-1,-1,-1
19,-1,398,241,15,14,1,-1,-1,-1
19,-1,409,100,16,14,1,-1,-1,-1
19,-1,419,180,19,15,1,-1,-1,-1
19,-1,439,292,15,15,1,-1,-1,-1
19,-1,493,238,17,14,1,-1,-1,-1
19,-1,523,196,17,15,1,-1,-1,-1
19,-1,551,127,18,15,1,-1,-1,-1
19,-1,568,288,16,14,1,-1,-1,-1
19,-1,625,250,15,14,1,-1,-1,-1
19,-1,667,214,14,15,1,-1,-1,-1
19,-1,695,137,20,18,1,-1,-1,-1
20,-1,130,40,21,19,1,-1,-1,-1
20,-1,150,149,19,17,1,-1,-1,-1
20,-1,155,283,16,14,1,-1,-1,-1
20,-1,157,229,17,16,1,-1,-1,-1
20,-1,189,166,15,12,1,-1,-1,-1
20,-1,246,234,16,15,1,-1,-1,-1
20,-1,283,186,17,16,1,-1,-1,-1
20,-1,285,233,15,12,1,-1,-1,-1
20,-1,291,112,18,19,1,-1,-1,-1
20,-1,340,268,15,14,1,-1,-1,-1
20,-1,398,241,15,14,1,-1,-1,-1
20,-1,407,100,16,14,1,-1,-1,-1
20,-1,419,180,19,15,1,-1,-1,-1
20,-1,437,292,15,15,1,-1,-1,-1
20,-1,492,239,17,14,1,-1,-1,-1
20,-1,522,197,17,15,1,-1,-1,-1
20,-1,549,127,17,15,1,-1,-1,-1
20,-1,568,288,16,14,1,-1,-1,-1
20,-1,625,250,15,14,1,-1,-1,-1
20,-1,667,215,14,15,1,-1,-1,-1
20,-1,692,137,20,18,1,-1,-1,-1
21,-1,130,40,22,19,1,-1,-1,-1
21,-1,151,149,19,17,1,-1,-1,-1
21,-1,155,283,16,14,1,-1,-1,-1
21,-1,157,229,17,16,1,-1,-1,-1
21,-1,189,168,15,12,1,-1,-1,-1
21,-1,244,235,16,15,1,-1,-1,-1
21,-1,283,187,17,16,1,-1,-1,-1
21,-1,285,234,15,12,1,-1,-1,-1
21,-1,291,113,18,19,1,-1,-1,-1
21,-1,338,269,15,14,1,-1,-1,-1
21,-1,398,241,15,14,1,-1,-1,-1
21,-1,406,99,16,14,1,-1,-1,-1
21,-1,419,181,19,15,1,-1,-1,-1
21,-1,436,292,15,15,1,-1,-1,-1
21,-1,491,240,17,14,1,-1,-1,-1
21,-1,521,197,17,15,1,-1,-1,-1
21,-1,547,127,17,15,1,-1,-1,-1
21,-1,568,288,16,14,1,-1,-1,-1
21,-1,626,250,15,14,1,-1,-1,-1
21,-1,667,215,14,15,1,-1,-1,-1
21,-1,690,138,20,18,1,-1,-1,-1
22,-1,132,41,21,19,1,-1,-1,-1
22,-1,152,150,20,17,1,-1,-1,-1
22,-1,155,283,16,14,1,-1,-1,-1
22,-1,158,229,18,17,1,-1,-1,-1
22,-1,189,168,15,12,1,-1,-1,-1
22,-1,242,235,16,15,1,-1,-1,-1
22,-1,284,189,16,15,1,-1,-1,-1
22,-1,286,235,15,12,1,-1,-1,-1
22,-1,292,114,18,19,1,-1,-1,-1
22,-1,337,270,15,14,1,-1,-1,-1
22,-1,398,242,15,14,1,-1,-1,-1
22,-1,405,99,16,14,1,-1,-1,-1
22,-1,419,180,19,15,1,-1,-1,-1
22,-1,434,292,15,15,1,-1,-1,-1
22,-1,490,240,17,14,1,-1,-1,-1
22,-1,520,198,17,15,1,-1,-1,-1
22,-1,545,127,18,15,1,-1,-1,-1
22,-1,567,288,16,14,1,-1,-1,-1
22,-1,626,250,15,14,1,-1,-1,-1
22,-1,666,216,14,15,1,-1,-1,-1
22,-1,688,139,19,17,1,-1,-1,-1
23,-1,132,41,21,19,1,-1,-1,-1
23,-1,152,150,19,17,1,-1,-1,-1
23,-1,155,283,16,14,1,-1,-1,-1
23,-1,158,229,18,17,1,-1,-1,-1
23,-1,189,168,15,12,1,-1,-1,-1
23,-1,242,235,16,15,1,-1,-1,-1
23,-1,284,189,16,15,1,-1,-1,-1
23,-1,286,235,15,12,1,-1,-1,-1
23,-1,292,114,18,19,1,-1,-1,-1
23,-1,337,270,15,14,1,-1,-1,-1
23,-1,398,242,15,14,1,-1,-1,-1
23,-1,405,99,16,14,1,-1,-1,-1
23,-1,419,180,19,15,1,-1,-1,-1
23,-1,434,292,15,15,1,-1,-1,-1
23,-1,490,240,17,14,1,-1,-1,-1
23,-1,520,198,17,15,1,-1,-1,-1
23,-1,545,127,18,15,1,-1,-1,-1
23,-1,567,288,16,14,1,-1,-1,-1
23,-1,626,250,15,14,1,-1,-1,-1
23,-1,666,216,14,15,1,-1,-1,-1
23,-1,688,139,19,17,1,-1,-1,-1
24,-1,134,41,22,20,1,-1,-1,-1
24,-1,154,150,20,18,1,-1,-1,-1
24,-1,154,285,16,14,1,-1,-1,-1
24,-1,159,229,18,17,1,-1,-1,-1
24,-1,188,170,15,12,1,-1,-1,-1
24,-1,238,236,16,15,1,-1,-1,-1
24,-1,285,190,16,15,1,-1,-1,-1
24,-1,286,236,15,12,1,-1,-1,-1
24,-1,293,116,18,19,1,-1,-1,-1
24,-1,334,271,15,14,1,-1,-1,-1
24,-1,398,243,15,14,1,-1,-1,-1
24,-1,401,99,16,14,1,-1,-1,-1
24,-1,420,181,20,15,1,-1,-1,-1
24,-1,430,293,15,15,1,-1,-1,-1
24,-1,489,241,17,14,1,-1,-1,-1
24,-1,519,199,17,15,1,-1,-1,-1
24,-1,541,128,17,14,1,-1,-1,-1
24,-1,567,289,15,14,1,-1,-1,-1
24,-1,626,252,15,14,1,-1,-1,-1
24,-1,666,216,14,15,1,-1,-1,-1
24,-1,683,141,20,18,1,-1,-1,-1
25,-1,135,41,21,19,1,-1,-1,-1
25,-1,155,150,19,17,1,-1,-1,-1
25,-1,155,286,16,14,1,-1,-1,-1
25,-1,160,230,18,17,1,-1,-1,-1
25,-1,189,170,15,12,1,-1,-1,-1
25,-1,236,236,16,15,1,-1,-1,-1
25,-1,285,191,16,15,1,-1,-1,-1
25,-1,286,236,15,12,1,-1,-1,-1
25,-1,294,117,18,19,1,-1,-1,-1
25,-1,333,271,15,14,1,-1,-1,-1
25,-1,398,244,15,14,1,-1,-1,-1
25,-1,400,98,16,14,1,-1,-1,-1
25,-1,420,181,19,15,1,-1,-1,-1
25,-1,429,294,15,15,1,-1,-1,-1
25,-1,488,242,17,14,1,-1,-1,-1
25,-1,518,200,17,15,1,-1,-1,-1
25,-1,539,128,17,14,1,-1,-1,-1
25,-1,567,289,15,14,1,-1,-1,-1
25,-1,627,252,15,14,1,-1,-1,-1
25,-1,666,217,14,15,1,-1,-1,-1
25,-1,681,142,20,18,1,-1,-1,-1
26,-1,137,42,21,19,1,-1,-1,-1
26,-1,155,150,19,17,1,-1,-1,-1
26,-1,155,286,16,14,1,-1,-1,-1
26,-1,161,230,18,17,1,-1,-1,-1
26,-1,188,172,15,12,1,-1,-1,-1
26,-1,233,237,16,15,1,-1,-1,-1
26,-1,286,192,16,15,1,-1,-1,-1
26,-1,286,237,15,12,1,-1,-1,-1
26,-1,294,118,18,19,1,-1,-1,-1
26,-1,331,272,15,14,1,-1,-1,-1
26,-1,398,244,15,14,1,-1,-1,-1
26,-1,399,98,16,14,1,-1,-1,-1
26,-1,420,181,20,16,1,-1,-1,-1
26,-1,427,294,16,16,1,-1,-1,-1
26,-1,488,243,17,14,1,-1,-1,-1
26,-1,518,201,17,15,1,-1,-1,-1
26,-1,537,128,17,14,1,-1,-1,-1
26,-1,567,289,15,13,1,-1,-1,-1
26,-1,627,252,15,14,1,-1,-1,-1
26,-1,665,217,14,15,1,-1,-1,-1
26,-1,679,142,20,18,1,-1,-1,-1
27,-1,138,42,21,19,1,-1,-1,-1
27,-1,155,287,16,14,1,-1,-1,-1
27,-1,156,150,19,17,1,-1,-1,-1
27,-1,162,230,17,16,1,-1,-1,-1
27,-1,188,172,15,12,1,-1,-1,-1
27,-1,232,237,16,15,1,-1,-1,-1
27,-1,286,192,16,15,1,-1,-1,-1
27,-1,286,238,15,12,1,-1,-1,-1
27,-1,295,119,18,19,1,-1,-1,-1
27,-1,330,272,15,14,1,-1,-1,-1
27,-1,397,97,16,14,1,-1,-1,-1
27,-1,398,244,15,14,1,-1,-1,-1
27,-1,421,181,19,15,1,-1,-1,-1
27,-1,425,294,16,16,1,-1,-1,-1
27,-1,487,244,17,14,1,-1,-1,-1
27,-1,517,202,17,15,1,-1,-1,-1
27,-1,535,128,17,14,1,-1,-1,-1
27,-1,567,289,15,13,1,-1,-1,-1
27,-1,627,252,15,14,1,-1,-1,-1
27,-1,665,218,14,15,1,-1,-1,-1
27,-1,676,143,20,18,1,-1,-1,-1
28,-1,138,42,21,19,1,-1,-1,-1
28,-1,155,287,16,14,1,-1,-1,-1
28,-1,156,150,19,17,1,-1,-1,-1
28,-1,162,230,17,16,1,-1,-1,-1
28,-1,188,172,15,12,1,-1,-1,-1
28,-1,232,237,16,15,1,-1,-1,-1
28,-1,286,192,16,15,1,-1,-1,-1
28,-1,286,238,15,12,1,-1,-1,-1
28,-1,295,119,18,19,1,-1,-1,-1
28,-1,330,272,15,14,1,-1,-1,-1
28,-1,397,97,16,14,1,-1,-1,-1
28,-1,398,244,15,14,1,-1,-1,-1
28,-1,421,181,19,15,1,-1,-1,-1
28,-1,425,294,16,16,1,-1,-1,-1
28,-1,487,244,17,14,1,-1,-1,-1
28,-1,517,202,17,15,1,-1,-1,-1
28,-1,535,128,17,14,1,-1,-1,-1
28,-1,567,289,15,13,1,-1,-1,-1
28,-1,627,252,15,14,1,-1,-1,-1
28,-1,665,218,14,15,1,-1,-1,-1
28,-1,676,143,20,18,1,-1,-1,-1
29,-1,140,42,21,19,1,-1,-1,-1
29,-1,155,288,16,14,1,-1,-1,-1
29,-1,157,150,20,17,1,-1,-1,-1
29,-1,163,230,18,17,1,-1,-1,-1
29,-1,188,174,15,12,1,-1,-1,-1
29,-1,228,238,16,15,1,-1,-1,-1
29,-1,286,239,15,12,1,-1,-1,-1
29,-1,287,193,16,15,1,-1,-1,-1
29,-1,296,120,18,19,1,-1,-1,-1
29,-1,327,273,15,14,1,-1,-1,-1
29,-1,394,96,16,14,1,-1,-1,-1
29,-1,399,245,15,14,1,-1,-1,-1
29,-1,422,181,20,15,1,-1,-1,-1
29,-1,423,295,17,17,1,-1,-1,-1
29,-1,486,245,17,14,1,-1,-1,-1
29,-1,517,203,17,15,1,-1,-1,-1
29,-1,531,128,17,15,1,-1,-1,-1
29,-1,567,289,15,13,1,-1,-1,-1
29,-1,629,253,15,14,1,-1,-1,-1
29,-1,666,219,14,15,1,-1,-1,-1
29,-1,672,144,20,18,1,-1,-1,-1
30,-1,141,42,21,19,1,-1,-1,-1
30,-1,155,288,16,14,1,-1,-1,-1
30,-1,158,150,20,17,1,-1,-1,-1
30,-1,163,231,17,16,1,-1,-1,-1
30,-1,188,174,15,12,1,-1,-1,-1
30,-1,226,238,16,15,1,-1,-1,-1
30,-1,287,193,16,15,1,-1,-1,-1
30,-1,287,240,15,12,1,-1,-1,-1
30,-1,297,121,17,18,1,-1,-1,-1
30,-1,326,274,15,14,1,-1,-1,-1
30,-1,392,95,17,15,1,-1,-1,-1
30,-1,399,246,15,14,1,-1,-1,-1
30,-1,422,181,20,16,1,-1,-1,-1
30,-1,422,295,14,15,1,-1,-1,-1
30,-1,486,245,17,14,1,-1,-1,-1
30,-1,516,203,17,15,1,-1,-1,-1
30,-1,529,128,18,15,1,-1,-1,-1
30,-1,568,289,15,13,1,-1,-1,-1
30,-1,630,253,15,14,1,-1,-1,-1
30,-1,666,219,14,15,1,-1,-1,-1
30,-1,670,145,20,17,1,-1,-1,-1
31,-1,143,42,21,19,1,-1,-1,-1
31,-1,155,289,16,14,1,-1,-1,-1
31,-1,159,150,20,18,1,-1,-1,-1
31,-1,164,231,17,16,1,-1,-1,-1
31,-1,188,174,15,12,1,-1,-1,-1
31,-1,225,239,16,15,1,-1,-1,-1
31,-1,287,240,15,12,1,-1,-1,-1
31,-1,288,194,15,14,1,-1,-1,-1
31,-1,298,122,17,18,1,-1,-1,-1
31,-1,325,274,15,14,1,-1,-1,-1
31,-1,391,95,17,15,1,-1,-1,-1
31,-1,399,246,15,14,1,-1,-1,-1
31,-1,420,295,14,15,1,-1,-1,-1
31,-1,422,181,19,15,1,-1,-1,-1
31,-1,486,246,17,14,1,-1,-1,-1
31,-1,516,204,17,15,1,-1,-1,-1
31,-1,527,127,18,15,1,-1,-1,-1
31,-1,568,289,15,13,1,-1,-1,-1
31,-1,630,253,14,14,1,-1,-1,-1
31,-1,665,220,14,15,1,-1,-1,-1
31,-1,668,145,19,17,1,-1,-1,-1
32,-1,144,42,21,19,1,-1,-1,-1
32,-1,155,290,16,14,1,-1,-1,-1
32,-1,160,150,20,17,1,-1,-1,-1
32,-1,165,231,17,16,1,-1,-1,-1
32,-1,188,174,15,12,1,-1,-1,-1
32,-1,223,239,16,15,1,-1,-1,-1
32,-1,287,241,15,12,1,-1,-1,-1
32,-1,288,195,15,14,1,-1,-1,-1
32,-1,299,123,17,18,1,-1,-1,-1
32,-1,324,274,15,14,1,-1,-1,-1
32,-1,389,94,17,15,1,-1,-1,-1
32,-1,399,246,15,14,1,-1,-1,-1
32,-1,419,295,14,15,1,-1,-1,-1
32,-1,423,181,20,15,1,-1,-1,-1
32,-1,485,246,17,14,1,-1,-1,-1
32,-1,516,205,17,15,1,-1,-1,-1
32,-1,525,127,18,15,1,-1,-1,-1
32,-1,568,289,15,13,1,-1,-1,-1
32,-1,631,253,15,14,1,-1,-1,-1
32,-1,666,146,19,17,1,-1,-1,-1
32,-1,666,220,14,15,1,-1,-1,-1
33,-1,144,42,21,19,1,-1,-1,-1
33,-1,155,290,16,14,1,-1,-1,-1
33,-1,160,150,20,17,1,-1,-1,-1
33,-1,165,231,17,16,1,-1,-1,-1
33,-1,188,174,15,12,1,-1,-1,-1
33,-1,223,239,16,15,1,-1,-1,-1
33,-1,287,241,15,12,1,-1,-1,-1
33,-1,288,195,15,14,1,-1,-1,-1
33,-1,299,123,17,18,1,-1,-1,-1
33,-1,324,274,15,14,1,-1,-1,-1
33,-1,389,94,17,15,1,-1,-1,-1
33,-1,399,246,15,14,1,-1,-1,-1
33,-1,419,295,14,15,1,-1,-1,-1
33,-1,423,181,20,15,1,-1,-1,-1
33,-1,485,246,17,14,1,-1,-1,-1
33,-1,516,205,17,15,1,-1,-1,-1
33,-1,525,127,18,15,1,-1,-1,-1
33,-1,568,289,15,13,1,-1,-1,-1
33,-1,631,253,15,14,1,-1,-1,-1
33,-1,666,146,19,17,1,-1,-1,-1
33,-1,666,220,14,15,1,-1,-1,-1
34,-1,146,42,21,19,1,-1,-1,-1
34,-1,155,291,16,14,1,-1,-1,-1
34,-1,161,150,20,18,1,-1,-1,-1
34,-1,166,232,17,16,1,-1,-1,-1
34,-1,188,175,15,12,1,-1,-1,-1
34,-1,220,239,16,15,1,-1,-1,-1
34,-1,288,242,15,12,1,-1,-1,-1
34,-1,289,195,15,14,1,-1,-1,-1
34,-1,300,124,17,18,1,-1,-1,-1
34,-1,321,275,15,14,1,-1,-1,-1
34,-1,386,92,17,15,1,-1,-1,-1
34,-1,399,247,15,14,1,-1,-1,-1
34,-1,414,296,16,15,1,-1,-1,-1
34,-1,423,181,20,16,1,-1,-1,-1
34,-1,484,248,17,14,1,-1,-1,-1
34,-1,515,206,17,15,1,-1,-1,-1
34,-1,521,127,18,15,1,-1,-1,-1
34,-1,568,288,14,13,1,-1,-1,-1
34,-1,632,254,14,13,1,-1,-1,-1
34,-1,661,147,19,17,1,-1,-1,-1
34,-1,665,221,14,15,1,-1,-1,-1
35,-1,147,42,21,19,1,-1,-1,-1
35,-1,156,291,16,14,1,-1,-1,-1
35,-1,162,150,20,18,1,-1,-1,-1
35,-1,166,232,17,16,1,-1,-1,-1
35,-1,187,175,15,12,1,-1,-1,-1
35,-1,219,240,16,15,1,-1,-1,-1
35,-1,288,243,15,12,1,-1,-1,-1
35,-1,289,195,15,14,1,-1,-1,-1
35,-1,300,124,17,18,1,-1,-1,-1
35,-1,320,275,15,14,1,-1,-1,-1
35,-1,385,91,17,15,1,-1,-1,-1
35,-1,399,247,15,14,1,-1,-1,-1
35,-1,412,296,16,15,1,-1,-1,-1
35,-1,423,181,20,15,1,-1,-1,-1
35,-1,484,248,17,14,1,-1,-1,-1
35,-1,515,207,17,15,1,-1,-1,-1
35,-1,519,126,19,16,1,-1,-1,-1
35,-1,569,288,14,12,1,-1,-1,-1
35,-1,633,254,14,13,1,-1,-1,-1
35,-1,659,148,19,17,1,-1,-1,-1
35,-1,665,221,14,15,1,-1,-1,-1
36,-1,148,41,21,19,1,-1,-1,-1
36,-1,156,291,17,15,1,-1,-1,-1
36,-1,162,150,20,18,1,-1,-1,-1
36,-1,167,232,17,16,1,-1,-1,-1
36,-1,187,175,15,12,1,-1,-1,-1
36,-1,217,240,16,15,1,-1,-1,-1
36,-1,288,243,15,12,1,-1,-1,-1
36,-1,289,195,15,14,1,-1,-1,-1
36,-1,301,124,17,18,1,-1,-1,-1
36,-1,319,275,15,14,1,-1,-1,-1
36,-1,383,91,17,15,1,-1,-1,-1
36,-1,399,248,15,14,1,-1,-1,-1
36,-1,411,296,16,15,1,-1,-1,-1
36,-1,424,181,19,15,1,-1,-1,-1
36,-1,484,248,17,14,1,-1,-1,-1
36,-1,514,207,17,15,1,-1,-1,-1
36,-1,517,126,18,15,1,-1,-1,-1
36,-1,569,288,14,12,1,-1,-1,-1
36,-1,634,254,14,13,1,-1,-1,-1
36,-1,657,148,19,17,1,-1,-1,-1
36,-1,666,222,14,15,1,-1,-1,-1
37,-1,149,41,21,19,1,-1,-1,-1
37,-1,156,292,17,14,1,-1,-1,-1
37,-1,163,150,20,18,1,-1,-1,-1
37,-1,167,232,18,17,1,-1,-1,-1
37,-1,187,175,15,12,1,-1,-1,-1
37,-1,215,240,16,15,1,-1,-1,-1
37,-1,288,244,15,12,1,-1,-1,-1
37,-1,289,195,15,14,1,-1,-1,-1
37,-1,301,125,17,18,1,-1,-1,-1
37,-1,317,275,15,14,1,-1,-1,-1
37,-1,382,90,17,15,1,-1,-1,-1
37,-1,399,248,15,14,1,-1,-1,-1
37,-1,409,297,16,15,1,-1,-1,-1
37,-1,424,182,19,15,1,-1,-1,-1
37,-1,483,249,17,14,1,-1,-1,-1
37,-1,514,208,17,15,1,-1,-1,-1
37,-1,515,126,19,15,1,-1,-1,-1
37,-1,570,288,14,12,1,-1,-1,-1
37,-1,635,254,14,13,1,-1,-1,-1
37,-1,655,149,19,17,1,-1,-1,-1
37,-1,666,222,14,15,1,-1,-1,-1
38,-1,149,41,21,19,1,-1,-1,-1
38,-1,156,292,17,14,1,-1,-1,-1
38,-1,163,150,20,18,1,-1,-1,-1
38,-1,167,232,17,16,1,-1,-1,-1
38,-1,187,175,15,12,1,-1,-1,-1
38,-1,215,240,16,15,1,-1,-1,-1
38,-1,288,244,15,12,1,-1,-1,-1
38,-1,289,195,15,14,1,-1,-1,-1
38,-1,301,125,17,18,1,-1,-1,-1
38,-1,317,275,15,14,1,-1,-1,-1
38,-1,382,90,17,15,1,-1,-1,-1
38,-1,399,248,15,14,1,-1,-1,-1
38,-1,409,297,16,15,1,-1,-1,-1
38,-1,424,182,19,15,1,-1,-1,-1
38,-1,483,249,17,14,1,-1,-1,-1
38,-1,514,208,17,15,1,-1,-1,-1
38,-1,515,126,19,15,1,-1,-1,-1
38,-1,570,288,14,12,1,-1,-1,-1
38,-1,635,254,14,13,1,-1,-1,-1
38,-1,655,149,19,17,1,-1,-1,-1
38,-1,666,222,14,15,1,-1,-1,-1
39,-1,151,41,21,19,1,-1,-1,-1
39,-1,157,293,16,14,1,-1,-1,-1
39,-1,164,150,20,18,1,-1,-1,-1
39,-1,168,232,17,16,1,-1,-1,-1
39,-1,187,175,15,12,1,-1,-1,-1
39,-1,213,240,16,15,1,-1,-1,-1
39,-1,289,196,15,14,1,-1,-1,-1
39,-1,289,245,15,12,1,-1,-1,-1
39,-1,302,125,17,18,1,-1,-1,-1
39,-1,315,276,16,15,1,-1,-1,-1
39,-1,379,89,17,15,1,-1,-1,-1
39,-1,399,248,15,14,1,-1,-1,-1
39,-1,406,297,16,15,1,-1,-1,-1
39,-1,425,182,20,15,1,-1,-1,-1
39,-1,483,250,17,14,1,-1,-1,-1
39,-1,511,125,19,15,1,-1,-1,-1
39,-1,514,209,17,15,1,-1,-1,-1
39,-1,571,287,14,12,1,-1,-1,-1
39,-1,637,254,14,13,1,-1,-1,-1
39,-1,651,150,18,16,1,-1,-1,-1
39,-1,666,222,14,15,1,-1,-1,-1
40,-1,152,41,21,19,1,-1,-1,-1
40,-1,157,293,16,14,1,-1,-1,-1
40,-1,164,150,20,18,1,-1,-1,-1
40,-1,168,232,17,16,1,-1,-1,-1
40,-1,188,175,15,12,1,-1,-1,-1
40,-1,212,240,16,15,1,-1,-1,-1
40,-1,289,196,15,14,1,-1,-1,-1
40,-1,289,245,15,12,1,-1,-1,-1
40,-1,303,125,17,18,1,-1,-1,-1
40,-1,314,276,16,15,1,-1,-1,-1
40,-1,378,87,17,15,1,-1,-1,-1
40,-1,400,248,15,14,1,-1,-1,-1
40,-1,405,297,16,15,1,-1,-1,-1
40,-1,425,181,20,16,1,-1,-1,-1
40,-1,483,250,17,14,1,-1,-1,-1
40,-1,506,123,22,19,1,-1,-1,-1
40,-1,514,209,17,15,1,-1,-1,-1
40,-1,571,287,13,12,1,-1,-1,-1
40,-1,638,253,15,14,1,-1,-1,-1
40,-1,648,150,18,16,1,-1,-1,-1
40,-1,666,223,14,15,1,-1,-1,-1
41,-1,153,41,21,19,1,-1,-1,-1
41,-1,157,294,16,14,1,-1,-1,-1
41,-1,164,150,20,18,1,-1,-1,-1
41,-1,169,232,17,16,1,-1,-1,-1
41,-1,188,174,15,12,1,-1,-1,-1
41,-1,211,241,16,15,1,-1,-1,-1
41,-1,289,246,15,12,1,-1,-1,-1
41,-1,290,196,15,14,1,-1,-1,-1
41,-1,303,125,17,18,1,-1,-1,-1
41,-1,313,277,15,14,1,-1,-1,-1
41,-1,376,86,17,15,1,-1,-1,-1
41,-1,400,248,15,14,1,-1,-1,-1
41,-1,403,297,16,15,1,-1,-1,-1
41,-1,425,182,19,15,1,-1,-1,-1
41,-1,483,251,17,14,1,-1,-1,-1
41,-1,504,123,22,19,1,-1,-1,-1
41,-1,514,210,17,15,1,-1,-1,-1
41,-1,572,287,13,12,1,-1,-1,-1
41,-1,639,254,14,13,1,-1,-1,-1
41,-1,646,150,18,16,1,-1,-1,-1
41,-1,666,223,14,15,1,-1,-1,-1
42,-1,153,40,22,19,1,-1,-1,-1
42,-1,158,294,16,14,1,-1,-1,-1
42,-1,165,150,20,18,1,-1,-1,-1
42,-1,169,232,17,16,1,-1,-1,-1
42,-1,188,174,14,11,1,-1,-1,-1
42,-1,210,241,16,15,1,-1,-1,-1
42,-1,289,246,14,12,1,-1,-1,-1
42,-1,290,196,15,14,1,-1,-1,-1
42,-1,304,126,17,17,1,-1,-1,-1
42,-1,312,277,15,14,1,-1,-1,-1
42,-1,375,85,17,15,1,-1,-1,-1
42,-1,400,248,15,14,1,-1,-1,-1
42,-1,402,297,16,15,1,-1,-1,-1
42,-1,426,181,19,15,1,-1,-1,-1
42,-1,483,251,17,14,1,-1,-1,-1
42,-1,502,122,22,19,1,-1,-1,-1
42,-1,514,211,17,15,1,-1,-1,-1
42,-1,573,287,13,12,1,-1,-1,-1
42,-1,640,253,14,13,1,-1,-1,-1
42,-1,644,151,18,16,1,-1,-1,-1
42,-1,666,223,14,15,1,-1,-1,-1
43,-1,153,40,21,19,1,-1,-1,-1
43,-1,158,294,16,14,1,-1,-1,-1
43,-1,165,150,20,18,1,-1,-1,-1
43,-1,169,232,17,16,1,-1,-1,-1
43,-1,188,174,14,11,1,-1,-1,-1
43,-1,210,241,16,15,1,-1,-1,-1
43,-1,289,246,14,12,1,-1,-1,-1
43,-1,290,196,15,14,1,-1,-1,-1
43,-1,304,126,17,18,1,-1,-1,-1
43,-1,312,277,15,14,1,-1,-1,-1
43,-1,375,85,17,15,1,-1,-1,-1
43,-1,400,248,15,14,1,-1,-1,-1
43,-1,402,297,16,15,1,-1,-1,-1
43,-1,426,181,19,15,1,-1,-1,-1
43,-1,483,251,17,14,1,-1,-1,-1
43,-1,502,122,22,19,1,-1,-1,-1
43,-1,514,211,17,15,1,-1,-1,-1
43,-1,572,284,14,15,1,-1,-1,-1
43,-1,640,253,14,13,1,-1,-1,-1
43,-1,644,151,18,16,1,-1,-1,-1
43,-1,666,223,14,15,1,-1,-1,-1
44,-1,155,40,22,20,1,-1,-1,-1
44,-1,159,295,16,14,1,-1,-1,-1
44,-1,166,149,19,17,1,-1,-1,-1
44,-1,170,232,17,16,1,-1,-1,-1
44,-1,189,174,14,11,1,-1,-1,-1
44,-1,208,240,16,15,1,-1,-1,-1
44,-1,290,196,16,15,1,-1,-1,-1
44,-1,290,246,14,12,1,-1,-1,-1
44,-1,304,126,17,18,1,-1,-1,-1
44,-1,310,277,15,14,1,-1,-1,-1
44,-1,372,83,18,15,1,-1,-1,-1
44,-1,400,248,15,14,1,-1,-1,-1
44,-1,400,297,16,15,1,-1,-1,-1
44,-1,426,181,19,15,1,-1,-1,-1
44,-1,483,251,17,14,1,-1,-1,-1
44,-1,499,121,22,19,1,-1,-1,-1
44,-1,514,211,17,15,1,-1,-1,-1
44,-1,573,283,14,15,1,-1,-1,-1
44,-1,640,151,18,16,1,-1,-1,-1
44,-1,642,253,14,13,1,-1,-1,-1
44,-1,666,223,14,15,1,-1,-1,-1
45,-1,155,39,22,19,1,-1,-1,-1
45,-1,159,296,16,14,1,-1,-1,-1
45,-1,166,149,20,18,1,-1,-1,-1
45,-1,170,232,17,16,1,-1,-1,-1
45,-1,189,174,14,11,1,-1,-1,-1
45,-1,207,240,16,15,1,-1,-1,-1
45,-1,290,195,16,15,1,-1,-1,-1
45,-1,290,247,14,12,1,-1,-1,-1
45,-1,305,126,17,18,1,-1,-1,-1
45,-1,309,278,15,14,1,-1,-1,-1
45,-1,370,82,18,16,1,-1,-1,-1
45,-1,399,297,16,15,1,-1,-1,-1
45,-1,400,248,15,14,1,-1,-1,-1
45,-1,427,181,19,15,1,-1,-1,-1
45,-1,482,252,17,14,1,-1,-1,-1
45,-1,498,121,22,19,1,-1,-1,-1
45,-1,514,212,17,15,1,-1,-1,-1
45,-1,574,282,14,15,1,-1,-1,-1
45,-1,638,152,17,15,1,-1,-1,-1
45,-1,644,253,14,13,1,-1,-1,-1
45,-1,666,223,14,15,1,-1,-1,-1
46,-1,156,39,22,20,1,-1,-1,-1
46,-1,160,296,16,14,1,-1,-1,-1
46,-1,166,149,20,18,1,-1,-1,-1
46,-1,171,232,17,16,1,-1,-1,-1
46,-1,189,173,14,11,1,-1,-1,-1
46,-1,207,240,16,15,1,-1,-1,-1
46,-1,290,195,16,15,1,-1,-1,-1
46,-1,290,247,14,11,1,-1,-1,-1
46,-1,305,126,17,18,1,-1,-1,-1
46,-1,308,278,15,14,1,-1,-1,-1
46,-1,369,80,18,16,1,-1,-1,-1
46,-1,397,297,16,15,1,-1,-1,-1
46,-1,400,248,15,14,1,-1,-1,-1
46,-1,427,181,19,15,1,-1,-1,-1
46,-1,482,252,17,14,1,-1,-1,-1
46,-1,496,120,22,19,1,-1,-1,-1
46,-1,514,212,17,15,1,-1,-1,-1
46,-1,575,281,14,15,1,-1,-1,-1
46,-1,635,152,17,15,1,-1,-1,-1
46,-1,645,253,14,13,1,-1,-1,-1
46,-1,666,223,14,15,1,-1,-1,-1
47,-1,157,39,22,20,1,-1,-1,-1
47,-1,160,296,16,14,1,-1,-1,-1
47,-1,166,149,20,18,1,-1,-1,-1
47,-1,171,232,17,16,1,-1,-1,-1
47,-1,190,173,14,11,1,-1,-1,-1
47,-1,206,240,16,15,1,-1,-1,-1
47,-1,290,247,14,11,1,-1,-1,-1
47,-1,291,195,16,15,1,-1,-1,-1
47,-1,305,126,17,18,1,-1,-1,-1
47,-1,307,278,15,14,1,-1,-1,-1
47,-1,367,79,18,16,1,-1,-1,-1
47,-1,396,297,16,15,1,-1,-1,-1
47,-1,400,248,15,14,1,-1,-1,-1
47,-1,427,181,19,15,1,-1,-1,-1
47,-1,482,252,17,14,1,-1,-1,-1
47,-1,494,120,22,19,1,-1,-1,-1
47,-1,514,212,17,15,1,-1,-1,-1
47,-1,576,281,14,15,1,-1,-1,-1
47,-1,634,152,17,15,1,-1,-1,-1
47,-1,646,253,14,13,1,-1,-1,-1
47,-1,667,223,14,15,1,-1,-1,-1
48,-1,157,39,22,20,1,-1,-1,-1
48,-1,160,296,16,14,1,-1,-1,-1
48,-1,166,149,20,18,1,-1,-1,-1
48,-1,171,232,17,16,1,-1,-1,-1
48,-1,190,173,14,11,1,-1,-1,-1
48,-1,206,240,16,15,1,-1,-1,-1
48,-1,290,247,14,11,1,-1,-1,-1
48,-1,291,195,16,15,1,-1,-1,-1
48,-1,305,126,17,18,1,-1,-1,-1
48,-1,307,278,15,14,1,-1,-1,-1
48,-1,367,79,18,16,1,-1,-1,-1
48,-1,396,297,16,15,1,-1,-1,-1
48,-1,400,248,15,14,1,-1,-1,-1
48,-1,427,181,19,15,1,-1,-1,-1
48,-1,482,252,17,14,1,-1,-1,-1
48,-1,494,120,22,19,1,-1,-1,-1
48,-1,514,212,17,15,1,-1,-1,-1
48,-1,576,281,14,15,1,-1,-1,-1
48,-1,634,152,17,15,1,-1,-1,-1
48,-1,646,253,14,13,1,-1,-1,-1
48,-1,667,223,14,15,1,-1,-1,-1
49,-1,158,38,21,19,1,-1,-1,-1
49,-1,161,297,16,14,1,-1,-1,-1
49,-1,167,149,20,18,1,-1,-1,-1
49,-1,171,232,17,16,1,-1,-1,-1
49,-1,190,172,14,11,1,-1,-1,-1
49,-1,205,240,16,15,1,-1,-1,-1
49,-1,290,247,14,11,1,-1,-1,-1
49,-1,291,195,16,15,1,-1,-1,-1
49,-1,304,278,15,14,1,-1,-1,-1
49,-1,306,126,17,18,1,-1,-1,-1
49,-1,364,77,18,16,1,-1,-1,-1
49,-1,394,297,16,15,1,-1,-1,-1
49,-1,400,248,15,14,1,-1,-1,-1
49,-1,428,181,20,15,1,-1,-1,-1
49,-1,482,252,17,14,1,-1,-1,-1
49,-1,492,119,22,19,1,-1,-1,-1
49,-1,515,213,16,14,1,-1,-1,-1
49,-1,577,280,14,15,1,-1,-1,-1
49,-1,630,153,16,15,1,-1,-1,-1
49,-1,649,253,14,13,1,-1,-1,-1
49,-1,667,224,14,15,1,-1,-1,-1
50,-1,159,38,22,20,1,-1,-1,-1
50,-1,161,297,16,14,1,-1,-1,-1
50,-1,167,149,20,18,1,-1,-1,-1
50,-1,171,232,17,16,1,-1,-1,-1
50,-1,190,172,14,11,1,-1,-1,-1
50,-1,204,240,16,15,1,-1,-1,-1
50,-1,290,247,14,11,1,-1,-1,-1
50,-1,291,195,16,15,1,-1,-1,-1
50,-1,303,278,15,14,1,-1,-1,-1
50,-1,306,126,17,18,1,-1,-1,-1
50,-1,363,75,19,16,1,-1,-1,-1
50,-1,393,297,17,16,1,-1,-1,-1
50,-1,400,248,15,14,1,-1,-1,-1
50,-1,428,181,20,15,1,-1,-1,-1
50,-1,482,253,17,14,1,-1,-1,-1
50,-1,490,119,22,19,1,-1,-1,-1
50,-1,515,213,16,14,1,-1,-1,-1
50,-1,578,280,14,15,1,-1,-1,-1
50,-1,628,153,16,15,1,-1,-1,-1
50,-1,650,253,14,13,1,-1,-1,-1
50,-1,667,224,14,15,1,-1,-1,-1
51,-1,159,38,22,20,1,-1,-1,-1
51,-1,162,298,15,13,1,-1,-1,-1
51,-1,167,149,20,18,1,-1,-1,-1
51,-1,172,232,17,16,1,-1,-1,-1
51,-1,190,171,14,11,1,-1,-1,-1
51,-1,203,240,16,15,1,-1,-1,-1
51,-1,290,247,14,11,1,-1,-1,-1
51,-1,291,195,16,15,1,-1,-1,-1
51,-1,302,278,15,14,1,-1,-1,-1
51,-1,306,126,17,18,1,-1,-1,-1
51,-1,362,74,19,16,1,-1,-1,-1
51,-1,392,297,17,16,1,-1,-1,-1
51,-1,400,248,15,14,1,-1,-1,-1
51,-1,428,181,20,15,1,-1,-1,-1
51,-1,482,253,17,14,1,-1,-1,-1
51,-1,489,119,22,19,1,-1,-1,-1
51,-1,515,214,16,14,1,-1,-1,-1
51,-1,579,279,14,15,1,-1,-1,-1
51,-1,626,154,16,14,1,-1,-1,-1
51,-1,651,252,14,13,1,-1,-1,-1
51,-1,667,224,14,15,1,-1,-1,-1
52,-1,160,38,21,19,1,-1,-1,-1
52,-1,163,299,15,13,1,-1,-1,-1
52,-1,167,149,20,18,1,-1,-1,-1
52,-1,172,232,17,16,1,-1,-1,-1
52,-1,191,171,13,11,1,-1,-1,-1
52,-1,203,240,16,15,1,-1,-1,-1
52,-1,290,247,14,11,1,-1,-1,-1
52,-1,291,195,16,15,1,-1,-1,-1
52,-1,301,279,15,14,1,-1,-1,-1
52,-1,306,126,17,18,1,-1,-1,-1
52,-1,360,73,18,16,1,-1,-1,-1
52,-1,392,297,18,17,1,-1,-1,-1
52,-1,400,248,15,14,1,-1,-1,-1
52,-1,427,181,20,16,1,-1,-1,-1
52,-1,482,253,17,14,1,-1,-1,-1
52,-1,487,118,22,19,1,-1,-1,-1
52,-1,515,214,16,14,1,-1,-1,-1
52,-1,580,279,15,16,1,-1,-1,-1
52,-1,623,154,16,14,1,-1,-1,-1
52,-1,652,252,14,13,1,-1,-1,-1
52,-1,667,224,14,15,1,-1,-1,-1
53,-1,160,38,21,19,1,-1,-1,-1
53,-1,163,299,15,13,1,-1,-1,-1
53,-1,167,149,20,18,1,-1,-1,-1
53,-1,172,232,17,16,1,-1,-1,-1
53,-1,191,171,13,11,1,-1,-1,-1
53,-1,203,240,16,15,1,-1,-1,-1
53,-1,290,247,14,11,1,-1,-1,-1
53,-1,291,195,16,15,1,-1,-1,-1
53,-1,301,279,15,14,1,-1,-1,-1
53,-1,306,126,17,18,1,-1,-1,-1
53,-1,360,73,18,16,1,-1,-1,-1
53,-1,392,297,18,17,1,-1,-1,-1
53,-1,400,248,15,14,1,-1,-1,-1
53,-1,428,181,19,15,1,-1,-1,-1
53,-1,482,253,17,14,1,-1,-1,-1
53,-1,487,118,22,19,1,-1,-1,-1
53,-1,515,214,16,14,1,-1,-1,-1
53,-1,580,279,15,16,1,-1,-1,-1
53,-1,623,154,16,14,1,-1,-1,-1
53,-1,652,252,14,13,1,-1,-1,-1
53,-1,667,224,14,15,1,-1,-1,-1
54,-1,160,38,22,19,1,-1,-1,-1
54,-1,163,299,15,13,1,-1,-1,-1
54,-1,167,149,20,18,1,-1,-1,-1
54,-1,172,233,17,16,1,-1,-1,-1
54,-1,191,171,14,11,1,-1,-1,-1
54,-1,202,240,16,15,1,-1,-1,-1
54,-1,290,247,14,11,1,-1,-1,-1
54,-1,291,196,16,15,1,-1,-1,-1
54,-1,299,279,14,13,1,-1,-1,-1
54,-1,306,126,17,18,1,-1,-1,-1
54,-1,358,71,19,16,1,-1,-1,-1
54,-1,390,297,18,17,1,-1,-1,-1
54,-1,401,249,15,14,1,-1,-1,-1
54,-1,428,181,19,15,1,-1,-1,-1
54,-1,482,254,17,14,1,-1,-1,-1
54,-1,485,118,22,19,1,-1,-1,-1
54,-1,515,215,16,14,1,-1,-1,-1
54,-1,581,278,14,15,1,-1,-1,-1
54,-1,619,154,16,14,1,-1,-1,-1
54,-1,655,252,14,13,1,-1,-1,-1
54,-1,667,225,14,15,1,-1,-1,-1
55,-1,161,37,21,19,1,-1,-1,-1
55,-1,164,300,15,13,1,-1,-1,-1
55,-1,167,149,20,18,1,-1,-1,-1
55,-1,172,233,17,16,1,-1,-1,-1
55,-1,191,169,14,11,1,-1,-1,-1
55,-1,201,240,16,15,1,-1,-1,-1
55,-1,290,247,14,11,1,-1,-1,-1
55,-1,291,196,16,15,1,-1,-1,-1
55,-1,298,279,14,13,1,-1,-1,-1
55,-1,306,126,17,18,1,-1,-1,-1
55,-1,357,70,19,16,1,-1,-1,-1
55,-1,389,297,18,17,1,-1,-1,-1
55,-1,401,249,15,14,1,-1,-1,-1
55,-1,428,181,20,15,1,-1,-1,-1
55,-1,482,254,17,14,1,-1,-1,-1
55,-1,484,117,22,19,1,-1,-1,-1
55,-1,516,216,16,14,1,-1,-1,-1
55,-1,582,277,14,15,1,-1,-1,-1
55,-1,618,155,16,14,1,-1,-1,-1
55,-1,657,252,13,13,1,-1,-1,-1
55,-1,667,225,14,15,1,-1,-1,-1
56,-1,161,37,21,19,1,-1,-1,-1
56,-1,164,300,15,13,1,-1,-1,-1
56,-1,167,149,20,18,1,-1,-1,-1
56,-1,172,233,17,16,1,-1,-1,-1
56,-1,191,169,14,11,1,-1,-1,-1
56,-1,201,240,16,15,1,-1,-1,-1
56,-1,290,247,14,11,1,-1,-1,-1
56,-1,291,196,16,15,1,-1,-1,-1
56,-1,297,280,14,13,1,-1,-1,-1
56,-1,306,126,17,18,1,-1,-1,-1
56,-1,355,69,19,16,1,-1,-1,-1
56,-1,388,297,18,17,1,-1,-1,-1
56,-1,400,249,15,14,1,-1,-1,-1
56,-1,427,181,20,16,1,-1,-1,-1
56,-1,482,117,22,19,1,-1,-1,-1
56,-1,482,255,17,14,1,-1,-1,-1
56,-1,516,216,16,14,1,-1,-1,-1
56,-1,583,277,14,15,1,-1,-1,-1
56,-1,616,155,16,14,1,-1,-1,-1
56,-1,658,252,13,12,1,-1,-1,-1
56,-1,667,225,14,15,1,-1,-1,-1
57,-1,161,37,22,19,1,-1,-1,-1
57,-1,165,300,15,13,1,-1,-1,-1
57,-1,167,149,20,18,1,-1,-1,-1
57,-1,172,233,17,16,1,-1,-1,-1
57,-1,191,169,14,11,1,-1,-1,-1
57,-1,201,240,16,15,1,-1,-1,-1
57,-1,289,247,15,15,1,-1,-1,-1
57,-1,291,196,16,15,1,-1,-1,-1
57,-1,296,280,14,13,1,-1,-1,-1
57,-1,306,126,18,18,1,-1,-1,-1
57,-1,354,69,19,16,1,-1,-1,-1
57,-1,387,297,18,17,1,-1,-1,-1
57,-1,400,249,15,14,1,-1,-1,-1
57,-1,428,181,20,15,1,-1,-1,-1
57,-1,481,117,23,20,1,-1,-1,-1
57,-1,482,255,17,14,1,-1,-1,-1
57,-1,516,216,16,14,1,-1,-1,-1
57,-1,584,277,14,15,1,-1,-1,-1
57,-1,614,156,16,14,1,-1,-1,-1
57,-1,660,252,13,12,1,-1,-1,-1
57,-1,667,225,17,18,1,-1,-1,-1
58,-1,161,37,21,19,1,-1,-1,-1
58,-1,165,300,15,13,1,-1,-1,-1
58,-1,167,149,20,18,1,-1,-1,-1
58,-1,172,233,17,16,1,-1,-1,-1
58,-1,191,169,14,11,1,-1,-1,-1
58,-1,201,240,16,15,1,-1,-1,-1
58,-1,289,247,15,15,1,-1,-1,-1
58,-1,291,196,16,15,1,-1,-1,-1
58,-1,296,280,14,13,1,-1,-1,-1
58,-1,306,126,18,18,1,-1,-1,-1
58,-1,354,69,19,16,1,-1,-1,-1
58,-1,387,297,18,17,1,-1,-1,-1
58,-1,400,249,15,14,1,-1,-1,-1
58,-1,427,181,20,16,1,-1,-1,-1
58,-1,481,117,23,20,1,-1,-1,-1
58,-1,482,255,17,14,1,-1,-1,-1
58,-1,516,216,16,14,1,-1,-1,-1
58,-1,584,277,14,15,1,-1,-1,-1
58,-1,614,156,16,14,1,-1,-1,-1
58,-1,659,252,13,12,1,-1,-1,-1
58,-1,667,225,17,18,1,-1,-1,-1
59,-1,161,37,21,19,1,-1,-1,-1
59,-1,165,301,15,13,1,-1,-1,-1
59,-1,167,149,20,18,1,-1,-1,-1
59,-1,172,233,17,16,1,-1,-1,-1
59,-1,191,168,14,11,1,-1,-1,-1
59,-1,200,240,16,15,1,-1,-1,-1
59,-1,289,247,15,15,1,-1,-1,-1
59,-1,291,196,16,15,1,-1,-1,-1
59,-1,294,280,14,13,1,-1,-1,-1
59,-1,306,126,18,18,1,-1,-1,-1
59,-1,351,67,19,16,1,-1,-1,-1
59,-1,385,297,18,17,1,-1,-1,-1
59,-1,400,249,15,14,1,-1,-1,-1
59,-1,427,181,20,16,1,-1,-1,-1
59,-1,479,117,23,20,1,-1,-1,-1
59,-1,482,256,17,14,1,-1,-1,-1
59,-1,516,217,16,14,1,-1,-1,-1
59,-1,586,276,14,15,1,-1,-1,-1
59,-1,610,156,16,14,1,-1,-1,-1
59,-1,662,252,13,12,1,-1,-1,-1
59,-1,667,226,17,18,1,-1,-1,-1
60,-1,161,37,21,19,1,-1,-1,-1
60,-1,166,302,15,13,1,-1,-1,-1
60,-1,167,149,20,18,1,-1,-1,-1
60,-1,171,233,17,16,1,-1,-1,-1
60,-1,191,168,14,11,1,-1,-1,-1
60,-1,199,240,16,15,1,-1,-1,-1
60,-1,288,248,15,15,1,-1,-1,-1
60,-1,291,197,16,15,1,-1,-1,-1
60,-1,293,281,14,13,1,-1,-1,-1
60,-1,306,126,18,18,1,-1,-1,-1
60,-1,350,67,19,16,1,-1,-1,-1
60,-1,385,297,18,17,1,-1,-1,-1
60,-1,399,249,15,14,1,-1,-1,-1
60,-1,427,182,20,16,1,-1,-1,-1
60,-1,478,116,23,20,1,-1,-1,-1
60,-1,482,256,17,14,1,-1,-1,-1
60,-1,517,217,16,14,1,-1,-1,-1
60,-1,587,275,14,15,1,-1,-1,-1
60,-1,608,157,16,14,1,-1,-1,-1
60,-1,664,252,13,12,1,-1,-1,-1
60,-1,667,226,17,18,1,-1,-1,-1
61,-1,161,37,21,19,1,-1,-1,-1
61,-1,166,149,20,18,1,-1,-1,-1
61,-1,166,302,15,13,1,-1,-1,-1
61,-1,171,233,17,16,1,-1,-1,-1
61,-1,192,167,14,11,1,-1,-1,-1
61,-1,199,239,16,15,1,-1,-1,-1
61,-1,288,248,15,15,1,-1,-1,-1
61,-1,290,197,16,15,1,-1,-1,-1
61,-1,292,281,14,13,1,-1,-1,-1
61,-1,306,126,18,18,1,-1,-1,-1
61,-1,349,66,19,16,1,-1,-1,-1
61,-1,384,297,18,17,1,-1,-1,-1
61,-1,399,249,15,14,1,-1,-1,-1
61,-1,427,182,20,16,1,-1,-1,-1
61,-1,477,116,23,20,1,-1,-1,-1
61,-1,482,257,17,14,1,-1,-1,-1
61,-1,517,218,16,14,1,-1,-1,-1
61,-1,587,275,14,15,1,-1,-1,-1
61,-1,607,157,16,14,1,-1,-1,-1
61,-1,665,252,13,12,1,-1,-1,-1
61,-1,667,226,17,18,1,-1,-1,-1
62,-1,161,37,21,19,1,-1,-1,-1
62,-1,166,149,20,18,1,-1,-1,-1
62,-1,167,303,15,13,1,-1,-1,-1
62,-1,171,234,17,16,1,-1,-1,-1
62,-1,191,167,14,11,1,-1,-1,-1
62,-1,199,239,16,15,1,-1,-1,-1
62,-1,288,248,15,15,1,-1,-1,-1
62,-1,291,197,16,15,1,-1,-1,-1
62,-1,291,281,14,13,1,-1,-1,-1
62,-1,306,127,18,18,1,-1,-1,-1
62,-1,348,65,19,16,1,-1,-1,-1
62,-1,383,298,18,17,1,-1,-1,-1
62,-1,399,250,15,14,1,-1,-1,-1
62,-1,427,182,20,16,1,-1,-1,-1
62,-1,475,116,23,20,1,-1,-1,-1
62,-1,482,257,17,14,1,-1,-1,-1
62,-1,517,218,16,14,1,-1,-1,-1
62,-1,588,274,14,15,1,-1,-1,-1
62,-1,605,157,16,14,1,-1,-1,-1
62,-1,666,252,13,12,1,-1,-1,-1
62,-1,667,226,17,18,1,-1,-1,-1
63,-1,161,37,21,19,1,-1,-1,-1
63,-1,166,149,20,18,1,-1,-1,-1
63,-1,167,303,15,13,1,-1,-1,-1
63,-1,171,234,17,16,1,-1,-1,-1
63,-1,191,167,14,11,1,-1,-1,-1
63,-1,199,239,16,15,1,-1,-1,-1
63,-1,288,248,15,15,1,-1,-1,-1
63,-1,291,197,16,15,1,-1,-1,-1
63,-1,291,281,14,13,1,-1,-1,-1
63,-1,306,127,18,18,1,-1,-1,-1
63,-1,348,65,19,16,1,-1,-1,-1
63,-1,383,298,18,17,1,-1,-1,-1
63,-1,399,250,15,14,1,-1,-1,-1
63,-1,427,182,20,16,1,-1,-1,-1
63,-1,475,116,23,20,1,-1,-1,-1
63,-1,482,257,17,14,1,-1,-1,-1
63,-1,517,218,16,14,1,-1,-1,-1
63,-1,588,274,14,15,1,-1,-1,-1
63,-1,605,157,16,14,1,-1,-1,-1
63,-1,666,252,13,12,1,-1,-1,-1
63,-1,667,226,17,18,1,-1,-1,-1
64,-1,161,37,21,19,1,-1,-1,-1
64,-1,165,149,20,18,1,-1,-1,-1
64,-1,167,304,15,13,1,-1,-1,-1
64,-1,170,234,17,16,1,-1,-1,-1
64,-1,192,166,14,11,1,-1,-1,-1
64,-1,198,239,16,15,1,-1,-1,-1
64,-1,287,248,15,15,1,-1,-1,-1
64,-1,288,282,14,13,1,-1,-1,-1
64,-1,290,198,16,15,1,-1,-1,-1
64,-1,305,127,18,18,1,-1,-1,-1
64,-1,346,64,19,16,1,-1,-1,-1
64,-1,382,298,18,17,1,-1,-1,-1
64,-1,399,250,15,14,1,-1,-1,-1
64,-1,426,182,20,16,1,-1,-1,-1
64,-1,473,116,23,20,1,-1,-1,-1
64,-1,482,258,17,14,1,-1,-1,-1
64,-1,517,220,16,14,1,-1,-1,-1
64,-1,589,269,17,19,1,-1,-1,-1
64,-1,602,158,16,14,1,-1,-1,-1
64,-1,666,226,17,18,1,-1,-1,-1
64,-1,669,251,13,12,1,-1,-1,-1
65,-1,161,37,21,19,1,-1,-1,-1
65,-1,165,150,20,18,1,-1,-1,-1
65,-1,167,304,15,13,1,-1,-1,-1
65,-1,170,234,17,16,1,-1,-1,-1
65,-1,191,165,13,11,1,-1,-1,-1
65,-1,197,239,16,15,1,-1,-1,-1
65,-1,287,249,15,15,1,-1,-1,-1
65,-1,287,282,14,13,1,-1,-1,-1
65,-1,290,198,16,15,1,-1,-1,-1
65,-1,305,127,18,18,1,-1,-1,-1
65,-1,345,63,19,16,1,-1,-1,-1
65,-1,381,298,18,17,1,-1,-1,-1
65,-1,399,250,15,14,1,-1,-1,-1
65,-1,426,182,20,16,1,-1,-1,-1
65,-1,472,116,23,20,1,-1,-1,-1
65,-1,482,258,17,14,1,-1,-1,-1
65,-1,517,220,16,14,1,-1,-1,-1
65,-1,590,269,17,19,1,-1,-1,-1
65,-1,601,158,16,14,1,-1,-1,-1
65,-1,666,227,17,18,1,-1,-1,-1
65,-1,671,251,13,12,1,-1,-1,-1
66,-1,161,36,21,19,1,-1,-1,-1
66,-1,165,150,20,18,1,-1,-1,-1
66,-1,168,305,15,13,1,-1,-1,-1
66,-1,170,235,17,16,1,-1,-1,-1
66,-1,191,165,13,11,1,-1,-1,-1
66,-1,197,239,16,15,1,-1,-1,-1
66,-1,287,249,15,15,1,-1,-1,-1
66,-1,287,283,14,13,1,-1,-1,-1
66,-1,290,198,16,15,1,-1,-1,-1
66,-1,305,128,18,18,1,-1,-1,-1
66,-1,342,58,21,21,1,-1,-1,-1
66,-1,380,298,17,16,1,-1,-1,-1
66,-1,398,251,15,14,1,-1,-1,-1
66,-1,426,182,20,16,1,-1,-1,-1
66,-1,471,116,22,19,1,-1,-1,-1
66,-1,482,258,17,14,1,-1,-1,-1
66,-1,517,220,16,14,1,-1,-1,-1
66,-1,590,268,17,19,1,-1,-1,-1
66,-1,599,158,16,14,1,-1,-1,-1
66,-1,666,227,17,18,1,-1,-1,-1
66,-1,672,251,13,12,1,-1,-1,-1
67,-1,160,36,21,19,1,-1,-1,-1
67,-1,164,150,20,18,1,-1,-1,-1
67,-1,168,305,15,13,1,-1,-1,-1
67,-1,170,235,17,16,1,-1,-1,-1
67,-1,192,165,13,11,1,-1,-1,-1
67,-1,197,239,16,15,1,-1,-1,-1
67,-1,285,283,14,13,1,-1,-1,-1
67,-1,286,249,15,15,1,-1,-1,-1
67,-1,290,198,16,15,1,-1,-1,-1
67,-1,305,128,18,18,1,-1,-1,-1
67,-1,341,57,21,21,1,-1,-1,-1
67,-1,380,298,18,17,1,-1,-1,-1
67,-1,398,251,15,14,1,-1,-1,-1
67,-1,426,182,20,16,1,-1,-1,-1
67,-1,470,116,23,20,1,-1,-1,-1
67,-1,481,259,17,14,1,-1,-1,-1
67,-1,517,221,15,13,1,-1,-1,-1
67,-1,591,267,17,19,1,-1,-1,-1
67,-1,598,159,16,14,1,-1,-1,-1
67,-1,666,227,17,18,1,-1,-1,-1
67,-1,673,251,13,12,1,-1,-1,-1
68,-1,160,36,21,19,1,-1,-1,-1
68,-1,164,150,20,18,1,-1,-1,-1
68,-1,168,305,15,13,1,-1,-1,-1
68,-1,170,235,17,16,1,-1,-1,-1
68,-1,192,165,13,11,1,-1,-1,-1
68,-1,197,239,16,15,1,-1,-1,-1
68,-1,285,283,14,13,1,-1,-1,-1
68,-1,286,249,15,15,1,-1,-1,-1
68,-1,290,198,16,15,1,-1,-1,-1
68,-1,305,128,18,18,1,-1,-1,-1
68,-1,341,57,21,21,1,-1,-1,-1
68,-1,380,298,18,17,1,-1,-1,-1
68,-1,398,251,15,14,1,-1,-1,-1
68,-1,426,183,20,16,1,-1,-1,-1
68,-1,470,116,23,20,1,-1,-1,-1
68,-1,481,259,17,14,1,-1,-1,-1
68,-1,517,221,15,13,1,-1,-1,-1
68,-1,591,267,17,19,1,-1,-1,-1
68,-1,598,159,16,14,1,-1,-1,-1
68,-1,666,227,17,18,1,-1,-1,-1
68,-1,673,251,13,12,1,-1,-1,-1
69,-1,160,36,21,19,1,-1,-1,-1
69,-1,163,150,20,18,1,-1,-1,-1
69,-1,169,235,17,16,1,-1,-1,-1
69,-1,169,307,15,13,1,-1,-1,-1
69,-1,192,164,13,11,1,-1,-1,-1
69,-1,196,238,16,15,1,-1,-1,-1
69,-1,284,284,14,13,1,-1,-1,-1
69,-1,286,250,15,15,1,-1,-1,-1
69,-1,289,199,16,15,1,-1,-1,-1
69,-1,304,128,18,18,1,-1,-1,-1
69,-1,339,56,21,21,1,-1,-1,-1
69,-1,378,298,18,17,1,-1,-1,-1
69,-1,398,251,15,14,1,-1,-1,-1
69,-1,425,183,19,16,1,-1,-1,-1
69,-1,468,116,22,20,1,-1,-1,-1
69,-1,482,259,16,14,1,-1,-1,-1
69,-1,517,222,15,13,1,-1,-1,-1
69,-1,592,267,17,19,1,-1,-1,-1
69,-1,595,160,15,14,1,-1,-1,-1
69,-1,666,228,17,18,1,-1,-1,-1
69,-1,677,251,13,12,1,-1,-1,-1
70,-1,159,36,21,19,1,-1,-1,-1
70,-1,163,150,20,18,1,-1,-1,-1
70,-1,169,236,17,16,1,-1,-1,-1
70,-1,169,308,15,13,1,-1,-1,-1
70,-1,192,164,13,11,1,-1,-1,-1
70,-1,195,238,16,15,1,-1,-1,-1
70,-1,282,284,14,13,1,-1,-1,-1
70,-1,285,250,15,15,1,-1,-1,-1
70,-1,289,199,16,15,1,-1,-1,-1
70,-1,304,128,18,18,1,-1,-1,-1
70,-1,338,55,21,21,1,-1,-1,-1
70,-1,378,299,18,17,1,-1,-1,-1
70,-1,397,251,15,14,1,-1,-1,-1
70,-1,425,183,19,16,1,-1,-1,-1
70,-1,468,116,23,20,1,-1,-1,-1
70,-1,481,260,17,14,1,-1,-1,-1
70,-1,517,222,15,13,1,-1,-1,-1
70,-1,593,266,17,19,1,-1,-1,-1
70,-1,594,160,15,14,1,-1,-1,-1
70,-1,665,228,17,18,1,-1,-1,-1
70,-1,678,251,13,12,1,-1,-1,-1
71,-1,159,37,21,19,1,-1,-1,-1
71,-1,162,150,20,18,1,-1,-1,-1
71,-1,168,236,17,16,1,-1,-1,-1
71,-1,169,308,15,13,1,-1,-1,-1
71,-1,192,163,13,11,1,-1,-1,-1
71,-1,195,238,16,15,1,-1,-1,-1
71,-1,282,284,14,13,1,-1,-1,-1
71,-1,285,251,15,15,1,-1,-1,-1
71,-1,288,199,16,15,1,-1,-1,-1
71,-1,304,129,18,18,1,-1,-1,-1
71,-1,337,55,21,21,1,-1,-1,-1
71,-1,377,299,17,16,1,-1,-1,-1
71,-1,397,251,15,14,1,-1,-1,-1
71,-1,425,183,20,16,1,-1,-1,-1
71,-1,466,116,23,20,1,-1,-1,-1
71,-1,481,261,17,14,1,-1,-1,-1
71,-1,517,222,16,14,1,-1,-1,-1
71,-1,592,160,16,14,1,-1,-1,-1
71,-1,593,266,17,19,1,-1,-1,-1
71,-1,665,229,17,18,1,-1,-1,-1
71,-1,679,251,13,12,1,-1,-1,-1
72,-1,159,37,21,19,1,-1,-1,-1
72,-1,162,150,20,18,1,-1,-1,-1
72,-1,168,236,17,16,1,-1,-1,-1
72,-1,169,308,15,13,1,-1,-1,-1
72,-1,191,162,13,10,1,-1,-1,-1
72,-1,195,238,16,15,1,-1,-1,-1
72,-1,281,285,14,13,1,-1,-1,-1
72,-1,285,251,15,15,1,-1,-1,-1
72,-1,288,200,16,15,1,-1,-1,-1
72,-1,304,129,18,18,1,-1,-1,-1
72,-1,336,55,21,21,1,-1,-1,-1
72,-1,377,299,17,16,1,-1,-1,-1
72,-1,396,251,15,14,1,-1,-1,-1
72,-1,424,183,20,16,1,-1,-1,-1
72,-1,466,116,23,20,1,-1,-1,-1
72,-1,481,261,17,14,1,-1,-1,-1
72,-1,517,223,16,14,1,-1,-1,-1
72,-1,591,160,16,14,1,-1,-1,-1
72,-1,593,266,17,19,1,-1,-1,-1
72,-1,665,229,16,17,1,-1,-1,-1
72,-1,681,251,13,12,1,-1,-1,-1
73,-1,159,37,21,19,1,-1,-1,-1
73,-1,162,150,20,18,1,-1,-1,-1
73,-1,168,236,17,16,1,-1,-1,-1
73,-1,169,308,15,13,1,-1,-1,-1
73,-1,191,162,13,10,1,-1,-1,-1
73,-1,195,238,16,15,1,-1,-1,-1
73,-1,281,285,14,13,1,-1,-1,-1
73,-1,285,251,15,15,1,-1,-1,-1
73,-1,288,200,16,15,1,-1,-1,-1
73,-1,304,129,18,18,1,-1,-1,-1
73,-1,336,55,21,21,1,-1,-1,-1
73,-1,377,299,17,16,1,-1,-1,-1
73,-1,396,251,15,14,1,-1,-1,-1
73,-1,424,183,20,16,1,-1,-1,-1
73,-1,466,116,23,20,1,-1,-1,-1
73,-1,481,261,17,14,1,-1,-1,-1
73,-1,517,223,16,14,1,-1,-1,-1
73,-1,591,160,16,14,1,-1,-1,-1
73,-1,593,266,17,20,1,-1,-1,-1
73,-1,665,229,16,17,1,-1,-1,-1
73,-1,681,251,13,12,1,-1,-1,-1
74,-1,158,37,21,19,1,-1,-1,-1
74,-1,162,151,19,17,1,-1,-1,-1
74,-1,168,236,17,16,1,-1,-1,-1
74,-1,169,310,15,13,1,-1,-1,-1
74,-1,191,162,13,10,1,-1,-1,-1
74,-1,194,238,16,15,1,-1,-1,-1
74,-1,279,285,14,13,1,-1,-1,-1
74,-1,284,252,15,15,1,-1,-1,-1
74,-1,288,200,16,15,1,-1,-1,-1
74,-1,303,130,18,18,1,-1,-1,-1
74,-1,334,54,21,21,1,-1,-1,-1
74,-1,376,299,18,17,1,-1,-1,-1
74,-1,396,252,15,14,1,-1,-1,-1
74,-1,424,184,20,16,1,-1,-1,-1
74,-1,465,117,23,20,1,-1,-1,-1
74,-1,481,262,17,14,1,-1,-1,-1
74,-1,517,223,15,13,1,-1,-1,-1
74,-1,588,161,16,14,1,-1,-1,-1
74,-1,592,266,18,20,1,-1,-1,-1
74,-1,664,229,17,18,1,-1,-1,-1
74,-1,684,252,13,12,1,-1,-1,-1
75,-1,158,37,21,19,1,-1,-1,-1
75,-1,161,151,19,17,1,-1,-1,-1
75,-1,167,237,17,16,1,-1,-1,-1
75,-1,170,311,15,13,1,-1,-1,-1
75,-1,191,161,13,10,1,-1,-1,-1
75,-1,193,238,16,15,1,-1,-1,-1
75,-1,278,286,14,13,1,-1,-1,-1
75,-1,284,252,15,15,1,-1,-1,-1
75,-1,287,200,16,15,1,-1,-1,-1
75,-1,303,130,17,17,1,-1,-1,-1
75,-1,334,54,21,21,1,-1,-1,-1
75,-1,375,299,19,17,1,-1,-1,-1
75,-1,396,252,15,14,1,-1,-1,-1
75,-1,424,184,20,16,1,-1,-1,-1
75,-1,464,116,23,20,1,-1,-1,-1
75,-1,481,262,17,14,1,-1,-1,-1
75,-1,517,224,15,13,1,-1,-1,-1
75,-1,587,161,15,14,1,-1,-1,-1
75,-1,593,266,18,20,1,-1,-1,-1
75,-1,664,229,17,18,1,-1,-1,-1
75,-1,685,252,13,12,1,-1,-1,-1
76,-1,157,37,21,19,1,-1,-1,-1
76,-1,160,151,20,18,1,-1,-1,-1
76,-1,167,237,17,16,1,-1,-1,-1
76,-1,170,311,14,12,1,-1,-1,-1
76,-1,191,161,13,10,1,-1,-1,-1
76,-1,193,238,16,15,1,-1,-1,-1
76,-1,277,286,14,13,1,-1,-1,-1
76,-1,283,253,15,15,1,-1,-1,-1
76,-1,287,201,16,15,1,-1,-1,-1
76,-1,302,130,18,18,1,-1,-1,-1
76,-1,333,53,21,21,1,-1,-1,-1
76,-1,375,300,18,17,1,-1,-1,-1
76,-1,396,252,15,14,1,-1,-1,-1
76,-1,423,184,19,16,1,-1,-1,-1
76,-1,463,116,23,20,1,-1,-1,-1
76,-1,481,262,17,14,1,-1,-1,-1
76,-1,517,224,15,13,1,-1,-1,-1
76,-1,586,162,16,14,1,-1,-1,-1
76,-1,593,266,19,21,1,-1,-1,-1
76,-1,663,230,17,18,1,-1,-1,-1
76,-1,687,252,13,12,1,-1,-1,-1
77,-1,157,37,21,19,1,-1,-1,-1
77,-1,160,151,19,18,1,-1,-1,-1
77,-1,166,237,17,16,1,-1,-1,-1
77,-1,170,312,14,13,1,-1,-1,-1
77,-1,191,161,13,10,1,-1,-1,-1
77,-1,192,238,16,15,1,-1,-1,-1
77,-1,277,287,14,13,1,-1,-1,-1
77,-1,283,253,15,15,1,-1,-1,-1
77,-1,287,201,16,15,1,-1,-1,-1
77,-1,302,130,18,18,1,-1,-1,-1
77,-1,332,53,21,21,1,-1,-1,-1
77,-1,375,299,18,17,1,-1,-1,-1
77,-1,395,253,15,14,1,-1,-1,-1
77,-1,423,184,20,16,1,-1,-1,-1
77,-1,462,117,23,20,1,-1,-1,-1
77,-1,481,263,17,14,1,-1,-1,-1
77,-1,517,224,15,13,1,-1,-1,-1
77,-1,585,162,16,14,1,-1,-1,-1
77,-1,593,266,19,21,1,-1,-1,-1
77,-1,663,230,16,17,1,-1,-1,-1
77,-1,688,252,13,12,1,-1,-1,-1
78,-1,157,37,21,19,1,-1,-1,-1
78,-1,160,151,19,18,1,-1,-1,-1
78,-1,166,237,17,16,1,-1,-1,-1
78,-1,170,312,14,13,1,-1,-1,-1
78,-1,191,161,13,10,1,-1,-1,-1
78,-1,192,238,16,15,1,-1,-1,-1
78,-1,277,287,14,13,1,-1,-1,-1
78,-1,283,253,15,15,1,-1,-1,-1
78,-1,287,201,16,15,1,-1,-1,-1
78,-1,302,130,18,18,1,-1,-1,-1
78,-1,332,53,21,21,1,-1,-1,-1
78,-1,375,299,18,17,1,-1,-1,-1
78,-1,395,253,15,14,1,-1,-1,-1
78,-1,423,184,20,16,1,-1,-1,-1
78,-1,462,117,23,20,1,-1,-1,-1
78,-1,481,263,17,14,1,-1,-1,-1
78,-1,517,224,15,13,1,-1,-1,-1
78,-1,585,162,16,14,1,-1,-1,-1
78,-1,593,266,19,21,1,-1,-1,-1
78,-1,663,230,17,17,1,-1,-1,-1
78,-1,688,252,13,12,1,-1,-1,-1
79,-1,156,38,21,19,1,-1,-1,-1
79,-1,159,152,19,18,1,-1,-1,-1
79,-1,166,238,17,16,1,-1,-1,-1
79,-1,170,313,14,12,1,-1,-1,-1
79,-1,191,161,13,11,1,-1,-1,-1
79,-1,191,238,16,15,1,-1,-1,-1
79,-1,275,288,14,13,1,-1,-1,-1
79,-1,282,254,15,15,1,-1,-1,-1
79,-1,286,202,16,15,1,-1,-1,-1
79,-1,302,131,18,18,1,-1,-1,-1
79,-1,330,52,21,21,1,-1,-1,-1
79,-1,371,299,18,17,1,-1,-1,-1
79,-1,395,254,15,14,1,-1,-1,-1
79,-1,422,185,19,16,1,-1,-1,-1
79,-1,461,117,23,20,1,-1,-1,-1
79,-1,481,263,17,14,1,-1,-1,-1
79,-1,517,225,15,13,1,-1,-1,-1
79,-1,583,163,16,14,1,-1,-1,-1
79,-1,592,266,19,21,1,-1,-1,-1
79,-1,663,231,17,18,1,-1,-1,-1
79,-1,691,252,13,12,1,-1,-1,-1
80,-1,156,38,21,19,1,-1,-1,-1
80,-1,159,152,20,18,1,-1,-1,-1
80,-1,165,238,17,16,1,-1,-1,-1
80,-1,171,314,14,12,1,-1,-1,-1
80,-1,191,161,13,10,1,-1,-1,-1
80,-1,191,238,16,15,1,-1,-1,-1
80,-1,275,288,14,13,1,-1,-1,-1
80,-1,282,254,15,15,1,-1,-1,-1
80,-1,286,202,16,15,1,-1,-1,-1
80,-1,301,132,18,18,1,-1,-1,-1
80,-1,329,52,21,21,1,-1,-1,-1
80,-1,371,299,18,17,1,-1,-1,-1
80,-1,394,254,15,14,1,-1,-1,-1
80,-1,422,185,20,16,1,-1,-1,-1
80,-1,461,117,23,20,1,-1,-1,-1
80,-1,480,263,17,14,1,-1,-1,-1
80,-1,516,225,15,13,1,-1,-1,-1
80,-1,582,163,16,14,1,-1,-1,-1
80,-1,597,263,19,21,1,-1,-1,-1
80,-1,662,231,17,18,1,-1,-1,-1
80,-1,692,252,13,12,1,-1,-1,-1
81,-1,156,38,20,18,1,-1,-1,-1
81,-1,158,152,20,18,1,-1,-1,-1
81,-1,165,239,17,16,1,-1,-1,-1
81,-1,171,314,14,12,1,-1,-1,-1
81,-1,191,160,13,10,1,-1,-1,-1
81,-1,191,238,16,15,1,-1,-1,-1
81,-1,274,288,14,13,1,-1,-1,-1
81,-1,282,255,15,15,1,-1,-1,-1
81,-1,286,203,16,15,1,-1,-1,-1
81,-1,301,132,18,18,1,-1,-1,-1
81,-1,329,52,21,21,1,-1,-1,-1
81,-1,371,299,18,17,1,-1,-1,-1
81,-1,394,254,15,14,1,-1,-1,-1
81,-1,422,185,19,15,1,-1,-1,-1
81,-1,460,117,23,20,1,-1,-1,-1
81,-1,480,264,17,14,1,-1,-1,-1
81,-1,516,225,15,13,1,-1,-1,-1
81,-1,581,163,16,14,1,-1,-1,-1
81,-1,597,263,19,21,1,-1,-1,-1
81,-1,662,232,17,18,1,-1,-1,-1
81,-1,694,253,13,12,1,-1,-1,-1
82,-1,155,38,21,19,1,-1,-1,-1
82,-1,158,153,19,17,1,-1,-1,-1
82,-1,164,239,17,16,1,-1,-1,-1
82,-1,171,315,14,12,1,-1,-1,-1
82,-1,190,238,16,15,1,-1,-1,-1
82,-1,191,160,13,10,1,-1,-1,-1
82,-1,273,289,13,13,1,-1,-1,-1
82,-1,281,255,15,15,1,-1,-1,-1
82,-1,285,203,16,15,1,-1,-1,-1
82,-1,301,132,18,18,1,-1,-1,-1
82,-1,328,52,21,21,1,-1,-1,-1
82,-1,370,299,18,17,1,-1,-1,-1
82,-1,394,254,15,14,1,-1,-1,-1
82,-1,422,185,19,15,1,-1,-1,-1
82,-1,460,118,23,20,1,-1,-1,-1
82,-1,480,264,17,14,1,-1,-1,-1
82,-1,516,226,15,13,1,-1,-1,-1
82,-1,580,164,16,14,1,-1,-1,-1
82,-1,597,263,20,22,1,-1,-1,-1
82,-1,662,232,17,18,1,-1,-1,-1
82,-1,695,253,13,12,1,-1,-1,-1
83,-1,155,38,21,19,1,-1,-1,-1
83,-1,158,153,19,17,1,-1,-1,-1
83,-1,164,239,17,16,1,-1,-1,-1
83,-1,171,315,14,12,1,-1,-1,-1
83,-1,190,238,16,15,1,-1,-1,-1
83,-1,191,160,13,10,1,-1,-1,-1
83,-1,273,289,13,13,1,-1,-1,-1
83,-1,281,255,15,15,1,-1,-1,-1
83,-1,285,203,16,15,1,-1,-1,-1
83,-1,301,132,18,18,1,-1,-1,-1
83,-1,328,52,21,21,1,-1,-1,-1
83,-1,370,299,18,17,1,-1,-1,-1
83,-1,394,254,15,14,1,-1,-1,-1
83,-1,422,185,19,15,1,-1,-1,-1
83,-1,460,118,23,20,1,-1,-1,-1
83,-1,480,264,17,14,1,-1,-1,-1
83,-1,516,226,15,13,1,-1,-1,-1
83,-1,580,164,16,14,1,-1,-1,-1
83,-1,597,263,20,22,1,-1,-1,-1
83,-1,662,232,17,18,1,-1,-1,-1
83,-1,695,253,13,12,1,-1,-1,-1
84,-1,155,39,21,19,1,-1,-1,-1
84,-1,157,153,19,17,1,-1,-1,-1
84,-1,164,240,17,16,1,-1,-1,-1
84,-1,172,317,13,11,1,-1,-1,-1
84,-1,190,238,16,15,1,-1,-1,-1
84,-1,191,160,13,10,1,-1,-1,-1
84,-1,272,289,14,13,1,-1,-1,-1
84,-1,281,256,15,15,1,-1,-1,-1
84,-1,285,204,16,15,1,-1,-1,-1
84,-1,300,133,19,19,1,-1,-1,-1
84,-1,326,51,21,21,1,-1,-1,-1
84,-1,369,300,18,17,1,-1,-1,-1
84,-1,394,255,15,14,1,-1,-1,-1
84,-1,421,185,20,16,1,-1,-1,-1
84,-1,459,118,23,20,1,-1,-1,-1
84,-1,479,264,17,14,1,-1,-1,-1
84,-1,515,226,16,14,1,-1,-1,-1
84,-1,579,164,16,14,1,-1,-1,-1
84,-1,598,262,19,21,1,-1,-1,-1
84,-1,661,232,17,18,1,-1,-1,-1
84,-1,697,253,13,12,1,-1,-1,-1
85,-1,154,39,21,19,1,-1,-1,-1
85,-1,157,153,19,17,1,-1,-1,-1
85,-1,164,240,17,16,1,-1,-1,-1
85,-1,172,317,13,12,1,-1,-1,-1
85,-1,189,238,16,15,1,-1,-1,-1
85,-1,191,160,13,10,1,-1,-1,-1
85,-1,272,289,14,13,1,-1,-1,-1
85,-1,281,256,15,15,1,-1,-1,-1
85,-1,285,204,16,15,1,-1,-1,-1
85,-1,300,134,18,18,1,-1,-1,-1
85,-1,326,51,21,21,1,-1,-1,-1
85,-1,369,300,18,17,1,-1,-1,-1
85,-1,393,255,15,14,1,-1,-1,-1
85,-1,421,186,20,16,1,-1,-1,-1
85,-1,459,118,23,20,1,-1,-1,-1
85,-1,479,264,17,14,1,-1,-1,-1
85,-1,515,226,16,14,1,-1,-1,-1
85,-1,578,165,16,14,1,-1,-1,-1
85,-1,598,262,20,22,1,-1,-1,-1
85,-1,661,232,17,18,1,-1,-1,-1
85,-1,698,254,13,12,1,-1,-1,-1
86,-1,154,39,21,19,1,-1,-1,-1
86,-1,157,154,20,18,1,-1,-1,-1
86,-1,163,240,17,16,1,-1,-1,-1
86,-1,172,318,14,12,1,-1,-1,-1
86,-1,189,238,16,15,1,-1,-1,-1
86,-1,190,160,13,11,1,-1,-1,-1
86,-1,271,290,13,13,1,-1,-1,-1
86,-1,281,256,15,15,1,-1,-1,-1
86,-1,284,205,17,16,1,-1,-1,-1
86,-1,300,134,18,18,1,-1,-1,-1
86,-1,325,51,21,21,1,-1,-1,-1
86,-1,369,300,18,17,1,-1,-1,-1
86,-1,393,255,15,14,1,-1,-1,-1
86,-1,421,186,20,16,1,-1,-1,-1
86,-1,458,119,23,20,1,-1,-1,-1
86,-1,479,265,17,14,1,-1,-1,-1
86,-1,515,227,16,14,1,-1,-1,-1
86,-1,577,165,16,14,1,-1,-1,-1
86,-1,599,262,19,21,1,-1,-1,-1
86,-1,660,233,17,18,1,-1,-1,-1
86,-1,699,253,13,12,1,-1,-1,-1
87,-1,154,40,20,19,1,-1,-1,-1
87,-1,156,154,19,17,1,-1,-1,-1
87,-1,163,240,17,16,1,-1,-1,-1
87,-1,172,318,14,12,1,-1,-1,-1
87,-1,188,238,16,15,1,-1,-1,-1
87,-1,190,160,13,10,1,-1,-1,-1
87,-1,271,290,13,12,1,-1,-1,-1
87,-1,280,257,15,15,1,-1,-1,-1
87,-1,284,206,16,15,1,-1,-1,-1
87,-1,300,135,18,18,1,-1,-1,-1
87,-1,325,51,21,21,1,-1,-1,-1
87,-1,369,300,18,17,1,-1,-1,-1
87,-1,393,255,15,14,1,-1,-1,-1
87,-1,420,186,19,15,1,-1,-1,-1
87,-1,458,119,23,20,1,-1,-1,-1
87,-1,479,265,17,14,1,-1,-1,-1
87,-1,515,227,16,14,1,-1,-1,-1
87,-1,577,166,16,14,1,-1,-1,-1
87,-1,599,262,19,21,1,-1,-1,-1
87,-1,660,233,16,17,1,-1,-1,-1
87,-1,701,254,13,12,1,-1,-1,-1
88,-1,153,40,21,19,1,-1,-1,-1
88,-1,156,154,19,17,1,-1,-1,-1
88,-1,163,240,17,16,1,-1,-1,-1
88,-1,172,318,14,12,1,-1,-1,-1
88,-1,188,238,16,15,1,-1,-1,-1
88,-1,190,160,13,10,1,-1,-1,-1
88,-1,271,290,13,12,1,-1,-1,-1
88,-1,280,257,15,15,1,-1,-1,-1
88,-1,284,206,17,16,1,-1,-1,-1
88,-1,300,135,18,18,1,-1,-1,-1
88,-1,325,51,21,21,1,-1,-1,-1
88,-1,369,300,18,17,1,-1,-1,-1
88,-1,393,255,15,14,1,-1,-1,-1
88,-1,420,186,19,15,1,-1,-1,-1
88,-1,458,119,23,20,1,-1,-1,-1
88,-1,479,265,17,14,1,-1,-1,-1
88,-1,515,227,16,14,1,-1,-1,-1
88,-1,577,166,16,14,1,-1,-1,-1
88,-1,599,262,19,21,1,-1,-1,-1
88,-1,660,233,16,17,1,-1,-1,-1
88,-1,701,254,13,12,1,-1,-1,-1
89,-1,153,41,20,18,1,-1,-1,-1
89,-1,155,154,20,18,1,-1,-1,-1
89,-1,163,241,17,16,1,-1,-1,-1
89,-1,171,318,14,12,1,-1,-1,-1
89,-1,187,238,16,15,1,-1,-1,-1
89,-1,190,160,13,10,1,-1,-1,-1
89,-1,270,291,14,13,1,-1,-1,-1
89,-1,280,258,15,15,1,-1,-1,-1
89,-1,283,206,17,16,1,-1,-1,-1
89,-1,299,136,18,18,1,-1,-1,-1
89,-1,323,51,21,21,1,-1,-1,-1
89,-1,368,301,18,17,1,-1,-1,-1
89,-1,392,256,14,13,1,-1,-1,-1
89,-1,420,186,20,16,1,-1,-1,-1
89,-1,457,120,23,20,1,-1,-1,-1
89,-1,478,266,18,15,1,-1,-1,-1
89,-1,514,227,16,14,1,-1,-1,-1
89,-1,575,166,16,14,1,-1,-1,-1
89,-1,599,262,19,21,1,-1,-1,-1
89,-1,659,233,17,18,1,-1,-1,-1
89,-1,702,254,13,12,1,-1,-1,-1
90,-1,153,41,20,18,1,-1,-1,-1
90,-1,155,154,20,18,1,-1,-1,-1
90,-1,162,241,17,16,1,-1,-1,-1
90,-1,171,318,14,12,1,-1,-1,-1
90,-1,187,238,16,15,1,-1,-1,-1
90,-1,190,160,13,10,1,-1,-1,-1
90,-1,269,291,14,13,1,-1,-1,-1
90,-1,280,258,15,15,1,-1,-1,-1
90,-1,283,207,17,16,1,-1,-1,-1
90,-1,299,136,18,18,1,-1,-1,-1
90,-1,323,51,21,21,1,-1,-1,-1
90,-1,368,301,18,17,1,-1,-1,-1
90,-1,392,257,14,13,1,-1,-1,-1
90,-1,419,187,20,16,1,-1,-1,-1
90,-1,457,120,23,20,1,-1,-1,-1
90,-1,478,266,18,15,1,-1,-1,-1
90,-1,514,228,16,14,1,-1,-1,-1
90,-1,574,166,16,14,1,-1,-1,-1
90,-1,600,262,19,21,1,-1,-1,-1
90,-1,659,234,16,17,1,-1,-1,-1
90,-1,703,254,13,12,1,-1,-1,-1
91,-1,152,41,21,19,1,-1,-1,-1
91,-1,155,155,20,18,1,-1,-1,-1
91,-1,162,242,17,16,1,-1,-1,-1
91,-1,171,319,14,12,1,-1,-1,-1
91,-1,186,238,16,15,1,-1,-1,-1
91,-1,189,161,13,11,1,-1,-1,-1
91,-1,269,291,14,13,1,-1,-1,-1
91,-1,279,259,15,15,1,-1,-1,-1
91,-1,283,207,17,16,1,-1,-1,-1
91,-1,299,137,18,18,1,-1,-1,-1
91,-1,322,51,21,21,1,-1,-1,-1
91,-1,368,302,18,17,1,-1,-1,-1
91,-1,391,257,14,13,1,-1,-1,-1
91,-1,419,187,20,16,1,-1,-1,-1
91,-1,457,120,23,20,1,-1,-1,-1
91,-1,478,266,18,15,1,-1,-1,-1
91,-1,514,228,16,14,1,-1,-1,-1
91,-1,574,167,16,14,1,-1,-1,-1
91,-1,600,262,19,21,1,-1,-1,-1
91,-1,659,234,17,18,1,-1,-1,-1
91,-1,704,254,13,12,1,-1,-1,-1
92,-1,152,41,21,19,1,-1,-1,-1
92,-1,155,155,20,18,1,-1,-1,-1
92,-1,162,242,17,16,1,-1,-1,-1
92,-1,172,319,14,12,1,-1,-1,-1
92,-1,186,238,16,15,1,-1,-1,-1
92,-1,189,161,13,10,1,-1,-1,-1
92,-1,268,292,14,13,1,-1,-1,-1
92,-1,279,259,15,15,1,-1,-1,-1
92,-1,283,208,17,16,1,-1,-1,-1
92,-1,299,137,18,18,1,-1,-1,-1
92,-1,322,51,21,21,1,-1,-1,-1
92,-1,368,302,18,17,1,-1,-1,-1
92,-1,391,257,15,14,1,-1,-1,-1
92,-1,419,188,20,16,1,-1,-1,-1
92,-1,457,120,22,20,1,-1,-1,-1
92,-1,478,266,18,15,1,-1,-1,-1
92,-1,514,229,15,13,1,-1,-1,-1
92,-1,574,167,16,14,1,-1,-1,-1
92,-1,600,262,19,21,1,-1,-1,-1
92,-1,658,234,17,18,1,-1,-1,-1
92,-1,705,254,13,12,1,-1,-1,-1
93,-1,152,41,20,18,1,-1,-1,-1
93,-1,155,155,20,18,1,-1,-1,-1
93,-1,162,242,17,16,1,-1,-1,-1
93,-1,172,319,14,12,1,-1,-1,-1
93,-1,186,238,16,15,1,-1,-1,-1
93,-1,189,161,13,10,1,-1,-1,-1
93,-1,268,292,14,13,1,-1,-1,-1
93,-1,279,259,15,15,1,-1,-1,-1
93,-1,283,208,17,16,1,-1,-1,-1
93,-1,299,137,18,18,1,-1,-1,-1
93,-1,322,51,21,21,1,-1,-1,-1
93,-1,368,302,18,17,1,-1,-1,-1
93,-1,391,257,15,14,1,-1,-1,-1
93,-1,419,188,19,16,1,-1,-1,-1
93,-1,456,121,23,20,1,-1,-1,-1
93,-1,478,267,18,15,1,-1,-1,-1
93,-1,514,229,16,14,1,-1,-1,-1
93,-1,574,167,16,14,1,-1,-1,-1
93,-1,600,262,19,21,1,-1,-1,-1
93,-1,658,234,17,18,1,-1,-1,-1
93,-1,705,254,13,12,1,-1,-1,-1
94,-1,152,43,20,18,1,-1,-1,-1
94,-1,154,156,20,18,1,-1,-1,-1
94,-1,162,243,17,16,1,-1,-1,-1
94,-1,171,319,13,12,1,-1,-1,-1
94,-1,185,238,16,15,1,-1,-1,-1
94,-1,189,161,13,10,1,-1,-1,-1
94,-1,268,292,13,12,1,-1,-1,-1
94,-1,278,260,15,15,1,-1,-1,-1
94,-1,283,209,16,15,1,-1,-1,-1
94,-1,298,138,18,18,1,-1,-1,-1
94,-1,321,51,21,21,1,-1,-1,-1
94,-1,368,303,18,17,1,-1,-1,-1
94,-1,391,257,14,14,1,-1,-1,-1
94,-1,418,188,20,16,1,-1,-1,-1
94,-1,456,121,23,20,1,-1,-1,-1
94,-1,477,267,18,15,1,-1,-1,-1
94,-1,513,229,16,14,1,-1,-1,-1
94,-1,573,168,16,14,1,-1,-1,-1
94,-1,600,262,19,21,1,-1,-1,-1
94,-1,658,235,17,18,1,-1,-1,-1
94,-1,706,255,13,12,1,-1,-1,-1
95,-1,152,43,20,18,1,-1,-1,-1
95,-1,154,156,20,18,1,-1,-1,-1
95,-1,161,243,17,16,1,-1,-1,-1
95,-1,172,320,13,11,1,-1,-1,-1
95,-1,185,238,16,15,1,-1,-1,-1
95,-1,188,161,13,10,1,-1,-1,-1
95,-1,267,293,13,13,1,-1,-1,-1
95,-1,278,260,15,15,1,-1,-1,-1
95,-1,282,209,16,15,1,-1,-1,-1
95,-1,298,139,18,18,1,-1,-1,-1
95,-1,320,51,21,21,1,-1,-1,-1
95,-1,368,303,18,17,1,-1,-1,-1
95,-1,391,258,14,13,1,-1,-1,-1
95,-1,418,188,20,16,1,-1,-1,-1
95,-1,456,122,23,20,1,-1,-1,-1
95,-1,477,267,18,15,1,-1,-1,-1
95,-1,513,229,16,14,1,-1,-1,-1
95,-1,572,168,16,14,1,-1,-1,-1
95,-1,601,261,19,21,1,-1,-1,-1
95,-1,658,235,17,18,1,-1,-1,-1
95,-1,707,255,13,12,1,-1,-1,-1
96,-1,152,43,20,18,1,-1,-1,-1
96,-1,154,156,20,18,1,-1,-1,-1
96,-1,161,244,17,16,1,-1,-1,-1
96,-1,172,320,13,11,1,-1,-1,-1
96,-1,184,239,16,15,1,-1,-1,-1
96,-1,188,162,13,10,1,-1,-1,-1
96,-1,267,293,14,13,1,-1,-1,-1
96,-1,278,260,15,15,1,-1,-1,-1
96,-1,282,210,16,15,1,-1,-1,-1
96,-1,298,139,18,18,1,-1,-1,-1
96,-1,320,51,21,21,1,-1,-1,-1
96,-1,367,303,18,17,1,-1,-1,-1
96,-1,391,258,14,13,1,-1,-1,-1
96,-1,418,189,20,16,1,-1,-1,-1
96,-1,456,122,23,20,1,-1,-1,-1
96,-1,477,267,18,15,1,-1,-1,-1
96,-1,513,229,16,14,1,-1,-1,-1
96,-1,572,168,16,14,1,-1,-1,-1
96,-1,601,261,19,21,1,-1,-1,-1
96,-1,657,235,17,18,1,-1,-1,-1
96,-1,708,255,13,12,1,-1,-1,-1
97,-1,152,44,20,18,1,-1,-1,-1
97,-1,154,157,20,18,1,-1,-1,-1
97,-1,161,244,17,16,1,-1,-1,-1
97,-1,172,320,13,11,1,-1,-1,-1
97,-1,184,239,16,15,1,-1,-1,-1
97,-1,188,162,13,10,1,-1,-1,-1
97,-1,266,293,14,13,1,-1,-1,-1
97,-1,278,261,15,15,1,-1,-1,-1
97,-1,282,210,16,15,1,-1,-1,-1
97,-1,297,139,19,19,1,-1,-1,-1
97,-1,319,51,21,21,1,-1,-1,-1
97,-1,367,303,18,17,1,-1,-1,-1
97,-1,390,258,14,13,1,-1,-1,-1
97,-1,418,189,20,16,1,-1,-1,-1
97,-1,456,122,23,20,1,-1,-1,-1
97,-1,477,267,18,15,1,-1,-1,-1
97,-1,513,230,16,14,1,-1,-1,-1
97,-1,572,168,16,14,1,-1,-1,-1
97,-1,601,261,19,21,1,-1,-1,-1
97,-1,657,236,17,18,1,-1,-1,-1
97,-1,708,255,13,12,1,-1,-1,-1
98,-1,152,44,20,18,1,-1,-1,-1
98,-1,154,157,20,18,1,-1,-1,-1
98,-1,161,244,17,16,1,-1,-1,-1
98,-1,172,320,13,11,1,-1,-1,-1
98,-1,184,239,16,15,1,-1,-1,-1
98,-1,188,162,13,10,1,-1,-1,-1
98,-1,266,293,14,13,1,-1,-1,-1
98,-1,278,261,15,15,1,-1,-1,-1
98,-1,282,210,16,15,1,-1,-1,-1
98,-1,298,140,18,18,1,-1,-1,-1
98,-1,319,51,21,21,1,-1,-1,-1
98,-1,367,303,18,17,1,-1,-1,-1
98,-1,390,258,14,13,1,-1,-1,-1
98,-1,418,189,20,16,1,-1,-1,-1
98,-1,456,122,23,20,1,-1,-1,-1
98,-1,477,267,18,15,1,-1,-1,-1
98,-1,513,230,16,14,1,-1,-1,-1
98,-1,572,168,16,14,1,-1,-1,-1
98,-1,601,261,19,21,1,-1,-1,-1
98,-1,657,236,17,18,1,-1,-1,-1
98,-1,708,255,13,12,1,-1,-1,-1
99,-1,151,44,20,18,1,-1,-1,-1
99,-1,153,157,20,18,1,-1,-1,-1
99,-1,161,244,17,16,1,-1,-1,-1
99,-1,172,320,13,11,1,-1,-1,-1
99,-1,183,239,16,15,1,-1,-1,-1
99,-1,187,162,13,10,1,-1,-1,-1
99,-1,266,294,13,12,1,-1,-1,-1
99,-1,277,262,15,15,1,-1,-1,-1
99,-1,282,211,16,15,1,-1,-1,-1
99,-1,297,141,18,18,1,-1,-1,-1
99,-1,319,51,21,21,1,-1,-1,-1
99,-1,368,304,18,17,1,-1,-1,-1
99,-1,390,259,15,14,1,-1,-1,-1
99,-1,418,189,20,16,1,-1,-1,-1
99,-1,456,123,23,20,1,-1,-1,-1
99,-1,476,268,19,15,1,-1,-1,-1
99,-1,512,230,15,14,1,-1,-1,-1
99,-1,571,169,17,14,1,-1,-1,-1
99,-1,601,261,19,21,1,-1,-1,-1
99,-1,656,236,17,18,1,-1,-1,-1
99,-1,709,255,13,12,1,-1,-1,-1
100,-1,151,45,21,19,1,-1,-1,-1
100,-1,153,158,20,18,1,-1,-1,-1
100,-1,160,245,17,16,1,-1,-1,-1
100,-1,171,320,13,11,1,-1,-1,-1
100,-1,183,239,16,15,1,-1,-1,-1
100,-1,187,162,13,10,1,-1,-1,-1
100,-1,266,294,13,12,1,-1,-1,-1
100,-1,277,262,15,15,1,-1,-1,-1
100,-1,282,212,16,15,1,-1,-1,-1
100,-1,297,141,18,18,1,-1,-1,-1
100,-1,319,52,21,21,1,-1,-1,-1
100,-1,367,304,18,17,1,-1,-1,-1
100,-1,390,259,15,14,1,-1,-1,-1
100,-1,417,189,20,16,1,-1,-1,-1
100,-1,455,123,23,20,1,-1,-1,-1
100,-1,475,268,19,16,1,-1,-1,-1
100,-1,512,231,16,14,1,-1,-1,-1
100,-1,571,169,17,14,1,-1,-1,-1
100,-1,601,261,19,21,1,-1,-1,-1
100,-1,656,236,17,18,1,-1,-1,-1
100,-1,710,256,13,12,1,-1,-1,-1
101,-1,151,45,20,18,1,-1,-1,-1
101,-1,153,158,20,18,1,-1,-1,-1
101,-1,160,245,17,16,1,-1,-1,-1
101,-1,171,321,13,11,1,-1,-1,-1
101,-1,183,240,16,15,1,-1,-1,-1
101,-1,187,163,13,10,1,-1,-1,-1
101,-1,266,294,13,12,1,-1,-1,-1
101,-1,277,263,15,15,1,-1,-1,-1
101,-1,282,212,16,15,1,-1,-1,-1
101,-1,297,141,18,18,1,-1,-1,-1
101,-1,318,52,21,21,1,-1,-1,-1
101,-1,367,304,18,17,1,-1,-1,-1
101,-1,390,259,14,14,1,-1,-1,-1
101,-1,417,190,20,16,1,-1,-1,-1
101,-1,455,123,23,20,1,-1,-1,-1
101,-1,475,268,19,16,1,-1,-1,-1
101,-1,512,231,16,14,1,-1,-1,-1
101,-1,571,169,17,15,1,-1,-1,-1
101,-1,601,261,19,21,1,-1,-1,-1
101,-1,656,236,17,18,1,-1,-1,-1
101,-1,710,256,13,12,1,-1,-1,-1
102,-1,151,46,20,18,1,-1,-1,-1
102,-1,153,158,19,18,1,-1,-1,-1
102,-1,160,245,17,16,1,-1,-1,-1
102,-1,171,321,13,11,1,-1,-1,-1
102,-1,183,239,17,16,1,-1,-1,-1
102,-1,187,164,13,10,1,-1,-1,-1
102,-1,266,295,14,13,1,-1,-1,-1
102,-1,277,263,15,15,1,-1,-1,-1
102,-1,282,212,16,15,1,-1,-1,-1
102,-1,297,142,18,18,1,-1,-1,-1
102,-1,318,52,21,21,1,-1,-1,-1
102,-1,367,304,18,17,1,-1,-1,-1
102,-1,389,260,14,13,1,-1,-1,-1
102,-1,417,190,20,16,1,-1,-1,-1
102,-1,455,123,23,20,1,-1,-1,-1
102,-1,475,268,19,15,1,-1,-1,-1
102,-1,512,231,16,14,1,-1,-1,-1
102,-1,571,170,17,15,1,-1,-1,-1
102,-1,601,261,19,21,1,-1,-1,-1
102,-1,656,237,17,18,1,-1,-1,-1
102,-1,711,256,13,12,1,-1,-1,-1
103,-1,151,46,20,18,1,-1,-1,-1
103,-1,153,158,20,18,1,-1,-1,-1
103,-1,160,245,17,16,1,-1,-1,-1
103,-1,171,321,13,11,1,-1,-1,-1
103,-1,182,239,17,16,1,-1,-1,-1
103,-1,187,164,13,10,1,-1,-1,-1
103,-1,266,295,14,13,1,-1,-1,-1
103,-1,277,263,15,15,1,-1,-1,-1
103,-1,282,212,16,15,1,-1,-1,-1
103,-1,297,142,18,18,1,-1,-1,-1
103,-1,318,52,21,21,1,-1,-1,-1
103,-1,367,304,18,17,1,-1,-1,-1
103,-1,389,260,14,13,1,-1,-1,-1
103,-1,418,190,19,15,1,-1,-1,-1
103,-1,455,123,23,20,1,-1,-1,-1
103,-1,475,268,19,15,1,-1,-1,-1
103,-1,512,231,16,14,1,-1,-1,-1
103,-1,571,170,17,15,1,-1,-1,-1
103,-1,601,261,19,21,1,-1,-1,-1
103,-1,656,237,17,18,1,-1,-1,-1
103,-1,711,256,13,12,1,-1,-1,-1
104,-1,151,46,21,19,1,-1,-1,-1
104,-1,153,159,20,18,1,-1,-1,-1
104,-1,160,246,17,16,1,-1,-1,-1
104,-1,171,321,13,11,1,-1,-1,-1
104,-1,182,240,16,15,1,-1,-1,-1
104,-1,187,164,13,10,1,-1,-1,-1
104,-1,265,295,13,12,1,-1,-1,-1
104,-1,277,264,15,15,1,-1,-1,-1
104,-1,281,212,17,16,1,-1,-1,-1
104,-1,297,143,18,18,1,-1,-1,-1
104,-1,317,52,21,21,1,-1,-1,-1
104,-1,367,305,18,17,1,-1,-1,-1
104,-1,389,260,15,14,1,-1,-1,-1
104,-1,417,191,19,15,1,-1,-1,-1
104,-1,455,124,23,20,1,-1,-1,-1
104,-1,475,269,19,16,1,-1,-1,-1
104,-1,512,232,16,14,1,-1,-1,-1
104,-1,571,170,17,14,1,-1,-1,-1
104,-1,601,261,19,21,1,-1,-1,-1
104,-1,655,237,17,18,1,-1,-1,-1
104,-1,712,256,13,12,1,-1,-1,-1
105,-1,151,47,21,19,1,-1,-1,-1
105,-1,153,159,20,18,1,-1,-1,-1
105,-1,160,246,17,16,1,-1,-1,-1
105,-1,171,321,13,11,1,-1,-1,-1
105,-1,182,240,16,15,1,-1,-1,-1
105,-1,187,164,13,10,1,-1,-1,-1
105,-1,265,295,13,12,1,-1,-1,-1
105,-1,277,265,15,15,1,-1,-1,-1
105,-1,282,213,16,15,1,-1,-1,-1
105,-1,297,143,18,18,1,-1,-1,-1
105,-1,317,53,22,22,1,-1,-1,-1
105,-1,367,305,18,17,1,-1,-1,-1
105,-1,389,260,15,14,1,-1,-1,-1
105,-1,417,191,19,15,1,-1,-1,-1
105,-1,455,125,23,20,1,-1,-1,-1
105,-1,475,269,19,16,1,-1,-1,-1
105,-1,512,232,15,13,1,-1,-1,-1
105,-1,571,170,16,14,1,-1,-1,-1
105,-1,601,262,19,21,1,-1,-1,-1
105,-1,655,237,17,18,1,-1,-1,-1
105,-1,712,256,13,12,1,-1,-1,-1
106,-1,150,47,21,19,1,-1,-1,-1
106,-1,153,159,20,18,1,-1,-1,-1
106,-1,160,246,17,16,1,-1,-1,-1
106,-1,170,321,13,11,1,-1,-1,-1
106,-1,182,241,16,15,1,-1,-1,-1
106,-1,187,165,13,10,1,-1,-1,-1
106,-1,265,296,13,12,1,-1,-1,-1
106,-1,277,265,15,15,1,-1,-1,-1
106,-1,281,213,16,15,1,-1,-1,-1
106,-1,297,143,18,18,1,-1,-1,-1
106,-1,317,53,21,21,1,-1,-1,-1
106,-1,367,305,18,17,1,-1,-1,-1
106,-1,389,261,14,13,1,-1,-1,-1
106,-1,417,191,20,16,1,-1,-1,-1
106,-1,455,125,23,20,1,-1,-1,-1
106,-1,474,269,20,16,1,-1,-1,-1
106,-1,511,233,15,13,1,-1,-1,-1
106,-1,571,171,16,14,1,-1,-1,-1
106,-1,601,262,19,21,1,-1,-1,-1
106,-1,655,238,17,18,1,-1,-1,-1
106,-1,712,257,13,12,1,-1,-1,-1
107,-1,151,47,21,19,1,-1,-1,-1
107,-1,153,160,20,18,1,-1,-1,-1
107,-1,160,246,17,16,1,-1,-1,-1
107,-1,170,321,13,11,1,-1,-1,-1
107,-1,182,241,16,15,1,-1,-1,-1
107,-1,187,165,13,10,1,-1,-1,-1
107,-1,265,296,14,13,1,-1,-1,-1
107,-1,277,266,15,15,1,-1,-1,-1
107,-1,281,213,16,15,1,-1,-1,-1
107,-1,297,144,18,18,1,-1,-1,-1
107,-1,317,54,21,21,1,-1,-1,-1
107,-1,368,305,18,17,1,-1,-1,-1
107,-1,389,261,14,13,1,-1,-1,-1
107,-1,417,191,20,16,1,-1,-1,-1
107,-1,455,125,23,20,1,-1,-1,-1
107,-1,474,269,20,16,1,-1,-1,-1
107,-1,511,233,15,14,1,-1,-1,-1
107,-1,571,171,16,14,1,-1,-1,-1
107,-1,601,262,19,21,1,-1,-1,-1
107,-1,655,238,17,18,1,-1,-1,-1
107,-1,713,257,13,12,1,-1,-1,-1
108,-1,151,47,21,19,1,-1,-1,-1
108,-1,153,160,20,18,1,-1,-1,-1
108,-1,160,246,17,16,1,-1,-1,-1
108,-1,170,321,13,11,1,-1,-1,-1
108,-1,182,241,16,15,1,-1,-1,-1
108,-1,187,165,13,10,1,-1,-1,-1
108,-1,265,296,14,13,1,-1,-1,-1
108,-1,277,266,15,15,1,-1,-1,-1
108,-1,281,213,16,15,1,-1,-1,-1
108,-1,297,144,18,18,1,-1,-1,-1
108,-1,317,54,21,21,1,-1,-1,-1
108,-1,368,305,18,17,1,-1,-1,-1
108,-1,389,261,14,13,1,-1,-1,-1
108,-1,417,191,20,16,1,-1,-1,-1
108,-1,455,125,23,20,1,-1,-1,-1
108,-1,474,269,20,16,1,-1,-1,-1
108,-1,511,233,15,13,1,-1,-1,-1
108,-1,571,171,16,14,1,-1,-1,-1
108,-1,601,262,19,21,1,-1,-1,-1
108,-1,655,238,17,18,1,-1,-1,-1
108,-1,713,257,13,12,1,-1,-1,-1
109,-1,151,48,21,19,1,-1,-1,-1
109,-1,153,160,20,18,1,-1,-1,-1
109,-1,160,247,17,16,1,-1,-1,-1
109,-1,170,322,13,11,1,-1,-1,-1
109,-1,181,241,16,15,1,-1,-1,-1
109,-1,186,165,13,10,1,-1,-1,-1
109,-1,265,296,14,13,1,-1,-1,-1
109,-1,277,266,15,15,1,-1,-1,-1
109,-1,281,214,16,15,1,-1,-1,-1
109,-1,297,145,18,18,1,-1,-1,-1
109,-1,317,54,21,21,1,-1,-1,-1
109,-1,368,306,18,17,1,-1,-1,-1
109,-1,389,261,14,13,1,-1,-1,-1
109,-1,417,192,19,15,1,-1,-1,-1
109,-1,455,126,22,20,1,-1,-1,-1
109,-1,474,269,19,16,1,-1,-1,-1
109,-1,511,234,15,13,1,-1,-1,-1
109,-1,571,172,16,14,1,-1,-1,-1
109,-1,601,261,19,21,1,-1,-1,-1
109,-1,654,239,17,18,1,-1,-1,-1
109,-1,713,257,13,12,1,-1,-1,-1
110,-1,151,49,21,19,1,-1,-1,-1
110,-1,153,160,20,18,1,-1,-1,-1
110,-1,160,247,17,16,1,-1,-1,-1
110,-1,170,322,13,11,1,-1,-1,-1
110,-1,181,241,16,15,1,-1,-1,-1
110,-1,186,166,13,10,1,-1,-1,-1
110,-1,265,297,14,13,1,-1,-1,-1
110,-1,276,266,15,15,1,-1,-1,-1
110,-1,281,215,16,15,1,-1,-1,-1
110,-1,297,145,18,18,1,-1,-1,-1
110,-1,317,55,21,21,1,-1,-1,-1
110,-1,368,306,18,17,1,-1,-1,-1
110,-1,389,261,14,13,1,-1,-1,-1
110,-1,417,192,19,15,1,-1,-1,-1
110,-1,455,126,22,19,1,-1,-1,-1
110,-1,474,269,19,16,1,-1,-1,-1
110,-1,511,234,15,13,1,-1,-1,-1
110,-1,571,172,16,14,1,-1,-1,-1
110,-1,601,261,19,21,1,-1,-1,-1
110,-1,654,239,17,18,1,-1,-1,-1
110,-1,713,257,13,12,1,-1,-1,-1
111,-1,150,49,21,19,1,-1,-1,-1
111,-1,153,161,20,18,1,-1,-1,-1
111,-1,160,247,17,16,1,-1,-1,-1
111,-1,170,322,13,11,1,-1,-1,-1
111,-1,181,242,16,15,1,-1,-1,-1
111,-1,186,166,13,10,1,-1,-1,-1
111,-1,265,297,14,13,1,-1,-1,-1
111,-1,276,267,15,15,1,-1,-1,-1
111,-1,281,215,16,15,1,-1,-1,-1
111,-1,297,145,18,18,1,-1,-1,-1
111,-1,316,55,21,21,1,-1,-1,-1
111,-1,368,306,18,17,1,-1,-1,-1
111,-1,389,262,14,13,1,-1,-1,-1
111,-1,417,192,19,16,1,-1,-1,-1
111,-1,455,126,22,19,1,-1,-1,-1
111,-1,474,270,19,16,1,-1,-1,-1
111,-1,511,234,15,13,1,-1,-1,-1
111,-1,571,172,16,14,1,-1,-1,-1
111,-1,601,261,19,21,1,-1,-1,-1
111,-1,654,239,17,18,1,-1,-1,-1
111,-1,714,258,13,12,1,-1,-1,-1
112,-1,150,49,21,19,1,-1,-1,-1
112,-1,153,161,20,18,1,-1,-1,-1
112,-1,160,248,17,16,1,-1,-1,-1
112,-1,169,322,13,11,1,-1,-1,-1
112,-1,181,242,16,15,1,-1,-1,-1
112,-1,186,166,13,10,1,-1,-1,-1
112,-1,265,297,14,13,1,-1,-1,-1
112,-1,276,267,15,15,1,-1,-1,-1
112,-1,281,215,16,15,1,-1,-1,-1
112,-1,297,146,18,18,1,-1,-1,-1
112,-1,316,55,21,21,1,-1,-1,-1
112,-1,367,307,18,17,1,-1,-1,-1
112,-1,388,262,14,13,1,-1,-1,-1
112,-1,417,193,20,16,1,-1,-1,-1
112,-1,455,126,22,19,1,-1,-1,-1
112,-1,474,270,19,16,1,-1,-1,-1
112,-1,511,235,15,13,1,-1,-1,-1
112,-1,571,172,16,14,1,-1,-1,-1
112,-1,602,261,19,21,1,-1,-1,-1
112,-1,654,239,17,18,1,-1,-1,-1
112,-1,714,258,13,12,1,-1,-1,-1
113,-1,150,49,21,19,1,-1,-1,-1
113,-1,153,161,20,18,1,-1,-1,-1
113,-1,160,248,17,16,1,-1,-1,-1
113,-1,169,322,13,11,1,-1,-1,-1
113,-1,181,242,16,15,1,-1,-1,-1
113,-1,186,166,13,10,1,-1,-1,-1
113,-1,265,297,14,13,1,-1,-1,-1
113,-1,276,267,15,15,1,-1,-1,-1
113,-1,281,215,16,15,1,-1,-1,-1
113,-1,297,146,18,18,1,-1,-1,-1
113,-1,316,55,21,21,1,-1,-1,-1
113,-1,367,307,18,17,1,-1,-1,-1
113,-1,388,262,14,13,1,-1,-1,-1
113,-1,417,193,20,16,1,-1,-1,-1
113,-1,455,126,22,19,1,-1,-1,-1
113,-1,474,270,19,16,1,-1,-1,-1
113,-1,511,235,15,13,1,-1,-1,-1
113,-1,571,172,16,14,1,-1,-1,-1
113,-1,602,261,19,21,1,-1,-1,-1
113,-1,654,239,17,18,1,-1,-1,-1
113,-1,714,258,13,12,1,-1,-1,-1
114,-1,150,50,21,19,1,-1,-1,-1
114,-1,153,161,20,18,1,-1,-1,-1
114,-1,160,248,17,16,1,-1,-1,-1
114,-1,169,322,13,11,1,-1,-1,-1
114,-1,181,243,16,15,1,-1,-1,-1
114,-1,186,166,13,10,1,-1,-1,-1
114,-1,265,298,14,13,1,-1,-1,-1
114,-1,276,268,15,15,1,-1,-1,-1
114,-1,281,216,16,15,1,-1,-1,-1
114,-1,297,146,18,18,1,-1,-1,-1
114,-1,316,56,21,21,1,-1,-1,-1
114,-1,367,307,18,17,1,-1,-1,-1
114,-1,388,263,14,13,1,-1,-1,-1
114,-1,417,194,19,15,1,-1,-1,-1
114,-1,454,127,22,20,1,-1,-1,-1
114,-1,474,270,19,16,1,-1,-1,-1
114,-1,511,236,15,13,1,-1,-1,-1
114,-1,571,173,16,14,1,-1,-1,-1
114,-1,602,261,19,21,1,-1,-1,-1
114,-1,653,240,17,18,1,-1,-1,-1
114,-1,714,258,13,12,1,-1,-1,-1
115,-1,151,51,21,19,1,-1,-1,-1
115,-1,153,161,20,18,1,-1,-1,-1
115,-1,160,248,17,16,1,-1,-1,-1
115,-1,169,322,13,11,1,-1,-1,-1
115,-1,181,243,16,15,1,-1,-1,-1
115,-1,186,167,13,10,1,-1,-1,-1
115,-1,265,298,14,13,1,-1,-1,-1
115,-1,276,268,15,15,1,-1,-1,-1
115,-1,281,216,16,15,1,-1,-1,-1
115,-1,297,147,18,18,1,-1,-1,-1
115,-1,316,57,21,21,1,-1,-1,-1
115,-1,367,307,18,17,1,-1,-1,-1
115,-1,388,263,14,13,1,-1,-1,-1
115,-1,417,194,19,15,1,-1,-1,-1
115,-1,454,127,22,19,1,-1,-1,-1
115,-1,473,270,20,16,1,-1,-1,-1
115,-1,511,236,15,13,1,-1,-1,-1
115,-1,571,174,16,14,1,-1,-1,-1
115,-1,602,261,19,21,1,-1,-1,-1
115,-1,653,240,17,18,1,-1,-1,-1
115,-1,714,259,13,12,1,-1,-1,-1
116,-1,151,51,21,19,1,-1,-1,-1
116,-1,153,162,20,18,1,-1,-1,-1
116,-1,159,248,17,16,1,-1,-1,-1
116,-1,168,322,13,12,1,-1,-1,-1
116,-1,180,243,16,15,1,-1,-1,-1
116,-1,185,167,13,10,1,-1,-1,-1
116,-1,265,298,13,12,1,-1,-1,-1
116,-1,276,269,15,15,1,-1,-1,-1
116,-1,281,217,16,15,1,-1,-1,-1
116,-1,297,147,18,18,1,-1,-1,-1
116,-1,316,57,21,21,1,-1,-1,-1
116,-1,367,308,17,16,1,-1,-1,-1
116,-1,388,263,14,13,1,-1,-1,-1
116,-1,417,194,19,16,1,-1,-1,-1
116,-1,454,127,22,19,1,-1,-1,-1
116,-1,473,270,20,16,1,-1,-1,-1
116,-1,510,236,15,13,1,-1,-1,-1
116,-1,571,174,16,14,1,-1,-1,-1
116,-1,602,261,19,21,1,-1,-1,-1
116,-1,653,240,17,18,1,-1,-1,-1
116,-1,714,259,13,12,1,-1,-1,-1
117,-1,151,52,21,19,1,-1,-1,-1
117,-1,153,162,20,18,1,-1,-1,-1
117,-1,159,249,17,16,1,-1,-1,-1
117,-1,168,322,13,12,1,-1,-1,-1
117,-1,180,243,16,15,1,-1,-1,-1
117,-1,185,168,13,10,1,-1,-1,-1
117,-1,265,298,13,12,1,-1,-1,-1
117,-1,276,269,15,15,1,-1,-1,-1
117,-1,281,217,16,15,1,-1,-1,-1
117,-1,297,147,18,18,1,-1,-1,-1
117,-1,316,58,21,21,1,-1,-1,-1
117,-1,367,307,18,17,1,-1,-1,-1
117,-1,388,263,14,13,1,-1,-1,-1
117,-1,417,194,19,16,1,-1,-1,-1
117,-1,454,127,22,19,1,-1,-1,-1
117,-1,473,270,20,16,1,-1,-1,-1
117,-1,510,236,15,13,1,-1,-1,-1
117,-1,571,174,16,14,1,-1,-1,-1
117,-1,602,261,19,21,1,-1,-1,-1
117,-1,653,240,17,18,1,-1,-1,-1
117,-1,714,259,12,11,1,-1,-1,-1
118,-1,151,52,21,19,1,-1,-1,-1
118,-1,153,162,20,18,1,-1,-1,-1
118,-1,159,249,17,16,1,-1,-1,-1
118,-1,168,322,13,12,1,-1,-1,-1
118,-1,180,243,16,15,1,-1,-1,-1
118,-1,185,168,13,10,1,-1,-1,-1
118,-1,265,298,13,12,1,-1,-1,-1
118,-1,276,269,15,15,1,-1,-1,-1
118,-1,281,217,16,15,1,-1,-1,-1
118,-1,297,147,18,18,1,-1,-1,-1
118,-1,316,57,21,21,1,-1,-1,-1
118,-1,367,307,18,17,1,-1,-1,-1
118,-1,388,263,14,13,1,-1,-1,-1
118,-1,417,194,19,15,1,-1,-1,-1
118,-1,454,127,22,19,1,-1,-1,-1
118,-1,473,270,20,16,1,-1,-1,-1
118,-1,510,236,15,13,1,-1,-1,-1
118,-1,571,174,16,14,1,-1,-1,-1
118,-1,602,261,19,21,1,-1,-1,-1
118,-1,653,240,17,18,1,-1,-1,-1
118,-1,714,259,12,11,1,-1,-1,-1
119,-1,151,53,21,19,1,-1,-1,-1
119,-1,153,163,20,18,1,-1,-1,-1
119,-1,159,249,17,16,1,-1,-1,-1
119,-1,168,323,13,11,1,-1,-1,-1
119,-1,180,244,16,15,1,-1,-1,-1
119,-1,184,168,13,10,1,-1,-1,-1
119,-1,265,299,13,12,1,-1,-1,-1
119,-1,276,270,15,15,1,-1,-1,-1
119,-1,281,218,16,15,1,-1,-1,-1
119,-1,297,148,18,18,1,-1,-1,-1
119,-1,315,58,21,21,1,-1,-1,-1
119,-1,367,308,18,17,1,-1,-1,-1
119,-1,387,263,15,14,1,-1,-1,-1
119,-1,417,195,19,15,1,-1,-1,-1
119,-1,453,127,22,19,1,-1,-1,-1
119,-1,473,271,19,16,1,-1,-1,-1
119,-1,510,237,15,13,1,-1,-1,-1
119,-1,572,175,16,14,1,-1,-1,-1
119,-1,602,262,19,21,1,-1,-1,-1
119,-1,653,241,17,18,1,-1,-1,-1
119,-1,714,259,12,11,1,-1,-1,-1
