1,-1,118.0,36.0,21.0,19.0,1.000000
1,-1,138.0,146.0,19.0,17.0,1.000000
1,-1,151.0,226.0,17.0,16.0,1.000000
1,-1,160.0,275.0,18.0,17.0,1.000000
1,-1,200.0,149.0,12.0,13.0,1.000000
1,-1,281.0,173.0,16.0,15.0,1.000000
1,-1,281.0,231.0,11.0,10.0,1.000000
1,-1,285.0,94.0,19.0,20.0,1.000000
1,-1,286.0,225.0,15.0,12.0,1.000000
1,-1,366.0,261.0,15.0,14.0,1.000000
1,-1,401.0,236.0,15.0,14.0,1.000000
1,-1,419.0,177.0,19.0,15.0,1.000000
1,-1,434.0,104.0,16.0,14.0,1.000000
1,-1,468.0,288.0,15.0,15.0,1.000000
1,-1,508.0,229.0,17.0,14.0,1.000000
1,-1,538.0,187.0,17.0,15.0,1.000000
1,-1,578.0,286.0,16.0,14.0,1.000000
1,-1,583.0,124.0,18.0,15.0,1.000000
1,-1,628.0,245.0,15.0,14.0,1.000000
1,-1,674.0,208.0,15.0,16.0,1.000000
1,-1,731.0,125.0,19.0,17.0,1.000000
2,-1,119.0,36.0,21.0,19.0,1.000000
2,-1,139.0,146.0,19.0,17.0,1.000000
2,-1,151.0,226.0,17.0,16.0,1.000000
2,-1,160.0,275.0,16.0,14.0,1.000000
2,-1,200.0,150.0,12.0,13.0,1.000000
2,-1,280.0,231.0,12.0,11.0,1.000000
2,-1,281.0,173.0,16.0,15.0,1.000000
2,-1,285.0,95.0,19.0,20.0,1.000000
2,-1,286.0,225.0,15.0,12.0,1.000000
2,-1,365.0,261.0,15.0,14.0,1.000000
2,-1,401.0,236.0,15.0,14.0,1.000000
2,-1,419.0,177.0,19.0,15.0,1.000000
2,-1,433.0,104.0,16.0,14.0,1.000000
2,-1,467.0,288.0,15.0,15.0,1.000000
2,-1,507.0,229.0,17.0,14.0,1.000000
2,-1,537.0,187.0,17.0,15.0,1.000000
2,-1,578.0,286.0,16.0,14.0,1.000000
2,-1,582.0,124.0,18.0,15.0,1.000000
2,-1,628.0,245.0,15.0,14.0,1.000000
2,-1,674.0,208.0,15.0,16.0,1.000000
2,-1,730.0,125.0,19.0,17.0,1.000000
3,-1,119.0,36.0,21.0,19.0,1.000000
3,-1,139.0,146.0,19.0,17.0,1.000000
3,-1,151.0,226.0,17.0,16.0,1.000000
3,-1,160.0,275.0,16.0,14.0,1.000000
3,-1,200.0,150.0,12.0,13.0,1.000000
3,-1,280.0,231.0,12.0,11.0,1.000000
3,-1,281.0,173.0,16.0,15.0,1.000000
3,-1,285.0,95.0,19.0,20.0,1.000000
3,-1,286.0,225.0,15.0,12.0,1.000000
3,-1,365.0,261.0,15.0,14.0,1.000000
3,-1,401.0,236.0,15.0,14.0,1.000000
3,-1,419.0,177.0,19.0,15.0,1.000000
3,-1,433.0,104.0,16.0,14.0,1.000000
3,-1,467.0,288.0,15.0,15.0,1.000000
3,-1,507.0,229.0,17.0,14.0,1.000000
3,-1,537.0,187.0,17.0,15.0,1.000000
3,-1,578.0,286.0,16.0,14.0,1.000000
3,-1,582.0,124.0,18.0,15.0,1.000000
3,-1,628.0,245.0,15.0,14.0,1.000000
3,-1,674.0,208.0,15.0,16.0,1.000000
3,-1,730.0,125.0,19.0,17.0,1.000000
4,-1,120.0,36.0,21.0,19.0,1.000000
4,-1,140.0,146.0,19.0,17.0,1.000000
4,-1,152.0,226.0,17.0,16.0,1.000000
4,-1,160.0,276.0,16.0,14.0,1.000000
4,-1,199.0,151.0,12.0,13.0,1.000000
4,-1,278.0,231.0,11.0,10.0,1.000000
4,-1,282.0,174.0,16.0,15.0,1.000000
4,-1,286.0,96.0,19.0,20.0,1.000000
4,-1,286.0,225.0,15.0,12.0,1.000000
4,-1,363.0,261.0,15.0,14.0,1.000000
4,-1,401.0,236.0,15.0,14.0,1.000000
4,-1,420.0,177.0,19.0,15.0,1.000000
4,-1,431.0,103.0,16.0,14.0,1.000000
4,-1,465.0,288.0,15.0,15.0,1.000000
4,-1,506.0,229.0,17.0,14.0,1.000000
4,-1,536.0,187.0,17.0,15.0,1.000000
4,-1,577.0,286.0,16.0,14.0,1.000000
4,-1,579.0,124.0,18.0,15.0,1.000000
4,-1,628.0,244.0,15.0,14.0,1.000000
4,-1,673.0,208.0,15.0,16.0,1.000000
4,-1,726.0,126.0,19.0,17.0,1.000000
5,-1,121.0,37.0,21.0,19.0,1.000000
5,-1,141.0,146.0,19.0,17.0,1.000000
5,-1,153.0,226.0,17.0,16.0,1.000000
5,-1,160.0,276.0,16.0,14.0,1.000000
5,-1,199.0,151.0,12.0,13.0,1.000000
5,-1,277.0,231.0,11.0,10.0,1.000000
5,-1,282.0,174.0,16.0,15.0,1.000000
5,-1,286.0,225.0,15.0,12.0,1.000000
5,-1,287.0,97.0,19.0,20.0,1.000000
5,-1,362.0,261.0,15.0,14.0,1.000000
5,-1,401.0,236.0,15.0,14.0,1.000000
5,-1,420.0,177.0,19.0,15.0,1.000000
5,-1,430.0,103.0,16.0,14.0,1.000000
5,-1,463.0,288.0,15.0,15.0,1.000000
5,-1,505.0,229.0,17.0,14.0,1.000000
5,-1,535.0,187.0,17.0,15.0,1.000000
5,-1,576.0,286.0,16.0,14.0,1.000000
5,-1,578.0,124.0,18.0,15.0,1.000000
5,-1,627.0,244.0,15.0,14.0,1.000000
5,-1,673.0,208.0,15.0,16.0,1.000000
5,-1,724.0,126.0,19.0,17.0,1.000000
6,-1,121.0,37.0,21.0,19.0,1.000000
6,-1,142.0,146.0,19.0,17.0,1.000000
6,-1,154.0,226.0,17.0,16.0,1.000000
6,-1,160.0,276.0,16.0,14.0,1.000000
6,-1,199.0,154.0,12.0,13.0,1.000000
6,-1,272.0,228.0,16.0,15.0,1.000000
6,-1,282.0,175.0,16.0,15.0,1.000000
6,-1,287.0,97.0,19.0,20.0,1.000000
6,-1,287.0,226.0,15.0,12.0,1.000000
6,-1,361.0,261.0,15.0,14.0,1.000000
6,-1,401.0,236.0,15.0,14.0,1.000000
6,-1,420.0,177.0,19.0,15.0,1.000000
6,-1,429.0,102.0,16.0,14.0,1.000000
6,-1,462.0,288.0,15.0,15.0,1.000000
6,-1,505.0,230.0,17.0,14.0,1.000000
6,-1,534.0,187.0,17.0,15.0,1.000000
6,-1,576.0,124.0,18.0,15.0,1.000000
6,-1,576.0,286.0,16.0,14.0,1.000000
6,-1,627.0,244.0,15.0,14.0,1.000000
6,-1,673.0,208.0,15.0,16.0,1.000000
6,-1,723.0,127.0,19.0,17.0,1.000000
7,-1,122.0,37.0,21.0,19.0,1.000000
7,-1,142.0,146.0,19.0,17.0,1.000000
7,-1,154.0,226.0,17.0,16.0,1.000000
7,-1,160.0,276.0,16.0,14.0,1.000000
7,-1,199.0,154.0,12.0,13.0,1.000000
7,-1,270.0,228.0,16.0,15.0,1.000000
7,-1,282.0,175.0,16.0,15.0,1.000000
7,-1,287.0,98.0,19.0,20.0,1.000000
7,-1,287.0,226.0,16.0,13.0,1.000000
7,-1,360.0,262.0,15.0,14.0,1.000000
7,-1,401.0,236.0,15.0,14.0,1.000000
7,-1,420.0,177.0,19.0,15.0,1.000000
7,-1,427.0,102.0,16.0,14.0,1.000000
7,-1,460.0,288.0,15.0,15.0,1.000000
7,-1,504.0,230.0,17.0,14.0,1.000000
7,-1,533.0,188.0,18.0,16.0,1.000000
7,-1,574.0,124.0,18.0,15.0,1.000000
7,-1,576.0,286.0,16.0,14.0,1.000000
7,-1,627.0,244.0,15.0,14.0,1.000000
7,-1,672.0,208.0,15.0,16.0,1.000000
7,-1,721.0,127.0,19.0,17.0,1.000000
8,-1,122.0,37.0,21.0,19.0,1.000000
8,-1,142.0,146.0,19.0,17.0,1.000000
8,-1,154.0,226.0,17.0,16.0,1.000000
8,-1,160.0,276.0,16.0,14.0,1.000000
8,-1,199.0,154.0,12.0,13.0,1.000000
8,-1,270.0,228.0,16.0,15.0,1.000000
8,-1,282.0,175.0,16.0,15.0,1.000000
8,-1,287.0,98.0,19.0,20.0,1.000000
8,-1,287.0,226.0,16.0,13.0,1.000000
8,-1,360.0,262.0,15.0,14.0,1.000000
8,-1,401.0,236.0,15.0,14.0,1.000000
8,-1,420.0,177.0,19.0,15.0,1.000000
8,-1,427.0,102.0,16.0,14.0,1.000000
8,-1,460.0,288.0,15.0,15.0,1.000000
8,-1,504.0,230.0,17.0,14.0,1.000000
8,-1,533.0,188.0,18.0,16.0,1.000000
8,-1,574.0,124.0,18.0,15.0,1.000000
8,-1,576.0,286.0,16.0,14.0,1.000000
8,-1,627.0,244.0,15.0,14.0,1.000000
8,-1,672.0,208.0,15.0,16.0,1.000000
8,-1,721.0,127.0,19.0,17.0,1.000000
9,-1,123.0,37.0,21.0,19.0,1.000000
9,-1,143.0,146.0,19.0,17.0,1.000000
9,-1,154.0,226.0,17.0,16.0,1.000000
9,-1,159.0,277.0,16.0,14.0,1.000000
9,-1,199.0,154.0,12.0,13.0,1.000000
9,-1,267.0,229.0,16.0,15.0,1.000000
9,-1,282.0,177.0,17.0,15.0,1.000000
9,-1,287.0,99.0,19.0,20.0,1.000000
9,-1,287.0,226.0,16.0,13.0,1.000000
9,-1,357.0,262.0,15.0,14.0,1.000000
9,-1,401.0,236.0,15.0,14.0,1.000000
9,-1,420.0,177.0,19.0,15.0,1.000000
9,-1,425.0,102.0,16.0,14.0,1.000000
9,-1,458.0,288.0,15.0,15.0,1.000000
9,-1,502.0,231.0,17.0,14.0,1.000000
9,-1,532.0,189.0,17.0,15.0,1.000000
9,-1,570.0,124.0,18.0,15.0,1.000000
9,-1,574.0,286.0,16.0,14.0,1.000000
9,-1,627.0,245.0,15.0,14.0,1.000000
9,-1,672.0,208.0,15.0,16.0,1.000000
9,-1,717.0,128.0,19.0,17.0,1.000000
10,-1,123.0,37.0,21.0,19.0,1.000000
10,-1,144.0,146.0,19.0,17.0,1.000000
10,-1,154.0,226.0,17.0,16.0,1.000000
10,-1,159.0,277.0,16.0,14.0,1.000000
10,-1,195.0,156.0,15.0,12.0,1.000000
10,-1,266.0,229.0,16.0,15.0,1.000000
10,-1,283.0,177.0,16.0,15.0,1.000000
10,-1,287.0,227.0,16.0,12.0,1.000000
10,-1,288.0,101.0,19.0,20.0,1.000000
10,-1,356.0,263.0,15.0,14.0,1.000000
10,-1,401.0,237.0,15.0,14.0,1.000000
10,-1,419.0,177.0,19.0,15.0,1.000000
10,-1,423.0,101.0,16.0,14.0,1.000000
10,-1,455.0,288.0,15.0,15.0,1.000000
10,-1,502.0,232.0,17.0,14.0,1.000000
10,-1,531.0,189.0,17.0,15.0,1.000000
10,-1,568.0,124.0,18.0,15.0,1.000000
10,-1,573.0,286.0,16.0,14.0,1.000000
10,-1,626.0,245.0,16.0,15.0,1.000000
10,-1,671.0,209.0,15.0,16.0,1.000000
10,-1,715.0,129.0,19.0,17.0,1.000000
11,-1,124.0,37.0,21.0,19.0,1.000000
11,-1,144.0,147.0,19.0,17.0,1.000000
11,-1,154.0,226.0,17.0,16.0,1.000000
11,-1,159.0,277.0,16.0,14.0,1.000000
11,-1,195.0,157.0,15.0,12.0,1.000000
11,-1,264.0,230.0,16.0,15.0,1.000000
11,-1,282.0,178.0,17.0,16.0,1.000000
11,-1,286.0,228.0,15.0,12.0,1.000000
11,-1,288.0,102.0,19.0,20.0,1.000000
11,-1,354.0,263.0,15.0,14.0,1.000000
11,-1,401.0,237.0,15.0,14.0,1.000000
11,-1,419.0,177.0,19.0,15.0,1.000000
11,-1,422.0,101.0,16.0,14.0,1.000000
11,-1,454.0,289.0,15.0,15.0,1.000000
11,-1,501.0,232.0,17.0,14.0,1.000000
11,-1,530.0,190.0,17.0,15.0,1.000000
11,-1,567.0,124.0,18.0,15.0,1.000000
11,-1,573.0,286.0,16.0,14.0,1.000000
11,-1,626.0,246.0,15.0,14.0,1.000000
11,-1,671.0,209.0,15.0,16.0,1.000000
11,-1,713.0,130.0,19.0,17.0,1.000000
12,-1,124.0,38.0,21.0,19.0,1.000000
12,-1,145.0,147.0,19.0,17.0,1.000000
12,-1,154.0,226.0,17.0,16.0,1.000000
12,-1,158.0,278.0,16.0,14.0,1.000000
12,-1,194.0,158.0,15.0,12.0,1.000000
12,-1,262.0,230.0,16.0,15.0,1.000000
12,-1,282.0,179.0,17.0,16.0,1.000000
12,-1,286.0,228.0,15.0,12.0,1.000000
12,-1,288.0,103.0,19.0,20.0,1.000000
12,-1,352.0,264.0,15.0,14.0,1.000000
12,-1,400.0,237.0,15.0,14.0,1.000000
12,-1,419.0,178.0,19.0,15.0,1.000000
12,-1,420.0,101.0,16.0,14.0,1.000000
12,-1,452.0,289.0,15.0,15.0,1.000000
12,-1,499.0,233.0,17.0,14.0,1.000000
12,-1,529.0,191.0,17.0,15.0,1.000000
12,-1,565.0,125.0,18.0,15.0,1.000000
12,-1,572.0,286.0,16.0,14.0,1.000000
12,-1,626.0,246.0,15.0,14.0,1.000000
12,-1,670.0,210.0,14.0,15.0,1.000000
12,-1,711.0,131.0,19.0,17.0,1.000000
13,-1,124.0,38.0,21.0,19.0,1.000000
13,-1,145.0,147.0,19.0,17.0,1.000000
13,-1,154.0,226.0,17.0,16.0,1.000000
13,-1,158.0,278.0,16.0,14.0,1.000000
13,-1,194.0,158.0,15.0,12.0,1.000000
13,-1,262.0,230.0,16.0,15.0,1.000000
13,-1,282.0,179.0,17.0,16.0,1.000000
13,-1,286.0,228.0,15.0,12.0,1.000000
13,-1,288.0,103.0,19.0,20.0,1.000000
13,-1,352.0,264.0,15.0,14.0,1.000000
13,-1,400.0,237.0,15.0,14.0,1.000000
13,-1,419.0,178.0,19.0,15.0,1.000000
13,-1,420.0,101.0,16.0,14.0,1.000000
13,-1,452.0,289.0,15.0,15.0,1.000000
13,-1,499.0,233.0,17.0,14.0,1.000000
13,-1,529.0,191.0,17.0,15.0,1.000000
13,-1,565.0,125.0,18.0,15.0,1.000000
13,-1,572.0,286.0,16.0,14.0,1.000000
13,-1,626.0,246.0,15.0,14.0,1.000000
13,-1,670.0,210.0,14.0,15.0,1.000000
13,-1,711.0,131.0,19.0,17.0,1.000000
14,-1,125.0,39.0,21.0,19.0,1.000000
14,-1,146.0,148.0,19.0,17.0,1.000000
14,-1,154.0,226.0,17.0,16.0,1.000000
14,-1,157.0,279.0,16.0,14.0,1.000000
14,-1,192.0,160.0,15.0,12.0,1.000000
14,-1,258.0,231.0,16.0,15.0,1.000000
14,-1,282.0,181.0,17.0,16.0,1.000000
14,-1,286.0,229.0,15.0,12.0,1.000000
14,-1,288.0,105.0,19.0,20.0,1.000000
14,-1,348.0,265.0,15.0,14.0,1.000000
14,-1,399.0,238.0,15.0,14.0,1.000000
14,-1,417.0,101.0,16.0,14.0,1.000000
14,-1,419.0,179.0,19.0,15.0,1.000000
14,-1,448.0,290.0,15.0,15.0,1.000000
14,-1,497.0,234.0,17.0,14.0,1.000000
14,-1,527.0,192.0,17.0,15.0,1.000000
14,-1,561.0,125.0,18.0,15.0,1.000000
14,-1,571.0,287.0,16.0,14.0,1.000000
14,-1,625.0,247.0,15.0,14.0,1.000000
14,-1,669.0,211.0,14.0,15.0,1.000000
14,-1,706.0,133.0,19.0,17.0,1.000000
15,-1,126.0,39.0,21.0,19.0,1.000000
15,-1,147.0,148.0,19.0,17.0,1.000000
15,-1,155.0,227.0,17.0,16.0,1.000000
15,-1,157.0,280.0,16.0,14.0,1.000000
15,-1,192.0,162.0,15.0,12.0,1.000000
15,-1,256.0,232.0,16.0,15.0,1.000000
15,-1,282.0,182.0,17.0,16.0,1.000000
15,-1,286.0,230.0,15.0,12.0,1.000000
15,-1,289.0,106.0,19.0,20.0,1.000000
15,-1,347.0,266.0,15.0,14.0,1.000000
15,-1,399.0,239.0,15.0,14.0,1.000000
15,-1,415.0,101.0,16.0,14.0,1.000000
15,-1,419.0,179.0,19.0,15.0,1.000000
15,-1,447.0,290.0,15.0,15.0,1.000000
15,-1,496.0,235.0,17.0,14.0,1.000000
15,-1,526.0,193.0,17.0,15.0,1.000000
15,-1,558.0,126.0,18.0,15.0,1.000000
15,-1,570.0,287.0,16.0,14.0,1.000000
15,-1,625.0,248.0,15.0,14.0,1.000000
15,-1,668.0,212.0,14.0,15.0,1.000000
15,-1,704.0,134.0,19.0,17.0,1.000000
16,-1,126.0,39.0,21.0,19.0,1.000000
16,-1,148.0,148.0,19.0,17.0,1.000000
16,-1,155.0,227.0,17.0,16.0,1.000000
16,-1,156.0,280.0,16.0,14.0,1.000000
16,-1,191.0,162.0,15.0,12.0,1.000000
16,-1,254.0,232.0,16.0,15.0,1.000000
16,-1,282.0,183.0,17.0,16.0,1.000000
16,-1,286.0,231.0,15.0,12.0,1.000000
16,-1,289.0,107.0,19.0,20.0,1.000000
16,-1,346.0,266.0,15.0,14.0,1.000000
16,-1,399.0,239.0,15.0,14.0,1.000000
16,-1,413.0,101.0,16.0,14.0,1.000000
16,-1,419.0,179.0,19.0,15.0,1.000000
16,-1,445.0,291.0,15.0,15.0,1.000000
16,-1,495.0,236.0,17.0,14.0,1.000000
16,-1,525.0,194.0,17.0,15.0,1.000000
16,-1,556.0,126.0,18.0,15.0,1.000000
16,-1,569.0,287.0,16.0,14.0,1.000000
16,-1,625.0,249.0,15.0,14.0,1.000000
16,-1,668.0,213.0,14.0,15.0,1.000000
16,-1,701.0,134.0,20.0,18.0,1.000000
17,-1,127.0,39.0,21.0,19.0,1.000000
17,-1,148.0,149.0,19.0,17.0,1.000000
17,-1,156.0,227.0,17.0,16.0,1.000000
17,-1,156.0,280.0,16.0,14.0,1.000000
17,-1,191.0,163.0,16.0,12.0,1.000000
17,-1,252.0,233.0,16.0,15.0,1.000000
17,-1,282.0,184.0,17.0,16.0,1.000000
17,-1,286.0,232.0,15.0,12.0,1.000000
17,-1,290.0,109.0,18.0,19.0,1.000000
17,-1,344.0,267.0,15.0,14.0,1.000000
17,-1,399.0,240.0,15.0,14.0,1.000000
17,-1,412.0,101.0,16.0,14.0,1.000000
17,-1,419.0,180.0,19.0,15.0,1.000000
17,-1,443.0,291.0,15.0,15.0,1.000000
17,-1,494.0,237.0,17.0,14.0,1.000000
17,-1,524.0,195.0,16.0,14.0,1.000000
17,-1,555.0,127.0,18.0,15.0,1.000000
17,-1,569.0,287.0,16.0,14.0,1.000000
17,-1,625.0,249.0,15.0,14.0,1.000000
17,-1,667.0,213.0,14.0,15.0,1.000000
17,-1,699.0,135.0,20.0,18.0,1.000000
18,-1,127.0,39.0,21.0,19.0,1.000000
18,-1,148.0,149.0,19.0,17.0,1.000000
18,-1,156.0,227.0,17.0,16.0,1.000000
18,-1,156.0,280.0,16.0,14.0,1.000000
18,-1,191.0,163.0,16.0,12.0,1.000000
18,-1,252.0,233.0,16.0,15.0,1.000000
18,-1,282.0,184.0,17.0,16.0,1.000000
18,-1,286.0,232.0,15.0,12.0,1.000000
18,-1,290.0,108.0,18.0,19.0,1.000000
18,-1,344.0,267.0,15.0,14.0,1.000000
18,-1,399.0,240.0,15.0,14.0,1.000000
18,-1,412.0,101.0,16.0,14.0,1.000000
18,-1,419.0,180.0,19.0,15.0,1.000000
18,-1,443.0,291.0,15.0,15.0,1.000000
18,-1,494.0,237.0,17.0,14.0,1.000000
18,-1,524.0,195.0,16.0,15.0,1.000000
18,-1,555.0,127.0,18.0,15.0,1.000000
18,-1,569.0,287.0,16.0,14.0,1.000000
18,-1,625.0,249.0,15.0,14.0,1.000000
18,-1,667.0,213.0,14.0,15.0,1.000000
18,-1,699.0,135.0,20.0,17.0,1.000000
19,-1,129.0,40.0,22.0,19.0,1.000000
19,-1,149.0,149.0,20.0,17.0,1.000000
19,-1,155.0,282.0,16.0,14.0,1.000000
19,-1,156.0,228.0,18.0,17.0,1.000000
19,-1,190.0,166.0,15.0,12.0,1.000000
19,-1,248.0,234.0,16.0,15.0,1.000000
19,-1,283.0,186.0,17.0,16.0,1.000000
19,-1,285.0,233.0,15.0,12.0,1.000000
19,-1,290.0,111.0,18.0,19.0,1.000000
19,-1,341.0,268.0,15.0,14.0,1.000000
19,-1,398.0,241.0,15.0,14.0,1.000000
19,-1,409.0,100.0,16.0,14.0,1.000000
19,-1,419.0,180.0,19.0,15.0,1.000000
19,-1,439.0,292.0,15.0,15.0,1.000000
19,-1,493.0,238.0,17.0,14.0,1.000000
19,-1,523.0,196.0,17.0,15.0,1.000000
19,-1,551.0,127.0,18.0,15.0,1.000000
19,-1,568.0,288.0,16.0,14.0,1.000000
19,-1,625.0,250.0,15.0,14.0,1.000000
19,-1,667.0,214.0,14.0,15.0,1.000000
19,-1,695.0,137.0,20.0,18.0,1.000000
20,-1,130.0,40.0,21.0,19.0,1.000000
20,-1,150.0,149.0,19.0,17.0,1.000000
20,-1,155.0,283.0,16.0,14.0,1.000000
20,-1,157.0,229.0,17.0,16.0,1.000000
20,-1,189.0,166.0,15.0,12.0,1.000000
20,-1,246.0,234.0,16.0,15.0,1.000000
20,-1,283.0,186.0,17.0,16.0,1.000000
20,-1,285.0,233.0,15.0,12.0,1.000000
20,-1,291.0,112.0,18.0,19.0,1.000000
20,-1,340.0,268.0,15.0,14.0,1.000000
20,-1,398.0,241.0,15.0,14.0,1.000000
20,-1,407.0,100.0,16.0,14.0,1.000000
20,-1,419.0,180.0,19.0,15.0,1.000000
20,-1,437.0,292.0,15.0,15.0,1.000000
20,-1,492.0,239.0,17.0,14.0,1.000000
20,-1,522.0,197.0,17.0,15.0,1.000000
20,-1,549.0,127.0,17.0,15.0,1.000000
20,-1,568.0,288.0,16.0,14.0,1.000000
20,-1,625.0,250.0,15.0,14.0,1.000000
20,-1,667.0,215.0,14.0,15.0,1.000000
20,-1,692.0,137.0,20.0,18.0,1.000000
21,-1,130.0,40.0,22.0,19.0,1.000000
21,-1,151.0,149.0,19.0,17.0,1.000000
21,-1,155.0,283.0,16.0,14.0,1.000000
21,-1,157.0,229.0,17.0,16.0,1.000000
21,-1,189.0,168.0,15.0,12.0,1.000000
21,-1,244.0,235.0,16.0,15.0,1.000000
21,-1,283.0,187.0,17.0,16.0,1.000000
21,-1,285.0,234.0,15.0,12.0,1.000000
21,-1,291.0,113.0,18.0,19.0,1.000000
21,-1,338.0,269.0,15.0,14.0,1.000000
21,-1,398.0,241.0,15.0,14.0,1.000000
21,-1,406.0,99.0,16.0,14.0,1.000000
21,-1,419.0,181.0,19.0,15.0,1.000000
21,-1,436.0,292.0,15.0,15.0,1.000000
21,-1,491.0,240.0,17.0,14.0,1.000000
21,-1,521.0,197.0,17.0,15.0,1.000000
21,-1,547.0,127.0,17.0,15.0,1.000000
21,-1,568.0,288.0,16.0,14.0,1.000000
21,-1,626.0,250.0,15.0,14.0,1.000000
21,-1,667.0,215.0,14.0,15.0,1.000000
21,-1,690.0,138.0,20.0,18.0,1.000000
22,-1,132.0,41.0,21.0,19.0,1.000000
22,-1,152.0,150.0,20.0,17.0,1.000000
22,-1,155.0,283.0,16.0,14.0,1.000000
22,-1,158.0,229.0,18.0,17.0,1.000000
22,-1,189.0,168.0,15.0,12.0,1.000000
22,-1,242.0,235.0,16.0,15.0,1.000000
22,-1,284.0,189.0,16.0,15.0,1.000000
22,-1,286.0,235.0,15.0,12.0,1.000000
22,-1,292.0,114.0,18.0,19.0,1.000000
22,-1,337.0,270.0,15.0,14.0,1.000000
22,-1,398.0,242.0,15.0,14.0,1.000000
22,-1,405.0,99.0,16.0,14.0,1.000000
22,-1,419.0,180.0,19.0,15.0,1.000000
22,-1,434.0,292.0,15.0,15.0,1.000000
22,-1,490.0,240.0,17.0,14.0,1.000000
22,-1,520.0,198.0,17.0,15.0,1.000000
22,-1,545.0,127.0,18.0,15.0,1.000000
22,-1,567.0,288.0,16.0,14.0,1.000000
22,-1,626.0,250.0,15.0,14.0,1.000000
22,-1,666.0,216.0,14.0,15.0,1.000000
22,-1,688.0,139.0,19.0,17.0,1.000000
23,-1,132.0,41.0,21.0,19.0,1.000000
23,-1,152.0,150.0,19.0,17.0,1.000000
23,-1,155.0,283.0,16.0,14.0,1.000000
23,-1,158.0,229.0,18.0,17.0,1.000000
23,-1,189.0,168.0,15.0,12.0,1.000000
23,-1,242.0,235.0,16.0,15.0,1.000000
23,-1,284.0,189.0,16.0,15.0,1.000000
23,-1,286.0,235.0,15.0,12.0,1.000000
23,-1,292.0,114.0,18.0,19.0,1.000000
23,-1,337.0,270.0,15.0,14.0,1.000000
23,-1,398.0,242.0,15.0,14.0,1.000000
23,-1,405.0,99.0,16.0,14.0,1.000000
23,-1,419.0,180.0,19.0,15.0,1.000000
23,-1,434.0,292.0,15.0,15.0,1.000000
23,-1,490.0,240.0,17.0,14.0,1.000000
23,-1,520.0,198.0,17.0,15.0,1.000000
23,-1,545.0,127.0,18.0,15.0,1.000000
23,-1,567.0,288.0,16.0,14.0,1.000000
23,-1,626.0,250.0,15.0,14.0,1.000000
23,-1,666.0,216.0,14.0,15.0,1.000000
23,-1,688.0,139.0,19.0,17.0,1.000000
24,-1,134.0,41.0,22.0,20.0,1.000000
24,-1,154.0,150.0,20.0,18.0,1.000000
24,-1,154.0,285.0,16.0,14.0,1.000000
24,-1,159.0,229.0,18.0,17.0,1.000000
24,-1,188.0,170.0,15.0,12.0,1.000000
24,-1,238.0,236.0,16.0,15.0,1.000000
24,-1,285.0,190.0,16.0,15.0,1.000000
24,-1,286.0,236.0,15.0,12.0,1.000000
24,-1,293.0,116.0,18.0,19.0,1.000000
24,-1,334.0,271.0,15.0,14.0,1.000000
24,-1,398.0,243.0,15.0,14.0,1.000000
24,-1,401.0,99.0,16.0,14.0,1.000000
24,-1,420.0,181.0,20.0,15.0,1.000000
24,-1,430.0,293.0,15.0,15.0,1.000000
24,-1,489.0,241.0,17.0,14.0,1.000000
24,-1,519.0,199.0,17.0,15.0,1.000000
24,-1,541.0,128.0,17.0,14.0,1.000000
24,-1,567.0,289.0,15.0,14.0,1.000000
24,-1,626.0,252.0,15.0,14.0,1.000000
24,-1,666.0,216.0,14.0,15.0,1.000000
24,-1,683.0,141.0,20.0,18.0,1.000000
25,-1,135.0,41.0,21.0,19.0,1.000000
25,-1,155.0,150.0,19.0,17.0,1.000000
25,-1,155.0,286.0,16.0,14.0,1.000000
25,-1,160.0,230.0,18.0,17.0,1.000000
25,-1,189.0,170.0,15.0,12.0,1.000000
25,-1,236.0,236.0,16.0,15.0,1.000000
25,-1,285.0,191.0,16.0,15.0,1.000000
25,-1,286.0,236.0,15.0,12.0,1.000000
25,-1,294.0,117.0,18.0,19.0,1.000000
25,-1,333.0,271.0,15.0,14.0,1.000000
25,-1,398.0,244.0,15.0,14.0,1.000000
25,-1,400.0,98.0,16.0,14.0,1.000000
25,-1,420.0,181.0,19.0,15.0,1.000000
25,-1,429.0,294.0,15.0,15.0,1.000000
25,-1,488.0,242.0,17.0,14.0,1.000000
25,-1,518.0,200.0,17.0,15.0,1.000000
25,-1,539.0,128.0,17.0,14.0,1.000000
25,-1,567.0,289.0,15.0,14.0,1.000000
25,-1,627.0,252.0,15.0,14.0,1.000000
25,-1,666.0,217.0,14.0,15.0,1.000000
25,-1,681.0,142.0,20.0,18.0,1.000000
26,-1,137.0,42.0,21.0,19.0,1.000000
26,-1,155.0,150.0,19.0,17.0,1.000000
26,-1,155.0,286.0,16.0,14.0,1.000000
26,-1,161.0,230.0,18.0,17.0,1.000000
26,-1,188.0,172.0,15.0,12.0,1.000000
26,-1,233.0,237.0,16.0,15.0,1.000000
26,-1,286.0,192.0,16.0,15.0,1.000000
26,-1,286.0,237.0,15.0,12.0,1.000000
26,-1,294.0,118.0,18.0,19.0,1.000000
26,-1,331.0,272.0,15.0,14.0,1.000000
26,-1,398.0,244.0,15.0,14.0,1.000000
26,-1,399.0,98.0,16.0,14.0,1.000000
26,-1,420.0,181.0,20.0,16.0,1.000000
26,-1,427.0,294.0,16.0,16.0,1.000000
26,-1,488.0,243.0,17.0,14.0,1.000000
26,-1,518.0,201.0,17.0,15.0,1.000000
26,-1,537.0,128.0,17.0,14.0,1.000000
26,-1,567.0,289.0,15.0,13.0,1.000000
26,-1,627.0,252.0,15.0,14.0,1.000000
26,-1,665.0,217.0,14.0,15.0,1.000000
26,-1,679.0,142.0,20.0,18.0,1.000000
27,-1,138.0,42.0,21.0,19.0,1.000000
27,-1,155.0,287.0,16.0,14.0,1.000000
27,-1,156.0,150.0,19.0,17.0,1.000000
27,-1,162.0,230.0,17.0,16.0,1.000000
27,-1,188.0,172.0,15.0,12.0,1.000000
27,-1,232.0,237.0,16.0,15.0,1.000000
27,-1,286.0,192.0,16.0,15.0,1.000000
27,-1,286.0,238.0,15.0,12.0,1.000000
27,-1,295.0,119.0,18.0,19.0,1.000000
27,-1,330.0,272.0,15.0,14.0,1.000000
27,-1,397.0,97.0,16.0,14.0,1.000000
27,-1,398.0,244.0,15.0,14.0,1.000000
27,-1,421.0,181.0,19.0,15.0,1.000000
27,-1,425.0,294.0,16.0,16.0,1.000000
27,-1,487.0,244.0,17.0,14.0,1.000000
27,-1,517.0,202.0,17.0,15.0,1.000000
27,-1,535.0,128.0,17.0,14.0,1.000000
27,-1,567.0,289.0,15.0,13.0,1.000000
27,-1,627.0,252.0,15.0,14.0,1.000000
27,-1,665.0,218.0,14.0,15.0,1.000000
27,-1,676.0,143.0,20.0,18.0,1.000000
28,-1,138.0,42.0,21.0,19.0,1.000000
28,-1,155.0,287.0,16.0,14.0,1.000000
28,-1,156.0,150.0,19.0,17.0,1.000000
28,-1,162.0,230.0,17.0,16.0,1.000000
28,-1,188.0,172.0,15.0,12.0,1.000000
28,-1,232.0,237.0,16.0,15.0,1.000000
28,-1,286.0,192.0,16.0,15.0,1.000000
28,-1,286.0,238.0,15.0,12.0,1.000000
28,-1,295.0,119.0,18.0,19.0,1.000000
28,-1,330.0,272.0,15.0,14.0,1.000000
28,-1,397.0,97.0,16.0,14.0,1.000000
28,-1,398.0,244.0,15.0,14.0,1.000000
28,-1,421.0,181.0,19.0,15.0,1.000000
28,-1,425.0,294.0,16.0,16.0,1.000000
28,-1,487.0,244.0,17.0,14.0,1.000000
28,-1,517.0,202.0,17.0,15.0,1.000000
28,-1,535.0,128.0,17.0,14.0,1.000000
28,-1,567.0,289.0,15.0,13.0,1.000000
28,-1,627.0,252.0,15.0,14.0,1.000000
28,-1,665.0,218.0,14.0,15.0,1.000000
28,-1,676.0,143.0,20.0,18.0,1.000000
29,-1,140.0,42.0,21.0,19.0,1.000000
29,-1,155.0,288.0,16.0,14.0,1.000000
29,-1,157.0,150.0,20.0,17.0,1.000000
29,-1,163.0,230.0,18.0,17.0,1.000000
29,-1,188.0,174.0,15.0,12.0,1.000000
29,-1,228.0,238.0,16.0,15.0,1.000000
29,-1,286.0,239.0,15.0,12.0,1.000000
29,-1,287.0,193.0,16.0,15.0,1.000000
29,-1,296.0,120.0,18.0,19.0,1.000000
29,-1,327.0,273.0,15.0,14.0,1.000000
29,-1,394.0,96.0,16.0,14.0,1.000000
29,-1,399.0,245.0,15.0,14.0,1.000000
29,-1,422.0,181.0,20.0,15.0,1.000000
29,-1,423.0,295.0,17.0,17.0,1.000000
29,-1,486.0,245.0,17.0,14.0,1.000000
29,-1,517.0,203.0,17.0,15.0,1.000000
29,-1,531.0,128.0,17.0,15.0,1.000000
29,-1,567.0,289.0,15.0,13.0,1.000000
29,-1,629.0,253.0,15.0,14.0,1.000000
29,-1,666.0,219.0,14.0,15.0,1.000000
29,-1,672.0,144.0,20.0,18.0,1.000000
30,-1,141.0,42.0,21.0,19.0,1.000000
30,-1,155.0,288.0,16.0,14.0,1.000000
30,-1,158.0,150.0,20.0,17.0,1.000000
30,-1,163.0,231.0,17.0,16.0,1.000000
30,-1,188.0,174.0,15.0,12.0,1.000000
30,-1,226.0,238.0,16.0,15.0,1.000000
30,-1,287.0,193.0,16.0,15.0,1.000000
30,-1,287.0,240.0,15.0,12.0,1.000000
30,-1,297.0,121.0,17.0,18.0,1.000000
30,-1,326.0,274.0,15.0,14.0,1.000000
30,-1,392.0,95.0,17.0,15.0,1.000000
30,-1,399.0,246.0,15.0,14.0,1.000000
30,-1,422.0,181.0,20.0,16.0,1.000000
30,-1,422.0,295.0,14.0,15.0,1.000000
30,-1,486.0,245.0,17.0,14.0,1.000000
30,-1,516.0,203.0,17.0,15.0,1.000000
30,-1,529.0,128.0,18.0,15.0,1.000000
30,-1,568.0,289.0,15.0,13.0,1.000000
30,-1,630.0,253.0,15.0,14.0,1.000000
30,-1,666.0,219.0,14.0,15.0,1.000000
30,-1,670.0,145.0,20.0,17.0,1.000000
31,-1,143.0,42.0,21.0,19.0,1.000000
31,-1,155.0,289.0,16.0,14.0,1.000000
31,-1,159.0,150.0,20.0,18.0,1.000000
31,-1,164.0,231.0,17.0,16.0,1.000000
31,-1,188.0,174.0,15.0,12.0,1.000000
31,-1,225.0,239.0,16.0,15.0,1.000000
31,-1,287.0,240.0,15.0,12.0,1.000000
31,-1,288.0,194.0,15.0,14.0,1.000000
31,-1,298.0,122.0,17.0,18.0,1.000000
31,-1,325.0,274.0,15.0,14.0,1.000000
31,-1,391.0,95.0,17.0,15.0,1.000000
31,-1,399.0,246.0,15.0,14.0,1.000000
31,-1,420.0,295.0,14.0,15.0,1.000000
31,-1,422.0,181.0,19.0,15.0,1.000000
31,-1,486.0,246.0,17.0,14.0,1.000000
31,-1,516.0,204.0,17.0,15.0,1.000000
31,-1,527.0,127.0,18.0,15.0,1.000000
31,-1,568.0,289.0,15.0,13.0,1.000000
31,-1,630.0,253.0,14.0,14.0,1.000000
31,-1,665.0,220.0,14.0,15.0,1.000000
31,-1,668.0,145.0,19.0,17.0,1.000000
32,-1,144.0,42.0,21.0,19.0,1.000000
32,-1,155.0,290.0,16.0,14.0,1.000000
32,-1,160.0,150.0,20.0,17.0,1.000000
32,-1,165.0,231.0,17.0,16.0,1.000000
32,-1,188.0,174.0,15.0,12.0,1.000000
32,-1,223.0,239.0,16.0,15.0,1.000000
32,-1,287.0,241.0,15.0,12.0,1.000000
32,-1,288.0,195.0,15.0,14.0,1.000000
32,-1,299.0,123.0,17.0,18.0,1.000000
32,-1,324.0,274.0,15.0,14.0,1.000000
32,-1,389.0,94.0,17.0,15.0,1.000000
32,-1,399.0,246.0,15.0,14.0,1.000000
32,-1,419.0,295.0,14.0,15.0,1.000000
32,-1,423.0,181.0,20.0,15.0,1.000000
32,-1,485.0,246.0,17.0,14.0,1.000000
32,-1,516.0,205.0,17.0,15.0,1.000000
32,-1,525.0,127.0,18.0,15.0,1.000000
32,-1,568.0,289.0,15.0,13.0,1.000000
32,-1,631.0,253.0,15.0,14.0,1.000000
32,-1,666.0,146.0,19.0,17.0,1.000000
32,-1,666.0,220.0,14.0,15.0,1.000000
33,-1,144.0,42.0,21.0,19.0,1.000000
33,-1,155.0,290.0,16.0,14.0,1.000000
33,-1,160.0,150.0,20.0,17.0,1.000000
33,-1,165.0,231.0,17.0,16.0,1.000000
33,-1,188.0,174.0,15.0,12.0,1.000000
33,-1,223.0,239.0,16.0,15.0,1.000000
33,-1,287.0,241.0,15.0,12.0,1.000000
33,-1,288.0,195.0,15.0,14.0,1.000000
33,-1,299.0,123.0,17.0,18.0,1.000000
33,-1,324.0,274.0,15.0,14.0,1.000000
33,-1,389.0,94.0,17.0,15.0,1.000000
33,-1,399.0,246.0,15.0,14.0,1.000000
33,-1,419.0,295.0,14.0,15.0,1.000000
33,-1,423.0,181.0,20.0,15.0,1.000000
33,-1,485.0,246.0,17.0,14.0,1.000000
33,-1,516.0,205.0,17.0,15.0,1.000000
33,-1,525.0,127.0,18.0,15.0,1.000000
33,-1,568.0,289.0,15.0,13.0,1.000000
33,-1,631.0,253.0,15.0,14.0,1.000000
33,-1,666.0,146.0,19.0,17.0,1.000000
33,-1,666.0,220.0,14.0,15.0,1.000000
34,-1,146.0,42.0,21.0,19.0,1.000000
34,-1,155.0,291.0,16.0,14.0,1.000000
34,-1,161.0,150.0,20.0,18.0,1.000000
34,-1,166.0,232.0,17.0,16.0,1.000000
34,-1,188.0,175.0,15.0,12.0,1.000000
34,-1,220.0,239.0,16.0,15.0,1.000000
34,-1,288.0,242.0,15.0,12.0,1.000000
34,-1,289.0,195.0,15.0,14.0,1.000000
34,-1,300.0,124.0,17.0,18.0,1.000000
34,-1,321.0,275.0,15.0,14.0,1.000000
34,-1,386.0,92.0,17.0,15.0,1.000000
34,-1,399.0,247.0,15.0,14.0,1.000000
34,-1,414.0,296.0,16.0,15.0,1.000000
34,-1,423.0,181.0,20.0,16.0,1.000000
34,-1,484.0,248.0,17.0,14.0,1.000000
34,-1,515.0,206.0,17.0,15.0,1.000000
34,-1,521.0,127.0,18.0,15.0,1.000000
34,-1,568.0,288.0,14.0,13.0,1.000000
34,-1,632.0,254.0,14.0,13.0,1.000000
34,-1,661.0,147.0,19.0,17.0,1.000000
34,-1,665.0,221.0,14.0,15.0,1.000000
35,-1,147.0,42.0,21.0,19.0,1.000000
35,-1,156.0,291.0,16.0,14.0,1.000000
35,-1,162.0,150.0,20.0,18.0,1.000000
35,-1,166.0,232.0,17.0,16.0,1.000000
35,-1,187.0,175.0,15.0,12.0,1.000000
35,-1,219.0,240.0,16.0,15.0,1.000000
35,-1,288.0,243.0,15.0,12.0,1.000000
35,-1,289.0,195.0,15.0,14.0,1.000000
35,-1,300.0,124.0,17.0,18.0,1.000000
35,-1,320.0,275.0,15.0,14.0,1.000000
35,-1,385.0,91.0,17.0,15.0,1.000000
35,-1,399.0,247.0,15.0,14.0,1.000000
35,-1,412.0,296.0,16.0,15.0,1.000000
35,-1,423.0,181.0,20.0,15.0,1.000000
35,-1,484.0,248.0,17.0,14.0,1.000000
35,-1,515.0,207.0,17.0,15.0,1.000000
35,-1,519.0,126.0,19.0,16.0,1.000000
35,-1,569.0,288.0,14.0,12.0,1.000000
35,-1,633.0,254.0,14.0,13.0,1.000000
35,-1,659.0,148.0,19.0,17.0,1.000000
35,-1,665.0,221.0,14.0,15.0,1.000000
36,-1,148.0,41.0,21.0,19.0,1.000000
36,-1,156.0,291.0,17.0,15.0,1.000000
36,-1,162.0,150.0,20.0,18.0,1.000000
36,-1,167.0,232.0,17.0,16.0,1.000000
36,-1,187.0,175.0,15.0,12.0,1.000000
36,-1,217.0,240.0,16.0,15.0,1.000000
36,-1,288.0,243.0,15.0,12.0,1.000000
36,-1,289.0,195.0,15.0,14.0,1.000000
36,-1,301.0,124.0,17.0,18.0,1.000000
36,-1,319.0,275.0,15.0,14.0,1.000000
36,-1,383.0,91.0,17.0,15.0,1.000000
36,-1,399.0,248.0,15.0,14.0,1.000000
36,-1,411.0,296.0,16.0,15.0,1.000000
36,-1,424.0,181.0,19.0,15.0,1.000000
36,-1,484.0,248.0,17.0,14.0,1.000000
36,-1,514.0,207.0,17.0,15.0,1.000000
36,-1,517.0,126.0,18.0,15.0,1.000000
36,-1,569.0,288.0,14.0,12.0,1.000000
36,-1,634.0,254.0,14.0,13.0,1.000000
36,-1,657.0,148.0,19.0,17.0,1.000000
36,-1,666.0,222.0,14.0,15.0,1.000000
37,-1,149.0,41.0,21.0,19.0,1.000000
37,-1,156.0,292.0,17.0,14.0,1.000000
37,-1,163.0,150.0,20.0,18.0,1.000000
37,-1,167.0,232.0,18.0,17.0,1.000000
37,-1,187.0,175.0,15.0,12.0,1.000000
37,-1,215.0,240.0,16.0,15.0,1.000000
37,-1,288.0,244.0,15.0,12.0,1.000000
37,-1,289.0,195.0,15.0,14.0,1.000000
37,-1,301.0,125.0,17.0,18.0,1.000000
37,-1,317.0,275.0,15.0,14.0,1.000000
37,-1,382.0,90.0,17.0,15.0,1.000000
37,-1,399.0,248.0,15.0,14.0,1.000000
37,-1,409.0,297.0,16.0,15.0,1.000000
37,-1,424.0,182.0,19.0,15.0,1.000000
37,-1,483.0,249.0,17.0,14.0,1.000000
37,-1,514.0,208.0,17.0,15.0,1.000000
37,-1,515.0,126.0,19.0,15.0,1.000000
37,-1,570.0,288.0,14.0,12.0,1.000000
37,-1,635.0,254.0,14.0,13.0,1.000000
37,-1,655.0,149.0,19.0,17.0,1.000000
37,-1,666.0,222.0,14.0,15.0,1.000000
38,-1,149.0,41.0,21.0,19.0,1.000000
38,-1,156.0,292.0,17.0,14.0,1.000000
38,-1,163.0,150.0,20.0,18.0,1.000000
38,-1,167.0,232.0,17.0,16.0,1.000000
38,-1,187.0,175.0,15.0,12.0,1.000000
38,-1,215.0,240.0,16.0,15.0,1.000000
38,-1,288.0,244.0,15.0,12.0,1.000000
38,-1,289.0,195.0,15.0,14.0,1.000000
38,-1,301.0,125.0,17.0,18.0,1.000000
38,-1,317.0,275.0,15.0,14.0,1.000000
38,-1,382.0,90.0,17.0,15.0,1.000000
38,-1,399.0,248.0,15.0,14.0,1.000000
38,-1,409.0,297.0,16.0,15.0,1.000000
38,-1,424.0,182.0,19.0,15.0,1.000000
38,-1,483.0,249.0,17.0,14.0,1.000000
38,-1,514.0,208.0,17.0,15.0,1.000000
38,-1,515.0,126.0,19.0,15.0,1.000000
38,-1,570.0,288.0,14.0,12.0,1.000000
38,-1,635.0,254.0,14.0,13.0,1.000000
38,-1,655.0,149.0,19.0,17.0,1.000000
38,-1,666.0,222.0,14.0,15.0,1.000000
39,-1,151.0,41.0,21.0,19.0,1.000000
39,-1,157.0,293.0,16.0,14.0,1.000000
39,-1,164.0,150.0,20.0,18.0,1.000000
39,-1,168.0,232.0,17.0,16.0,1.000000
39,-1,187.0,175.0,15.0,12.0,1.000000
39,-1,213.0,240.0,16.0,15.0,1.000000
39,-1,289.0,196.0,15.0,14.0,1.000000
39,-1,289.0,245.0,15.0,12.0,1.000000
39,-1,302.0,125.0,17.0,18.0,1.000000
39,-1,315.0,276.0,16.0,15.0,1.000000
39,-1,379.0,89.0,17.0,15.0,1.000000
39,-1,399.0,248.0,15.0,14.0,1.000000
39,-1,406.0,297.0,16.0,15.0,1.000000
39,-1,425.0,182.0,20.0,15.0,1.000000
39,-1,483.0,250.0,17.0,14.0,1.000000
39,-1,511.0,125.0,19.0,15.0,1.000000
39,-1,514.0,209.0,17.0,15.0,1.000000
39,-1,571.0,287.0,14.0,12.0,1.000000
39,-1,637.0,254.0,14.0,13.0,1.000000
39,-1,651.0,150.0,18.0,16.0,1.000000
39,-1,666.0,222.0,14.0,15.0,1.000000
40,-1,152.0,41.0,21.0,19.0,1.000000
40,-1,157.0,293.0,16.0,14.0,1.000000
40,-1,164.0,150.0,20.0,18.0,1.000000
40,-1,168.0,232.0,17.0,16.0,1.000000
40,-1,188.0,175.0,15.0,12.0,1.000000
40,-1,212.0,240.0,16.0,15.0,1.000000
40,-1,289.0,196.0,15.0,14.0,1.000000
40,-1,289.0,245.0,15.0,12.0,1.000000
40,-1,303.0,125.0,17.0,18.0,1.000000
40,-1,314.0,276.0,16.0,15.0,1.000000
40,-1,378.0,87.0,17.0,15.0,1.000000
40,-1,400.0,248.0,15.0,14.0,1.000000
40,-1,405.0,297.0,16.0,15.0,1.000000
40,-1,425.0,181.0,20.0,16.0,1.000000
40,-1,483.0,250.0,17.0,14.0,1.000000
40,-1,506.0,123.0,22.0,19.0,1.000000
40,-1,514.0,209.0,17.0,15.0,1.000000
40,-1,571.0,287.0,13.0,12.0,1.000000
40,-1,638.0,253.0,15.0,14.0,1.000000
40,-1,648.0,150.0,18.0,16.0,1.000000
40,-1,666.0,223.0,14.0,15.0,1.000000
41,-1,153.0,41.0,21.0,19.0,1.000000
41,-1,157.0,294.0,16.0,14.0,1.000000
41,-1,164.0,150.0,20.0,18.0,1.000000
41,-1,169.0,232.0,17.0,16.0,1.000000
41,-1,188.0,174.0,15.0,12.0,1.000000
41,-1,211.0,241.0,16.0,15.0,1.000000
41,-1,289.0,246.0,15.0,12.0,1.000000
41,-1,290.0,196.0,15.0,14.0,1.000000
41,-1,303.0,125.0,17.0,18.0,1.000000
41,-1,313.0,277.0,15.0,14.0,1.000000
41,-1,376.0,86.0,17.0,15.0,1.000000
41,-1,400.0,248.0,15.0,14.0,1.000000
41,-1,403.0,297.0,16.0,15.0,1.000000
41,-1,425.0,182.0,19.0,15.0,1.000000
41,-1,483.0,251.0,17.0,14.0,1.000000
41,-1,504.0,123.0,22.0,19.0,1.000000
41,-1,514.0,210.0,17.0,15.0,1.000000
41,-1,572.0,287.0,13.0,12.0,1.000000
41,-1,639.0,254.0,14.0,13.0,1.000000
41,-1,646.0,150.0,18.0,16.0,1.000000
41,-1,666.0,223.0,14.0,15.0,1.000000
42,-1,153.0,40.0,22.0,19.0,1.000000
42,-1,158.0,294.0,16.0,14.0,1.000000
42,-1,165.0,150.0,20.0,18.0,1.000000
42,-1,169.0,232.0,17.0,16.0,1.000000
42,-1,188.0,174.0,14.0,11.0,1.000000
42,-1,210.0,241.0,16.0,15.0,1.000000
42,-1,289.0,246.0,14.0,12.0,1.000000
42,-1,290.0,196.0,15.0,14.0,1.000000
42,-1,304.0,126.0,17.0,17.0,1.000000
42,-1,312.0,277.0,15.0,14.0,1.000000
42,-1,375.0,85.0,17.0,15.0,1.000000
42,-1,400.0,248.0,15.0,14.0,1.000000
42,-1,402.0,297.0,16.0,15.0,1.000000
42,-1,426.0,181.0,19.0,15.0,1.000000
42,-1,483.0,251.0,17.0,14.0,1.000000
42,-1,502.0,122.0,22.0,19.0,1.000000
42,-1,514.0,211.0,17.0,15.0,1.000000
42,-1,573.0,287.0,13.0,12.0,1.000000
42,-1,640.0,253.0,14.0,13.0,1.000000
42,-1,644.0,151.0,18.0,16.0,1.000000
42,-1,666.0,223.0,14.0,15.0,1.000000
43,-1,153.0,40.0,21.0,19.0,1.000000
43,-1,158.0,294.0,16.0,14.0,1.000000
43,-1,165.0,150.0,20.0,18.0,1.000000
43,-1,169.0,232.0,17.0,16.0,1.000000
43,-1,188.0,174.0,14.0,11.0,1.000000
43,-1,210.0,241.0,16.0,15.0,1.000000
43,-1,289.0,246.0,14.0,12.0,1.000000
43,-1,290.0,196.0,15.0,14.0,1.000000
43,-1,304.0,126.0,17.0,18.0,1.000000
43,-1,312.0,277.0,15.0,14.0,1.000000
43,-1,375.0,85.0,17.0,15.0,1.000000
43,-1,400.0,248.0,15.0,14.0,1.000000
43,-1,402.0,297.0,16.0,15.0,1.000000
43,-1,426.0,181.0,19.0,15.0,1.000000
43,-1,483.0,251.0,17.0,14.0,1.000000
43,-1,502.0,122.0,22.0,19.0,1.000000
43,-1,514.0,211.0,17.0,15.0,1.000000
43,-1,572.0,284.0,14.0,15.0,1.000000
43,-1,640.0,253.0,14.0,13.0,1.000000
43,-1,644.0,151.0,18.0,16.0,1.000000
43,-1,666.0,223.0,14.0,15.0,1.000000
44,-1,155.0,40.0,22.0,20.0,1.000000
44,-1,159.0,295.0,16.0,14.0,1.000000
44,-1,166.0,149.0,19.0,17.0,1.000000
44,-1,170.0,232.0,17.0,16.0,1.000000
44,-1,189.0,174.0,14.0,11.0,1.000000
44,-1,208.0,240.0,16.0,15.0,1.000000
44,-1,290.0,196.0,16.0,15.0,1.000000
44,-1,290.0,246.0,14.0,12.0,1.000000
44,-1,304.0,126.0,17.0,18.0,1.000000
44,-1,310.0,277.0,15.0,14.0,1.000000
44,-1,372.0,83.0,18.0,15.0,1.000000
44,-1,400.0,248.0,15.0,14.0,1.000000
44,-1,400.0,297.0,16.0,15.0,1.000000
44,-1,426.0,181.0,19.0,15.0,1.000000
44,-1,483.0,251.0,17.0,14.0,1.000000
44,-1,499.0,121.0,22.0,19.0,1.000000
44,-1,514.0,211.0,17.0,15.0,1.000000
44,-1,573.0,283.0,14.0,15.0,1.000000
44,-1,640.0,151.0,18.0,16.0,1.000000
44,-1,642.0,253.0,14.0,13.0,1.000000
44,-1,666.0,223.0,14.0,15.0,1.000000
45,-1,155.0,39.0,22.0,19.0,1.000000
45,-1,159.0,296.0,16.0,14.0,1.000000
45,-1,166.0,149.0,20.0,18.0,1.000000
45,-1,170.0,232.0,17.0,16.0,1.000000
45,-1,189.0,174.0,14.0,11.0,1.000000
45,-1,207.0,240.0,16.0,15.0,1.000000
45,-1,290.0,195.0,16.0,15.0,1.000000
45,-1,290.0,247.0,14.0,12.0,1.000000
45,-1,305.0,126.0,17.0,18.0,1.000000
45,-1,309.0,278.0,15.0,14.0,1.000000
45,-1,370.0,82.0,18.0,16.0,1.000000
45,-1,399.0,297.0,16.0,15.0,1.000000
45,-1,400.0,248.0,15.0,14.0,1.000000
45,-1,427.0,181.0,19.0,15.0,1.000000
45,-1,482.0,252.0,17.0,14.0,1.000000
45,-1,498.0,121.0,22.0,19.0,1.000000
45,-1,514.0,212.0,17.0,15.0,1.000000
45,-1,574.0,282.0,14.0,15.0,1.000000
45,-1,638.0,152.0,17.0,15.0,1.000000
45,-1,644.0,253.0,14.0,13.0,1.000000
45,-1,666.0,223.0,14.0,15.0,1.000000
46,-1,156.0,39.0,22.0,20.0,1.000000
46,-1,160.0,296.0,16.0,14.0,1.000000
46,-1,166.0,149.0,20.0,18.0,1.000000
46,-1,171.0,232.0,17.0,16.0,1.000000
46,-1,189.0,173.0,14.0,11.0,1.000000
46,-1,207.0,240.0,16.0,15.0,1.000000
46,-1,290.0,195.0,16.0,15.0,1.000000
46,-1,290.0,247.0,14.0,11.0,1.000000
46,-1,305.0,126.0,17.0,18.0,1.000000
46,-1,308.0,278.0,15.0,14.0,1.000000
46,-1,369.0,80.0,18.0,16.0,1.000000
46,-1,397.0,297.0,16.0,15.0,1.000000
46,-1,400.0,248.0,15.0,14.0,1.000000
46,-1,427.0,181.0,19.0,15.0,1.000000
46,-1,482.0,252.0,17.0,14.0,1.000000
46,-1,496.0,120.0,22.0,19.0,1.000000
46,-1,514.0,212.0,17.0,15.0,1.000000
46,-1,575.0,281.0,14.0,15.0,1.000000
46,-1,635.0,152.0,17.0,15.0,1.000000
46,-1,645.0,253.0,14.0,13.0,1.000000
46,-1,666.0,223.0,14.0,15.0,1.000000
47,-1,157.0,39.0,22.0,20.0,1.000000
47,-1,160.0,296.0,16.0,14.0,1.000000
47,-1,166.0,149.0,20.0,18.0,1.000000
47,-1,171.0,232.0,17.0,16.0,1.000000
47,-1,190.0,173.0,14.0,11.0,1.000000
47,-1,206.0,240.0,16.0,15.0,1.000000
47,-1,290.0,247.0,14.0,11.0,1.000000
47,-1,291.0,195.0,16.0,15.0,1.000000
47,-1,305.0,126.0,17.0,18.0,1.000000
47,-1,307.0,278.0,15.0,14.0,1.000000
47,-1,367.0,79.0,18.0,16.0,1.000000
47,-1,396.0,297.0,16.0,15.0,1.000000
47,-1,400.0,248.0,15.0,14.0,1.000000
47,-1,427.0,181.0,19.0,15.0,1.000000
47,-1,482.0,252.0,17.0,14.0,1.000000
47,-1,494.0,120.0,22.0,19.0,1.000000
47,-1,514.0,212.0,17.0,15.0,1.000000
47,-1,576.0,281.0,14.0,15.0,1.000000
47,-1,634.0,152.0,17.0,15.0,1.000000
47,-1,646.0,253.0,14.0,13.0,1.000000
47,-1,667.0,223.0,14.0,15.0,1.000000
48,-1,157.0,39.0,22.0,20.0,1.000000
48,-1,160.0,296.0,16.0,14.0,1.000000
48,-1,166.0,149.0,20.0,18.0,1.000000
48,-1,171.0,232.0,17.0,16.0,1.000000
48,-1,190.0,173.0,14.0,11.0,1.000000
48,-1,206.0,240.0,16.0,15.0,1.000000
48,-1,290.0,247.0,14.0,11.0,1.000000
48,-1,291.0,195.0,16.0,15.0,1.000000
48,-1,305.0,126.0,17.0,18.0,1.000000
48,-1,307.0,278.0,15.0,14.0,1.000000
48,-1,367.0,79.0,18.0,16.0,1.000000
48,-1,396.0,297.0,16.0,15.0,1.000000
48,-1,400.0,248.0,15.0,14.0,1.000000
48,-1,427.0,181.0,19.0,15.0,1.000000
48,-1,482.0,252.0,17.0,14.0,1.000000
48,-1,494.0,120.0,22.0,19.0,1.000000
48,-1,514.0,212.0,17.0,15.0,1.000000
48,-1,576.0,281.0,14.0,15.0,1.000000
48,-1,634.0,152.0,17.0,15.0,1.000000
48,-1,646.0,253.0,14.0,13.0,1.000000
48,-1,667.0,223.0,14.0,15.0,1.000000
49,-1,158.0,38.0,21.0,19.0,1.000000
49,-1,161.0,297.0,16.0,14.0,1.000000
49,-1,167.0,149.0,20.0,18.0,1.000000
49,-1,171.0,232.0,17.0,16.0,1.000000
49,-1,190.0,172.0,14.0,11.0,1.000000
49,-1,205.0,240.0,16.0,15.0,1.000000
49,-1,290.0,247.0,14.0,11.0,1.000000
49,-1,291.0,195.0,16.0,15.0,1.000000
49,-1,304.0,278.0,15.0,14.0,1.000000
49,-1,306.0,126.0,17.0,18.0,1.000000
49,-1,364.0,77.0,18.0,16.0,1.000000
49,-1,394.0,297.0,16.0,15.0,1.000000
49,-1,400.0,248.0,15.0,14.0,1.000000
49,-1,428.0,181.0,20.0,15.0,1.000000
49,-1,482.0,252.0,17.0,14.0,1.000000
49,-1,492.0,119.0,22.0,19.0,1.000000
49,-1,515.0,213.0,16.0,14.0,1.000000
49,-1,577.0,280.0,14.0,15.0,1.000000
49,-1,630.0,153.0,16.0,15.0,1.000000
49,-1,649.0,253.0,14.0,13.0,1.000000
49,-1,667.0,224.0,14.0,15.0,1.000000
50,-1,159.0,38.0,22.0,20.0,1.000000
50,-1,161.0,297.0,16.0,14.0,1.000000
50,-1,167.0,149.0,20.0,18.0,1.000000
50,-1,171.0,232.0,17.0,16.0,1.000000
50,-1,190.0,172.0,14.0,11.0,1.000000
50,-1,204.0,240.0,16.0,15.0,1.000000
50,-1,290.0,247.0,14.0,11.0,1.000000
50,-1,291.0,195.0,16.0,15.0,1.000000
50,-1,303.0,278.0,15.0,14.0,1.000000
50,-1,306.0,126.0,17.0,18.0,1.000000
50,-1,363.0,75.0,19.0,16.0,1.000000
50,-1,393.0,297.0,17.0,16.0,1.000000
50,-1,400.0,248.0,15.0,14.0,1.000000
50,-1,428.0,181.0,20.0,15.0,1.000000
50,-1,482.0,253.0,17.0,14.0,1.000000
50,-1,490.0,119.0,22.0,19.0,1.000000
50,-1,515.0,213.0,16.0,14.0,1.000000
50,-1,578.0,280.0,14.0,15.0,1.000000
50,-1,628.0,153.0,16.0,15.0,1.000000
50,-1,650.0,253.0,14.0,13.0,1.000000
50,-1,667.0,224.0,14.0,15.0,1.000000
51,-1,159.0,38.0,22.0,20.0,1.000000
51,-1,162.0,298.0,15.0,13.0,1.000000
51,-1,167.0,149.0,20.0,18.0,1.000000
51,-1,172.0,232.0,17.0,16.0,1.000000
51,-1,190.0,171.0,14.0,11.0,1.000000
51,-1,203.0,240.0,16.0,15.0,1.000000
51,-1,290.0,247.0,14.0,11.0,1.000000
51,-1,291.0,195.0,16.0,15.0,1.000000
51,-1,302.0,278.0,15.0,14.0,1.000000
51,-1,306.0,126.0,17.0,18.0,1.000000
51,-1,362.0,74.0,19.0,16.0,1.000000
51,-1,392.0,297.0,17.0,16.0,1.000000
51,-1,400.0,248.0,15.0,14.0,1.000000
51,-1,428.0,181.0,20.0,15.0,1.000000
51,-1,482.0,253.0,17.0,14.0,1.000000
51,-1,489.0,119.0,22.0,19.0,1.000000
51,-1,515.0,214.0,16.0,14.0,1.000000
51,-1,579.0,279.0,14.0,15.0,1.000000
51,-1,626.0,154.0,16.0,14.0,1.000000
51,-1,651.0,252.0,14.0,13.0,1.000000
51,-1,667.0,224.0,14.0,15.0,1.000000
52,-1,160.0,38.0,21.0,19.0,1.000000
52,-1,163.0,299.0,15.0,13.0,1.000000
52,-1,167.0,149.0,20.0,18.0,1.000000
52,-1,172.0,232.0,17.0,16.0,1.000000
52,-1,191.0,171.0,13.0,11.0,1.000000
52,-1,203.0,240.0,16.0,15.0,1.000000
52,-1,290.0,247.0,14.0,11.0,1.000000
52,-1,291.0,195.0,16.0,15.0,1.000000
52,-1,301.0,279.0,15.0,14.0,1.000000
52,-1,306.0,126.0,17.0,18.0,1.000000
52,-1,360.0,73.0,18.0,16.0,1.000000
52,-1,392.0,297.0,18.0,17.0,1.000000
52,-1,400.0,248.0,15.0,14.0,1.000000
52,-1,427.0,181.0,20.0,16.0,1.000000
52,-1,482.0,253.0,17.0,14.0,1.000000
52,-1,487.0,118.0,22.0,19.0,1.000000
52,-1,515.0,214.0,16.0,14.0,1.000000
52,-1,580.0,279.0,15.0,16.0,1.000000
52,-1,623.0,154.0,16.0,14.0,1.000000
52,-1,652.0,252.0,14.0,13.0,1.000000
52,-1,667.0,224.0,14.0,15.0,1.000000
53,-1,160.0,38.0,21.0,19.0,1.000000
53,-1,163.0,299.0,15.0,13.0,1.000000
53,-1,167.0,149.0,20.0,18.0,1.000000
53,-1,172.0,232.0,17.0,16.0,1.000000
53,-1,191.0,171.0,13.0,11.0,1.000000
53,-1,203.0,240.0,16.0,15.0,1.000000
53,-1,290.0,247.0,14.0,11.0,1.000000
53,-1,291.0,195.0,16.0,15.0,1.000000
53,-1,301.0,279.0,15.0,14.0,1.000000
53,-1,306.0,126.0,17.0,18.0,1.000000
53,-1,360.0,73.0,18.0,16.0,1.000000
53,-1,392.0,297.0,18.0,17.0,1.000000
53,-1,400.0,248.0,15.0,14.0,1.000000
53,-1,428.0,181.0,19.0,15.0,1.000000
53,-1,482.0,253.0,17.0,14.0,1.000000
53,-1,487.0,118.0,22.0,19.0,1.000000
53,-1,515.0,214.0,16.0,14.0,1.000000
53,-1,580.0,279.0,15.0,16.0,1.000000
53,-1,623.0,154.0,16.0,14.0,1.000000
53,-1,652.0,252.0,14.0,13.0,1.000000
53,-1,667.0,224.0,14.0,15.0,1.000000
54,-1,160.0,38.0,22.0,19.0,1.000000
54,-1,163.0,299.0,15.0,13.0,1.000000
54,-1,167.0,149.0,20.0,18.0,1.000000
54,-1,172.0,233.0,17.0,16.0,1.000000
54,-1,191.0,171.0,14.0,11.0,1.000000
54,-1,202.0,240.0,16.0,15.0,1.000000
54,-1,290.0,247.0,14.0,11.0,1.000000
54,-1,291.0,196.0,16.0,15.0,1.000000
54,-1,299.0,279.0,14.0,13.0,1.000000
54,-1,306.0,126.0,17.0,18.0,1.000000
54,-1,358.0,71.0,19.0,16.0,1.000000
54,-1,390.0,297.0,18.0,17.0,1.000000
54,-1,401.0,249.0,15.0,14.0,1.000000
54,-1,428.0,181.0,19.0,15.0,1.000000
54,-1,482.0,254.0,17.0,14.0,1.000000
54,-1,485.0,118.0,22.0,19.0,1.000000
54,-1,515.0,215.0,16.0,14.0,1.000000
54,-1,581.0,278.0,14.0,15.0,1.000000
54,-1,619.0,154.0,16.0,14.0,1.000000
54,-1,655.0,252.0,14.0,13.0,1.000000
54,-1,667.0,225.0,14.0,15.0,1.000000
55,-1,161.0,37.0,21.0,19.0,1.000000
55,-1,164.0,300.0,15.0,13.0,1.000000
55,-1,167.0,149.0,20.0,18.0,1.000000
55,-1,172.0,233.0,17.0,16.0,1.000000
55,-1,191.0,169.0,14.0,11.0,1.000000
55,-1,201.0,240.0,16.0,15.0,1.000000
55,-1,290.0,247.0,14.0,11.0,1.000000
55,-1,291.0,196.0,16.0,15.0,1.000000
55,-1,298.0,279.0,14.0,13.0,1.000000
55,-1,306.0,126.0,17.0,18.0,1.000000
55,-1,357.0,70.0,19.0,16.0,1.000000
55,-1,389.0,297.0,18.0,17.0,1.000000
55,-1,401.0,249.0,15.0,14.0,1.000000
55,-1,428.0,181.0,20.0,15.0,1.000000
55,-1,482.0,254.0,17.0,14.0,1.000000
55,-1,484.0,117.0,22.0,19.0,1.000000
55,-1,516.0,216.0,16.0,14.0,1.000000
55,-1,582.0,277.0,14.0,15.0,1.000000
55,-1,618.0,155.0,16.0,14.0,1.000000
55,-1,657.0,252.0,13.0,13.0,1.000000
55,-1,667.0,225.0,14.0,15.0,1.000000
56,-1,161.0,37.0,21.0,19.0,1.000000
56,-1,164.0,300.0,15.0,13.0,1.000000
56,-1,167.0,149.0,20.0,18.0,1.000000
56,-1,172.0,233.0,17.0,16.0,1.000000
56,-1,191.0,169.0,14.0,11.0,1.000000
56,-1,201.0,240.0,16.0,15.0,1.000000
56,-1,290.0,247.0,14.0,11.0,1.000000
56,-1,291.0,196.0,16.0,15.0,1.000000
56,-1,297.0,280.0,14.0,13.0,1.000000
56,-1,306.0,126.0,17.0,18.0,1.000000
56,-1,355.0,69.0,19.0,16.0,1.000000
56,-1,388.0,297.0,18.0,17.0,1.000000
56,-1,400.0,249.0,15.0,14.0,1.000000
56,-1,427.0,181.0,20.0,16.0,1.000000
56,-1,482.0,117.0,22.0,19.0,1.000000
56,-1,482.0,255.0,17.0,14.0,1.000000
56,-1,516.0,216.0,16.0,14.0,1.000000
56,-1,583.0,277.0,14.0,15.0,1.000000
56,-1,616.0,155.0,16.0,14.0,1.000000
56,-1,658.0,252.0,13.0,12.0,1.000000
56,-1,667.0,225.0,14.0,15.0,1.000000
57,-1,161.0,37.0,22.0,19.0,1.000000
57,-1,165.0,300.0,15.0,13.0,1.000000
57,-1,167.0,149.0,20.0,18.0,1.000000
57,-1,172.0,233.0,17.0,16.0,1.000000
57,-1,191.0,169.0,14.0,11.0,1.000000
57,-1,201.0,240.0,16.0,15.0,1.000000
57,-1,289.0,247.0,15.0,15.0,1.000000
57,-1,291.0,196.0,16.0,15.0,1.000000
57,-1,296.0,280.0,14.0,13.0,1.000000
57,-1,306.0,126.0,18.0,18.0,1.000000
57,-1,354.0,69.0,19.0,16.0,1.000000
57,-1,387.0,297.0,18.0,17.0,1.000000
57,-1,400.0,249.0,15.0,14.0,1.000000
57,-1,428.0,181.0,20.0,15.0,1.000000
57,-1,481.0,117.0,23.0,20.0,1.000000
57,-1,482.0,255.0,17.0,14.0,1.000000
57,-1,516.0,216.0,16.0,14.0,1.000000
57,-1,584.0,277.0,14.0,15.0,1.000000
57,-1,614.0,156.0,16.0,14.0,1.000000
57,-1,660.0,252.0,13.0,12.0,1.000000
57,-1,667.0,225.0,17.0,18.0,1.000000
58,-1,161.0,37.0,21.0,19.0,1.000000
58,-1,165.0,300.0,15.0,13.0,1.000000
58,-1,167.0,149.0,20.0,18.0,1.000000
58,-1,172.0,233.0,17.0,16.0,1.000000
58,-1,191.0,169.0,14.0,11.0,1.000000
58,-1,201.0,240.0,16.0,15.0,1.000000
58,-1,289.0,247.0,15.0,15.0,1.000000
58,-1,291.0,196.0,16.0,15.0,1.000000
58,-1,296.0,280.0,14.0,13.0,1.000000
58,-1,306.0,126.0,18.0,18.0,1.000000
58,-1,354.0,69.0,19.0,16.0,1.000000
58,-1,387.0,297.0,18.0,17.0,1.000000
58,-1,400.0,249.0,15.0,14.0,1.000000
58,-1,427.0,181.0,20.0,16.0,1.000000
58,-1,481.0,117.0,23.0,20.0,1.000000
58,-1,482.0,255.0,17.0,14.0,1.000000
58,-1,516.0,216.0,16.0,14.0,1.000000
58,-1,584.0,277.0,14.0,15.0,1.000000
58,-1,614.0,156.0,16.0,14.0,1.000000
58,-1,659.0,252.0,13.0,12.0,1.000000
58,-1,667.0,225.0,17.0,18.0,1.000000
59,-1,161.0,37.0,21.0,19.0,1.000000
59,-1,165.0,301.0,15.0,13.0,1.000000
59,-1,167.0,149.0,20.0,18.0,1.000000
59,-1,172.0,233.0,17.0,16.0,1.000000
59,-1,191.0,168.0,14.0,11.0,1.000000
59,-1,200.0,240.0,16.0,15.0,1.000000
59,-1,289.0,247.0,15.0,15.0,1.000000
59,-1,291.0,196.0,16.0,15.0,1.000000
59,-1,294.0,280.0,14.0,13.0,1.000000
59,-1,306.0,126.0,18.0,18.0,1.000000
59,-1,351.0,67.0,19.0,16.0,1.000000
59,-1,385.0,297.0,18.0,17.0,1.000000
59,-1,400.0,249.0,15.0,14.0,1.000000
59,-1,427.0,181.0,20.0,16.0,1.000000
59,-1,479.0,117.0,23.0,20.0,1.000000
59,-1,482.0,256.0,17.0,14.0,1.000000
59,-1,516.0,217.0,16.0,14.0,1.000000
59,-1,586.0,276.0,14.0,15.0,1.000000
59,-1,610.0,156.0,16.0,14.0,1.000000
59,-1,662.0,252.0,13.0,12.0,1.000000
59,-1,667.0,226.0,17.0,18.0,1.000000
60,-1,161.0,37.0,21.0,19.0,1.000000
60,-1,166.0,302.0,15.0,13.0,1.000000
60,-1,167.0,149.0,20.0,18.0,1.000000
60,-1,171.0,233.0,17.0,16.0,1.000000
60,-1,191.0,168.0,14.0,11.0,1.000000
60,-1,199.0,240.0,16.0,15.0,1.000000
60,-1,288.0,248.0,15.0,15.0,1.000000
60,-1,291.0,197.0,16.0,15.0,1.000000
60,-1,293.0,281.0,14.0,13.0,1.000000
60,-1,306.0,126.0,18.0,18.0,1.000000
60,-1,350.0,67.0,19.0,16.0,1.000000
60,-1,385.0,297.0,18.0,17.0,1.000000
60,-1,399.0,249.0,15.0,14.0,1.000000
60,-1,427.0,182.0,20.0,16.0,1.000000
60,-1,478.0,116.0,23.0,20.0,1.000000
60,-1,482.0,256.0,17.0,14.0,1.000000
60,-1,517.0,217.0,16.0,14.0,1.000000
60,-1,587.0,275.0,14.0,15.0,1.000000
60,-1,608.0,157.0,16.0,14.0,1.000000
60,-1,664.0,252.0,13.0,12.0,1.000000
60,-1,667.0,226.0,17.0,18.0,1.000000
