1,1,198,392,32,24,1,1,1
2,1,201,393,32,24,1,1,1
3,1,204,394,32,24,1,1,1
4,1,208,394,32,24,1,1,1
5,1,208,394,32,24,1,1,1
6,1,211,395,32,24,1,1,1
7,1,215,396,32,24,1,1,1
8,1,218,396,33,24,1,1,1
9,1,222,397,32,24,1,1,1
10,1,222,397,32,24,1,1,1
11,1,226,398,32,24,1,1,1
12,1,229,398,32,24,1,1,1
13,1,233,399,32,24,1,1,1
14,1,236,400,32,24,1,1,1
15,1,236,400,32,24,1,1,1
16,1,240,401,32,24,1,1,1
17,1,243,401,32,24,1,1,1
18,1,247,402,32,24,1,1,1
19,1,250,402,33,24,1,1,1
20,1,250,402,33,24,1,1,1
21,1,254,405,29,21,1,1,1
22,1,254,407,26,19,1,1,1
23,1,255,402,36,23,1,1,1
24,1,252,403,36,23,1,1,1
25,1,252,403,36,23,1,1,1
26,1,263,402,36,23,1,1,1
27,1,267,403,36,23,1,1,1
28,1,264,403,43,23,1,1,1
29,1,274,404,34,22,1,1,1
30,1,274,404,34,21,1,1,1
31,1,277,405,38,20,1,1,1
32,1,281,405,38,20,1,1,1
33,1,285,406,37,20,1,1,1
34,1,285,406,37,20,1,1,1
35,1,285,406,37,20,1,1,1
36,1,290,403,38,30,1,1,1
37,1,294,403,38,22,1,1,1
38,1,297,404,38,22,1,1,1
39,1,300,403,41,25,1,1,1
40,1,300,403,41,22,1,1,1
41,1,304,403,40,23,1,1,1
42,1,308,403,40,22,1,1,1
43,1,310,403,41,23,1,1,1
44,1,313,403,43,24,1,1,1
45,1,313,403,43,24,1,1,1
46,1,317,403,43,24,1,1,1
47,1,320,404,43,24,1,1,1
48,1,324,404,43,23,1,1,1
49,1,328,404,43,24,1,1,1
50,1,328,404,43,24,1,1,1
51,1,332,404,43,23,1,1,1
52,1,335,404,44,24,1,1,1
53,1,339,404,43,24,1,1,1
54,1,343,405,43,24,1,1,1
55,1,343,405,43,24,1,1,1
56,1,347,405,43,23,1,1,1
57,1,350,405,43,23,1,1,1
58,1,354,405,43,24,1,1,1
59,1,358,406,42,23,1,1,1
60,1,363,405,42,23,1,1,1
61,1,366,405,42,20,1,1,1
62,1,370,405,40,23,1,1,1
63,1,373,405,41,20,1,1,1
64,1,378,405,37,25,1,1,1
65,1,378,405,37,20,1,1,1
66,1,382,405,37,20,1,1,1
67,1,386,405,37,20,1,1,1
68,1,389,405,38,20,1,1,1
69,1,393,405,38,20,1,1,1
70,1,393,405,38,20,1,1,1
71,1,397,405,38,21,1,1,1
72,1,401,404,38,21,1,1,1
73,1,405,404,38,21,1,1,1
74,1,409,404,38,21,1,1,1
75,1,409,404,38,21,1,1,1
76,1,412,404,38,21,1,1,1
77,1,416,404,38,21,1,1,1
78,1,420,404,38,20,1,1,1
79,1,424,404,38,21,1,1,1
80,1,424,404,38,21,1,1,1
81,1,428,404,38,21,1,1,1
82,1,432,404,38,21,1,1,1
83,1,436,403,38,22,1,1,1
84,1,440,403,38,22,1,1,1
85,1,440,403,38,22,1,1,1
86,1,444,402,38,22,1,1,1
87,1,449,403,37,21,1,1,1
88,1,453,403,36,21,1,1,1
89,1,458,403,36,21,1,1,1
90,1,458,403,36,21,1,1,1
91,1,460,401,39,22,1,1,1
92,1,464,405,39,22,1,1,1
93,1,468,405,39,20,1,1,1
94,1,472,404,39,20,1,1,1
95,1,472,404,39,20,1,1,1
96,1,477,404,39,20,1,1,1
97,1,484,404,36,22,1,1,1
98,1,488,404,36,21,1,1,1
99,1,492,403,36,21,1,1,1
100,1,492,403,36,21,1,1,1
101,1,497,403,36,21,1,1,1
102,1,501,402,36,21,1,1,1
103,1,505,402,36,21,1,1,1
104,1,510,402,36,21,1,1,1
105,1,510,402,36,21,1,1,1
106,1,513,401,37,26,1,1,1
107,1,517,400,37,24,1,1,1
108,1,522,400,38,24,1,1,1
109,1,527,399,37,24,1,1,1
110,1,527,399,37,24,1,1,1
111,1,531,399,37,24,1,1,1
112,1,535,398,38,24,1,1,1
113,1,540,397,38,25,1,1,1
114,1,544,397,38,24,1,1,1
115,1,544,397,41,28,1,1,1
116,1,549,396,41,28,1,1,1
1,2,544,377,25,22,1,1,1
2,2,547,377,25,22,1,1,1
3,2,550,377,25,22,1,1,1
4,2,554,376,25,22,1,1,1
5,2,554,376,25,22,1,1,1
6,2,557,376,25,22,1,1,1
7,2,560,376,25,22,1,1,1
8,2,563,376,25,22,1,1,1
9,2,567,376,25,22,1,1,1
10,2,567,376,25,22,1,1,1
11,2,570,375,25,22,1,1,1
12,2,573,375,25,22,1,1,1
13,2,576,375,25,22,1,1,1
14,2,579,374,25,22,1,1,1
15,2,579,374,25,22,1,1,1
16,2,582,374,25,22,1,1,1
17,2,585,374,25,22,1,1,1
18,2,588,373,25,22,1,1,1
19,2,591,372,25,22,1,1,1
20,2,591,373,25,22,1,1,1
21,2,594,372,25,22,1,1,1
22,2,597,372,25,22,1,1,1
23,2,599,371,25,22,1,1,1
24,2,602,370,25,22,1,1,1
25,2,602,370,25,22,1,1,1
26,2,604,370,25,22,1,1,1
27,2,607,369,25,22,1,1,1
28,2,609,368,26,23,1,1,1
29,2,612,368,26,23,1,1,1
30,2,612,368,26,23,1,1,1
31,2,614,367,25,22,1,1,1
32,2,617,367,25,22,1,1,1
33,2,620,366,25,22,1,1,1
34,2,622,365,25,22,1,1,1
35,2,622,365,25,22,1,1,1
36,2,624,364,25,22,1,1,1
37,2,627,364,25,22,1,1,1
38,2,629,363,25,22,1,1,1
39,2,632,363,25,22,1,1,1
40,2,632,363,25,22,1,1,1
41,2,634,362,24,21,1,1,1
42,2,637,362,24,21,1,1,1
43,2,639,361,24,21,1,1,1
44,2,641,360,23,21,1,1,1
45,2,641,360,23,21,1,1,1
46,2,641,360,26,21,1,1,1
47,2,643,359,26,21,1,1,1
48,2,645,358,26,21,1,1,1
49,2,648,358,26,21,1,1,1
50,2,648,358,26,21,1,1,1
51,2,650,357,27,22,1,1,1
52,2,652,356,26,21,1,1,1
53,2,654,356,26,21,1,1,1
54,2,656,355,26,21,1,1,1
55,2,656,355,26,21,1,1,1
56,2,658,354,26,21,1,1,1
57,2,660,353,26,21,1,1,1
58,2,662,353,26,21,1,1,1
59,2,664,352,26,21,1,1,1
60,2,664,352,26,21,1,1,1
61,2,666,351,27,22,1,1,1
62,2,668,350,27,21,1,1,1
63,2,670,349,27,22,1,1,1
64,2,672,349,26,21,1,1,1
65,2,672,349,26,21,1,1,1
66,2,674,348,26,21,1,1,1
67,2,675,347,26,21,1,1,1
68,2,677,346,26,21,1,1,1
69,2,679,345,26,21,1,1,1
70,2,679,345,26,21,1,1,1
71,2,681,345,26,21,1,1,1
72,2,683,344,26,21,1,1,1
73,2,685,343,26,21,1,1,1
74,2,686,342,25,21,1,1,1
75,2,686,342,25,21,1,1,1
76,2,688,341,25,21,1,1,1
77,2,690,340,25,20,1,1,1
78,2,691,340,25,20,1,1,1
79,2,693,339,25,20,1,1,1
80,2,693,339,25,20,1,1,1
81,2,695,338,25,20,1,1,1
82,2,696,337,25,20,1,1,1
83,2,697,335,25,20,1,1,1
84,2,699,334,25,20,1,1,1
85,2,699,334,25,20,1,1,1
86,2,700,333,25,20,1,1,1
87,2,702,332,25,20,1,1,1
88,2,703,331,25,20,1,1,1
89,2,705,331,25,20,1,1,1
90,2,705,331,25,20,1,1,1
91,2,707,330,24,20,1,1,1
92,2,708,329,24,20,1,1,1
93,2,710,328,24,19,1,1,1
94,2,711,327,24,20,1,1,1
95,2,711,327,24,20,1,1,1
96,2,713,326,24,19,1,1,1
97,2,714,325,24,19,1,1,1
98,2,715,324,24,19,1,1,1
99,2,717,324,24,19,1,1,1
100,2,717,324,24,19,1,1,1
101,2,718,323,24,19,1,1,1
102,2,719,322,24,19,1,1,1
103,2,720,321,24,19,1,1,1
104,2,722,320,24,19,1,1,1
105,2,722,320,24,19,1,1,1
106,2,723,319,23,19,1,1,1
107,2,724,318,23,19,1,1,1
108,2,726,317,23,19,1,1,1
109,2,727,316,23,18,1,1,1
110,2,727,316,23,18,1,1,1
111,2,728,315,22,18,1,1,1
112,2,729,314,22,18,1,1,1
113,2,731,313,22,18,1,1,1
114,2,732,312,22,18,1,1,1
115,2,732,312,22,18,1,1,1
116,2,733,311,22,18,1,1,1
1,3,208,285,20,15,1,1,1
2,3,209,285,20,15,1,1,1
3,3,210,285,20,15,1,1,1
4,3,211,286,20,15,1,1,1
5,3,211,286,20,15,1,1,1
6,3,211,286,20,15,1,1,1
7,3,212,286,20,15,1,1,1
8,3,213,287,20,15,1,1,1
9,3,214,287,20,15,1,1,1
10,3,214,287,20,15,1,1,1
11,3,214,288,20,15,1,1,1
12,3,215,288,20,15,1,1,1
13,3,216,288,20,15,1,1,1
14,3,216,289,20,15,1,1,1
15,3,216,289,20,15,1,1,1
16,3,217,289,20,15,1,1,1
17,3,217,289,20,15,1,1,1
18,3,218,290,20,15,1,1,1
19,3,218,290,20,15,1,1,1
20,3,218,290,20,15,1,1,1
21,3,219,291,20,15,1,1,1
22,3,219,291,20,15,1,1,1
23,3,220,291,20,15,1,1,1
24,3,217,289,19,14,1,1,1
25,3,217,289,19,14,1,1,1
26,3,214,289,26,17,1,1,1
27,3,214,288,27,17,1,1,1
28,3,215,289,26,19,1,1,1
29,3,216,290,26,19,1,1,1
30,3,216,290,26,19,1,1,1
31,3,212,290,27,20,1,1,1
32,3,217,291,27,20,1,1,1
33,3,217,291,27,20,1,1,1
34,3,218,292,27,20,1,1,1
35,3,218,292,27,20,1,1,1
36,3,218,292,27,20,1,1,1
37,3,219,292,27,20,1,1,1
38,3,219,292,27,20,1,1,1
39,3,220,293,27,20,1,1,1
40,3,220,293,27,20,1,1,1
41,3,220,293,27,20,1,1,1
42,3,221,293,27,20,1,1,1
43,3,221,293,27,20,1,1,1
44,3,222,294,27,20,1,1,1
45,3,222,294,27,20,1,1,1
46,3,222,294,27,20,1,1,1
47,3,222,294,27,20,1,1,1
48,3,222,294,27,20,1,1,1
49,3,222,294,27,20,1,1,1
50,3,222,294,27,20,1,1,1
51,3,222,294,27,20,1,1,1
52,3,222,294,27,20,1,1,1
53,3,222,294,27,20,1,1,1
54,3,222,294,27,20,1,1,1
55,3,222,294,27,20,1,1,1
56,3,229,293,27,20,1,1,1
57,3,230,293,27,20,1,1,1
58,3,230,293,27,20,1,1,1
59,3,231,294,27,20,1,1,1
60,3,231,293,27,20,1,1,1
61,3,231,294,27,20,1,1,1
62,3,232,294,27,20,1,1,1
63,3,232,294,27,20,1,1,1
64,3,233,294,27,20,1,1,1
65,3,233,294,27,20,1,1,1
66,3,233,294,27,20,1,1,1
67,3,234,294,27,20,1,1,1
68,3,234,294,27,20,1,1,1
69,3,235,295,27,20,1,1,1
70,3,235,294,27,20,1,1,1
71,3,235,295,26,19,1,1,1
72,3,236,295,26,20,1,1,1
73,3,236,295,27,20,1,1,1
74,3,237,295,26,19,1,1,1
75,3,237,295,26,19,1,1,1
76,3,238,295,26,19,1,1,1
77,3,238,295,26,19,1,1,1
78,3,239,295,26,19,1,1,1
79,3,239,295,26,19,1,1,1
80,3,239,295,26,19,1,1,1
81,3,240,295,26,19,1,1,1
82,3,241,295,26,19,1,1,1
83,3,241,295,26,19,1,1,1
84,3,242,295,25,19,1,1,1
85,3,242,295,25,19,1,1,1
86,3,243,296,25,18,1,1,1
87,3,243,295,25,19,1,1,1
88,3,243,296,25,18,1,1,1
89,3,244,295,25,18,1,1,1
90,3,244,296,25,18,1,1,1
91,3,245,295,25,19,1,1,1
92,3,246,295,25,18,1,1,1
93,3,246,296,25,18,1,1,1
94,3,247,295,25,19,1,1,1
95,3,247,295,25,19,1,1,1
96,3,247,295,25,18,1,1,1
97,3,248,295,26,21,1,1,1
98,3,249,295,26,21,1,1,1
99,3,249,295,26,21,1,1,1
100,3,249,295,26,21,1,1,1
101,3,250,295,26,21,1,1,1
102,3,251,295,26,21,1,1,1
103,3,252,295,26,21,1,1,1
104,3,253,295,26,21,1,1,1
105,3,253,295,26,21,1,1,1
106,3,253,295,26,21,1,1,1
107,3,254,295,26,21,1,1,1
108,3,255,294,26,21,1,1,1
109,3,256,294,26,21,1,1,1
110,3,256,294,27,21,1,1,1
111,3,257,294,26,21,1,1,1
112,3,258,294,26,21,1,1,1
113,3,259,294,26,21,1,1,1
114,3,260,294,26,21,1,1,1
115,3,260,294,26,21,1,1,1
116,3,261,294,27,22,1,1,1
1,4,207,219,15,13,1,1,1
2,4,206,219,15,13,1,1,1
3,4,205,219,15,13,1,1,1
4,4,205,219,15,13,1,1,1
5,4,205,219,15,13,1,1,1
6,4,204,219,15,13,1,1,1
7,4,204,219,15,13,1,1,1
8,4,203,220,15,13,1,1,1
9,4,203,220,15,13,1,1,1
10,4,203,220,15,13,1,1,1
11,4,202,220,15,13,1,1,1
12,4,201,220,15,13,1,1,1
13,4,201,220,15,13,1,1,1
14,4,200,220,15,13,1,1,1
15,4,200,220,15,13,1,1,1
16,4,199,221,15,13,1,1,1
17,4,199,221,14,12,1,1,1
18,4,198,221,14,12,1,1,1
19,4,197,221,14,12,1,1,1
20,4,197,221,14,12,1,1,1
21,4,196,221,14,12,1,1,1
22,4,195,221,14,12,1,1,1
23,4,192,222,14,12,1,1,1
24,4,189,223,13,11,1,1,1
25,4,189,223,13,11,1,1,1
26,4,184,221,25,17,1,1,1
27,4,180,221,25,17,1,1,1
28,4,181,220,25,17,1,1,1
29,4,180,219,25,17,1,1,1
30,4,180,219,25,17,1,1,1
31,4,179,219,25,18,1,1,1
32,4,178,218,25,18,1,1,1
33,4,179,218,25,18,1,1,1
34,4,178,218,25,18,1,1,1
35,4,178,218,25,18,1,1,1
36,4,177,218,25,18,1,1,1
37,4,167,219,25,18,1,1,1
38,4,174,219,24,17,1,1,1
39,4,173,219,24,17,1,1,1
40,4,173,219,24,17,1,1,1
41,4,172,219,24,17,1,1,1
42,4,170,218,25,18,1,1,1
43,4,170,219,24,17,1,1,1
44,4,169,219,24,17,1,1,1
45,4,169,219,24,17,1,1,1
46,4,168,219,24,17,1,1,1
47,4,166,219,25,18,1,1,1
48,4,165,219,24,17,1,1,1
49,4,164,219,24,17,1,1,1
50,4,164,219,24,17,1,1,1
51,4,162,219,26,18,1,1,1
52,4,162,219,25,18,1,1,1
53,4,162,219,24,17,1,1,1
54,4,161,220,24,17,1,1,1
55,4,161,220,24,17,1,1,1
56,4,161,220,22,16,1,1,1
57,4,160,220,22,15,1,1,1
58,4,160,221,21,15,1,1,1
59,4,160,221,20,14,1,1,1
60,4,160,221,20,14,1,1,1
61,4,158,221,20,14,1,1,1
62,4,158,221,19,14,1,1,1
63,4,156,221,20,14,1,1,1
64,4,155,221,20,14,1,1,1
65,4,155,221,20,14,1,1,1
66,4,154,221,20,14,1,1,1
67,4,152,221,20,14,1,1,1
68,4,151,222,19,14,1,1,1
69,4,150,222,19,14,1,1,1
70,4,150,222,19,14,1,1,1
71,4,149,222,19,14,1,1,1
72,4,148,222,19,13,1,1,1
73,4,147,222,19,14,1,1,1
74,4,145,222,19,14,1,1,1
75,4,145,222,19,14,1,1,1
76,4,145,222,18,13,1,1,1
77,4,144,222,18,13,1,1,1
78,4,142,222,18,13,1,1,1
79,4,141,223,18,13,1,1,1
80,4,141,223,18,13,1,1,1
81,4,140,223,18,13,1,1,1
82,4,139,222,18,13,1,1,1
83,4,137,222,18,13,1,1,1
84,4,136,223,18,13,1,1,1
85,4,136,223,18,13,1,1,1
86,4,135,224,17,12,1,1,1
87,4,134,224,16,12,1,1,1
88,4,133,224,16,12,1,1,1
89,4,131,224,16,12,1,1,1
90,4,131,224,16,12,1,1,1
91,4,130,224,16,12,1,1,1
92,4,129,224,16,11,1,1,1
93,4,128,225,16,11,1,1,1
94,4,127,225,15,11,1,1,1
95,4,127,225,15,11,1,1,1
96,4,126,225,15,11,1,1,1
97,4,124,225,15,11,1,1,1
98,4,123,225,15,11,1,1,1
99,4,122,225,15,11,1,1,1
100,4,122,225,15,11,1,1,1
101,4,121,226,15,10,1,1,1
102,4,119,226,14,10,1,1,1
103,4,118,226,15,10,1,1,1
104,4,117,226,14,10,1,1,1
105,4,117,226,14,10,1,1,1
106,4,116,227,14,10,1,1,1
107,4,114,227,14,10,1,1,1
108,4,113,227,14,10,1,1,1
109,4,111,227,14,10,1,1,1
110,4,111,227,14,10,1,1,1
111,4,111,227,14,10,1,1,1
112,4,109,227,14,10,1,1,1
113,4,107,227,16,11,1,1,1
114,4,106,227,16,11,1,1,1
115,4,106,227,16,11,1,1,1
116,4,105,227,16,11,1,1,1
1,5,419,301,19,17,1,1,1
2,5,420,301,19,17,1,1,1
3,5,421,301,19,17,1,1,1
4,5,422,301,19,17,1,1,1
5,5,422,301,19,17,1,1,1
6,5,423,301,19,17,1,1,1
7,5,424,301,18,16,1,1,1
8,5,425,301,18,16,1,1,1
9,5,426,301,18,16,1,1,1
10,5,426,301,18,16,1,1,1
11,5,427,301,18,16,1,1,1
12,5,429,301,17,15,1,1,1
13,5,430,301,17,15,1,1,1
14,5,430,301,17,16,1,1,1
15,5,430,301,17,16,1,1,1
16,5,431,301,17,16,1,1,1
17,5,432,301,17,15,1,1,1
18,5,432,300,17,15,1,1,1
19,5,433,300,17,15,1,1,1
20,5,433,300,17,15,1,1,1
21,5,433,300,17,15,1,1,1
22,5,434,300,17,15,1,1,1
23,5,435,299,17,15,1,1,1
24,5,435,299,17,15,1,1,1
25,5,435,299,17,15,1,1,1
26,5,436,299,17,15,1,1,1
27,5,436,298,21,17,1,1,1
28,5,437,298,21,17,1,1,1
29,5,437,298,21,17,1,1,1
30,5,437,298,21,17,1,1,1
31,5,438,297,21,17,1,1,1
32,5,438,297,21,17,1,1,1
33,5,439,297,21,17,1,1,1
34,5,440,297,21,17,1,1,1
35,5,440,297,21,17,1,1,1
36,5,440,297,21,17,1,1,1
37,5,441,296,21,17,1,1,1
38,5,441,296,21,17,1,1,1
39,5,442,296,21,17,1,1,1
40,5,442,296,21,17,1,1,1
41,5,442,296,21,17,1,1,1
42,5,443,295,21,17,1,1,1
43,5,443,295,21,17,1,1,1
44,5,444,295,21,17,1,1,1
45,5,444,295,21,17,1,1,1
46,5,445,295,21,17,1,1,1
47,5,445,294,20,16,1,1,1
48,5,446,294,19,16,1,1,1
49,5,446,294,20,16,1,1,1
50,5,446,294,20,16,1,1,1
51,5,447,293,19,16,1,1,1
52,5,447,293,19,15,1,1,1
53,5,448,293,19,15,1,1,1
54,5,448,292,18,15,1,1,1
55,5,448,292,18,15,1,1,1
56,5,449,292,18,15,1,1,1
57,5,449,292,18,15,1,1,1
58,5,449,292,18,15,1,1,1
59,5,450,291,18,15,1,1,1
60,5,450,291,18,15,1,1,1
61,5,450,291,18,14,1,1,1
62,5,451,291,18,14,1,1,1
63,5,451,290,17,14,1,1,1
64,5,452,290,17,14,1,1,1
65,5,452,290,17,14,1,1,1
66,5,452,290,17,13,1,1,1
67,5,452,289,17,14,1,1,1
68,5,452,289,17,13,1,1,1
69,5,453,289,17,13,1,1,1
70,5,453,289,17,13,1,1,1
71,5,453,288,17,14,1,1,1
72,5,453,288,17,14,1,1,1
73,5,453,287,17,14,1,1,1
74,5,453,287,17,14,1,1,1
75,5,453,287,17,14,1,1,1
76,5,454,286,17,14,1,1,1
77,5,454,286,17,14,1,1,1
78,5,454,285,18,14,1,1,1
79,5,454,284,18,14,1,1,1
80,5,454,284,18,14,1,1,1
81,5,452,283,24,20,1,1,1
82,5,452,282,24,20,1,1,1
83,5,452,282,24,20,1,1,1
84,5,452,282,24,20,1,1,1
85,5,452,282,24,20,1,1,1
86,5,453,281,25,20,1,1,1
87,5,452,281,25,21,1,1,1
88,5,453,280,25,20,1,1,1
89,5,453,280,25,21,1,1,1
90,5,453,280,25,21,1,1,1
91,5,453,279,24,20,1,1,1
92,5,453,279,24,20,1,1,1
93,5,453,279,24,20,1,1,1
94,5,454,278,24,20,1,1,1
95,5,454,278,24,20,1,1,1
96,5,454,278,24,20,1,1,1
97,5,454,277,24,20,1,1,1
98,5,454,277,24,20,1,1,1
99,5,454,277,24,20,1,1,1
100,5,454,277,24,20,1,1,1
101,5,455,276,23,19,1,1,1
102,5,455,276,23,19,1,1,1
103,5,455,276,24,20,1,1,1
104,5,455,275,24,20,1,1,1
105,5,455,275,24,20,1,1,1
106,5,454,275,24,20,1,1,1
107,5,455,274,24,20,1,1,1
108,5,454,274,24,20,1,1,1
109,5,455,273,24,20,1,1,1
110,5,455,273,24,20,1,1,1
111,5,455,273,24,20,1,1,1
112,5,455,272,24,20,1,1,1
113,5,456,272,23,20,1,1,1
114,5,455,271,24,20,1,1,1
115,5,455,271,24,20,1,1,1
116,5,456,271,24,20,1,1,1
1,6,380,258,14,14,1,1,1
2,6,380,258,14,14,1,1,1
3,6,380,258,14,14,1,1,1
4,6,379,258,14,14,1,1,1
5,6,379,258,14,14,1,1,1
6,6,379,258,14,14,1,1,1
7,6,379,258,14,14,1,1,1
8,6,378,258,14,14,1,1,1
9,6,377,258,14,14,1,1,1
10,6,377,258,14,14,1,1,1
11,6,377,259,14,14,1,1,1
12,6,377,259,14,14,1,1,1
13,6,376,259,14,14,1,1,1
14,6,375,259,14,14,1,1,1
15,6,375,259,14,14,1,1,1
16,6,375,259,14,14,1,1,1
17,6,371,258,18,17,1,1,1
18,6,370,258,18,17,1,1,1
19,6,369,258,18,17,1,1,1
20,6,369,258,18,17,1,1,1
21,6,369,258,18,17,1,1,1
22,6,367,258,18,17,1,1,1
23,6,367,258,18,17,1,1,1
24,6,366,258,18,17,1,1,1
25,6,366,258,18,17,1,1,1
26,6,365,259,18,17,1,1,1
27,6,364,259,18,17,1,1,1
28,6,364,259,18,17,1,1,1
29,6,363,259,18,17,1,1,1
30,6,363,259,18,17,1,1,1
31,6,362,259,17,16,1,1,1
32,6,361,259,17,16,1,1,1
33,6,360,259,18,17,1,1,1
34,6,360,259,18,17,1,1,1
35,6,360,259,18,17,1,1,1
36,6,358,259,17,16,1,1,1
37,6,358,259,17,16,1,1,1
38,6,359,259,17,16,1,1,1
39,6,358,259,17,16,1,1,1
40,6,358,259,17,16,1,1,1
41,6,357,259,17,16,1,1,1
42,6,357,260,16,15,1,1,1
43,6,356,259,16,15,1,1,1
44,6,355,260,17,16,1,1,1
45,6,355,260,17,16,1,1,1
46,6,354,260,16,15,1,1,1
47,6,353,260,16,15,1,1,1
48,6,352,260,16,15,1,1,1
49,6,351,260,16,15,1,1,1
50,6,351,260,16,15,1,1,1
51,6,351,260,16,15,1,1,1
52,6,350,260,16,15,1,1,1
53,6,349,260,15,15,1,1,1
54,6,348,260,16,15,1,1,1
55,6,348,260,16,15,1,1,1
56,6,347,260,15,15,1,1,1
57,6,346,260,16,15,1,1,1
58,6,345,260,16,15,1,1,1
59,6,344,260,16,15,1,1,1
60,6,344,260,16,15,1,1,1
61,6,343,261,15,14,1,1,1
62,6,342,261,15,14,1,1,1
63,6,341,261,15,14,1,1,1
64,6,340,261,15,14,1,1,1
65,6,340,261,15,14,1,1,1
66,6,339,261,15,14,1,1,1
67,6,338,258,18,17,1,1,1
68,6,337,259,17,16,1,1,1
69,6,336,259,17,16,1,1,1
70,6,336,259,17,16,1,1,1
71,6,335,259,17,16,1,1,1
72,6,335,260,16,15,1,1,1
73,6,333,260,16,15,1,1,1
74,6,332,260,16,15,1,1,1
75,6,332,260,16,15,1,1,1
76,6,332,260,16,15,1,1,1
77,6,331,260,16,15,1,1,1
78,6,330,260,16,15,1,1,1
79,6,329,260,15,15,1,1,1
80,6,329,260,16,15,1,1,1
81,6,327,260,15,14,1,1,1
82,6,326,261,15,14,1,1,1
83,6,325,261,15,14,1,1,1
84,6,324,260,14,13,1,1,1
85,6,324,260,14,13,1,1,1
86,6,323,261,14,13,1,1,1
87,6,321,260,14,14,1,1,1
88,6,320,261,14,13,1,1,1
89,6,319,261,14,13,1,1,1
90,6,319,261,14,13,1,1,1
91,6,318,260,15,14,1,1,1
92,6,317,260,15,14,1,1,1
93,6,317,260,15,14,1,1,1
94,6,314,260,15,14,1,1,1
95,6,314,260,15,14,1,1,1
96,6,313,261,14,14,1,1,1
97,6,312,261,14,13,1,1,1
98,6,311,261,14,13,1,1,1
99,6,310,260,15,14,1,1,1
100,6,310,260,15,14,1,1,1
101,6,309,260,15,14,1,1,1
102,6,308,260,15,14,1,1,1
103,6,307,260,15,14,1,1,1
104,6,306,260,15,14,1,1,1
105,6,306,260,15,14,1,1,1
106,6,305,260,15,14,1,1,1
107,6,305,260,15,14,1,1,1
108,6,299,259,21,17,1,1,1
109,6,298,259,21,17,1,1,1
110,6,298,259,21,17,1,1,1
111,6,297,259,21,17,1,1,1
112,6,295,259,21,17,1,1,1
113,6,294,259,21,17,1,1,1
114,6,293,259,21,17,1,1,1
115,6,293,259,21,17,1,1,1
116,6,292,259,22,18,1,1,1
1,7,550,224,21,16,1,1,1
2,7,549,224,21,16,1,1,1
3,7,549,223,21,16,1,1,1
4,7,548,223,21,16,1,1,1
5,7,548,223,21,16,1,1,1
6,7,547,223,21,16,1,1,1
7,7,547,222,22,16,1,1,1
8,7,546,222,21,16,1,1,1
9,7,546,220,21,17,1,1,1
10,7,546,220,21,17,1,1,1
11,7,545,220,21,17,1,1,1
12,7,544,220,21,17,1,1,1
13,7,543,219,21,17,1,1,1
14,7,543,219,21,17,1,1,1
15,7,542,219,22,18,1,1,1
16,7,541,219,21,17,1,1,1
17,7,541,219,21,17,1,1,1
18,7,541,219,21,17,1,1,1
19,7,540,218,22,18,1,1,1
20,7,540,218,21,17,1,1,1
21,7,539,218,21,17,1,1,1
22,7,538,218,20,16,1,1,1
23,7,537,218,20,16,1,1,1
24,7,536,217,20,16,1,1,1
25,7,536,217,20,16,1,1,1
26,7,535,217,21,17,1,1,1
27,7,534,216,21,17,1,1,1
28,7,534,216,21,17,1,1,1
29,7,522,217,20,16,1,1,1
30,7,522,217,20,16,1,1,1
31,7,527,212,25,19,1,1,1
32,7,526,212,24,18,1,1,1
33,7,523,214,25,19,1,1,1
34,7,523,211,27,21,1,1,1
35,7,523,211,27,21,1,1,1
36,7,521,211,26,20,1,1,1
37,7,522,212,25,20,1,1,1
38,7,520,213,26,21,1,1,1
39,7,519,210,25,20,1,1,1
40,7,519,210,25,20,1,1,1
41,7,516,209,27,22,1,1,1
42,7,512,209,27,22,1,1,1
43,7,507,209,28,22,1,1,1
44,7,512,207,29,23,1,1,1
45,7,512,207,29,23,1,1,1
46,7,508,207,29,23,1,1,1
47,7,510,208,29,23,1,1,1
48,7,506,208,29,23,1,1,1
49,7,506,206,32,25,1,1,1
50,7,506,206,32,25,1,1,1
51,7,504,206,33,26,1,1,1
52,7,501,205,32,25,1,1,1
53,7,506,205,31,24,1,1,1
54,7,501,205,32,25,1,1,1
55,7,501,205,32,25,1,1,1
56,7,497,204,32,25,1,1,1
57,7,498,205,33,25,1,1,1
58,7,496,205,32,24,1,1,1
59,7,496,203,34,26,1,1,1
60,7,496,203,34,26,1,1,1
61,7,492,203,34,26,1,1,1
62,7,495,201,34,26,1,1,1
63,7,491,201,34,26,1,1,1
64,7,494,203,27,24,1,1,1
65,7,494,203,27,24,1,1,1
66,7,490,203,27,24,1,1,1
67,7,487,203,27,24,1,1,1
68,7,491,201,27,24,1,1,1
69,7,488,201,26,23,1,1,1
70,7,488,201,26,23,1,1,1
71,7,484,201,26,23,1,1,1
72,7,484,201,27,24,1,1,1
73,7,480,201,27,24,1,1,1
74,7,476,201,27,24,1,1,1
75,7,476,201,27,24,1,1,1
76,7,481,199,27,24,1,1,1
77,7,478,198,29,26,1,1,1
78,7,477,199,28,25,1,1,1
79,7,477,199,27,24,1,1,1
80,7,477,199,27,24,1,1,1
81,7,480,200,26,23,1,1,1
82,7,479,200,26,23,1,1,1
83,7,478,201,24,21,1,1,1
84,7,475,200,26,23,1,1,1
85,7,475,200,26,23,1,1,1
86,7,472,200,25,22,1,1,1
87,7,468,200,25,22,1,1,1
88,7,468,199,26,23,1,1,1
89,7,470,200,22,20,1,1,1
90,7,470,200,22,20,1,1,1
91,7,469,200,22,20,1,1,1
92,7,467,200,22,20,1,1,1
93,7,465,200,21,19,1,1,1
94,7,464,200,20,18,1,1,1
95,7,464,200,20,18,1,1,1
96,7,463,200,20,18,1,1,1
97,7,463,201,21,19,1,1,1
98,7,458,200,22,20,1,1,1
99,7,455,200,21,19,1,1,1
100,7,455,200,21,19,1,1,1
101,7,451,200,21,19,1,1,1
102,7,446,200,21,19,1,1,1
103,7,443,200,22,19,1,1,1
104,7,439,200,22,20,1,1,1
105,7,439,200,22,20,1,1,1
106,7,434,200,22,20,1,1,1
107,7,449,198,21,19,1,1,1
108,7,447,198,21,19,1,1,1
109,7,441,197,22,20,1,1,1
110,7,442,197,22,20,1,1,1
111,7,438,197,22,20,1,1,1
112,7,434,197,22,20,1,1,1
113,7,431,197,22,20,1,1,1
114,7,427,197,22,20,1,1,1
115,7,440,196,22,20,1,1,1
116,7,439,196,21,19,1,1,1
1,8,672,168,22,17,1,1,1
2,8,672,167,22,17,1,1,1
3,8,672,165,22,17,1,1,1
4,8,668,165,22,17,1,1,1
5,8,668,165,22,17,1,1,1
6,8,671,163,26,22,1,1,1
7,8,672,162,26,22,1,1,1
8,8,671,160,26,22,1,1,1
9,8,672,159,26,22,1,1,1
10,8,672,159,26,22,1,1,1
11,8,671,158,27,23,1,1,1
12,8,672,160,24,20,1,1,1
13,8,672,159,25,21,1,1,1
14,8,670,159,27,22,1,1,1
15,8,670,159,27,22,1,1,1
16,8,669,158,27,22,1,1,1
17,8,669,159,27,22,1,1,1
18,8,666,159,26,22,1,1,1
19,8,666,155,27,23,1,1,1
20,8,666,155,27,23,1,1,1
21,8,662,155,27,23,1,1,1
22,8,669,154,26,23,1,1,1
23,8,668,154,26,23,1,1,1
24,8,668,153,27,24,1,1,1
25,8,668,153,27,24,1,1,1
26,8,667,153,25,22,1,1,1
27,8,666,152,26,23,1,1,1
28,8,666,152,24,21,1,1,1
29,8,666,151,26,23,1,1,1
30,8,666,151,26,23,1,1,1
31,8,665,151,26,23,1,1,1
32,8,665,150,26,23,1,1,1
33,8,662,149,28,24,1,1,1
34,8,662,148,29,25,1,1,1
35,8,662,148,29,25,1,1,1
36,8,658,148,29,25,1,1,1
37,8,662,147,29,25,1,1,1
38,8,661,147,28,24,1,1,1
39,8,661,146,28,24,1,1,1
40,8,661,147,28,24,1,1,1
41,8,661,145,30,26,1,1,1
42,8,660,145,30,26,1,1,1
43,8,656,145,31,27,1,1,1
44,8,652,143,32,28,1,1,1
45,8,652,143,32,28,1,1,1
46,8,658,142,31,27,1,1,1
47,8,655,142,31,27,1,1,1
48,8,656,140,33,29,1,1,1
49,8,657,141,30,26,1,1,1
50,8,656,140,31,27,1,1,1
51,8,653,140,31,27,1,1,1
52,8,650,140,31,27,1,1,1
53,8,654,137,31,27,1,1,1
54,8,652,137,31,27,1,1,1
55,8,652,137,31,27,1,1,1
56,8,648,136,32,28,1,1,1
57,8,652,136,30,26,1,1,1
58,8,653,134,30,27,1,1,1
59,8,651,133,32,29,1,1,1
60,8,651,133,32,29,1,1,1
61,8,646,134,30,27,1,1,1
62,8,643,134,29,26,1,1,1
63,8,646,132,29,26,1,1,1
64,8,646,132,28,25,1,1,1
65,8,646,132,28,25,1,1,1
66,8,645,132,28,25,1,1,1
67,8,647,130,27,24,1,1,1
68,8,647,131,25,23,1,1,1
69,8,642,130,26,23,1,1,1
70,8,642,130,26,23,1,1,1
71,8,643,131,25,22,1,1,1
72,8,644,130,25,22,1,1,1
73,8,643,129,26,23,1,1,1
74,8,642,129,25,22,1,1,1
75,8,642,129,25,22,1,1,1
76,8,640,130,24,21,1,1,1
77,8,642,129,24,21,1,1,1
78,8,641,129,24,21,1,1,1
79,8,641,128,24,21,1,1,1
80,8,641,128,24,21,1,1,1
81,8,638,128,25,22,1,1,1
82,8,635,128,25,22,1,1,1
83,8,634,128,25,22,1,1,1
84,8,631,127,27,24,1,1,1
85,8,633,124,28,24,1,1,1
86,8,632,123,29,25,1,1,1
87,8,631,123,28,24,1,1,1
88,8,630,123,28,24,1,1,1
89,8,628,122,29,24,1,1,1
90,8,628,122,29,24,1,1,1
91,8,631,119,29,24,1,1,1
92,8,627,119,29,24,1,1,1
93,8,629,119,28,23,1,1,1
94,8,627,118,29,24,1,1,1
95,8,627,118,29,24,1,1,1
96,8,625,118,29,24,1,1,1
97,8,623,118,29,24,1,1,1
98,8,624,121,25,20,1,1,1
99,8,621,120,26,22,1,1,1
100,8,621,120,26,22,1,1,1
101,8,615,118,30,25,1,1,1
102,8,612,120,27,22,1,1,1
103,8,609,120,26,22,1,1,1
104,8,616,116,27,22,1,1,1
105,8,616,116,27,22,1,1,1
106,8,611,116,27,22,1,1,1
107,8,606,116,26,21,1,1,1
108,8,611,110,27,22,1,1,1
109,8,611,109,27,22,1,1,1
110,8,611,109,27,22,1,1,1
111,8,608,109,27,22,1,1,1
112,8,604,109,27,22,1,1,1
113,8,601,109,26,21,1,1,1
114,8,598,109,26,21,1,1,1
115,8,605,108,26,21,1,1,1
116,8,601,108,26,21,1,1,1
1,9,710,201,14,13,1,1,1
2,9,709,201,14,13,1,1,1
3,9,708,201,14,13,1,1,1
4,9,706,200,14,13,1,1,1
5,9,706,200,14,13,1,1,1
6,9,705,200,14,13,1,1,1
7,9,701,195,18,18,1,1,1
8,9,700,195,17,17,1,1,1
9,9,693,194,18,18,1,1,1
10,9,698,193,18,18,1,1,1
11,9,696,193,18,18,1,1,1
12,9,695,194,18,18,1,1,1
13,9,693,194,17,17,1,1,1
14,9,694,193,18,18,1,1,1
15,9,694,193,18,18,1,1,1
16,9,692,192,19,19,1,1,1
17,9,690,192,19,19,1,1,1
18,9,686,191,24,19,1,1,1
19,9,682,191,24,19,1,1,1
20,9,682,191,24,19,1,1,1
21,9,679,191,22,18,1,1,1
22,9,673,189,25,20,1,1,1
23,9,677,188,25,20,1,1,1
24,9,675,188,25,20,1,1,1
25,9,675,188,25,20,1,1,1
26,9,672,186,28,22,1,1,1
27,9,669,185,28,22,1,1,1
28,9,667,185,28,22,1,1,1
29,9,667,185,27,21,1,1,1
30,9,667,185,27,21,1,1,1
31,9,667,184,27,21,1,1,1
32,9,665,184,26,20,1,1,1
33,9,663,184,25,19,1,1,1
34,9,659,183,27,21,1,1,1
35,9,659,183,27,21,1,1,1
36,9,656,182,28,22,1,1,1
37,9,655,183,26,20,1,1,1
38,9,654,182,25,20,1,1,1
39,9,655,181,25,20,1,1,1
40,9,655,181,25,20,1,1,1
41,9,654,181,24,19,1,1,1
42,9,652,181,24,19,1,1,1
43,9,650,181,24,19,1,1,1
44,9,646,180,24,19,1,1,1
45,9,646,180,24,19,1,1,1
46,9,644,180,23,19,1,1,1
47,9,642,177,25,20,1,1,1
48,9,640,177,25,20,1,1,1
49,9,640,177,22,18,1,1,1
50,9,640,177,22,18,1,1,1
51,9,638,177,22,18,1,1,1
52,9,635,176,23,19,1,1,1
53,9,634,177,21,17,1,1,1
54,9,630,178,27,18,1,1,1
55,9,630,178,27,18,1,1,1
56,9,628,178,26,17,1,1,1
57,9,628,176,25,17,1,1,1
58,9,624,176,25,17,1,1,1
59,9,624,175,25,17,1,1,1
60,9,624,175,25,17,1,1,1
61,9,621,175,23,16,1,1,1
62,9,618,175,23,16,1,1,1
63,9,617,175,22,15,1,1,1
64,9,616,174,26,17,1,1,1
65,9,616,174,26,17,1,1,1
66,9,614,174,26,17,1,1,1
67,9,608,174,26,17,1,1,1
68,9,609,171,26,17,1,1,1
69,9,605,171,25,17,1,1,1
70,9,605,171,26,17,1,1,1
71,9,602,171,25,17,1,1,1
72,9,602,171,26,17,1,1,1
73,9,600,171,26,17,1,1,1
74,9,598,171,25,16,1,1,1
75,9,598,171,25,16,1,1,1
76,9,591,170,26,17,1,1,1
77,9,594,169,26,17,1,1,1
78,9,591,168,27,18,1,1,1
79,9,588,168,26,17,1,1,1
80,9,588,168,26,17,1,1,1
81,9,584,168,26,17,1,1,1
82,9,580,167,27,18,1,1,1
83,9,584,167,26,17,1,1,1
84,9,581,167,26,17,1,1,1
85,9,581,167,26,17,1,1,1
86,9,580,167,25,16,1,1,1
87,9,578,166,24,16,1,1,1
88,9,575,165,25,16,1,1,1
89,9,573,165,25,16,1,1,1
90,9,573,165,24,15,1,1,1
91,9,571,165,24,15,1,1,1
92,9,570,162,24,18,1,1,1
93,9,567,162,24,18,1,1,1
94,9,563,161,25,19,1,1,1
95,9,563,161,25,19,1,1,1
96,9,564,162,22,17,1,1,1
97,9,562,162,24,18,1,1,1
98,9,559,162,23,18,1,1,1
99,9,557,162,24,18,1,1,1
100,9,557,162,24,18,1,1,1
101,9,554,162,23,18,1,1,1
102,9,549,162,24,18,1,1,1
103,9,545,162,23,17,1,1,1
104,9,548,160,23,17,1,1,1
105,9,548,160,23,17,1,1,1
106,9,543,160,23,17,1,1,1
107,9,544,159,23,18,1,1,1
108,9,544,158,23,18,1,1,1
109,9,541,158,23,18,1,1,1
110,9,541,158,23,18,1,1,1
111,9,536,157,23,18,1,1,1
112,9,532,157,23,18,1,1,1
113,9,529,157,23,18,1,1,1
114,9,524,157,23,18,1,1,1
115,9,532,156,23,18,1,1,1
116,9,530,156,22,17,1,1,1
1,10,796,291,16,18,1,1,1
2,10,795,289,17,19,1,1,1
3,10,795,288,17,19,1,1,1
4,10,794,288,17,19,1,1,1
5,10,794,288,17,19,1,1,1
6,10,794,287,17,19,1,1,1
7,10,793,286,17,19,1,1,1
8,10,792,285,18,20,1,1,1
9,10,793,282,19,21,1,1,1
10,10,793,282,19,21,1,1,1
11,10,793,282,18,20,1,1,1
12,10,791,281,19,21,1,1,1
13,10,791,280,19,21,1,1,1
14,10,790,279,19,21,1,1,1
15,10,790,279,19,21,1,1,1
16,10,789,279,18,20,1,1,1
17,10,788,278,19,21,1,1,1
18,10,787,277,19,21,1,1,1
19,10,786,276,19,21,1,1,1
20,10,786,276,19,21,1,1,1
21,10,785,275,19,21,1,1,1
22,10,783,274,19,21,1,1,1
23,10,782,273,19,21,1,1,1
24,10,781,273,18,20,1,1,1
25,10,781,273,18,20,1,1,1
26,10,779,272,18,20,1,1,1
27,10,778,271,18,20,1,1,1
28,10,776,270,18,20,1,1,1
29,10,775,269,18,20,1,1,1
30,10,775,269,18,20,1,1,1
31,10,773,268,18,20,1,1,1
32,10,772,268,18,19,1,1,1
33,10,770,267,17,19,1,1,1
34,10,769,267,17,19,1,1,1
35,10,769,267,17,19,1,1,1
36,10,767,266,17,19,1,1,1
37,10,766,265,17,18,1,1,1
38,10,764,262,20,18,1,1,1
39,10,763,261,20,18,1,1,1
40,10,763,261,20,18,1,1,1
41,10,758,261,20,18,1,1,1
42,10,759,259,20,18,1,1,1
43,10,758,259,20,18,1,1,1
44,10,756,257,20,18,1,1,1
45,10,756,257,20,18,1,1,1
46,10,754,257,20,18,1,1,1
47,10,755,256,20,18,1,1,1
48,10,754,255,20,18,1,1,1
49,10,752,254,20,18,1,1,1
50,10,752,254,20,18,1,1,1
51,10,751,253,21,19,1,1,1
52,10,748,253,21,19,1,1,1
53,10,746,252,22,20,1,1,1
54,10,744,252,22,20,1,1,1
55,10,744,252,22,20,1,1,1
56,10,741,251,23,20,1,1,1
57,10,739,248,23,20,1,1,1
58,10,737,247,23,20,1,1,1
59,10,736,247,23,20,1,1,1
60,10,736,247,23,20,1,1,1
61,10,734,246,23,20,1,1,1
62,10,732,245,23,20,1,1,1
63,10,731,244,23,20,1,1,1
64,10,728,244,23,20,1,1,1
65,10,728,244,23,20,1,1,1
66,10,725,243,24,21,1,1,1
67,10,722,242,24,20,1,1,1
68,10,721,241,24,21,1,1,1
69,10,723,241,23,20,1,1,1
70,10,723,241,23,20,1,1,1
71,10,721,240,24,21,1,1,1
72,10,720,240,23,20,1,1,1
73,10,718,239,23,20,1,1,1
74,10,716,238,22,19,1,1,1
75,10,716,238,22,19,1,1,1
76,10,713,238,23,20,1,1,1
77,10,710,237,23,20,1,1,1
78,10,711,234,23,20,1,1,1
79,10,709,234,22,19,1,1,1
80,10,709,234,22,19,1,1,1
81,10,707,233,23,20,1,1,1
82,10,705,232,23,20,1,1,1
83,10,704,231,23,20,1,1,1
84,10,702,230,23,20,1,1,1
85,10,702,230,23,20,1,1,1
86,10,699,229,24,21,1,1,1
87,10,696,229,25,21,1,1,1
88,10,694,228,25,22,1,1,1
89,10,691,227,26,22,1,1,1
90,10,691,227,26,22,1,1,1
91,10,690,227,26,22,1,1,1
92,10,690,224,26,23,1,1,1
93,10,688,223,26,23,1,1,1
94,10,686,223,26,23,1,1,1
95,10,686,223,26,23,1,1,1
96,10,685,222,26,23,1,1,1
97,10,682,221,27,24,1,1,1
98,10,680,221,27,24,1,1,1
99,10,678,220,28,24,1,1,1
100,10,678,220,28,24,1,1,1
101,10,676,220,28,24,1,1,1
102,10,673,219,29,25,1,1,1
103,10,671,219,29,26,1,1,1
104,10,668,219,29,26,1,1,1
105,10,668,219,29,26,1,1,1
106,10,665,218,30,26,1,1,1
107,10,664,215,29,26,1,1,1
108,10,662,215,29,26,1,1,1
109,10,659,214,30,27,1,1,1
110,10,660,214,30,27,1,1,1
111,10,657,212,32,28,1,1,1
112,10,656,212,30,27,1,1,1
113,10,654,212,29,26,1,1,1
114,10,651,211,30,27,1,1,1
115,10,651,211,30,27,1,1,1
116,10,652,211,26,24,1,1,1
24,11,793,172,15,16,1,1,1
25,11,793,172,15,16,1,1,1
26,11,790,171,15,16,1,1,1
27,11,788,171,15,16,1,1,1
28,11,784,170,15,16,1,1,1
29,11,781,170,15,16,1,1,1
30,11,781,170,15,16,1,1,1
31,11,778,170,15,16,1,1,1
32,11,772,167,22,18,1,1,1
33,11,769,167,22,18,1,1,1
34,11,765,166,24,20,1,1,1
35,11,765,166,24,20,1,1,1
36,11,763,165,24,20,1,1,1
37,11,759,165,23,19,1,1,1
38,11,756,166,22,18,1,1,1
39,11,757,164,22,18,1,1,1
40,11,757,164,22,18,1,1,1
41,11,754,164,22,18,1,1,1
42,11,753,161,24,20,1,1,1
43,11,750,161,24,20,1,1,1
44,11,747,161,24,20,1,1,1
45,11,747,161,24,20,1,1,1
46,11,744,159,26,21,1,1,1
47,11,740,159,25,21,1,1,1
48,11,737,159,26,21,1,1,1
49,11,734,160,24,20,1,1,1
50,11,734,160,24,20,1,1,1
51,11,730,159,25,21,1,1,1
52,11,727,159,25,21,1,1,1
53,11,726,157,25,21,1,1,1
54,11,723,156,26,22,1,1,1
55,11,723,156,26,22,1,1,1
56,11,719,156,26,22,1,1,1
57,11,719,153,27,23,1,1,1
58,11,714,153,27,23,1,1,1
59,11,712,152,29,25,1,1,1
60,11,712,152,29,25,1,1,1
61,11,711,152,26,22,1,1,1
62,11,709,152,26,22,1,1,1
63,11,705,153,24,21,1,1,1
64,11,701,152,25,21,1,1,1
65,11,701,152,25,21,1,1,1
66,11,697,152,25,21,1,1,1
67,11,698,152,25,21,1,1,1
68,11,695,152,25,21,1,1,1
69,11,690,152,25,21,1,1,1
70,11,690,152,25,21,1,1,1
71,11,689,151,26,22,1,1,1
72,11,685,149,29,24,1,1,1
73,11,682,149,29,24,1,1,1
74,11,681,147,28,24,1,1,1
75,11,681,147,28,24,1,1,1
76,11,678,147,28,24,1,1,1
77,11,675,147,28,24,1,1,1
78,11,672,146,29,25,1,1,1
79,11,667,145,29,24,1,1,1
80,11,667,145,29,24,1,1,1
81,11,664,145,29,24,1,1,1
82,11,661,144,31,25,1,1,1
83,11,659,144,29,24,1,1,1
84,11,658,145,28,23,1,1,1
85,11,658,145,28,23,1,1,1
86,11,654,144,28,23,1,1,1
87,11,650,145,26,22,1,1,1
88,11,647,145,27,22,1,1,1
89,11,648,144,28,23,1,1,1
90,11,648,144,28,23,1,1,1
91,11,643,143,28,23,1,1,1
92,11,644,141,27,23,1,1,1
93,11,641,141,27,23,1,1,1
94,11,639,141,25,22,1,1,1
95,11,639,141,26,22,1,1,1
96,11,635,140,28,23,1,1,1
97,11,637,141,25,21,1,1,1
98,11,634,141,24,20,1,1,1
99,11,632,141,25,21,1,1,1
100,11,632,141,25,21,1,1,1
101,11,630,141,24,20,1,1,1
102,11,625,141,24,20,1,1,1
103,11,623,141,24,20,1,1,1
104,11,621,139,24,20,1,1,1
105,11,621,139,24,20,1,1,1
106,11,617,138,25,21,1,1,1
107,11,612,138,25,20,1,1,1
108,11,610,135,27,22,1,1,1
109,11,607,135,27,22,1,1,1
110,11,607,135,27,22,1,1,1
111,11,602,135,27,22,1,1,1
112,11,598,134,27,22,1,1,1
113,11,593,134,26,21,1,1,1
114,11,589,134,26,21,1,1,1
115,11,600,134,26,21,1,1,1
116,11,598,134,24,19,1,1,1
84,12,796,184,16,16,1,1,1
85,12,796,184,16,16,1,1,1
86,12,794,184,16,16,1,1,1
87,12,790,183,16,16,1,1,1
88,12,787,182,17,17,1,1,1
89,12,784,182,17,17,1,1,1
90,12,784,182,17,17,1,1,1
91,12,781,182,17,17,1,1,1
92,12,780,180,16,16,1,1,1
93,12,777,179,16,16,1,1,1
94,12,774,179,16,16,1,1,1
95,12,774,179,16,16,1,1,1
96,12,771,178,16,16,1,1,1
97,12,769,178,16,16,1,1,1
98,12,766,178,16,16,1,1,1
99,12,760,176,19,19,1,1,1
100,12,760,176,19,19,1,1,1
101,12,757,176,19,19,1,1,1
102,12,755,176,19,19,1,1,1
103,12,752,176,18,18,1,1,1
104,12,750,175,18,18,1,1,1
105,12,750,175,18,18,1,1,1
106,12,748,173,17,17,1,1,1
107,12,745,173,17,17,1,1,1
108,12,743,173,17,17,1,1,1
109,12,740,172,17,17,1,1,1
110,12,740,172,17,17,1,1,1
111,12,737,171,18,18,1,1,1
112,12,734,171,18,18,1,1,1
113,12,732,171,17,17,1,1,1
114,12,729,171,18,18,1,1,1
115,12,729,171,18,18,1,1,1
116,12,726,166,18,19,1,1,1
