1,-1,137,381,43,24,1,-1,-1,-1
1,-1,188,390,39,28,1,-1,-1,-1
1,-1,229,377,34,23,1,-1,-1,-1
1,-1,254,410,43,29,1,-1,-1,-1
1,-1,271,431,56,37,1,-1,-1,-1
1,-1,319,383,40,27,1,-1,-1,-1
1,-1,414,464,73,14,1,-1,-1,-1
1,-1,445,399,51,31,1,-1,-1,-1
1,-1,584,413,56,32,1,-1,-1,-1
1,-1,730,438,75,40,1,-1,-1,-1
2,-1,137,381,43,24,1,-1,-1,-1
2,-1,188,390,39,28,1,-1,-1,-1
2,-1,229,377,34,23,1,-1,-1,-1
2,-1,254,410,43,29,1,-1,-1,-1
2,-1,271,431,56,37,1,-1,-1,-1
2,-1,319,383,40,27,1,-1,-1,-1
2,-1,414,464,73,14,1,-1,-1,-1
2,-1,445,399,51,31,1,-1,-1,-1
2,-1,584,413,56,32,1,-1,-1,-1
2,-1,730,438,75,40,1,-1,-1,-1
3,-1,137,381,43,24,1,-1,-1,-1
3,-1,188,390,39,28,1,-1,-1,-1
3,-1,229,377,34,23,1,-1,-1,-1
3,-1,254,410,43,29,1,-1,-1,-1
3,-1,271,431,56,37,1,-1,-1,-1
3,-1,319,383,40,27,1,-1,-1,-1
3,-1,414,464,73,14,1,-1,-1,-1
3,-1,445,399,51,31,1,-1,-1,-1
3,-1,584,413,56,32,1,-1,-1,-1
3,-1,730,438,75,40,1,-1,-1,-1
4,-1,137,381,43,24,1,-1,-1,-1
4,-1,188,390,39,28,1,-1,-1,-1
4,-1,229,377,34,23,1,-1,-1,-1
4,-1,254,410,43,29,1,-1,-1,-1
4,-1,271,431,56,37,1,-1,-1,-1
4,-1,319,383,40,27,1,-1,-1,-1
4,-1,414,464,72,14,1,-1,-1,-1
4,-1,445,399,51,31,1,-1,-1,-1
4,-1,584,413,56,32,1,-1,-1,-1
4,-1,730,438,75,40,1,-1,-1,-1
5,-1,137,381,43,24,1,-1,-1,-1
5,-1,188,390,39,28,1,-1,-1,-1
5,-1,229,377,34,23,1,-1,-1,-1
5,-1,254,410,43,29,1,-1,-1,-1
5,-1,271,431,56,37,1,-1,-1,-1
5,-1,319,383,40,27,1,-1,-1,-1
5,-1,413,464,73,14,1,-1,-1,-1
5,-1,445,399,51,31,1,-1,-1,-1
5,-1,584,413,56,32,1,-1,-1,-1
5,-1,730,438,75,40,1,-1,-1,-1
6,-1,137,381,43,24,1,-1,-1,-1
6,-1,188,390,39,28,1,-1,-1,-1
6,-1,229,377,34,23,1,-1,-1,-1
6,-1,254,410,43,29,1,-1,-1,-1
6,-1,271,431,56,37,1,-1,-1,-1
6,-1,319,383,40,27,1,-1,-1,-1
6,-1,413,463,72,14,1,-1,-1,-1
6,-1,445,399,51,31,1,-1,-1,-1
6,-1,584,413,56,32,1,-1,-1,-1
6,-1,730,438,75,40,1,-1,-1,-1
7,-1,137,381,43,24,1,-1,-1,-1
7,-1,188,390,39,28,1,-1,-1,-1
7,-1,229,377,34,23,1,-1,-1,-1
7,-1,254,410,43,29,1,-1,-1,-1
7,-1,271,431,56,37,1,-1,-1,-1
7,-1,319,383,40,27,1,-1,-1,-1
7,-1,413,463,73,14,1,-1,-1,-1
7,-1,445,399,51,31,1,-1,-1,-1
7,-1,584,413,56,32,1,-1,-1,-1
7,-1,730,438,75,40,1,-1,-1,-1
8,-1,137,381,43,24,1,-1,-1,-1
8,-1,188,390,39,28,1,-1,-1,-1
8,-1,229,377,34,23,1,-1,-1,-1
8,-1,254,410,43,29,1,-1,-1,-1
8,-1,271,431,56,37,1,-1,-1,-1
8,-1,319,383,40,27,1,-1,-1,-1
8,-1,413,463,73,14,1,-1,-1,-1
8,-1,445,399,51,31,1,-1,-1,-1
8,-1,584,413,56,32,1,-1,-1,-1
8,-1,730,438,75,40,1,-1,-1,-1
9,-1,137,381,43,24,1,-1,-1,-1
9,-1,188,390,39,28,1,-1,-1,-1
9,-1,229,377,34,23,1,-1,-1,-1
9,-1,254,410,43,29,1,-1,-1,-1
9,-1,271,431,56,37,1,-1,-1,-1
9,-1,319,383,40,27,1,-1,-1,-1
9,-1,412,463,73,14,1,-1,-1,-1
9,-1,445,399,51,31,1,-1,-1,-1
9,-1,584,413,56,32,1,-1,-1,-1
9,-1,730,438,75,40,1,-1,-1,-1
10,-1,137,381,43,24,1,-1,-1,-1
10,-1,188,390,39,28,1,-1,-1,-1
10,-1,229,377,34,23,1,-1,-1,-1
10,-1,254,410,43,29,1,-1,-1,-1
10,-1,271,431,56,37,1,-1,-1,-1
10,-1,319,383,40,27,1,-1,-1,-1
10,-1,412,462,73,14,1,-1,-1,-1
10,-1,445,399,51,31,1,-1,-1,-1
10,-1,584,413,56,32,1,-1,-1,-1
10,-1,730,438,75,40,1,-1,-1,-1
11,-1,137,381,43,24,1,-1,-1,-1
11,-1,188,390,39,28,1,-1,-1,-1
11,-1,229,377,34,23,1,-1,-1,-1
11,-1,254,410,43,29,1,-1,-1,-1
11,-1,271,431,56,37,1,-1,-1,-1
11,-1,319,383,40,27,1,-1,-1,-1
11,-1,412,462,73,14,1,-1,-1,-1
11,-1,445,399,51,31,1,-1,-1,-1
11,-1,584,413,56,32,1,-1,-1,-1
11,-1,730,438,75,40,1,-1,-1,-1
12,-1,137,381,43,24,1,-1,-1,-1
12,-1,188,390,39,28,1,-1,-1,-1
12,-1,229,377,34,23,1,-1,-1,-1
12,-1,254,410,43,29,1,-1,-1,-1
12,-1,271,431,56,37,1,-1,-1,-1
12,-1,319,383,40,27,1,-1,-1,-1
12,-1,412,462,73,14,1,-1,-1,-1
12,-1,445,399,51,31,1,-1,-1,-1
12,-1,584,413,56,32,1,-1,-1,-1
12,-1,730,438,75,40,1,-1,-1,-1
13,-1,137,381,43,24,1,-1,-1,-1
13,-1,188,390,39,28,1,-1,-1,-1
13,-1,229,377,34,23,1,-1,-1,-1
13,-1,254,410,43,29,1,-1,-1,-1
13,-1,271,431,56,37,1,-1,-1,-1
13,-1,319,383,40,27,1,-1,-1,-1
13,-1,412,461,70,20,1,-1,-1,-1
13,-1,445,399,51,31,1,-1,-1,-1
13,-1,584,413,56,32,1,-1,-1,-1
13,-1,730,438,75,40,1,-1,-1,-1
14,-1,137,381,43,24,1,-1,-1,-1
14,-1,188,390,39,28,1,-1,-1,-1
14,-1,229,377,34,23,1,-1,-1,-1
14,-1,254,410,43,29,1,-1,-1,-1
14,-1,271,431,56,37,1,-1,-1,-1
14,-1,319,383,40,27,1,-1,-1,-1
14,-1,412,460,70,17,1,-1,-1,-1
14,-1,445,399,51,31,1,-1,-1,-1
14,-1,584,413,56,32,1,-1,-1,-1
14,-1,730,438,75,40,1,-1,-1,-1
15,-1,137,381,43,24,1,-1,-1,-1
15,-1,188,390,39,28,1,-1,-1,-1
15,-1,229,377,34,23,1,-1,-1,-1
15,-1,254,410,43,29,1,-1,-1,-1
15,-1,271,431,56,37,1,-1,-1,-1
15,-1,319,383,40,27,1,-1,-1,-1
15,-1,411,458,69,17,1,-1,-1,-1
15,-1,445,399,51,31,1,-1,-1,-1
15,-1,584,413,56,32,1,-1,-1,-1
15,-1,730,438,75,40,1,-1,-1,-1
16,-1,137,381,43,24,1,-1,-1,-1
16,-1,188,390,39,28,1,-1,-1,-1
16,-1,229,377,34,23,1,-1,-1,-1
16,-1,254,410,43,29,1,-1,-1,-1
16,-1,271,431,56,37,1,-1,-1,-1
16,-1,319,383,40,27,1,-1,-1,-1
16,-1,409,455,72,25,1,-1,-1,-1
16,-1,445,399,51,31,1,-1,-1,-1
16,-1,584,413,56,32,1,-1,-1,-1
16,-1,730,438,75,40,1,-1,-1,-1
17,-1,137,381,43,24,1,-1,-1,-1
17,-1,188,390,39,28,1,-1,-1,-1
17,-1,229,377,34,23,1,-1,-1,-1
17,-1,254,410,43,29,1,-1,-1,-1
17,-1,271,430,56,37,1,-1,-1,-1
17,-1,319,383,40,27,1,-1,-1,-1
17,-1,409,454,72,23,1,-1,-1,-1
17,-1,445,399,51,31,1,-1,-1,-1
17,-1,584,413,56,32,1,-1,-1,-1
17,-1,730,438,75,40,1,-1,-1,-1
18,-1,137,381,43,24,1,-1,-1,-1
18,-1,188,390,39,28,1,-1,-1,-1
18,-1,229,377,34,23,1,-1,-1,-1
18,-1,254,410,43,29,1,-1,-1,-1
18,-1,271,430,56,37,1,-1,-1,-1
18,-1,319,383,40,27,1,-1,-1,-1
18,-1,408,452,72,23,1,-1,-1,-1
18,-1,445,399,51,31,1,-1,-1,-1
18,-1,584,413,56,32,1,-1,-1,-1
18,-1,730,438,75,40,1,-1,-1,-1
19,-1,137,381,43,24,1,-1,-1,-1
19,-1,188,390,39,28,1,-1,-1,-1
19,-1,229,377,34,23,1,-1,-1,-1
19,-1,254,410,43,29,1,-1,-1,-1
19,-1,270,430,56,37,1,-1,-1,-1
19,-1,319,383,40,27,1,-1,-1,-1
19,-1,407,451,73,30,1,-1,-1,-1
19,-1,445,399,51,31,1,-1,-1,-1
19,-1,584,413,56,32,1,-1,-1,-1
19,-1,730,438,75,40,1,-1,-1,-1
20,-1,137,381,43,24,1,-1,-1,-1
20,-1,188,390,39,28,1,-1,-1,-1
20,-1,229,377,34,23,1,-1,-1,-1
20,-1,254,410,43,29,1,-1,-1,-1
20,-1,269,430,56,37,1,-1,-1,-1
20,-1,319,383,40,27,1,-1,-1,-1
20,-1,406,443,72,32,1,-1,-1,-1
20,-1,445,399,51,31,1,-1,-1,-1
20,-1,584,413,56,32,1,-1,-1,-1
20,-1,730,438,75,40,1,-1,-1,-1
21,-1,137,381,43,24,1,-1,-1,-1
21,-1,188,390,39,28,1,-1,-1,-1
21,-1,229,377,34,23,1,-1,-1,-1
21,-1,254,410,43,29,1,-1,-1,-1
21,-1,269,430,56,37,1,-1,-1,-1
21,-1,319,383,40,27,1,-1,-1,-1
21,-1,405,441,74,37,1,-1,-1,-1
21,-1,445,399,51,31,1,-1,-1,-1
21,-1,584,413,56,32,1,-1,-1,-1
21,-1,730,438,75,40,1,-1,-1,-1
22,-1,137,381,43,24,1,-1,-1,-1
22,-1,188,390,39,28,1,-1,-1,-1
22,-1,229,377,34,23,1,-1,-1,-1
22,-1,254,410,43,29,1,-1,-1,-1
22,-1,268,430,56,37,1,-1,-1,-1
22,-1,319,383,40,27,1,-1,-1,-1
22,-1,404,440,75,37,1,-1,-1,-1
22,-1,445,399,51,31,1,-1,-1,-1
22,-1,584,413,56,32,1,-1,-1,-1
22,-1,730,438,75,40,1,-1,-1,-1
23,-1,137,381,43,24,1,-1,-1,-1
23,-1,188,390,39,28,1,-1,-1,-1
23,-1,229,377,34,23,1,-1,-1,-1
23,-1,254,410,43,29,1,-1,-1,-1
23,-1,266,429,56,37,1,-1,-1,-1
23,-1,319,383,40,27,1,-1,-1,-1
23,-1,403,437,77,38,1,-1,-1,-1
23,-1,445,399,51,31,1,-1,-1,-1
23,-1,584,413,56,32,1,-1,-1,-1
23,-1,730,438,75,40,1,-1,-1,-1
24,-1,137,381,43,24,1,-1,-1,-1
24,-1,188,390,39,28,1,-1,-1,-1
24,-1,229,377,34,23,1,-1,-1,-1
24,-1,254,410,43,29,1,-1,-1,-1
24,-1,265,429,57,38,1,-1,-1,-1
24,-1,319,383,40,27,1,-1,-1,-1
24,-1,403,434,74,37,1,-1,-1,-1
24,-1,445,399,51,31,1,-1,-1,-1
24,-1,584,413,56,32,1,-1,-1,-1
24,-1,730,438,75,40,1,-1,-1,-1
25,-1,137,381,43,24,1,-1,-1,-1
25,-1,188,390,39,28,1,-1,-1,-1
25,-1,229,377,34,23,1,-1,-1,-1
25,-1,254,410,43,29,1,-1,-1,-1
25,-1,262,428,58,38,1,-1,-1,-1
25,-1,319,383,40,27,1,-1,-1,-1
25,-1,398,427,77,42,1,-1,-1,-1
25,-1,445,399,51,31,1,-1,-1,-1
25,-1,584,413,56,32,1,-1,-1,-1
25,-1,730,438,75,40,1,-1,-1,-1
26,-1,137,381,43,24,1,-1,-1,-1
26,-1,188,390,39,28,1,-1,-1,-1
26,-1,229,377,34,23,1,-1,-1,-1
26,-1,254,410,43,29,1,-1,-1,-1
26,-1,261,427,56,37,1,-1,-1,-1
26,-1,319,383,40,27,1,-1,-1,-1
26,-1,396,424,79,43,1,-1,-1,-1
26,-1,445,399,51,31,1,-1,-1,-1
26,-1,584,413,56,32,1,-1,-1,-1
26,-1,730,438,75,40,1,-1,-1,-1
27,-1,137,381,43,24,1,-1,-1,-1
27,-1,188,390,39,28,1,-1,-1,-1
27,-1,229,377,34,23,1,-1,-1,-1
27,-1,254,410,43,29,1,-1,-1,-1
27,-1,260,426,57,37,1,-1,-1,-1
27,-1,319,383,40,27,1,-1,-1,-1
27,-1,396,420,78,43,1,-1,-1,-1
27,-1,445,399,51,31,1,-1,-1,-1
27,-1,584,413,56,32,1,-1,-1,-1
27,-1,730,438,75,40,1,-1,-1,-1
28,-1,137,381,43,24,1,-1,-1,-1
28,-1,188,390,39,28,1,-1,-1,-1
28,-1,229,377,34,23,1,-1,-1,-1
28,-1,254,410,43,29,1,-1,-1,-1
28,-1,259,426,56,37,1,-1,-1,-1
28,-1,319,383,40,27,1,-1,-1,-1
28,-1,396,417,77,42,1,-1,-1,-1
28,-1,445,399,51,31,1,-1,-1,-1
28,-1,584,413,56,32,1,-1,-1,-1
28,-1,730,438,75,40,1,-1,-1,-1
29,-1,137,381,43,24,1,-1,-1,-1
29,-1,188,390,39,28,1,-1,-1,-1
29,-1,229,377,34,23,1,-1,-1,-1
29,-1,254,410,43,29,1,-1,-1,-1
29,-1,258,425,56,37,1,-1,-1,-1
29,-1,319,383,40,27,1,-1,-1,-1
29,-1,395,413,77,42,1,-1,-1,-1
29,-1,445,399,51,31,1,-1,-1,-1
29,-1,584,413,56,32,1,-1,-1,-1
29,-1,730,438,75,40,1,-1,-1,-1
30,-1,137,381,43,24,1,-1,-1,-1
30,-1,188,390,39,28,1,-1,-1,-1
30,-1,229,377,34,23,1,-1,-1,-1
30,-1,254,410,43,29,1,-1,-1,-1
30,-1,256,423,57,38,1,-1,-1,-1
30,-1,319,383,40,27,1,-1,-1,-1
30,-1,394,405,77,42,1,-1,-1,-1
30,-1,445,399,51,31,1,-1,-1,-1
30,-1,584,413,56,32,1,-1,-1,-1
30,-1,730,438,75,40,1,-1,-1,-1
31,-1,137,381,43,24,1,-1,-1,-1
31,-1,188,390,39,28,1,-1,-1,-1
31,-1,229,377,34,23,1,-1,-1,-1
31,-1,254,410,43,29,1,-1,-1,-1
31,-1,257,424,55,32,1,-1,-1,-1
31,-1,319,383,40,27,1,-1,-1,-1
31,-1,393,401,77,42,1,-1,-1,-1
31,-1,445,399,51,31,1,-1,-1,-1
31,-1,584,413,56,32,1,-1,-1,-1
31,-1,730,438,75,40,1,-1,-1,-1
32,-1,137,381,43,24,1,-1,-1,-1
32,-1,188,390,39,28,1,-1,-1,-1
32,-1,229,377,34,23,1,-1,-1,-1
32,-1,254,410,43,29,1,-1,-1,-1
32,-1,256,423,56,33,1,-1,-1,-1
32,-1,319,383,40,27,1,-1,-1,-1
32,-1,393,398,78,42,1,-1,-1,-1
32,-1,445,399,51,31,1,-1,-1,-1
32,-1,584,413,56,32,1,-1,-1,-1
32,-1,730,438,75,40,1,-1,-1,-1
33,-1,137,381,43,24,1,-1,-1,-1
33,-1,188,390,39,28,1,-1,-1,-1
33,-1,229,377,34,23,1,-1,-1,-1
33,-1,254,410,43,29,1,-1,-1,-1
33,-1,254,421,57,33,1,-1,-1,-1
33,-1,319,383,40,27,1,-1,-1,-1
33,-1,391,387,81,52,1,-1,-1,-1
33,-1,445,399,51,31,1,-1,-1,-1
33,-1,584,413,56,32,1,-1,-1,-1
33,-1,730,438,75,40,1,-1,-1,-1
34,-1,137,381,43,24,1,-1,-1,-1
34,-1,188,390,39,28,1,-1,-1,-1
34,-1,229,377,34,23,1,-1,-1,-1
34,-1,253,420,57,34,1,-1,-1,-1
34,-1,254,410,43,29,1,-1,-1,-1
34,-1,319,383,40,27,1,-1,-1,-1
34,-1,390,385,82,52,1,-1,-1,-1
34,-1,445,399,51,31,1,-1,-1,-1
34,-1,584,413,56,32,1,-1,-1,-1
34,-1,730,438,75,40,1,-1,-1,-1
35,-1,137,381,43,24,1,-1,-1,-1
35,-1,188,390,39,28,1,-1,-1,-1
35,-1,229,377,34,23,1,-1,-1,-1
35,-1,251,411,57,31,1,-1,-1,-1
35,-1,319,383,40,27,1,-1,-1,-1
35,-1,391,372,82,52,1,-1,-1,-1
35,-1,445,399,51,31,1,-1,-1,-1
35,-1,584,413,56,32,1,-1,-1,-1
35,-1,730,438,75,40,1,-1,-1,-1
36,-1,137,381,43,24,1,-1,-1,-1
36,-1,188,390,39,28,1,-1,-1,-1
36,-1,229,377,34,23,1,-1,-1,-1
36,-1,250,410,57,31,1,-1,-1,-1
36,-1,319,383,40,27,1,-1,-1,-1
36,-1,391,372,79,45,1,-1,-1,-1
36,-1,445,399,51,31,1,-1,-1,-1
36,-1,584,413,56,32,1,-1,-1,-1
36,-1,730,438,75,40,1,-1,-1,-1
37,-1,137,381,43,24,1,-1,-1,-1
37,-1,188,390,39,28,1,-1,-1,-1
37,-1,229,377,34,23,1,-1,-1,-1
37,-1,250,410,57,31,1,-1,-1,-1
37,-1,319,383,40,27,1,-1,-1,-1
37,-1,390,363,81,46,1,-1,-1,-1
37,-1,445,399,51,31,1,-1,-1,-1
37,-1,584,413,56,32,1,-1,-1,-1
37,-1,730,438,75,40,1,-1,-1,-1
38,-1,137,381,43,24,1,-1,-1,-1
38,-1,188,390,39,28,1,-1,-1,-1
38,-1,229,377,34,23,1,-1,-1,-1
38,-1,249,407,57,31,1,-1,-1,-1
38,-1,319,383,40,27,1,-1,-1,-1
38,-1,389,360,81,44,1,-1,-1,-1
38,-1,445,399,51,31,1,-1,-1,-1
38,-1,584,413,56,32,1,-1,-1,-1
38,-1,730,438,75,40,1,-1,-1,-1
39,-1,137,381,43,24,1,-1,-1,-1
39,-1,188,390,39,28,1,-1,-1,-1
39,-1,229,377,34,23,1,-1,-1,-1
39,-1,249,406,56,31,1,-1,-1,-1
39,-1,253,414,49,32,1,-1,-1,-1
39,-1,319,383,40,27,1,-1,-1,-1
39,-1,388,355,81,44,1,-1,-1,-1
39,-1,445,399,51,31,1,-1,-1,-1
39,-1,584,413,56,32,1,-1,-1,-1
39,-1,730,438,75,40,1,-1,-1,-1
40,-1,137,381,43,24,1,-1,-1,-1
40,-1,188,390,39,28,1,-1,-1,-1
40,-1,229,377,34,23,1,-1,-1,-1
40,-1,249,400,56,37,1,-1,-1,-1
40,-1,253,414,49,32,1,-1,-1,-1
40,-1,319,383,40,27,1,-1,-1,-1
40,-1,388,335,81,44,1,-1,-1,-1
40,-1,445,399,51,31,1,-1,-1,-1
40,-1,584,413,56,32,1,-1,-1,-1
40,-1,730,438,75,40,1,-1,-1,-1
41,-1,137,381,43,24,1,-1,-1,-1
41,-1,188,390,39,28,1,-1,-1,-1
41,-1,229,377,34,23,1,-1,-1,-1
41,-1,248,398,57,39,1,-1,-1,-1
41,-1,253,414,49,32,1,-1,-1,-1
41,-1,319,383,40,27,1,-1,-1,-1
41,-1,388,335,81,44,1,-1,-1,-1
41,-1,445,399,51,31,1,-1,-1,-1
41,-1,584,413,56,32,1,-1,-1,-1
41,-1,730,438,75,40,1,-1,-1,-1
42,-1,137,381,43,24,1,-1,-1,-1
42,-1,188,390,39,28,1,-1,-1,-1
42,-1,229,377,34,23,1,-1,-1,-1
42,-1,247,396,59,31,1,-1,-1,-1
42,-1,253,414,49,32,1,-1,-1,-1
42,-1,319,383,40,27,1,-1,-1,-1
42,-1,388,335,81,44,1,-1,-1,-1
42,-1,445,399,51,31,1,-1,-1,-1
42,-1,584,413,56,32,1,-1,-1,-1
42,-1,730,438,75,40,1,-1,-1,-1
43,-1,137,381,43,24,1,-1,-1,-1
43,-1,188,390,39,28,1,-1,-1,-1
43,-1,229,377,34,23,1,-1,-1,-1
43,-1,246,389,60,32,1,-1,-1,-1
43,-1,253,414,49,32,1,-1,-1,-1
43,-1,319,383,40,27,1,-1,-1,-1
43,-1,390,316,81,44,1,-1,-1,-1
43,-1,445,399,51,31,1,-1,-1,-1
43,-1,584,413,56,32,1,-1,-1,-1
43,-1,730,438,75,40,1,-1,-1,-1
44,-1,137,381,43,24,1,-1,-1,-1
44,-1,188,390,39,28,1,-1,-1,-1
44,-1,229,377,34,23,1,-1,-1,-1
44,-1,245,388,61,32,1,-1,-1,-1
44,-1,253,414,49,32,1,-1,-1,-1
44,-1,319,383,40,27,1,-1,-1,-1
44,-1,390,316,81,44,1,-1,-1,-1
44,-1,445,399,51,31,1,-1,-1,-1
44,-1,584,413,56,32,1,-1,-1,-1
44,-1,730,438,75,40,1,-1,-1,-1
45,-1,137,381,43,24,1,-1,-1,-1
45,-1,188,390,39,28,1,-1,-1,-1
45,-1,229,377,34,23,1,-1,-1,-1
45,-1,245,382,60,32,1,-1,-1,-1
45,-1,253,414,49,32,1,-1,-1,-1
45,-1,319,383,40,27,1,-1,-1,-1
45,-1,390,302,81,44,1,-1,-1,-1
45,-1,445,399,51,31,1,-1,-1,-1
45,-1,584,413,56,32,1,-1,-1,-1
45,-1,730,438,75,40,1,-1,-1,-1
46,-1,137,381,43,24,1,-1,-1,-1
46,-1,188,390,39,28,1,-1,-1,-1
46,-1,229,377,34,23,1,-1,-1,-1
46,-1,244,378,61,32,1,-1,-1,-1
46,-1,253,414,49,32,1,-1,-1,-1
46,-1,319,383,40,27,1,-1,-1,-1
46,-1,390,296,81,44,1,-1,-1,-1
46,-1,445,399,51,31,1,-1,-1,-1
46,-1,584,413,56,32,1,-1,-1,-1
46,-1,730,438,75,40,1,-1,-1,-1
47,-1,137,381,43,24,1,-1,-1,-1
47,-1,188,390,39,28,1,-1,-1,-1
47,-1,229,377,34,23,1,-1,-1,-1
47,-1,244,377,61,32,1,-1,-1,-1
47,-1,253,414,49,32,1,-1,-1,-1
47,-1,319,383,40,27,1,-1,-1,-1
47,-1,396,290,74,44,1,-1,-1,-1
47,-1,445,399,51,31,1,-1,-1,-1
47,-1,584,413,56,32,1,-1,-1,-1
47,-1,730,438,75,40,1,-1,-1,-1
48,-1,137,381,43,24,1,-1,-1,-1
48,-1,188,390,39,28,1,-1,-1,-1
48,-1,229,377,34,23,1,-1,-1,-1
48,-1,242,372,62,33,1,-1,-1,-1
48,-1,253,414,49,32,1,-1,-1,-1
48,-1,319,383,40,27,1,-1,-1,-1
48,-1,396,290,74,44,1,-1,-1,-1
48,-1,445,399,51,31,1,-1,-1,-1
48,-1,584,413,56,32,1,-1,-1,-1
48,-1,730,438,75,40,1,-1,-1,-1
49,-1,137,381,43,24,1,-1,-1,-1
49,-1,188,390,39,28,1,-1,-1,-1
49,-1,229,377,34,23,1,-1,-1,-1
49,-1,241,368,58,33,1,-1,-1,-1
49,-1,253,414,49,32,1,-1,-1,-1
49,-1,319,383,40,27,1,-1,-1,-1
49,-1,403,283,63,38,1,-1,-1,-1
49,-1,445,399,51,31,1,-1,-1,-1
49,-1,584,413,56,32,1,-1,-1,-1
49,-1,730,438,75,40,1,-1,-1,-1
50,-1,137,381,43,24,1,-1,-1,-1
50,-1,188,390,39,28,1,-1,-1,-1
50,-1,229,377,34,23,1,-1,-1,-1
50,-1,241,359,58,38,1,-1,-1,-1
50,-1,253,414,49,32,1,-1,-1,-1
50,-1,319,383,40,27,1,-1,-1,-1
50,-1,386,266,77,42,1,-1,-1,-1
50,-1,445,399,51,31,1,-1,-1,-1
50,-1,584,413,56,32,1,-1,-1,-1
50,-1,730,438,75,40,1,-1,-1,-1
51,-1,137,381,43,24,1,-1,-1,-1
51,-1,188,390,39,28,1,-1,-1,-1
51,-1,229,377,34,23,1,-1,-1,-1
51,-1,241,359,57,38,1,-1,-1,-1
51,-1,253,414,49,32,1,-1,-1,-1
51,-1,319,383,40,27,1,-1,-1,-1
51,-1,384,260,77,42,1,-1,-1,-1
51,-1,445,399,51,31,1,-1,-1,-1
51,-1,584,413,56,32,1,-1,-1,-1
51,-1,730,438,75,40,1,-1,-1,-1
52,-1,137,381,43,24,1,-1,-1,-1
52,-1,188,390,39,28,1,-1,-1,-1
52,-1,229,377,34,23,1,-1,-1,-1
52,-1,241,351,58,38,1,-1,-1,-1
52,-1,253,414,49,32,1,-1,-1,-1
52,-1,319,383,40,27,1,-1,-1,-1
52,-1,388,250,77,42,1,-1,-1,-1
52,-1,445,399,51,31,1,-1,-1,-1
52,-1,584,413,56,32,1,-1,-1,-1
52,-1,730,438,75,40,1,-1,-1,-1
53,-1,137,381,43,24,1,-1,-1,-1
53,-1,188,390,39,28,1,-1,-1,-1
53,-1,229,377,34,23,1,-1,-1,-1
53,-1,241,351,58,38,1,-1,-1,-1
53,-1,253,414,49,32,1,-1,-1,-1
53,-1,319,383,40,27,1,-1,-1,-1
53,-1,385,240,77,42,1,-1,-1,-1
53,-1,445,399,51,31,1,-1,-1,-1
53,-1,584,413,56,32,1,-1,-1,-1
53,-1,730,438,75,40,1,-1,-1,-1
54,-1,137,381,43,24,1,-1,-1,-1
54,-1,188,390,39,28,1,-1,-1,-1
54,-1,229,377,34,23,1,-1,-1,-1
54,-1,241,347,58,38,1,-1,-1,-1
54,-1,253,414,49,32,1,-1,-1,-1
54,-1,319,383,40,27,1,-1,-1,-1
54,-1,385,235,77,42,1,-1,-1,-1
54,-1,445,399,51,31,1,-1,-1,-1
54,-1,584,413,56,32,1,-1,-1,-1
54,-1,730,438,75,40,1,-1,-1,-1
55,-1,137,381,43,24,1,-1,-1,-1
55,-1,188,390,39,28,1,-1,-1,-1
55,-1,229,377,34,23,1,-1,-1,-1
55,-1,238,338,58,38,1,-1,-1,-1
55,-1,253,414,49,32,1,-1,-1,-1
55,-1,319,383,40,27,1,-1,-1,-1
55,-1,384,220,77,42,1,-1,-1,-1
55,-1,445,399,51,31,1,-1,-1,-1
55,-1,584,413,56,32,1,-1,-1,-1
55,-1,730,438,75,40,1,-1,-1,-1
56,-1,137,381,43,24,1,-1,-1,-1
56,-1,188,390,39,28,1,-1,-1,-1
56,-1,229,377,34,23,1,-1,-1,-1
56,-1,238,334,58,38,1,-1,-1,-1
56,-1,253,414,49,32,1,-1,-1,-1
56,-1,319,383,40,27,1,-1,-1,-1
56,-1,384,212,77,42,1,-1,-1,-1
56,-1,445,399,51,31,1,-1,-1,-1
56,-1,584,413,56,32,1,-1,-1,-1
56,-1,730,438,75,40,1,-1,-1,-1
57,-1,137,381,43,24,1,-1,-1,-1
57,-1,188,390,39,28,1,-1,-1,-1
57,-1,229,377,34,23,1,-1,-1,-1
57,-1,238,334,58,38,1,-1,-1,-1
57,-1,253,414,49,32,1,-1,-1,-1
57,-1,319,383,40,27,1,-1,-1,-1
57,-1,384,205,77,42,1,-1,-1,-1
57,-1,445,399,51,31,1,-1,-1,-1
57,-1,584,413,56,32,1,-1,-1,-1
57,-1,730,438,75,40,1,-1,-1,-1
58,-1,137,381,43,24,1,-1,-1,-1
58,-1,188,390,39,28,1,-1,-1,-1
58,-1,229,377,34,23,1,-1,-1,-1
58,-1,236,323,58,38,1,-1,-1,-1
58,-1,253,414,49,32,1,-1,-1,-1
58,-1,319,383,40,27,1,-1,-1,-1
58,-1,384,197,76,42,1,-1,-1,-1
58,-1,445,399,51,31,1,-1,-1,-1
58,-1,584,413,56,32,1,-1,-1,-1
58,-1,730,438,75,40,1,-1,-1,-1
59,-1,137,381,43,24,1,-1,-1,-1
59,-1,188,390,39,28,1,-1,-1,-1
59,-1,229,377,34,23,1,-1,-1,-1
59,-1,236,323,58,38,1,-1,-1,-1
59,-1,253,414,49,32,1,-1,-1,-1
59,-1,319,383,40,27,1,-1,-1,-1
59,-1,384,188,76,42,1,-1,-1,-1
59,-1,445,399,51,31,1,-1,-1,-1
59,-1,584,413,56,32,1,-1,-1,-1
59,-1,730,438,75,40,1,-1,-1,-1
60,-1,137,381,43,24,1,-1,-1,-1
60,-1,188,390,39,28,1,-1,-1,-1
60,-1,229,377,34,23,1,-1,-1,-1
60,-1,244,311,58,38,1,-1,-1,-1
60,-1,253,414,49,32,1,-1,-1,-1
60,-1,319,383,40,27,1,-1,-1,-1
60,-1,381,174,81,45,1,-1,-1,-1
60,-1,445,399,51,31,1,-1,-1,-1
60,-1,584,413,56,32,1,-1,-1,-1
60,-1,730,438,75,40,1,-1,-1,-1
61,-1,137,381,43,24,1,-1,-1,-1
61,-1,188,390,39,28,1,-1,-1,-1
61,-1,229,377,34,23,1,-1,-1,-1
61,-1,244,311,58,38,1,-1,-1,-1
61,-1,252,413,50,32,1,-1,-1,-1
61,-1,319,383,40,27,1,-1,-1,-1
61,-1,381,166,82,45,1,-1,-1,-1
61,-1,445,399,51,31,1,-1,-1,-1
61,-1,584,413,56,32,1,-1,-1,-1
61,-1,730,438,75,40,1,-1,-1,-1
62,-1,137,381,43,24,1,-1,-1,-1
62,-1,188,390,39,28,1,-1,-1,-1
62,-1,229,377,34,23,1,-1,-1,-1
62,-1,241,300,58,38,1,-1,-1,-1
62,-1,252,413,50,33,1,-1,-1,-1
62,-1,319,383,40,27,1,-1,-1,-1
62,-1,381,158,81,45,1,-1,-1,-1
62,-1,445,399,51,31,1,-1,-1,-1
62,-1,584,413,56,32,1,-1,-1,-1
62,-1,730,438,75,40,1,-1,-1,-1
63,-1,137,381,43,24,1,-1,-1,-1
63,-1,188,390,39,28,1,-1,-1,-1
63,-1,229,377,34,23,1,-1,-1,-1
63,-1,241,300,58,38,1,-1,-1,-1
63,-1,252,413,50,33,1,-1,-1,-1
63,-1,319,383,40,27,1,-1,-1,-1
63,-1,381,150,81,45,1,-1,-1,-1
63,-1,445,399,51,31,1,-1,-1,-1
63,-1,584,413,56,32,1,-1,-1,-1
63,-1,730,438,75,40,1,-1,-1,-1
64,-1,137,381,43,24,1,-1,-1,-1
64,-1,188,390,39,28,1,-1,-1,-1
64,-1,229,377,34,23,1,-1,-1,-1
64,-1,243,290,58,38,1,-1,-1,-1
64,-1,251,413,50,33,1,-1,-1,-1
64,-1,319,383,40,27,1,-1,-1,-1
64,-1,381,141,81,45,1,-1,-1,-1
64,-1,445,399,51,31,1,-1,-1,-1
64,-1,584,413,56,32,1,-1,-1,-1
64,-1,730,438,75,40,1,-1,-1,-1
65,-1,137,381,43,24,1,-1,-1,-1
65,-1,188,390,39,28,1,-1,-1,-1
65,-1,229,377,34,23,1,-1,-1,-1
65,-1,245,281,58,38,1,-1,-1,-1
65,-1,249,412,52,34,1,-1,-1,-1
65,-1,319,383,40,27,1,-1,-1,-1
65,-1,381,125,81,45,1,-1,-1,-1
65,-1,445,399,51,31,1,-1,-1,-1
65,-1,584,413,56,32,1,-1,-1,-1
65,-1,730,438,75,40,1,-1,-1,-1
66,-1,137,381,43,24,1,-1,-1,-1
66,-1,188,390,39,28,1,-1,-1,-1
66,-1,229,377,34,23,1,-1,-1,-1
66,-1,243,273,58,38,1,-1,-1,-1
66,-1,249,412,52,34,1,-1,-1,-1
66,-1,319,383,40,27,1,-1,-1,-1
66,-1,382,116,81,45,1,-1,-1,-1
66,-1,445,399,51,31,1,-1,-1,-1
66,-1,584,413,56,32,1,-1,-1,-1
66,-1,730,438,75,40,1,-1,-1,-1
67,-1,137,381,43,24,1,-1,-1,-1
67,-1,188,390,39,28,1,-1,-1,-1
67,-1,229,377,34,23,1,-1,-1,-1
67,-1,244,269,58,38,1,-1,-1,-1
67,-1,249,406,53,35,1,-1,-1,-1
67,-1,319,383,40,27,1,-1,-1,-1
67,-1,382,108,81,45,1,-1,-1,-1
67,-1,445,399,51,31,1,-1,-1,-1
67,-1,584,413,56,32,1,-1,-1,-1
67,-1,730,438,75,40,1,-1,-1,-1
68,-1,137,381,43,24,1,-1,-1,-1
68,-1,188,390,39,28,1,-1,-1,-1
68,-1,229,377,34,23,1,-1,-1,-1
68,-1,244,269,58,38,1,-1,-1,-1
68,-1,248,406,53,35,1,-1,-1,-1
68,-1,319,383,40,27,1,-1,-1,-1
68,-1,382,99,81,45,1,-1,-1,-1
68,-1,445,399,51,31,1,-1,-1,-1
68,-1,584,413,56,32,1,-1,-1,-1
68,-1,730,438,75,40,1,-1,-1,-1
69,-1,137,381,43,24,1,-1,-1,-1
69,-1,188,390,39,28,1,-1,-1,-1
69,-1,229,377,34,23,1,-1,-1,-1
69,-1,244,262,58,38,1,-1,-1,-1
69,-1,248,405,53,35,1,-1,-1,-1
69,-1,319,383,40,27,1,-1,-1,-1
69,-1,382,91,81,45,1,-1,-1,-1
69,-1,445,399,51,31,1,-1,-1,-1
69,-1,584,413,56,32,1,-1,-1,-1
69,-1,730,438,75,40,1,-1,-1,-1
70,-1,137,381,43,24,1,-1,-1,-1
70,-1,188,390,39,28,1,-1,-1,-1
70,-1,229,377,34,23,1,-1,-1,-1
70,-1,246,252,58,38,1,-1,-1,-1
70,-1,246,405,53,35,1,-1,-1,-1
70,-1,319,383,40,27,1,-1,-1,-1
70,-1,383,74,81,45,1,-1,-1,-1
70,-1,445,399,51,31,1,-1,-1,-1
70,-1,584,413,56,32,1,-1,-1,-1
70,-1,730,438,75,40,1,-1,-1,-1
71,-1,137,381,43,24,1,-1,-1,-1
71,-1,188,390,39,28,1,-1,-1,-1
71,-1,229,377,34,23,1,-1,-1,-1
71,-1,244,403,55,36,1,-1,-1,-1
71,-1,245,247,63,41,1,-1,-1,-1
71,-1,319,383,40,27,1,-1,-1,-1
71,-1,384,65,81,45,1,-1,-1,-1
71,-1,445,399,51,31,1,-1,-1,-1
71,-1,584,413,56,32,1,-1,-1,-1
71,-1,730,438,75,40,1,-1,-1,-1
72,-1,137,381,43,24,1,-1,-1,-1
72,-1,188,390,39,28,1,-1,-1,-1
72,-1,229,377,34,23,1,-1,-1,-1
72,-1,243,237,63,41,1,-1,-1,-1
72,-1,244,402,53,35,1,-1,-1,-1
72,-1,319,383,40,27,1,-1,-1,-1
72,-1,384,56,81,45,1,-1,-1,-1
72,-1,445,399,51,31,1,-1,-1,-1
72,-1,584,413,56,32,1,-1,-1,-1
72,-1,730,438,75,40,1,-1,-1,-1
73,-1,137,381,43,24,1,-1,-1,-1
73,-1,188,390,39,28,1,-1,-1,-1
73,-1,229,377,34,23,1,-1,-1,-1
73,-1,241,232,68,44,1,-1,-1,-1
73,-1,244,402,52,34,1,-1,-1,-1
73,-1,319,383,40,27,1,-1,-1,-1
73,-1,385,48,81,45,1,-1,-1,-1
73,-1,445,399,51,31,1,-1,-1,-1
73,-1,584,413,56,32,1,-1,-1,-1
73,-1,730,438,75,40,1,-1,-1,-1
74,-1,137,381,43,24,1,-1,-1,-1
74,-1,188,390,39,28,1,-1,-1,-1
74,-1,229,377,34,23,1,-1,-1,-1
74,-1,239,226,68,44,1,-1,-1,-1
74,-1,243,401,52,35,1,-1,-1,-1
74,-1,319,383,40,27,1,-1,-1,-1
74,-1,385,39,81,45,1,-1,-1,-1
74,-1,445,399,51,31,1,-1,-1,-1
74,-1,584,413,56,32,1,-1,-1,-1
74,-1,730,438,75,40,1,-1,-1,-1
75,-1,137,381,43,24,1,-1,-1,-1
75,-1,188,390,39,28,1,-1,-1,-1
75,-1,229,377,34,23,1,-1,-1,-1
75,-1,241,214,68,44,1,-1,-1,-1
75,-1,241,398,53,35,1,-1,-1,-1
75,-1,319,383,40,27,1,-1,-1,-1
75,-1,386,21,82,45,1,-1,-1,-1
75,-1,445,399,51,31,1,-1,-1,-1
75,-1,584,413,56,32,1,-1,-1,-1
75,-1,730,438,75,40,1,-1,-1,-1
76,-1,137,381,43,24,1,-1,-1,-1
76,-1,188,390,39,28,1,-1,-1,-1
76,-1,229,377,34,23,1,-1,-1,-1
76,-1,238,394,53,35,1,-1,-1,-1
76,-1,239,210,67,43,1,-1,-1,-1
76,-1,319,383,40,27,1,-1,-1,-1
76,-1,387,6,82,58,1,-1,-1,-1
76,-1,445,399,51,31,1,-1,-1,-1
76,-1,584,413,56,32,1,-1,-1,-1
76,-1,730,438,75,40,1,-1,-1,-1
77,-1,137,381,43,24,1,-1,-1,-1
77,-1,188,390,39,28,1,-1,-1,-1
77,-1,229,377,34,23,1,-1,-1,-1
77,-1,237,393,53,35,1,-1,-1,-1
77,-1,240,204,67,43,1,-1,-1,-1
77,-1,319,383,40,27,1,-1,-1,-1
77,-1,388,-3,82,58,1,-1,-1,-1
77,-1,445,399,51,31,1,-1,-1,-1
77,-1,584,413,56,32,1,-1,-1,-1
77,-1,730,438,75,40,1,-1,-1,-1
78,-1,137,381,43,24,1,-1,-1,-1
78,-1,188,390,39,28,1,-1,-1,-1
78,-1,229,377,34,23,1,-1,-1,-1
78,-1,237,391,54,36,1,-1,-1,-1
78,-1,240,198,67,43,1,-1,-1,-1
78,-1,319,383,40,27,1,-1,-1,-1
78,-1,388,-12,82,58,1,-1,-1,-1
78,-1,445,399,51,31,1,-1,-1,-1
78,-1,584,413,56,32,1,-1,-1,-1
78,-1,730,438,75,40,1,-1,-1,-1
79,-1,137,381,43,24,1,-1,-1,-1
79,-1,188,390,39,28,1,-1,-1,-1
79,-1,229,377,34,23,1,-1,-1,-1
79,-1,235,390,54,36,1,-1,-1,-1
79,-1,241,192,67,43,1,-1,-1,-1
79,-1,319,383,40,27,1,-1,-1,-1
79,-1,389,-21,82,58,1,-1,-1,-1
79,-1,445,399,51,31,1,-1,-1,-1
79,-1,584,413,56,32,1,-1,-1,-1
79,-1,730,438,75,40,1,-1,-1,-1
80,-1,137,381,43,24,1,-1,-1,-1
80,-1,188,390,39,28,1,-1,-1,-1
80,-1,229,377,34,23,1,-1,-1,-1
80,-1,235,386,53,35,1,-1,-1,-1
80,-1,244,180,64,41,1,-1,-1,-1
80,-1,319,383,40,27,1,-1,-1,-1
80,-1,389,-21,82,58,1,-1,-1,-1
80,-1,445,399,51,31,1,-1,-1,-1
80,-1,584,413,56,32,1,-1,-1,-1
80,-1,730,438,75,40,1,-1,-1,-1
81,-1,137,381,43,24,1,-1,-1,-1
81,-1,188,390,39,28,1,-1,-1,-1
81,-1,229,377,34,23,1,-1,-1,-1
81,-1,234,385,53,35,1,-1,-1,-1
81,-1,246,175,64,41,1,-1,-1,-1
81,-1,319,383,40,27,1,-1,-1,-1
81,-1,445,399,51,31,1,-1,-1,-1
81,-1,584,413,56,32,1,-1,-1,-1
81,-1,730,438,75,40,1,-1,-1,-1
82,-1,137,381,43,24,1,-1,-1,-1
82,-1,188,390,39,28,1,-1,-1,-1
82,-1,229,377,34,23,1,-1,-1,-1
82,-1,234,385,53,35,1,-1,-1,-1
82,-1,247,169,64,41,1,-1,-1,-1
82,-1,319,383,40,27,1,-1,-1,-1
82,-1,445,399,51,31,1,-1,-1,-1
82,-1,584,413,56,32,1,-1,-1,-1
82,-1,730,438,75,40,1,-1,-1,-1
83,-1,137,381,43,24,1,-1,-1,-1
83,-1,188,390,39,28,1,-1,-1,-1
83,-1,229,377,34,23,1,-1,-1,-1
83,-1,234,385,53,35,1,-1,-1,-1
83,-1,247,162,65,42,1,-1,-1,-1
83,-1,319,383,40,27,1,-1,-1,-1
83,-1,445,399,51,31,1,-1,-1,-1
83,-1,584,413,56,32,1,-1,-1,-1
83,-1,730,438,75,40,1,-1,-1,-1
84,-1,137,381,43,24,1,-1,-1,-1
84,-1,188,390,39,28,1,-1,-1,-1
84,-1,229,377,34,23,1,-1,-1,-1
84,-1,234,385,50,28,1,-1,-1,-1
84,-1,247,156,65,42,1,-1,-1,-1
84,-1,319,383,40,27,1,-1,-1,-1
84,-1,445,399,51,31,1,-1,-1,-1
84,-1,584,413,56,32,1,-1,-1,-1
84,-1,730,438,75,40,1,-1,-1,-1
85,-1,137,381,43,24,1,-1,-1,-1
85,-1,188,390,39,28,1,-1,-1,-1
85,-1,229,377,34,23,1,-1,-1,-1
85,-1,233,378,52,32,1,-1,-1,-1
85,-1,249,143,65,42,1,-1,-1,-1
85,-1,319,383,40,27,1,-1,-1,-1
85,-1,445,399,51,31,1,-1,-1,-1
85,-1,584,413,56,32,1,-1,-1,-1
85,-1,730,438,75,40,1,-1,-1,-1
86,-1,137,381,43,24,1,-1,-1,-1
86,-1,188,390,39,28,1,-1,-1,-1
86,-1,231,376,47,26,1,-1,-1,-1
86,-1,249,137,65,42,1,-1,-1,-1
86,-1,319,383,40,27,1,-1,-1,-1
86,-1,445,399,51,31,1,-1,-1,-1
86,-1,584,413,56,32,1,-1,-1,-1
86,-1,730,438,75,40,1,-1,-1,-1
87,-1,137,381,43,24,1,-1,-1,-1
87,-1,188,390,39,28,1,-1,-1,-1
87,-1,230,375,47,26,1,-1,-1,-1
87,-1,250,130,65,42,1,-1,-1,-1
87,-1,319,383,40,27,1,-1,-1,-1
87,-1,445,399,51,31,1,-1,-1,-1
87,-1,584,413,56,32,1,-1,-1,-1
87,-1,730,438,75,40,1,-1,-1,-1
88,-1,137,381,43,24,1,-1,-1,-1
88,-1,188,390,39,28,1,-1,-1,-1
88,-1,232,367,47,26,1,-1,-1,-1
88,-1,251,124,66,42,1,-1,-1,-1
88,-1,319,383,40,27,1,-1,-1,-1
88,-1,445,399,51,31,1,-1,-1,-1
88,-1,584,413,56,32,1,-1,-1,-1
88,-1,730,438,75,40,1,-1,-1,-1
89,-1,137,381,43,24,1,-1,-1,-1
89,-1,188,390,39,28,1,-1,-1,-1
89,-1,232,367,47,26,1,-1,-1,-1
89,-1,252,117,66,42,1,-1,-1,-1
89,-1,319,383,40,27,1,-1,-1,-1
89,-1,445,399,51,31,1,-1,-1,-1
89,-1,584,413,56,32,1,-1,-1,-1
89,-1,730,438,75,40,1,-1,-1,-1
90,-1,137,381,43,24,1,-1,-1,-1
90,-1,188,390,39,28,1,-1,-1,-1
90,-1,229,376,34,26,1,-1,-1,-1
90,-1,230,361,47,26,1,-1,-1,-1
90,-1,253,104,65,42,1,-1,-1,-1
90,-1,319,383,40,27,1,-1,-1,-1
90,-1,445,399,51,31,1,-1,-1,-1
90,-1,584,413,56,32,1,-1,-1,-1
90,-1,730,438,75,40,1,-1,-1,-1
91,-1,137,381,43,24,1,-1,-1,-1
91,-1,188,390,39,28,1,-1,-1,-1
91,-1,229,376,34,26,1,-1,-1,-1
91,-1,230,356,47,31,1,-1,-1,-1
91,-1,255,98,65,42,1,-1,-1,-1
91,-1,319,383,40,27,1,-1,-1,-1
91,-1,445,399,51,31,1,-1,-1,-1
91,-1,584,413,56,32,1,-1,-1,-1
91,-1,730,438,75,40,1,-1,-1,-1
92,-1,137,381,43,24,1,-1,-1,-1
92,-1,188,390,39,28,1,-1,-1,-1
92,-1,229,376,34,26,1,-1,-1,-1
92,-1,230,354,47,33,1,-1,-1,-1
92,-1,255,91,65,42,1,-1,-1,-1
92,-1,319,383,40,27,1,-1,-1,-1
92,-1,445,399,51,31,1,-1,-1,-1
92,-1,584,413,56,32,1,-1,-1,-1
92,-1,730,438,75,40,1,-1,-1,-1
93,-1,137,381,43,24,1,-1,-1,-1
93,-1,188,390,39,28,1,-1,-1,-1
93,-1,228,349,47,33,1,-1,-1,-1
93,-1,229,376,34,26,1,-1,-1,-1
93,-1,256,85,65,41,1,-1,-1,-1
93,-1,319,383,40,27,1,-1,-1,-1
93,-1,445,399,51,31,1,-1,-1,-1
93,-1,584,413,56,32,1,-1,-1,-1
93,-1,730,438,75,40,1,-1,-1,-1
94,-1,137,381,42,24,1,-1,-1,-1
94,-1,188,390,39,28,1,-1,-1,-1
94,-1,228,349,47,33,1,-1,-1,-1
94,-1,229,376,34,26,1,-1,-1,-1
94,-1,257,78,65,41,1,-1,-1,-1
94,-1,319,383,40,27,1,-1,-1,-1
94,-1,445,399,51,31,1,-1,-1,-1
94,-1,584,413,56,32,1,-1,-1,-1
94,-1,730,438,75,40,1,-1,-1,-1
95,-1,137,381,42,23,1,-1,-1,-1
95,-1,188,390,39,28,1,-1,-1,-1
95,-1,226,341,47,33,1,-1,-1,-1
95,-1,229,376,34,26,1,-1,-1,-1
95,-1,259,65,65,41,1,-1,-1,-1
95,-1,319,383,40,27,1,-1,-1,-1
95,-1,445,399,51,31,1,-1,-1,-1
95,-1,584,413,56,32,1,-1,-1,-1
95,-1,730,438,75,40,1,-1,-1,-1
96,-1,136,381,42,24,1,-1,-1,-1
96,-1,188,390,39,28,1,-1,-1,-1
96,-1,226,339,47,33,1,-1,-1,-1
96,-1,229,376,34,26,1,-1,-1,-1
96,-1,260,58,65,42,1,-1,-1,-1
96,-1,319,383,40,27,1,-1,-1,-1
96,-1,445,399,51,31,1,-1,-1,-1
96,-1,584,413,56,32,1,-1,-1,-1
96,-1,730,438,75,40,1,-1,-1,-1
97,-1,136,381,42,23,1,-1,-1,-1
97,-1,188,390,39,28,1,-1,-1,-1
97,-1,227,332,47,33,1,-1,-1,-1
97,-1,229,376,39,26,1,-1,-1,-1
97,-1,260,51,65,42,1,-1,-1,-1
97,-1,319,383,40,27,1,-1,-1,-1
97,-1,445,399,51,31,1,-1,-1,-1
97,-1,584,413,56,32,1,-1,-1,-1
97,-1,730,438,75,40,1,-1,-1,-1
98,-1,135,380,43,24,1,-1,-1,-1
98,-1,188,390,39,28,1,-1,-1,-1
98,-1,227,327,47,33,1,-1,-1,-1
98,-1,229,376,39,26,1,-1,-1,-1
98,-1,261,45,65,42,1,-1,-1,-1
98,-1,319,383,40,27,1,-1,-1,-1
98,-1,445,399,51,31,1,-1,-1,-1
98,-1,584,413,56,32,1,-1,-1,-1
98,-1,730,438,75,40,1,-1,-1,-1
99,-1,134,380,42,24,1,-1,-1,-1
99,-1,188,390,39,28,1,-1,-1,-1
99,-1,227,327,47,33,1,-1,-1,-1
99,-1,229,376,39,26,1,-1,-1,-1
99,-1,262,38,65,42,1,-1,-1,-1
99,-1,319,383,40,27,1,-1,-1,-1
99,-1,445,399,51,31,1,-1,-1,-1
99,-1,584,413,56,32,1,-1,-1,-1
99,-1,730,438,75,40,1,-1,-1,-1
100,-1,133,380,43,24,1,-1,-1,-1
100,-1,188,390,39,28,1,-1,-1,-1
100,-1,228,321,47,33,1,-1,-1,-1
100,-1,229,376,39,26,1,-1,-1,-1
100,-1,264,25,65,42,1,-1,-1,-1
100,-1,319,383,40,27,1,-1,-1,-1
100,-1,445,399,51,31,1,-1,-1,-1
100,-1,584,413,56,32,1,-1,-1,-1
100,-1,730,438,75,40,1,-1,-1,-1
101,-1,133,380,43,24,1,-1,-1,-1
101,-1,188,390,39,28,1,-1,-1,-1
101,-1,224,318,47,33,1,-1,-1,-1
101,-1,229,376,39,26,1,-1,-1,-1
101,-1,265,18,65,42,1,-1,-1,-1
101,-1,319,383,40,27,1,-1,-1,-1
101,-1,445,399,51,31,1,-1,-1,-1
101,-1,584,413,56,32,1,-1,-1,-1
101,-1,730,438,75,40,1,-1,-1,-1
102,-1,132,379,42,24,1,-1,-1,-1
102,-1,188,390,39,28,1,-1,-1,-1
102,-1,224,318,47,33,1,-1,-1,-1
102,-1,229,376,39,26,1,-1,-1,-1
102,-1,266,11,65,42,1,-1,-1,-1
102,-1,319,383,40,27,1,-1,-1,-1
102,-1,445,399,51,31,1,-1,-1,-1
102,-1,584,413,56,32,1,-1,-1,-1
102,-1,730,438,75,40,1,-1,-1,-1
103,-1,132,380,42,23,1,-1,-1,-1
103,-1,188,390,39,28,1,-1,-1,-1
103,-1,226,308,47,33,1,-1,-1,-1
103,-1,229,376,39,26,1,-1,-1,-1
103,-1,267,5,66,42,1,-1,-1,-1
103,-1,319,383,40,27,1,-1,-1,-1
103,-1,445,399,51,31,1,-1,-1,-1
103,-1,584,413,56,32,1,-1,-1,-1
103,-1,730,438,75,40,1,-1,-1,-1
104,-1,130,379,43,24,1,-1,-1,-1
104,-1,188,390,39,28,1,-1,-1,-1
104,-1,226,308,47,33,1,-1,-1,-1
104,-1,229,376,39,26,1,-1,-1,-1
104,-1,268,-2,66,42,1,-1,-1,-1
104,-1,319,383,40,27,1,-1,-1,-1
104,-1,445,399,51,31,1,-1,-1,-1
104,-1,584,413,56,32,1,-1,-1,-1
104,-1,730,438,75,40,1,-1,-1,-1
105,-1,130,377,42,23,1,-1,-1,-1
105,-1,188,390,39,28,1,-1,-1,-1
105,-1,223,299,47,33,1,-1,-1,-1
105,-1,229,376,39,26,1,-1,-1,-1
105,-1,270,-16,66,42,1,-1,-1,-1
105,-1,319,383,40,27,1,-1,-1,-1
105,-1,445,399,51,31,1,-1,-1,-1
105,-1,584,413,56,32,1,-1,-1,-1
105,-1,730,438,75,40,1,-1,-1,-1
106,-1,129,377,42,23,1,-1,-1,-1
106,-1,188,390,39,28,1,-1,-1,-1
106,-1,223,299,47,33,1,-1,-1,-1
106,-1,229,376,39,26,1,-1,-1,-1
106,-1,270,-16,66,42,1,-1,-1,-1
106,-1,319,383,40,27,1,-1,-1,-1
106,-1,445,399,51,31,1,-1,-1,-1
106,-1,584,413,56,32,1,-1,-1,-1
106,-1,730,438,75,40,1,-1,-1,-1
107,-1,129,376,42,23,1,-1,-1,-1
107,-1,188,390,39,28,1,-1,-1,-1
107,-1,225,289,47,33,1,-1,-1,-1
107,-1,229,376,39,26,1,-1,-1,-1
107,-1,270,-16,66,42,1,-1,-1,-1
107,-1,319,383,40,27,1,-1,-1,-1
107,-1,445,399,51,31,1,-1,-1,-1
107,-1,584,413,56,32,1,-1,-1,-1
107,-1,730,438,75,40,1,-1,-1,-1
108,-1,128,376,42,23,1,-1,-1,-1
108,-1,188,390,39,28,1,-1,-1,-1
108,-1,224,285,47,33,1,-1,-1,-1
108,-1,229,376,39,26,1,-1,-1,-1
108,-1,319,383,40,27,1,-1,-1,-1
108,-1,445,399,51,31,1,-1,-1,-1
108,-1,584,413,56,32,1,-1,-1,-1
108,-1,730,438,75,40,1,-1,-1,-1
109,-1,128,375,42,23,1,-1,-1,-1
109,-1,188,390,39,28,1,-1,-1,-1
109,-1,224,285,47,33,1,-1,-1,-1
109,-1,229,376,39,26,1,-1,-1,-1
109,-1,319,383,40,27,1,-1,-1,-1
109,-1,445,399,51,31,1,-1,-1,-1
109,-1,584,413,56,32,1,-1,-1,-1
109,-1,730,438,75,40,1,-1,-1,-1
110,-1,126,373,42,23,1,-1,-1,-1
110,-1,188,390,39,28,1,-1,-1,-1
110,-1,223,270,47,33,1,-1,-1,-1
110,-1,229,376,39,26,1,-1,-1,-1
110,-1,319,383,40,27,1,-1,-1,-1
110,-1,445,399,51,31,1,-1,-1,-1
110,-1,584,413,56,32,1,-1,-1,-1
110,-1,730,438,75,40,1,-1,-1,-1
111,-1,126,373,41,23,1,-1,-1,-1
111,-1,188,390,39,28,1,-1,-1,-1
111,-1,229,376,39,26,1,-1,-1,-1
111,-1,319,383,40,27,1,-1,-1,-1
111,-1,445,399,51,31,1,-1,-1,-1
111,-1,584,413,56,32,1,-1,-1,-1
111,-1,730,438,75,40,1,-1,-1,-1
112,-1,126,373,41,23,1,-1,-1,-1
112,-1,188,390,39,28,1,-1,-1,-1
112,-1,222,265,41,25,1,-1,-1,-1
112,-1,229,376,39,26,1,-1,-1,-1
112,-1,319,383,40,27,1,-1,-1,-1
112,-1,445,399,51,31,1,-1,-1,-1
112,-1,584,413,56,32,1,-1,-1,-1
112,-1,730,438,75,40,1,-1,-1,-1
113,-1,126,372,41,23,1,-1,-1,-1
113,-1,188,390,39,28,1,-1,-1,-1
113,-1,223,265,41,25,1,-1,-1,-1
113,-1,229,376,39,26,1,-1,-1,-1
113,-1,319,383,40,27,1,-1,-1,-1
113,-1,445,399,51,31,1,-1,-1,-1
113,-1,584,413,56,32,1,-1,-1,-1
113,-1,730,438,75,40,1,-1,-1,-1
114,-1,125,372,40,23,1,-1,-1,-1
114,-1,188,390,39,28,1,-1,-1,-1
114,-1,223,256,41,25,1,-1,-1,-1
114,-1,229,376,39,26,1,-1,-1,-1
114,-1,319,383,40,27,1,-1,-1,-1
114,-1,445,399,51,31,1,-1,-1,-1
114,-1,584,413,56,32,1,-1,-1,-1
114,-1,730,438,75,40,1,-1,-1,-1
115,-1,123,366,43,29,1,-1,-1,-1
115,-1,188,390,39,28,1,-1,-1,-1
115,-1,224,249,41,25,1,-1,-1,-1
115,-1,229,376,39,26,1,-1,-1,-1
115,-1,319,383,40,27,1,-1,-1,-1
115,-1,445,399,51,31,1,-1,-1,-1
115,-1,584,413,56,32,1,-1,-1,-1
115,-1,730,438,75,40,1,-1,-1,-1
116,-1,123,366,43,29,1,-1,-1,-1
116,-1,188,390,39,28,1,-1,-1,-1
116,-1,224,244,41,25,1,-1,-1,-1
116,-1,229,376,39,26,1,-1,-1,-1
116,-1,319,383,40,27,1,-1,-1,-1
116,-1,445,399,51,31,1,-1,-1,-1
116,-1,584,413,56,32,1,-1,-1,-1
116,-1,730,438,75,40,1,-1,-1,-1
117,-1,123,366,43,29,1,-1,-1,-1
117,-1,188,390,39,28,1,-1,-1,-1
117,-1,224,239,41,25,1,-1,-1,-1
117,-1,229,376,39,26,1,-1,-1,-1
117,-1,319,383,40,27,1,-1,-1,-1
117,-1,445,399,51,31,1,-1,-1,-1
117,-1,584,413,56,32,1,-1,-1,-1
117,-1,730,438,75,40,1,-1,-1,-1
118,-1,122,366,43,29,1,-1,-1,-1
118,-1,188,390,39,28,1,-1,-1,-1
118,-1,217,234,48,31,1,-1,-1,-1
118,-1,229,376,39,26,1,-1,-1,-1
118,-1,319,383,40,27,1,-1,-1,-1
118,-1,445,399,51,31,1,-1,-1,-1
118,-1,584,413,56,32,1,-1,-1,-1
118,-1,730,438,75,40,1,-1,-1,-1
119,-1,122,360,43,35,1,-1,-1,-1
119,-1,188,390,39,28,1,-1,-1,-1
119,-1,217,229,48,31,1,-1,-1,-1
119,-1,229,376,39,26,1,-1,-1,-1
119,-1,319,383,40,27,1,-1,-1,-1
119,-1,445,399,51,31,1,-1,-1,-1
119,-1,584,413,56,32,1,-1,-1,-1
119,-1,730,438,75,40,1,-1,-1,-1
120,-1,121,360,43,35,1,-1,-1,-1
120,-1,188,390,39,28,1,-1,-1,-1
120,-1,217,219,48,31,1,-1,-1,-1
120,-1,229,376,39,26,1,-1,-1,-1
120,-1,319,383,40,27,1,-1,-1,-1
120,-1,445,399,51,31,1,-1,-1,-1
120,-1,584,413,56,32,1,-1,-1,-1
120,-1,730,438,75,40,1,-1,-1,-1
121,-1,121,360,40,23,1,-1,-1,-1
121,-1,188,390,39,28,1,-1,-1,-1
121,-1,217,214,47,31,1,-1,-1,-1
121,-1,229,376,39,26,1,-1,-1,-1
121,-1,319,383,40,27,1,-1,-1,-1
121,-1,445,399,51,31,1,-1,-1,-1
121,-1,584,413,56,32,1,-1,-1,-1
121,-1,730,438,75,40,1,-1,-1,-1
122,-1,121,352,40,30,1,-1,-1,-1
122,-1,188,390,39,28,1,-1,-1,-1
122,-1,217,209,48,31,1,-1,-1,-1
122,-1,229,376,39,26,1,-1,-1,-1
122,-1,319,383,40,27,1,-1,-1,-1
122,-1,445,399,51,31,1,-1,-1,-1
122,-1,584,413,56,32,1,-1,-1,-1
122,-1,730,438,75,40,1,-1,-1,-1
123,-1,121,352,40,30,1,-1,-1,-1
123,-1,188,390,39,28,1,-1,-1,-1
123,-1,217,204,47,31,1,-1,-1,-1
123,-1,229,376,39,26,1,-1,-1,-1
123,-1,319,383,40,27,1,-1,-1,-1
123,-1,445,399,51,31,1,-1,-1,-1
123,-1,584,413,56,32,1,-1,-1,-1
123,-1,730,438,75,40,1,-1,-1,-1
124,-1,120,349,41,33,1,-1,-1,-1
124,-1,188,390,39,28,1,-1,-1,-1
124,-1,217,198,47,31,1,-1,-1,-1
124,-1,229,376,39,26,1,-1,-1,-1
124,-1,319,383,40,27,1,-1,-1,-1
124,-1,445,399,51,31,1,-1,-1,-1
124,-1,584,413,56,32,1,-1,-1,-1
124,-1,730,438,75,40,1,-1,-1,-1
125,-1,120,349,39,25,1,-1,-1,-1
125,-1,188,390,39,28,1,-1,-1,-1
125,-1,217,184,50,34,1,-1,-1,-1
125,-1,229,376,39,26,1,-1,-1,-1
125,-1,319,383,40,27,1,-1,-1,-1
125,-1,445,399,51,31,1,-1,-1,-1
125,-1,584,413,56,32,1,-1,-1,-1
125,-1,730,438,75,40,1,-1,-1,-1
126,-1,119,348,39,25,1,-1,-1,-1
126,-1,188,390,39,28,1,-1,-1,-1
126,-1,218,180,50,34,1,-1,-1,-1
126,-1,229,376,39,26,1,-1,-1,-1
126,-1,319,383,40,27,1,-1,-1,-1
126,-1,445,399,51,31,1,-1,-1,-1
126,-1,584,413,56,32,1,-1,-1,-1
126,-1,730,438,75,40,1,-1,-1,-1
127,-1,118,344,39,25,1,-1,-1,-1
127,-1,188,390,39,28,1,-1,-1,-1
127,-1,217,174,48,33,1,-1,-1,-1
127,-1,229,376,39,26,1,-1,-1,-1
127,-1,319,383,40,27,1,-1,-1,-1
127,-1,445,399,51,31,1,-1,-1,-1
127,-1,584,413,56,32,1,-1,-1,-1
127,-1,730,438,75,40,1,-1,-1,-1
128,-1,118,344,39,25,1,-1,-1,-1
128,-1,188,390,39,28,1,-1,-1,-1
128,-1,218,169,47,33,1,-1,-1,-1
128,-1,229,376,39,26,1,-1,-1,-1
128,-1,319,383,40,27,1,-1,-1,-1
128,-1,445,399,51,31,1,-1,-1,-1
128,-1,584,413,56,32,1,-1,-1,-1
128,-1,730,438,75,40,1,-1,-1,-1
129,-1,117,336,38,25,1,-1,-1,-1
129,-1,188,390,39,28,1,-1,-1,-1
129,-1,218,163,47,33,1,-1,-1,-1
129,-1,229,376,39,26,1,-1,-1,-1
129,-1,319,383,40,27,1,-1,-1,-1
129,-1,445,399,51,31,1,-1,-1,-1
129,-1,584,413,56,32,1,-1,-1,-1
129,-1,730,438,75,40,1,-1,-1,-1
130,-1,117,336,38,25,1,-1,-1,-1
130,-1,188,390,39,28,1,-1,-1,-1
130,-1,218,152,48,33,1,-1,-1,-1
130,-1,229,376,39,26,1,-1,-1,-1
130,-1,319,383,40,27,1,-1,-1,-1
130,-1,445,399,51,31,1,-1,-1,-1
130,-1,584,413,56,32,1,-1,-1,-1
130,-1,730,438,75,40,1,-1,-1,-1
131,-1,117,336,38,25,1,-1,-1,-1
131,-1,188,390,39,28,1,-1,-1,-1
131,-1,218,147,48,33,1,-1,-1,-1
131,-1,229,376,39,26,1,-1,-1,-1
131,-1,319,383,40,27,1,-1,-1,-1
131,-1,445,399,51,31,1,-1,-1,-1
131,-1,584,413,56,32,1,-1,-1,-1
131,-1,730,438,75,40,1,-1,-1,-1
132,-1,115,329,38,25,1,-1,-1,-1
132,-1,188,390,39,28,1,-1,-1,-1
132,-1,218,141,48,33,1,-1,-1,-1
132,-1,229,376,39,26,1,-1,-1,-1
132,-1,319,383,40,27,1,-1,-1,-1
132,-1,445,399,51,31,1,-1,-1,-1
132,-1,584,413,56,32,1,-1,-1,-1
132,-1,730,438,75,40,1,-1,-1,-1
133,-1,115,329,38,25,1,-1,-1,-1
133,-1,188,390,39,28,1,-1,-1,-1
133,-1,218,136,47,33,1,-1,-1,-1
133,-1,229,376,39,26,1,-1,-1,-1
133,-1,319,383,40,27,1,-1,-1,-1
133,-1,445,399,51,31,1,-1,-1,-1
133,-1,584,413,56,32,1,-1,-1,-1
133,-1,730,438,75,40,1,-1,-1,-1
134,-1,114,321,38,31,1,-1,-1,-1
134,-1,188,390,39,28,1,-1,-1,-1
134,-1,218,130,48,33,1,-1,-1,-1
134,-1,229,376,39,26,1,-1,-1,-1
134,-1,319,383,40,27,1,-1,-1,-1
134,-1,445,399,51,31,1,-1,-1,-1
134,-1,584,413,56,32,1,-1,-1,-1
134,-1,730,438,75,40,1,-1,-1,-1
135,-1,114,321,38,31,1,-1,-1,-1
135,-1,188,390,39,28,1,-1,-1,-1
135,-1,219,119,47,33,1,-1,-1,-1
135,-1,229,376,39,26,1,-1,-1,-1
135,-1,319,383,40,27,1,-1,-1,-1
135,-1,445,399,51,31,1,-1,-1,-1
135,-1,584,413,56,32,1,-1,-1,-1
135,-1,730,438,75,40,1,-1,-1,-1
136,-1,112,316,38,31,1,-1,-1,-1
136,-1,188,390,39,28,1,-1,-1,-1
136,-1,219,114,47,33,1,-1,-1,-1
136,-1,229,376,39,26,1,-1,-1,-1
136,-1,319,383,40,27,1,-1,-1,-1
136,-1,445,399,51,31,1,-1,-1,-1
136,-1,584,413,56,32,1,-1,-1,-1
136,-1,730,438,75,40,1,-1,-1,-1
137,-1,112,316,38,31,1,-1,-1,-1
137,-1,188,390,39,28,1,-1,-1,-1
137,-1,219,108,47,33,1,-1,-1,-1
137,-1,229,376,39,26,1,-1,-1,-1
137,-1,319,383,40,27,1,-1,-1,-1
137,-1,445,399,51,31,1,-1,-1,-1
137,-1,584,413,56,32,1,-1,-1,-1
137,-1,730,438,75,40,1,-1,-1,-1
138,-1,112,308,38,31,1,-1,-1,-1
138,-1,188,390,39,28,1,-1,-1,-1
138,-1,220,103,47,32,1,-1,-1,-1
138,-1,229,376,39,26,1,-1,-1,-1
138,-1,319,383,40,27,1,-1,-1,-1
138,-1,445,399,51,31,1,-1,-1,-1
138,-1,584,413,56,32,1,-1,-1,-1
138,-1,730,438,75,40,1,-1,-1,-1
139,-1,112,308,38,31,1,-1,-1,-1
139,-1,188,390,39,28,1,-1,-1,-1
139,-1,220,97,46,32,1,-1,-1,-1
139,-1,229,376,39,26,1,-1,-1,-1
139,-1,319,383,40,27,1,-1,-1,-1
139,-1,445,399,51,31,1,-1,-1,-1
139,-1,584,413,56,32,1,-1,-1,-1
139,-1,730,438,75,40,1,-1,-1,-1
140,-1,114,297,38,31,1,-1,-1,-1
140,-1,188,389,40,28,1,-1,-1,-1
140,-1,220,85,47,32,1,-1,-1,-1
140,-1,229,376,39,26,1,-1,-1,-1
140,-1,319,383,40,27,1,-1,-1,-1
140,-1,445,399,51,31,1,-1,-1,-1
140,-1,584,413,56,32,1,-1,-1,-1
140,-1,730,438,75,40,1,-1,-1,-1
141,-1,114,297,38,31,1,-1,-1,-1
141,-1,187,389,40,28,1,-1,-1,-1
141,-1,221,80,47,32,1,-1,-1,-1
141,-1,229,376,39,26,1,-1,-1,-1
141,-1,319,383,40,27,1,-1,-1,-1
141,-1,445,399,51,31,1,-1,-1,-1
141,-1,584,413,56,32,1,-1,-1,-1
141,-1,730,438,75,40,1,-1,-1,-1
142,-1,114,297,38,31,1,-1,-1,-1
142,-1,187,389,40,28,1,-1,-1,-1
142,-1,221,74,47,32,1,-1,-1,-1
142,-1,229,376,39,26,1,-1,-1,-1
142,-1,319,383,40,27,1,-1,-1,-1
142,-1,445,399,51,31,1,-1,-1,-1
142,-1,584,413,56,32,1,-1,-1,-1
142,-1,730,438,75,40,1,-1,-1,-1
143,-1,114,290,38,31,1,-1,-1,-1
143,-1,187,389,40,29,1,-1,-1,-1
143,-1,221,68,47,32,1,-1,-1,-1
143,-1,229,376,39,26,1,-1,-1,-1
143,-1,319,383,40,27,1,-1,-1,-1
143,-1,445,399,51,31,1,-1,-1,-1
143,-1,584,413,56,32,1,-1,-1,-1
143,-1,730,438,75,40,1,-1,-1,-1
144,-1,113,287,41,33,1,-1,-1,-1
144,-1,186,388,40,29,1,-1,-1,-1
144,-1,222,62,47,32,1,-1,-1,-1
144,-1,229,376,39,26,1,-1,-1,-1
144,-1,319,383,40,27,1,-1,-1,-1
144,-1,445,399,51,31,1,-1,-1,-1
144,-1,584,413,56,32,1,-1,-1,-1
144,-1,730,438,75,40,1,-1,-1,-1
145,-1,112,278,41,33,1,-1,-1,-1
145,-1,185,387,39,28,1,-1,-1,-1
145,-1,222,51,47,33,1,-1,-1,-1
145,-1,229,376,39,26,1,-1,-1,-1
145,-1,319,383,40,27,1,-1,-1,-1
145,-1,445,399,51,31,1,-1,-1,-1
145,-1,584,413,56,32,1,-1,-1,-1
145,-1,730,438,75,40,1,-1,-1,-1
146,-1,111,274,44,35,1,-1,-1,-1
146,-1,185,386,39,28,1,-1,-1,-1
146,-1,222,45,47,32,1,-1,-1,-1
146,-1,229,376,39,26,1,-1,-1,-1
146,-1,319,383,40,27,1,-1,-1,-1
146,-1,445,399,51,31,1,-1,-1,-1
146,-1,584,413,56,32,1,-1,-1,-1
146,-1,730,438,75,40,1,-1,-1,-1
147,-1,110,274,44,35,1,-1,-1,-1
147,-1,184,386,39,28,1,-1,-1,-1
147,-1,223,39,48,33,1,-1,-1,-1
147,-1,229,376,39,26,1,-1,-1,-1
147,-1,319,383,40,27,1,-1,-1,-1
147,-1,445,399,51,31,1,-1,-1,-1
147,-1,584,413,56,32,1,-1,-1,-1
147,-1,730,438,75,40,1,-1,-1,-1
148,-1,110,274,44,35,1,-1,-1,-1
148,-1,184,385,39,28,1,-1,-1,-1
148,-1,223,33,48,33,1,-1,-1,-1
148,-1,229,376,39,26,1,-1,-1,-1
148,-1,319,383,40,27,1,-1,-1,-1
148,-1,445,399,51,31,1,-1,-1,-1
148,-1,584,413,56,32,1,-1,-1,-1
148,-1,730,438,75,40,1,-1,-1,-1
149,-1,105,267,44,35,1,-1,-1,-1
149,-1,183,385,39,28,1,-1,-1,-1
149,-1,223,28,47,33,1,-1,-1,-1
149,-1,229,376,39,26,1,-1,-1,-1
149,-1,319,383,40,27,1,-1,-1,-1
149,-1,445,399,51,31,1,-1,-1,-1
149,-1,584,413,56,32,1,-1,-1,-1
149,-1,730,438,75,40,1,-1,-1,-1
150,-1,105,260,44,35,1,-1,-1,-1
150,-1,182,383,39,28,1,-1,-1,-1
150,-1,224,16,47,32,1,-1,-1,-1
150,-1,229,376,39,26,1,-1,-1,-1
150,-1,319,383,40,27,1,-1,-1,-1
150,-1,445,399,51,31,1,-1,-1,-1
150,-1,584,413,56,32,1,-1,-1,-1
150,-1,730,438,75,40,1,-1,-1,-1
151,-1,105,257,44,35,1,-1,-1,-1
151,-1,180,383,39,28,1,-1,-1,-1
151,-1,224,10,47,32,1,-1,-1,-1
151,-1,229,376,39,26,1,-1,-1,-1
151,-1,319,383,40,27,1,-1,-1,-1
151,-1,445,399,51,31,1,-1,-1,-1
151,-1,584,413,56,32,1,-1,-1,-1
151,-1,730,438,75,40,1,-1,-1,-1
152,-1,104,254,45,36,1,-1,-1,-1
152,-1,180,382,39,28,1,-1,-1,-1
152,-1,224,4,47,32,1,-1,-1,-1
152,-1,229,376,39,26,1,-1,-1,-1
152,-1,319,383,40,27,1,-1,-1,-1
152,-1,445,399,51,31,1,-1,-1,-1
152,-1,584,413,56,32,1,-1,-1,-1
152,-1,730,438,75,40,1,-1,-1,-1
153,-1,103,251,49,39,1,-1,-1,-1
153,-1,179,381,39,28,1,-1,-1,-1
153,-1,224,-2,48,33,1,-1,-1,-1
153,-1,229,376,39,26,1,-1,-1,-1
153,-1,319,383,40,27,1,-1,-1,-1
153,-1,445,399,51,31,1,-1,-1,-1
153,-1,584,413,56,32,1,-1,-1,-1
153,-1,730,438,75,40,1,-1,-1,-1
154,-1,109,248,43,34,1,-1,-1,-1
154,-1,179,381,39,28,1,-1,-1,-1
154,-1,225,-7,48,33,1,-1,-1,-1
154,-1,229,376,39,26,1,-1,-1,-1
154,-1,319,383,40,27,1,-1,-1,-1
154,-1,445,399,51,31,1,-1,-1,-1
154,-1,584,413,56,32,1,-1,-1,-1
154,-1,730,438,75,40,1,-1,-1,-1
155,-1,109,241,43,34,1,-1,-1,-1
155,-1,176,378,39,28,1,-1,-1,-1
155,-1,225,-7,48,33,1,-1,-1,-1
155,-1,229,376,39,26,1,-1,-1,-1
155,-1,319,383,40,27,1,-1,-1,-1
155,-1,445,399,51,31,1,-1,-1,-1
155,-1,584,413,56,32,1,-1,-1,-1
155,-1,730,438,75,40,1,-1,-1,-1
156,-1,110,237,43,34,1,-1,-1,-1
156,-1,176,377,37,27,1,-1,-1,-1
156,-1,225,-7,48,33,1,-1,-1,-1
156,-1,229,376,39,26,1,-1,-1,-1
156,-1,319,383,40,27,1,-1,-1,-1
156,-1,445,399,51,31,1,-1,-1,-1
156,-1,584,413,56,32,1,-1,-1,-1
156,-1,730,438,75,40,1,-1,-1,-1
157,-1,109,234,43,34,1,-1,-1,-1
157,-1,175,376,39,28,1,-1,-1,-1
157,-1,229,376,39,26,1,-1,-1,-1
157,-1,319,383,40,27,1,-1,-1,-1
157,-1,445,399,51,31,1,-1,-1,-1
157,-1,584,413,56,32,1,-1,-1,-1
157,-1,730,438,75,40,1,-1,-1,-1
158,-1,109,230,43,34,1,-1,-1,-1
158,-1,174,375,38,28,1,-1,-1,-1
158,-1,229,376,39,26,1,-1,-1,-1
158,-1,319,383,40,27,1,-1,-1,-1
158,-1,445,399,51,31,1,-1,-1,-1
158,-1,584,413,56,32,1,-1,-1,-1
158,-1,730,438,75,40,1,-1,-1,-1
159,-1,109,226,43,34,1,-1,-1,-1
159,-1,173,374,39,28,1,-1,-1,-1
159,-1,229,376,39,26,1,-1,-1,-1
159,-1,319,383,40,27,1,-1,-1,-1
159,-1,445,399,51,31,1,-1,-1,-1
159,-1,584,413,56,32,1,-1,-1,-1
159,-1,730,438,75,40,1,-1,-1,-1
160,-1,109,222,43,34,1,-1,-1,-1
160,-1,173,372,38,28,1,-1,-1,-1
160,-1,229,376,39,26,1,-1,-1,-1
160,-1,319,383,40,27,1,-1,-1,-1
160,-1,445,399,51,31,1,-1,-1,-1
160,-1,584,413,56,32,1,-1,-1,-1
160,-1,730,438,75,40,1,-1,-1,-1
161,-1,109,214,44,35,1,-1,-1,-1
161,-1,171,369,38,27,1,-1,-1,-1
161,-1,229,376,39,26,1,-1,-1,-1
161,-1,319,383,40,27,1,-1,-1,-1
161,-1,445,399,51,31,1,-1,-1,-1
161,-1,584,413,56,32,1,-1,-1,-1
161,-1,730,438,75,40,1,-1,-1,-1
162,-1,109,211,44,34,1,-1,-1,-1
162,-1,171,368,37,27,1,-1,-1,-1
162,-1,229,376,39,26,1,-1,-1,-1
162,-1,319,383,40,27,1,-1,-1,-1
162,-1,445,399,51,31,1,-1,-1,-1
162,-1,584,413,56,32,1,-1,-1,-1
162,-1,730,438,75,40,1,-1,-1,-1
163,-1,109,207,44,35,1,-1,-1,-1
163,-1,170,367,37,27,1,-1,-1,-1
163,-1,229,376,39,26,1,-1,-1,-1
163,-1,319,383,40,27,1,-1,-1,-1
163,-1,445,399,51,31,1,-1,-1,-1
163,-1,584,413,56,32,1,-1,-1,-1
163,-1,730,438,75,40,1,-1,-1,-1
164,-1,109,203,44,35,1,-1,-1,-1
164,-1,170,367,37,26,1,-1,-1,-1
164,-1,229,376,39,26,1,-1,-1,-1
164,-1,319,383,40,27,1,-1,-1,-1
164,-1,445,399,51,31,1,-1,-1,-1
164,-1,584,413,56,32,1,-1,-1,-1
164,-1,730,438,75,40,1,-1,-1,-1
165,-1,111,200,41,32,1,-1,-1,-1
165,-1,168,366,38,27,1,-1,-1,-1
165,-1,229,376,39,26,1,-1,-1,-1
165,-1,319,383,40,27,1,-1,-1,-1
165,-1,445,399,51,31,1,-1,-1,-1
165,-1,584,413,56,32,1,-1,-1,-1
165,-1,730,438,75,40,1,-1,-1,-1
166,-1,111,192,42,33,1,-1,-1,-1
166,-1,169,359,38,27,1,-1,-1,-1
166,-1,229,376,39,26,1,-1,-1,-1
166,-1,319,383,40,27,1,-1,-1,-1
166,-1,445,399,51,31,1,-1,-1,-1
166,-1,584,413,56,32,1,-1,-1,-1
166,-1,730,438,75,40,1,-1,-1,-1
167,-1,110,189,38,26,1,-1,-1,-1
167,-1,168,358,38,27,1,-1,-1,-1
167,-1,229,376,39,26,1,-1,-1,-1
167,-1,319,383,40,27,1,-1,-1,-1
167,-1,445,399,51,31,1,-1,-1,-1
167,-1,584,413,56,32,1,-1,-1,-1
167,-1,730,438,75,40,1,-1,-1,-1
168,-1,110,185,39,27,1,-1,-1,-1
168,-1,168,359,38,27,1,-1,-1,-1
168,-1,229,376,39,26,1,-1,-1,-1
168,-1,319,383,40,27,1,-1,-1,-1
168,-1,445,399,51,31,1,-1,-1,-1
168,-1,584,413,56,32,1,-1,-1,-1
168,-1,730,438,75,40,1,-1,-1,-1
169,-1,109,182,44,30,1,-1,-1,-1
169,-1,167,352,39,34,1,-1,-1,-1
169,-1,229,376,39,26,1,-1,-1,-1
169,-1,319,383,40,27,1,-1,-1,-1
169,-1,445,399,51,31,1,-1,-1,-1
169,-1,584,413,56,32,1,-1,-1,-1
169,-1,730,438,75,40,1,-1,-1,-1
170,-1,108,179,46,32,1,-1,-1,-1
170,-1,167,352,39,34,1,-1,-1,-1
170,-1,229,376,39,26,1,-1,-1,-1
170,-1,319,383,40,27,1,-1,-1,-1
170,-1,445,399,51,31,1,-1,-1,-1
170,-1,584,413,56,32,1,-1,-1,-1
170,-1,730,438,75,40,1,-1,-1,-1
171,-1,106,168,46,32,1,-1,-1,-1
171,-1,165,342,38,34,1,-1,-1,-1
171,-1,229,376,39,26,1,-1,-1,-1
171,-1,319,383,40,27,1,-1,-1,-1
171,-1,445,399,51,31,1,-1,-1,-1
171,-1,584,413,56,32,1,-1,-1,-1
171,-1,730,438,75,40,1,-1,-1,-1
172,-1,106,164,46,32,1,-1,-1,-1
172,-1,165,341,38,34,1,-1,-1,-1
172,-1,229,376,39,26,1,-1,-1,-1
172,-1,319,383,40,27,1,-1,-1,-1
172,-1,445,399,51,31,1,-1,-1,-1
172,-1,584,413,56,32,1,-1,-1,-1
172,-1,730,438,75,40,1,-1,-1,-1
173,-1,106,160,46,32,1,-1,-1,-1
173,-1,165,342,38,34,1,-1,-1,-1
173,-1,229,376,39,26,1,-1,-1,-1
173,-1,319,383,40,27,1,-1,-1,-1
173,-1,445,399,51,31,1,-1,-1,-1
173,-1,584,413,56,32,1,-1,-1,-1
173,-1,730,438,75,40,1,-1,-1,-1
174,-1,106,156,46,32,1,-1,-1,-1
174,-1,165,334,38,34,1,-1,-1,-1
174,-1,229,376,39,26,1,-1,-1,-1
174,-1,319,383,40,27,1,-1,-1,-1
174,-1,445,399,51,31,1,-1,-1,-1
174,-1,584,413,56,32,1,-1,-1,-1
174,-1,730,438,75,40,1,-1,-1,-1
175,-1,106,152,47,32,1,-1,-1,-1
175,-1,164,332,39,35,1,-1,-1,-1
175,-1,229,376,39,26,1,-1,-1,-1
175,-1,319,383,40,27,1,-1,-1,-1
175,-1,445,399,51,31,1,-1,-1,-1
175,-1,584,413,56,32,1,-1,-1,-1
175,-1,730,438,75,40,1,-1,-1,-1
176,-1,106,144,47,32,1,-1,-1,-1
176,-1,166,328,38,34,1,-1,-1,-1
176,-1,229,376,39,26,1,-1,-1,-1
176,-1,319,383,40,27,1,-1,-1,-1
176,-1,445,399,51,31,1,-1,-1,-1
176,-1,584,413,56,32,1,-1,-1,-1
176,-1,730,438,75,40,1,-1,-1,-1
177,-1,106,140,47,32,1,-1,-1,-1
177,-1,166,328,38,34,1,-1,-1,-1
177,-1,229,376,39,26,1,-1,-1,-1
177,-1,319,383,40,27,1,-1,-1,-1
177,-1,445,399,51,31,1,-1,-1,-1
177,-1,584,413,56,32,1,-1,-1,-1
177,-1,730,438,75,40,1,-1,-1,-1
178,-1,105,137,47,33,1,-1,-1,-1
178,-1,166,320,38,34,1,-1,-1,-1
178,-1,229,376,39,26,1,-1,-1,-1
178,-1,319,383,40,27,1,-1,-1,-1
178,-1,445,399,51,31,1,-1,-1,-1
178,-1,584,413,56,32,1,-1,-1,-1
178,-1,730,438,75,40,1,-1,-1,-1
179,-1,105,133,49,34,1,-1,-1,-1
179,-1,166,320,38,34,1,-1,-1,-1
179,-1,229,376,39,26,1,-1,-1,-1
179,-1,319,383,40,27,1,-1,-1,-1
179,-1,445,399,51,31,1,-1,-1,-1
179,-1,584,413,56,32,1,-1,-1,-1
179,-1,730,438,75,40,1,-1,-1,-1
180,-1,105,129,48,26,1,-1,-1,-1
180,-1,166,315,38,34,1,-1,-1,-1
180,-1,229,376,39,26,1,-1,-1,-1
180,-1,319,383,40,27,1,-1,-1,-1
180,-1,445,399,51,31,1,-1,-1,-1
180,-1,584,413,56,32,1,-1,-1,-1
180,-1,730,438,75,40,1,-1,-1,-1
181,-1,105,121,48,26,1,-1,-1,-1
181,-1,165,310,38,34,1,-1,-1,-1
181,-1,229,376,39,26,1,-1,-1,-1
181,-1,319,383,40,27,1,-1,-1,-1
181,-1,445,399,51,31,1,-1,-1,-1
181,-1,584,413,56,32,1,-1,-1,-1
181,-1,730,438,75,40,1,-1,-1,-1
