1,-1,137.0,381.0,43.0,24.0,1.000000
1,-1,188.0,390.0,39.0,28.0,1.000000
1,-1,229.0,377.0,34.0,23.0,1.000000
1,-1,254.0,410.0,43.0,29.0,1.000000
1,-1,271.0,431.0,56.0,37.0,1.000000
1,-1,319.0,383.0,40.0,27.0,1.000000
1,-1,414.0,464.0,73.0,14.0,1.000000
1,-1,445.0,399.0,51.0,31.0,1.000000
1,-1,584.0,413.0,56.0,32.0,1.000000
1,-1,730.0,438.0,75.0,40.0,1.000000
2,-1,137.0,381.0,43.0,24.0,1.000000
2,-1,188.0,390.0,39.0,28.0,1.000000
2,-1,229.0,377.0,34.0,23.0,1.000000
2,-1,254.0,410.0,43.0,29.0,1.000000
2,-1,271.0,431.0,56.0,37.0,1.000000
2,-1,319.0,383.0,40.0,27.0,1.000000
2,-1,414.0,464.0,73.0,14.0,1.000000
2,-1,445.0,399.0,51.0,31.0,1.000000
2,-1,584.0,413.0,56.0,32.0,1.000000
2,-1,730.0,438.0,75.0,40.0,1.000000
3,-1,137.0,381.0,43.0,24.0,1.000000
3,-1,188.0,390.0,39.0,28.0,1.000000
3,-1,229.0,377.0,34.0,23.0,1.000000
3,-1,254.0,410.0,43.0,29.0,1.000000
3,-1,271.0,431.0,56.0,37.0,1.000000
3,-1,319.0,383.0,40.0,27.0,1.000000
3,-1,414.0,464.0,73.0,14.0,1.000000
3,-1,445.0,399.0,51.0,31.0,1.000000
3,-1,584.0,413.0,56.0,32.0,1.000000
3,-1,730.0,438.0,75.0,40.0,1.000000
4,-1,137.0,381.0,43.0,24.0,1.000000
4,-1,188.0,390.0,39.0,28.0,1.000000
4,-1,229.0,377.0,34.0,23.0,1.000000
4,-1,254.0,410.0,43.0,29.0,1.000000
4,-1,271.0,431.0,56.0,37.0,1.000000
4,-1,319.0,383.0,40.0,27.0,1.000000
4,-1,414.0,464.0,72.0,14.0,1.000000
4,-1,445.0,399.0,51.0,31.0,1.000000
4,-1,584.0,413.0,56.0,32.0,1.000000
4,-1,730.0,438.0,75.0,40.0,1.000000
5,-1,137.0,381.0,43.0,24.0,1.000000
5,-1,188.0,390.0,39.0,28.0,1.000000
5,-1,229.0,377.0,34.0,23.0,1.000000
5,-1,254.0,410.0,43.0,29.0,1.000000
5,-1,271.0,431.0,56.0,37.0,1.000000
5,-1,319.0,383.0,40.0,27.0,1.000000
5,-1,413.0,464.0,73.0,14.0,1.000000
5,-1,445.0,399.0,51.0,31.0,1.000000
5,-1,584.0,413.0,56.0,32.0,1.000000
5,-1,730.0,438.0,75.0,40.0,1.000000
6,-1,137.0,381.0,43.0,24.0,1.000000
6,-1,188.0,390.0,39.0,28.0,1.000000
6,-1,229.0,377.0,34.0,23.0,1.000000
6,-1,254.0,410.0,43.0,29.0,1.000000
6,-1,271.0,431.0,56.0,37.0,1.000000
6,-1,319.0,383.0,40.0,27.0,1.000000
6,-1,413.0,463.0,72.0,14.0,1.000000
6,-1,445.0,399.0,51.0,31.0,1.000000
6,-1,584.0,413.0,56.0,32.0,1.000000
6,-1,730.0,438.0,75.0,40.0,1.000000
7,-1,137.0,381.0,43.0,24.0,1.000000
7,-1,188.0,390.0,39.0,28.0,1.000000
7,-1,229.0,377.0,34.0,23.0,1.000000
7,-1,254.0,410.0,43.0,29.0,1.000000
7,-1,271.0,431.0,56.0,37.0,1.000000
7,-1,319.0,383.0,40.0,27.0,1.000000
7,-1,413.0,463.0,73.0,14.0,1.000000
7,-1,445.0,399.0,51.0,31.0,1.000000
7,-1,584.0,413.0,56.0,32.0,1.000000
7,-1,730.0,438.0,75.0,40.0,1.000000
8,-1,137.0,381.0,43.0,24.0,1.000000
8,-1,188.0,390.0,39.0,28.0,1.000000
8,-1,229.0,377.0,34.0,23.0,1.000000
8,-1,254.0,410.0,43.0,29.0,1.000000
8,-1,271.0,431.0,56.0,37.0,1.000000
8,-1,319.0,383.0,40.0,27.0,1.000000
8,-1,413.0,463.0,73.0,14.0,1.000000
8,-1,445.0,399.0,51.0,31.0,1.000000
8,-1,584.0,413.0,56.0,32.0,1.000000
8,-1,730.0,438.0,75.0,40.0,1.000000
9,-1,137.0,381.0,43.0,24.0,1.000000
9,-1,188.0,390.0,39.0,28.0,1.000000
9,-1,229.0,377.0,34.0,23.0,1.000000
9,-1,254.0,410.0,43.0,29.0,1.000000
9,-1,271.0,431.0,56.0,37.0,1.000000
9,-1,319.0,383.0,40.0,27.0,1.000000
9,-1,412.0,463.0,73.0,14.0,1.000000
9,-1,445.0,399.0,51.0,31.0,1.000000
9,-1,584.0,413.0,56.0,32.0,1.000000
9,-1,730.0,438.0,75.0,40.0,1.000000
10,-1,137.0,381.0,43.0,24.0,1.000000
10,-1,188.0,390.0,39.0,28.0,1.000000
10,-1,229.0,377.0,34.0,23.0,1.000000
10,-1,254.0,410.0,43.0,29.0,1.000000
10,-1,271.0,431.0,56.0,37.0,1.000000
10,-1,319.0,383.0,40.0,27.0,1.000000
10,-1,412.0,462.0,73.0,14.0,1.000000
10,-1,445.0,399.0,51.0,31.0,1.000000
10,-1,584.0,413.0,56.0,32.0,1.000000
10,-1,730.0,438.0,75.0,40.0,1.000000
11,-1,137.0,381.0,43.0,24.0,1.000000
11,-1,188.0,390.0,39.0,28.0,1.000000
11,-1,229.0,377.0,34.0,23.0,1.000000
11,-1,254.0,410.0,43.0,29.0,1.000000
11,-1,271.0,431.0,56.0,37.0,1.000000
11,-1,319.0,383.0,40.0,27.0,1.000000
11,-1,412.0,462.0,73.0,14.0,1.000000
11,-1,445.0,399.0,51.0,31.0,1.000000
11,-1,584.0,413.0,56.0,32.0,1.000000
11,-1,730.0,438.0,75.0,40.0,1.000000
12,-1,137.0,381.0,43.0,24.0,1.000000
12,-1,188.0,390.0,39.0,28.0,1.000000
12,-1,229.0,377.0,34.0,23.0,1.000000
12,-1,254.0,410.0,43.0,29.0,1.000000
12,-1,271.0,431.0,56.0,37.0,1.000000
12,-1,319.0,383.0,40.0,27.0,1.000000
12,-1,412.0,462.0,73.0,14.0,1.000000
12,-1,445.0,399.0,51.0,31.0,1.000000
12,-1,584.0,413.0,56.0,32.0,1.000000
12,-1,730.0,438.0,75.0,40.0,1.000000
13,-1,137.0,381.0,43.0,24.0,1.000000
13,-1,188.0,390.0,39.0,28.0,1.000000
13,-1,229.0,377.0,34.0,23.0,1.000000
13,-1,254.0,410.0,43.0,29.0,1.000000
13,-1,271.0,431.0,56.0,37.0,1.000000
13,-1,319.0,383.0,40.0,27.0,1.000000
13,-1,412.0,461.0,70.0,20.0,1.000000
13,-1,445.0,399.0,51.0,31.0,1.000000
13,-1,584.0,413.0,56.0,32.0,1.000000
13,-1,730.0,438.0,75.0,40.0,1.000000
14,-1,137.0,381.0,43.0,24.0,1.000000
14,-1,188.0,390.0,39.0,28.0,1.000000
14,-1,229.0,377.0,34.0,23.0,1.000000
14,-1,254.0,410.0,43.0,29.0,1.000000
14,-1,271.0,431.0,56.0,37.0,1.000000
14,-1,319.0,383.0,40.0,27.0,1.000000
14,-1,412.0,460.0,70.0,17.0,1.000000
14,-1,445.0,399.0,51.0,31.0,1.000000
14,-1,584.0,413.0,56.0,32.0,1.000000
14,-1,730.0,438.0,75.0,40.0,1.000000
15,-1,137.0,381.0,43.0,24.0,1.000000
15,-1,188.0,390.0,39.0,28.0,1.000000
15,-1,229.0,377.0,34.0,23.0,1.000000
15,-1,254.0,410.0,43.0,29.0,1.000000
15,-1,271.0,431.0,56.0,37.0,1.000000
15,-1,319.0,383.0,40.0,27.0,1.000000
15,-1,411.0,458.0,69.0,17.0,1.000000
15,-1,445.0,399.0,51.0,31.0,1.000000
15,-1,584.0,413.0,56.0,32.0,1.000000
15,-1,730.0,438.0,75.0,40.0,1.000000
16,-1,137.0,381.0,43.0,24.0,1.000000
16,-1,188.0,390.0,39.0,28.0,1.000000
16,-1,229.0,377.0,34.0,23.0,1.000000
16,-1,254.0,410.0,43.0,29.0,1.000000
16,-1,271.0,431.0,56.0,37.0,1.000000
16,-1,319.0,383.0,40.0,27.0,1.000000
16,-1,409.0,455.0,72.0,25.0,1.000000
16,-1,445.0,399.0,51.0,31.0,1.000000
16,-1,584.0,413.0,56.0,32.0,1.000000
16,-1,730.0,438.0,75.0,40.0,1.000000
17,-1,137.0,381.0,43.0,24.0,1.000000
17,-1,188.0,390.0,39.0,28.0,1.000000
17,-1,229.0,377.0,34.0,23.0,1.000000
17,-1,254.0,410.0,43.0,29.0,1.000000
17,-1,271.0,430.0,56.0,37.0,1.000000
17,-1,319.0,383.0,40.0,27.0,1.000000
17,-1,409.0,454.0,72.0,23.0,1.000000
17,-1,445.0,399.0,51.0,31.0,1.000000
17,-1,584.0,413.0,56.0,32.0,1.000000
17,-1,730.0,438.0,75.0,40.0,1.000000
18,-1,137.0,381.0,43.0,24.0,1.000000
18,-1,188.0,390.0,39.0,28.0,1.000000
18,-1,229.0,377.0,34.0,23.0,1.000000
18,-1,254.0,410.0,43.0,29.0,1.000000
18,-1,271.0,430.0,56.0,37.0,1.000000
18,-1,319.0,383.0,40.0,27.0,1.000000
18,-1,408.0,452.0,72.0,23.0,1.000000
18,-1,445.0,399.0,51.0,31.0,1.000000
18,-1,584.0,413.0,56.0,32.0,1.000000
18,-1,730.0,438.0,75.0,40.0,1.000000
19,-1,137.0,381.0,43.0,24.0,1.000000
19,-1,188.0,390.0,39.0,28.0,1.000000
19,-1,229.0,377.0,34.0,23.0,1.000000
19,-1,254.0,410.0,43.0,29.0,1.000000
19,-1,270.0,430.0,56.0,37.0,1.000000
19,-1,319.0,383.0,40.0,27.0,1.000000
19,-1,407.0,451.0,73.0,30.0,1.000000
19,-1,445.0,399.0,51.0,31.0,1.000000
19,-1,584.0,413.0,56.0,32.0,1.000000
19,-1,730.0,438.0,75.0,40.0,1.000000
20,-1,137.0,381.0,43.0,24.0,1.000000
20,-1,188.0,390.0,39.0,28.0,1.000000
20,-1,229.0,377.0,34.0,23.0,1.000000
20,-1,254.0,410.0,43.0,29.0,1.000000
20,-1,269.0,430.0,56.0,37.0,1.000000
20,-1,319.0,383.0,40.0,27.0,1.000000
20,-1,406.0,443.0,72.0,32.0,1.000000
20,-1,445.0,399.0,51.0,31.0,1.000000
20,-1,584.0,413.0,56.0,32.0,1.000000
20,-1,730.0,438.0,75.0,40.0,1.000000
21,-1,137.0,381.0,43.0,24.0,1.000000
21,-1,188.0,390.0,39.0,28.0,1.000000
21,-1,229.0,377.0,34.0,23.0,1.000000
21,-1,254.0,410.0,43.0,29.0,1.000000
21,-1,269.0,430.0,56.0,37.0,1.000000
21,-1,319.0,383.0,40.0,27.0,1.000000
21,-1,405.0,441.0,74.0,37.0,1.000000
21,-1,445.0,399.0,51.0,31.0,1.000000
21,-1,584.0,413.0,56.0,32.0,1.000000
21,-1,730.0,438.0,75.0,40.0,1.000000
22,-1,137.0,381.0,43.0,24.0,1.000000
22,-1,188.0,390.0,39.0,28.0,1.000000
22,-1,229.0,377.0,34.0,23.0,1.000000
22,-1,254.0,410.0,43.0,29.0,1.000000
22,-1,268.0,430.0,56.0,37.0,1.000000
22,-1,319.0,383.0,40.0,27.0,1.000000
22,-1,404.0,440.0,75.0,37.0,1.000000
22,-1,445.0,399.0,51.0,31.0,1.000000
22,-1,584.0,413.0,56.0,32.0,1.000000
22,-1,730.0,438.0,75.0,40.0,1.000000
23,-1,137.0,381.0,43.0,24.0,1.000000
23,-1,188.0,390.0,39.0,28.0,1.000000
23,-1,229.0,377.0,34.0,23.0,1.000000
23,-1,254.0,410.0,43.0,29.0,1.000000
23,-1,266.0,429.0,56.0,37.0,1.000000
23,-1,319.0,383.0,40.0,27.0,1.000000
23,-1,403.0,437.0,77.0,38.0,1.000000
23,-1,445.0,399.0,51.0,31.0,1.000000
23,-1,584.0,413.0,56.0,32.0,1.000000
23,-1,730.0,438.0,75.0,40.0,1.000000
24,-1,137.0,381.0,43.0,24.0,1.000000
24,-1,188.0,390.0,39.0,28.0,1.000000
24,-1,229.0,377.0,34.0,23.0,1.000000
24,-1,254.0,410.0,43.0,29.0,1.000000
24,-1,265.0,429.0,57.0,38.0,1.000000
24,-1,319.0,383.0,40.0,27.0,1.000000
24,-1,403.0,434.0,74.0,37.0,1.000000
24,-1,445.0,399.0,51.0,31.0,1.000000
24,-1,584.0,413.0,56.0,32.0,1.000000
24,-1,730.0,438.0,75.0,40.0,1.000000
25,-1,137.0,381.0,43.0,24.0,1.000000
25,-1,188.0,390.0,39.0,28.0,1.000000
25,-1,229.0,377.0,34.0,23.0,1.000000
25,-1,254.0,410.0,43.0,29.0,1.000000
25,-1,262.0,428.0,58.0,38.0,1.000000
25,-1,319.0,383.0,40.0,27.0,1.000000
25,-1,398.0,427.0,77.0,42.0,1.000000
25,-1,445.0,399.0,51.0,31.0,1.000000
25,-1,584.0,413.0,56.0,32.0,1.000000
25,-1,730.0,438.0,75.0,40.0,1.000000
26,-1,137.0,381.0,43.0,24.0,1.000000
26,-1,188.0,390.0,39.0,28.0,1.000000
26,-1,229.0,377.0,34.0,23.0,1.000000
26,-1,254.0,410.0,43.0,29.0,1.000000
26,-1,261.0,427.0,56.0,37.0,1.000000
26,-1,319.0,383.0,40.0,27.0,1.000000
26,-1,396.0,424.0,79.0,43.0,1.000000
26,-1,445.0,399.0,51.0,31.0,1.000000
26,-1,584.0,413.0,56.0,32.0,1.000000
26,-1,730.0,438.0,75.0,40.0,1.000000
27,-1,137.0,381.0,43.0,24.0,1.000000
27,-1,188.0,390.0,39.0,28.0,1.000000
27,-1,229.0,377.0,34.0,23.0,1.000000
27,-1,254.0,410.0,43.0,29.0,1.000000
27,-1,260.0,426.0,57.0,37.0,1.000000
27,-1,319.0,383.0,40.0,27.0,1.000000
27,-1,396.0,420.0,78.0,43.0,1.000000
27,-1,445.0,399.0,51.0,31.0,1.000000
27,-1,584.0,413.0,56.0,32.0,1.000000
27,-1,730.0,438.0,75.0,40.0,1.000000
28,-1,137.0,381.0,43.0,24.0,1.000000
28,-1,188.0,390.0,39.0,28.0,1.000000
28,-1,229.0,377.0,34.0,23.0,1.000000
28,-1,254.0,410.0,43.0,29.0,1.000000
28,-1,259.0,426.0,56.0,37.0,1.000000
28,-1,319.0,383.0,40.0,27.0,1.000000
28,-1,396.0,417.0,77.0,42.0,1.000000
28,-1,445.0,399.0,51.0,31.0,1.000000
28,-1,584.0,413.0,56.0,32.0,1.000000
28,-1,730.0,438.0,75.0,40.0,1.000000
29,-1,137.0,381.0,43.0,24.0,1.000000
29,-1,188.0,390.0,39.0,28.0,1.000000
29,-1,229.0,377.0,34.0,23.0,1.000000
29,-1,254.0,410.0,43.0,29.0,1.000000
29,-1,258.0,425.0,56.0,37.0,1.000000
29,-1,319.0,383.0,40.0,27.0,1.000000
29,-1,395.0,413.0,77.0,42.0,1.000000
29,-1,445.0,399.0,51.0,31.0,1.000000
29,-1,584.0,413.0,56.0,32.0,1.000000
29,-1,730.0,438.0,75.0,40.0,1.000000
30,-1,137.0,381.0,43.0,24.0,1.000000
30,-1,188.0,390.0,39.0,28.0,1.000000
30,-1,229.0,377.0,34.0,23.0,1.000000
30,-1,254.0,410.0,43.0,29.0,1.000000
30,-1,256.0,423.0,57.0,38.0,1.000000
30,-1,319.0,383.0,40.0,27.0,1.000000
30,-1,394.0,405.0,77.0,42.0,1.000000
30,-1,445.0,399.0,51.0,31.0,1.000000
30,-1,584.0,413.0,56.0,32.0,1.000000
30,-1,730.0,438.0,75.0,40.0,1.000000
31,-1,137.0,381.0,43.0,24.0,1.000000
31,-1,188.0,390.0,39.0,28.0,1.000000
31,-1,229.0,377.0,34.0,23.0,1.000000
31,-1,254.0,410.0,43.0,29.0,1.000000
31,-1,257.0,424.0,55.0,32.0,1.000000
31,-1,319.0,383.0,40.0,27.0,1.000000
31,-1,393.0,401.0,77.0,42.0,1.000000
31,-1,445.0,399.0,51.0,31.0,1.000000
31,-1,584.0,413.0,56.0,32.0,1.000000
31,-1,730.0,438.0,75.0,40.0,1.000000
32,-1,137.0,381.0,43.0,24.0,1.000000
32,-1,188.0,390.0,39.0,28.0,1.000000
32,-1,229.0,377.0,34.0,23.0,1.000000
32,-1,254.0,410.0,43.0,29.0,1.000000
32,-1,256.0,423.0,56.0,33.0,1.000000
32,-1,319.0,383.0,40.0,27.0,1.000000
32,-1,393.0,398.0,78.0,42.0,1.000000
32,-1,445.0,399.0,51.0,31.0,1.000000
32,-1,584.0,413.0,56.0,32.0,1.000000
32,-1,730.0,438.0,75.0,40.0,1.000000
33,-1,137.0,381.0,43.0,24.0,1.000000
33,-1,188.0,390.0,39.0,28.0,1.000000
33,-1,229.0,377.0,34.0,23.0,1.000000
33,-1,254.0,410.0,43.0,29.0,1.000000
33,-1,254.0,421.0,57.0,33.0,1.000000
33,-1,319.0,383.0,40.0,27.0,1.000000
33,-1,391.0,387.0,81.0,52.0,1.000000
33,-1,445.0,399.0,51.0,31.0,1.000000
33,-1,584.0,413.0,56.0,32.0,1.000000
33,-1,730.0,438.0,75.0,40.0,1.000000
34,-1,137.0,381.0,43.0,24.0,1.000000
34,-1,188.0,390.0,39.0,28.0,1.000000
34,-1,229.0,377.0,34.0,23.0,1.000000
34,-1,253.0,420.0,57.0,34.0,1.000000
34,-1,254.0,410.0,43.0,29.0,1.000000
34,-1,319.0,383.0,40.0,27.0,1.000000
34,-1,390.0,385.0,82.0,52.0,1.000000
34,-1,445.0,399.0,51.0,31.0,1.000000
34,-1,584.0,413.0,56.0,32.0,1.000000
34,-1,730.0,438.0,75.0,40.0,1.000000
35,-1,137.0,381.0,43.0,24.0,1.000000
35,-1,188.0,390.0,39.0,28.0,1.000000
35,-1,229.0,377.0,34.0,23.0,1.000000
35,-1,251.0,411.0,57.0,31.0,1.000000
35,-1,319.0,383.0,40.0,27.0,1.000000
35,-1,391.0,372.0,82.0,52.0,1.000000
35,-1,445.0,399.0,51.0,31.0,1.000000
35,-1,584.0,413.0,56.0,32.0,1.000000
35,-1,730.0,438.0,75.0,40.0,1.000000
36,-1,137.0,381.0,43.0,24.0,1.000000
36,-1,188.0,390.0,39.0,28.0,1.000000
36,-1,229.0,377.0,34.0,23.0,1.000000
36,-1,250.0,410.0,57.0,31.0,1.000000
36,-1,319.0,383.0,40.0,27.0,1.000000
36,-1,391.0,372.0,79.0,45.0,1.000000
36,-1,445.0,399.0,51.0,31.0,1.000000
36,-1,584.0,413.0,56.0,32.0,1.000000
36,-1,730.0,438.0,75.0,40.0,1.000000
37,-1,137.0,381.0,43.0,24.0,1.000000
37,-1,188.0,390.0,39.0,28.0,1.000000
37,-1,229.0,377.0,34.0,23.0,1.000000
37,-1,250.0,410.0,57.0,31.0,1.000000
37,-1,319.0,383.0,40.0,27.0,1.000000
37,-1,390.0,363.0,81.0,46.0,1.000000
37,-1,445.0,399.0,51.0,31.0,1.000000
37,-1,584.0,413.0,56.0,32.0,1.000000
37,-1,730.0,438.0,75.0,40.0,1.000000
38,-1,137.0,381.0,43.0,24.0,1.000000
38,-1,188.0,390.0,39.0,28.0,1.000000
38,-1,229.0,377.0,34.0,23.0,1.000000
38,-1,249.0,407.0,57.0,31.0,1.000000
38,-1,319.0,383.0,40.0,27.0,1.000000
38,-1,389.0,360.0,81.0,44.0,1.000000
38,-1,445.0,399.0,51.0,31.0,1.000000
38,-1,584.0,413.0,56.0,32.0,1.000000
38,-1,730.0,438.0,75.0,40.0,1.000000
39,-1,137.0,381.0,43.0,24.0,1.000000
39,-1,188.0,390.0,39.0,28.0,1.000000
39,-1,229.0,377.0,34.0,23.0,1.000000
39,-1,249.0,406.0,56.0,31.0,1.000000
39,-1,253.0,414.0,49.0,32.0,1.000000
39,-1,319.0,383.0,40.0,27.0,1.000000
39,-1,388.0,355.0,81.0,44.0,1.000000
39,-1,445.0,399.0,51.0,31.0,1.000000
39,-1,584.0,413.0,56.0,32.0,1.000000
39,-1,730.0,438.0,75.0,40.0,1.000000
40,-1,137.0,381.0,43.0,24.0,1.000000
40,-1,188.0,390.0,39.0,28.0,1.000000
40,-1,229.0,377.0,34.0,23.0,1.000000
40,-1,249.0,400.0,56.0,37.0,1.000000
40,-1,253.0,414.0,49.0,32.0,1.000000
40,-1,319.0,383.0,40.0,27.0,1.000000
40,-1,388.0,335.0,81.0,44.0,1.000000
40,-1,445.0,399.0,51.0,31.0,1.000000
40,-1,584.0,413.0,56.0,32.0,1.000000
40,-1,730.0,438.0,75.0,40.0,1.000000
41,-1,137.0,381.0,43.0,24.0,1.000000
41,-1,188.0,390.0,39.0,28.0,1.000000
41,-1,229.0,377.0,34.0,23.0,1.000000
41,-1,248.0,398.0,57.0,39.0,1.000000
41,-1,253.0,414.0,49.0,32.0,1.000000
41,-1,319.0,383.0,40.0,27.0,1.000000
41,-1,388.0,335.0,81.0,44.0,1.000000
41,-1,445.0,399.0,51.0,31.0,1.000000
41,-1,584.0,413.0,56.0,32.0,1.000000
41,-1,730.0,438.0,75.0,40.0,1.000000
42,-1,137.0,381.0,43.0,24.0,1.000000
42,-1,188.0,390.0,39.0,28.0,1.000000
42,-1,229.0,377.0,34.0,23.0,1.000000
42,-1,247.0,396.0,59.0,31.0,1.000000
42,-1,253.0,414.0,49.0,32.0,1.000000
42,-1,319.0,383.0,40.0,27.0,1.000000
42,-1,388.0,335.0,81.0,44.0,1.000000
42,-1,445.0,399.0,51.0,31.0,1.000000
42,-1,584.0,413.0,56.0,32.0,1.000000
42,-1,730.0,438.0,75.0,40.0,1.000000
43,-1,137.0,381.0,43.0,24.0,1.000000
43,-1,188.0,390.0,39.0,28.0,1.000000
43,-1,229.0,377.0,34.0,23.0,1.000000
43,-1,246.0,389.0,60.0,32.0,1.000000
43,-1,253.0,414.0,49.0,32.0,1.000000
43,-1,319.0,383.0,40.0,27.0,1.000000
43,-1,390.0,316.0,81.0,44.0,1.000000
43,-1,445.0,399.0,51.0,31.0,1.000000
43,-1,584.0,413.0,56.0,32.0,1.000000
43,-1,730.0,438.0,75.0,40.0,1.000000
44,-1,137.0,381.0,43.0,24.0,1.000000
44,-1,188.0,390.0,39.0,28.0,1.000000
44,-1,229.0,377.0,34.0,23.0,1.000000
44,-1,245.0,388.0,61.0,32.0,1.000000
44,-1,253.0,414.0,49.0,32.0,1.000000
44,-1,319.0,383.0,40.0,27.0,1.000000
44,-1,390.0,316.0,81.0,44.0,1.000000
44,-1,445.0,399.0,51.0,31.0,1.000000
44,-1,584.0,413.0,56.0,32.0,1.000000
44,-1,730.0,438.0,75.0,40.0,1.000000
45,-1,137.0,381.0,43.0,24.0,1.000000
45,-1,188.0,390.0,39.0,28.0,1.000000
45,-1,229.0,377.0,34.0,23.0,1.000000
45,-1,245.0,382.0,60.0,32.0,1.000000
45,-1,253.0,414.0,49.0,32.0,1.000000
45,-1,319.0,383.0,40.0,27.0,1.000000
45,-1,390.0,302.0,81.0,44.0,1.000000
45,-1,445.0,399.0,51.0,31.0,1.000000
45,-1,584.0,413.0,56.0,32.0,1.000000
45,-1,730.0,438.0,75.0,40.0,1.000000
46,-1,137.0,381.0,43.0,24.0,1.000000
46,-1,188.0,390.0,39.0,28.0,1.000000
46,-1,229.0,377.0,34.0,23.0,1.000000
46,-1,244.0,378.0,61.0,32.0,1.000000
46,-1,253.0,414.0,49.0,32.0,1.000000
46,-1,319.0,383.0,40.0,27.0,1.000000
46,-1,390.0,296.0,81.0,44.0,1.000000
46,-1,445.0,399.0,51.0,31.0,1.000000
46,-1,584.0,413.0,56.0,32.0,1.000000
46,-1,730.0,438.0,75.0,40.0,1.000000
47,-1,137.0,381.0,43.0,24.0,1.000000
47,-1,188.0,390.0,39.0,28.0,1.000000
47,-1,229.0,377.0,34.0,23.0,1.000000
47,-1,244.0,377.0,61.0,32.0,1.000000
47,-1,253.0,414.0,49.0,32.0,1.000000
47,-1,319.0,383.0,40.0,27.0,1.000000
47,-1,396.0,290.0,74.0,44.0,1.000000
47,-1,445.0,399.0,51.0,31.0,1.000000
47,-1,584.0,413.0,56.0,32.0,1.000000
47,-1,730.0,438.0,75.0,40.0,1.000000
48,-1,137.0,381.0,43.0,24.0,1.000000
48,-1,188.0,390.0,39.0,28.0,1.000000
48,-1,229.0,377.0,34.0,23.0,1.000000
48,-1,242.0,372.0,62.0,33.0,1.000000
48,-1,253.0,414.0,49.0,32.0,1.000000
48,-1,319.0,383.0,40.0,27.0,1.000000
48,-1,396.0,290.0,74.0,44.0,1.000000
48,-1,445.0,399.0,51.0,31.0,1.000000
48,-1,584.0,413.0,56.0,32.0,1.000000
48,-1,730.0,438.0,75.0,40.0,1.000000
49,-1,137.0,381.0,43.0,24.0,1.000000
49,-1,188.0,390.0,39.0,28.0,1.000000
49,-1,229.0,377.0,34.0,23.0,1.000000
49,-1,241.0,368.0,58.0,33.0,1.000000
49,-1,253.0,414.0,49.0,32.0,1.000000
49,-1,319.0,383.0,40.0,27.0,1.000000
49,-1,403.0,283.0,63.0,38.0,1.000000
49,-1,445.0,399.0,51.0,31.0,1.000000
49,-1,584.0,413.0,56.0,32.0,1.000000
49,-1,730.0,438.0,75.0,40.0,1.000000
50,-1,137.0,381.0,43.0,24.0,1.000000
50,-1,188.0,390.0,39.0,28.0,1.000000
50,-1,229.0,377.0,34.0,23.0,1.000000
50,-1,241.0,359.0,58.0,38.0,1.000000
50,-1,253.0,414.0,49.0,32.0,1.000000
50,-1,319.0,383.0,40.0,27.0,1.000000
50,-1,386.0,266.0,77.0,42.0,1.000000
50,-1,445.0,399.0,51.0,31.0,1.000000
50,-1,584.0,413.0,56.0,32.0,1.000000
50,-1,730.0,438.0,75.0,40.0,1.000000
51,-1,137.0,381.0,43.0,24.0,1.000000
51,-1,188.0,390.0,39.0,28.0,1.000000
51,-1,229.0,377.0,34.0,23.0,1.000000
51,-1,241.0,359.0,57.0,38.0,1.000000
51,-1,253.0,414.0,49.0,32.0,1.000000
51,-1,319.0,383.0,40.0,27.0,1.000000
51,-1,384.0,260.0,77.0,42.0,1.000000
51,-1,445.0,399.0,51.0,31.0,1.000000
51,-1,584.0,413.0,56.0,32.0,1.000000
51,-1,730.0,438.0,75.0,40.0,1.000000
52,-1,137.0,381.0,43.0,24.0,1.000000
52,-1,188.0,390.0,39.0,28.0,1.000000
52,-1,229.0,377.0,34.0,23.0,1.000000
52,-1,241.0,351.0,58.0,38.0,1.000000
52,-1,253.0,414.0,49.0,32.0,1.000000
52,-1,319.0,383.0,40.0,27.0,1.000000
52,-1,388.0,250.0,77.0,42.0,1.000000
52,-1,445.0,399.0,51.0,31.0,1.000000
52,-1,584.0,413.0,56.0,32.0,1.000000
52,-1,730.0,438.0,75.0,40.0,1.000000
53,-1,137.0,381.0,43.0,24.0,1.000000
53,-1,188.0,390.0,39.0,28.0,1.000000
53,-1,229.0,377.0,34.0,23.0,1.000000
53,-1,241.0,351.0,58.0,38.0,1.000000
53,-1,253.0,414.0,49.0,32.0,1.000000
53,-1,319.0,383.0,40.0,27.0,1.000000
53,-1,385.0,240.0,77.0,42.0,1.000000
53,-1,445.0,399.0,51.0,31.0,1.000000
53,-1,584.0,413.0,56.0,32.0,1.000000
53,-1,730.0,438.0,75.0,40.0,1.000000
54,-1,137.0,381.0,43.0,24.0,1.000000
54,-1,188.0,390.0,39.0,28.0,1.000000
54,-1,229.0,377.0,34.0,23.0,1.000000
54,-1,241.0,347.0,58.0,38.0,1.000000
54,-1,253.0,414.0,49.0,32.0,1.000000
54,-1,319.0,383.0,40.0,27.0,1.000000
54,-1,385.0,235.0,77.0,42.0,1.000000
54,-1,445.0,399.0,51.0,31.0,1.000000
54,-1,584.0,413.0,56.0,32.0,1.000000
54,-1,730.0,438.0,75.0,40.0,1.000000
55,-1,137.0,381.0,43.0,24.0,1.000000
55,-1,188.0,390.0,39.0,28.0,1.000000
55,-1,229.0,377.0,34.0,23.0,1.000000
55,-1,238.0,338.0,58.0,38.0,1.000000
55,-1,253.0,414.0,49.0,32.0,1.000000
55,-1,319.0,383.0,40.0,27.0,1.000000
55,-1,384.0,220.0,77.0,42.0,1.000000
55,-1,445.0,399.0,51.0,31.0,1.000000
55,-1,584.0,413.0,56.0,32.0,1.000000
55,-1,730.0,438.0,75.0,40.0,1.000000
56,-1,137.0,381.0,43.0,24.0,1.000000
56,-1,188.0,390.0,39.0,28.0,1.000000
56,-1,229.0,377.0,34.0,23.0,1.000000
56,-1,238.0,334.0,58.0,38.0,1.000000
56,-1,253.0,414.0,49.0,32.0,1.000000
56,-1,319.0,383.0,40.0,27.0,1.000000
56,-1,384.0,212.0,77.0,42.0,1.000000
56,-1,445.0,399.0,51.0,31.0,1.000000
56,-1,584.0,413.0,56.0,32.0,1.000000
56,-1,730.0,438.0,75.0,40.0,1.000000
57,-1,137.0,381.0,43.0,24.0,1.000000
57,-1,188.0,390.0,39.0,28.0,1.000000
57,-1,229.0,377.0,34.0,23.0,1.000000
57,-1,238.0,334.0,58.0,38.0,1.000000
57,-1,253.0,414.0,49.0,32.0,1.000000
57,-1,319.0,383.0,40.0,27.0,1.000000
57,-1,384.0,205.0,77.0,42.0,1.000000
57,-1,445.0,399.0,51.0,31.0,1.000000
57,-1,584.0,413.0,56.0,32.0,1.000000
57,-1,730.0,438.0,75.0,40.0,1.000000
58,-1,137.0,381.0,43.0,24.0,1.000000
58,-1,188.0,390.0,39.0,28.0,1.000000
58,-1,229.0,377.0,34.0,23.0,1.000000
58,-1,236.0,323.0,58.0,38.0,1.000000
58,-1,253.0,414.0,49.0,32.0,1.000000
58,-1,319.0,383.0,40.0,27.0,1.000000
58,-1,384.0,197.0,76.0,42.0,1.000000
58,-1,445.0,399.0,51.0,31.0,1.000000
58,-1,584.0,413.0,56.0,32.0,1.000000
58,-1,730.0,438.0,75.0,40.0,1.000000
59,-1,137.0,381.0,43.0,24.0,1.000000
59,-1,188.0,390.0,39.0,28.0,1.000000
59,-1,229.0,377.0,34.0,23.0,1.000000
59,-1,236.0,323.0,58.0,38.0,1.000000
59,-1,253.0,414.0,49.0,32.0,1.000000
59,-1,319.0,383.0,40.0,27.0,1.000000
59,-1,384.0,188.0,76.0,42.0,1.000000
59,-1,445.0,399.0,51.0,31.0,1.000000
59,-1,584.0,413.0,56.0,32.0,1.000000
59,-1,730.0,438.0,75.0,40.0,1.000000
60,-1,137.0,381.0,43.0,24.0,1.000000
60,-1,188.0,390.0,39.0,28.0,1.000000
60,-1,229.0,377.0,34.0,23.0,1.000000
60,-1,244.0,311.0,58.0,38.0,1.000000
60,-1,253.0,414.0,49.0,32.0,1.000000
60,-1,319.0,383.0,40.0,27.0,1.000000
60,-1,381.0,174.0,81.0,45.0,1.000000
60,-1,445.0,399.0,51.0,31.0,1.000000
60,-1,584.0,413.0,56.0,32.0,1.000000
60,-1,730.0,438.0,75.0,40.0,1.000000
61,-1,137.0,381.0,43.0,24.0,1.000000
61,-1,188.0,390.0,39.0,28.0,1.000000
61,-1,229.0,377.0,34.0,23.0,1.000000
61,-1,244.0,311.0,58.0,38.0,1.000000
61,-1,252.0,413.0,50.0,32.0,1.000000
61,-1,319.0,383.0,40.0,27.0,1.000000
61,-1,381.0,166.0,82.0,45.0,1.000000
61,-1,445.0,399.0,51.0,31.0,1.000000
61,-1,584.0,413.0,56.0,32.0,1.000000
61,-1,730.0,438.0,75.0,40.0,1.000000
62,-1,137.0,381.0,43.0,24.0,1.000000
62,-1,188.0,390.0,39.0,28.0,1.000000
62,-1,229.0,377.0,34.0,23.0,1.000000
62,-1,241.0,300.0,58.0,38.0,1.000000
62,-1,252.0,413.0,50.0,33.0,1.000000
62,-1,319.0,383.0,40.0,27.0,1.000000
62,-1,381.0,158.0,81.0,45.0,1.000000
62,-1,445.0,399.0,51.0,31.0,1.000000
62,-1,584.0,413.0,56.0,32.0,1.000000
62,-1,730.0,438.0,75.0,40.0,1.000000
63,-1,137.0,381.0,43.0,24.0,1.000000
63,-1,188.0,390.0,39.0,28.0,1.000000
63,-1,229.0,377.0,34.0,23.0,1.000000
63,-1,241.0,300.0,58.0,38.0,1.000000
63,-1,252.0,413.0,50.0,33.0,1.000000
63,-1,319.0,383.0,40.0,27.0,1.000000
63,-1,381.0,150.0,81.0,45.0,1.000000
63,-1,445.0,399.0,51.0,31.0,1.000000
63,-1,584.0,413.0,56.0,32.0,1.000000
63,-1,730.0,438.0,75.0,40.0,1.000000
64,-1,137.0,381.0,43.0,24.0,1.000000
64,-1,188.0,390.0,39.0,28.0,1.000000
64,-1,229.0,377.0,34.0,23.0,1.000000
64,-1,243.0,290.0,58.0,38.0,1.000000
64,-1,251.0,413.0,50.0,33.0,1.000000
64,-1,319.0,383.0,40.0,27.0,1.000000
64,-1,381.0,141.0,81.0,45.0,1.000000
64,-1,445.0,399.0,51.0,31.0,1.000000
64,-1,584.0,413.0,56.0,32.0,1.000000
64,-1,730.0,438.0,75.0,40.0,1.000000
65,-1,137.0,381.0,43.0,24.0,1.000000
65,-1,188.0,390.0,39.0,28.0,1.000000
65,-1,229.0,377.0,34.0,23.0,1.000000
65,-1,245.0,281.0,58.0,38.0,1.000000
65,-1,249.0,412.0,52.0,34.0,1.000000
65,-1,319.0,383.0,40.0,27.0,1.000000
65,-1,381.0,125.0,81.0,45.0,1.000000
65,-1,445.0,399.0,51.0,31.0,1.000000
65,-1,584.0,413.0,56.0,32.0,1.000000
65,-1,730.0,438.0,75.0,40.0,1.000000
66,-1,137.0,381.0,43.0,24.0,1.000000
66,-1,188.0,390.0,39.0,28.0,1.000000
66,-1,229.0,377.0,34.0,23.0,1.000000
66,-1,243.0,273.0,58.0,38.0,1.000000
66,-1,249.0,412.0,52.0,34.0,1.000000
66,-1,319.0,383.0,40.0,27.0,1.000000
66,-1,382.0,116.0,81.0,45.0,1.000000
66,-1,445.0,399.0,51.0,31.0,1.000000
66,-1,584.0,413.0,56.0,32.0,1.000000
66,-1,730.0,438.0,75.0,40.0,1.000000
67,-1,137.0,381.0,43.0,24.0,1.000000
67,-1,188.0,390.0,39.0,28.0,1.000000
67,-1,229.0,377.0,34.0,23.0,1.000000
67,-1,244.0,269.0,58.0,38.0,1.000000
67,-1,249.0,406.0,53.0,35.0,1.000000
67,-1,319.0,383.0,40.0,27.0,1.000000
67,-1,382.0,108.0,81.0,45.0,1.000000
67,-1,445.0,399.0,51.0,31.0,1.000000
67,-1,584.0,413.0,56.0,32.0,1.000000
67,-1,730.0,438.0,75.0,40.0,1.000000
68,-1,137.0,381.0,43.0,24.0,1.000000
68,-1,188.0,390.0,39.0,28.0,1.000000
68,-1,229.0,377.0,34.0,23.0,1.000000
68,-1,244.0,269.0,58.0,38.0,1.000000
68,-1,248.0,406.0,53.0,35.0,1.000000
68,-1,319.0,383.0,40.0,27.0,1.000000
68,-1,382.0,99.0,81.0,45.0,1.000000
68,-1,445.0,399.0,51.0,31.0,1.000000
68,-1,584.0,413.0,56.0,32.0,1.000000
68,-1,730.0,438.0,75.0,40.0,1.000000
69,-1,137.0,381.0,43.0,24.0,1.000000
69,-1,188.0,390.0,39.0,28.0,1.000000
69,-1,229.0,377.0,34.0,23.0,1.000000
69,-1,244.0,262.0,58.0,38.0,1.000000
69,-1,248.0,405.0,53.0,35.0,1.000000
69,-1,319.0,383.0,40.0,27.0,1.000000
69,-1,382.0,91.0,81.0,45.0,1.000000
69,-1,445.0,399.0,51.0,31.0,1.000000
69,-1,584.0,413.0,56.0,32.0,1.000000
69,-1,730.0,438.0,75.0,40.0,1.000000
70,-1,137.0,381.0,43.0,24.0,1.000000
70,-1,188.0,390.0,39.0,28.0,1.000000
70,-1,229.0,377.0,34.0,23.0,1.000000
70,-1,246.0,252.0,58.0,38.0,1.000000
70,-1,246.0,405.0,53.0,35.0,1.000000
70,-1,319.0,383.0,40.0,27.0,1.000000
70,-1,383.0,74.0,81.0,45.0,1.000000
70,-1,445.0,399.0,51.0,31.0,1.000000
70,-1,584.0,413.0,56.0,32.0,1.000000
70,-1,730.0,438.0,75.0,40.0,1.000000
71,-1,137.0,381.0,43.0,24.0,1.000000
71,-1,188.0,390.0,39.0,28.0,1.000000
71,-1,229.0,377.0,34.0,23.0,1.000000
71,-1,244.0,403.0,55.0,36.0,1.000000
71,-1,245.0,247.0,63.0,41.0,1.000000
71,-1,319.0,383.0,40.0,27.0,1.000000
71,-1,384.0,65.0,81.0,45.0,1.000000
71,-1,445.0,399.0,51.0,31.0,1.000000
71,-1,584.0,413.0,56.0,32.0,1.000000
71,-1,730.0,438.0,75.0,40.0,1.000000
72,-1,137.0,381.0,43.0,24.0,1.000000
72,-1,188.0,390.0,39.0,28.0,1.000000
72,-1,229.0,377.0,34.0,23.0,1.000000
72,-1,243.0,237.0,63.0,41.0,1.000000
72,-1,244.0,402.0,53.0,35.0,1.000000
72,-1,319.0,383.0,40.0,27.0,1.000000
72,-1,384.0,56.0,81.0,45.0,1.000000
72,-1,445.0,399.0,51.0,31.0,1.000000
72,-1,584.0,413.0,56.0,32.0,1.000000
72,-1,730.0,438.0,75.0,40.0,1.000000
73,-1,137.0,381.0,43.0,24.0,1.000000
73,-1,188.0,390.0,39.0,28.0,1.000000
73,-1,229.0,377.0,34.0,23.0,1.000000
73,-1,241.0,232.0,68.0,44.0,1.000000
73,-1,244.0,402.0,52.0,34.0,1.000000
73,-1,319.0,383.0,40.0,27.0,1.000000
73,-1,385.0,48.0,81.0,45.0,1.000000
73,-1,445.0,399.0,51.0,31.0,1.000000
73,-1,584.0,413.0,56.0,32.0,1.000000
73,-1,730.0,438.0,75.0,40.0,1.000000
74,-1,137.0,381.0,43.0,24.0,1.000000
74,-1,188.0,390.0,39.0,28.0,1.000000
74,-1,229.0,377.0,34.0,23.0,1.000000
74,-1,239.0,226.0,68.0,44.0,1.000000
74,-1,243.0,401.0,52.0,35.0,1.000000
74,-1,319.0,383.0,40.0,27.0,1.000000
74,-1,385.0,39.0,81.0,45.0,1.000000
74,-1,445.0,399.0,51.0,31.0,1.000000
74,-1,584.0,413.0,56.0,32.0,1.000000
74,-1,730.0,438.0,75.0,40.0,1.000000
75,-1,137.0,381.0,43.0,24.0,1.000000
75,-1,188.0,390.0,39.0,28.0,1.000000
75,-1,229.0,377.0,34.0,23.0,1.000000
75,-1,241.0,214.0,68.0,44.0,1.000000
75,-1,241.0,398.0,53.0,35.0,1.000000
75,-1,319.0,383.0,40.0,27.0,1.000000
75,-1,386.0,21.0,82.0,45.0,1.000000
75,-1,445.0,399.0,51.0,31.0,1.000000
75,-1,584.0,413.0,56.0,32.0,1.000000
75,-1,730.0,438.0,75.0,40.0,1.000000
76,-1,137.0,381.0,43.0,24.0,1.000000
76,-1,188.0,390.0,39.0,28.0,1.000000
76,-1,229.0,377.0,34.0,23.0,1.000000
76,-1,238.0,394.0,53.0,35.0,1.000000
76,-1,239.0,210.0,67.0,43.0,1.000000
76,-1,319.0,383.0,40.0,27.0,1.000000
76,-1,387.0,6.0,82.0,58.0,1.000000
76,-1,445.0,399.0,51.0,31.0,1.000000
76,-1,584.0,413.0,56.0,32.0,1.000000
76,-1,730.0,438.0,75.0,40.0,1.000000
77,-1,137.0,381.0,43.0,24.0,1.000000
77,-1,188.0,390.0,39.0,28.0,1.000000
77,-1,229.0,377.0,34.0,23.0,1.000000
77,-1,237.0,393.0,53.0,35.0,1.000000
77,-1,240.0,204.0,67.0,43.0,1.000000
77,-1,319.0,383.0,40.0,27.0,1.000000
77,-1,388.0,-3.0,82.0,58.0,1.000000
77,-1,445.0,399.0,51.0,31.0,1.000000
77,-1,584.0,413.0,56.0,32.0,1.000000
77,-1,730.0,438.0,75.0,40.0,1.000000
78,-1,137.0,381.0,43.0,24.0,1.000000
78,-1,188.0,390.0,39.0,28.0,1.000000
78,-1,229.0,377.0,34.0,23.0,1.000000
78,-1,237.0,391.0,54.0,36.0,1.000000
78,-1,240.0,198.0,67.0,43.0,1.000000
78,-1,319.0,383.0,40.0,27.0,1.000000
78,-1,388.0,-12.0,82.0,58.0,1.000000
78,-1,445.0,399.0,51.0,31.0,1.000000
78,-1,584.0,413.0,56.0,32.0,1.000000
78,-1,730.0,438.0,75.0,40.0,1.000000
79,-1,137.0,381.0,43.0,24.0,1.000000
79,-1,188.0,390.0,39.0,28.0,1.000000
79,-1,229.0,377.0,34.0,23.0,1.000000
79,-1,235.0,390.0,54.0,36.0,1.000000
79,-1,241.0,192.0,67.0,43.0,1.000000
79,-1,319.0,383.0,40.0,27.0,1.000000
79,-1,389.0,-21.0,82.0,58.0,1.000000
79,-1,445.0,399.0,51.0,31.0,1.000000
79,-1,584.0,413.0,56.0,32.0,1.000000
79,-1,730.0,438.0,75.0,40.0,1.000000
80,-1,137.0,381.0,43.0,24.0,1.000000
80,-1,188.0,390.0,39.0,28.0,1.000000
80,-1,229.0,377.0,34.0,23.0,1.000000
80,-1,235.0,386.0,53.0,35.0,1.000000
80,-1,244.0,180.0,64.0,41.0,1.000000
80,-1,319.0,383.0,40.0,27.0,1.000000
80,-1,389.0,-21.0,82.0,58.0,1.000000
80,-1,445.0,399.0,51.0,31.0,1.000000
80,-1,584.0,413.0,56.0,32.0,1.000000
80,-1,730.0,438.0,75.0,40.0,1.000000
81,-1,137.0,381.0,43.0,24.0,1.000000
81,-1,188.0,390.0,39.0,28.0,1.000000
81,-1,229.0,377.0,34.0,23.0,1.000000
81,-1,234.0,385.0,53.0,35.0,1.000000
81,-1,246.0,175.0,64.0,41.0,1.000000
81,-1,319.0,383.0,40.0,27.0,1.000000
81,-1,445.0,399.0,51.0,31.0,1.000000
81,-1,584.0,413.0,56.0,32.0,1.000000
81,-1,730.0,438.0,75.0,40.0,1.000000
82,-1,137.0,381.0,43.0,24.0,1.000000
82,-1,188.0,390.0,39.0,28.0,1.000000
82,-1,229.0,377.0,34.0,23.0,1.000000
82,-1,234.0,385.0,53.0,35.0,1.000000
82,-1,247.0,169.0,64.0,41.0,1.000000
82,-1,319.0,383.0,40.0,27.0,1.000000
82,-1,445.0,399.0,51.0,31.0,1.000000
82,-1,584.0,413.0,56.0,32.0,1.000000
82,-1,730.0,438.0,75.0,40.0,1.000000
83,-1,137.0,381.0,43.0,24.0,1.000000
83,-1,188.0,390.0,39.0,28.0,1.000000
83,-1,229.0,377.0,34.0,23.0,1.000000
83,-1,234.0,385.0,53.0,35.0,1.000000
83,-1,247.0,162.0,65.0,42.0,1.000000
83,-1,319.0,383.0,40.0,27.0,1.000000
83,-1,445.0,399.0,51.0,31.0,1.000000
83,-1,584.0,413.0,56.0,32.0,1.000000
83,-1,730.0,438.0,75.0,40.0,1.000000
84,-1,137.0,381.0,43.0,24.0,1.000000
84,-1,188.0,390.0,39.0,28.0,1.000000
84,-1,229.0,377.0,34.0,23.0,1.000000
84,-1,234.0,385.0,50.0,28.0,1.000000
84,-1,247.0,156.0,65.0,42.0,1.000000
84,-1,319.0,383.0,40.0,27.0,1.000000
84,-1,445.0,399.0,51.0,31.0,1.000000
84,-1,584.0,413.0,56.0,32.0,1.000000
84,-1,730.0,438.0,75.0,40.0,1.000000
85,-1,137.0,381.0,43.0,24.0,1.000000
85,-1,188.0,390.0,39.0,28.0,1.000000
85,-1,229.0,377.0,34.0,23.0,1.000000
85,-1,233.0,378.0,52.0,32.0,1.000000
85,-1,249.0,143.0,65.0,42.0,1.000000
85,-1,319.0,383.0,40.0,27.0,1.000000
85,-1,445.0,399.0,51.0,31.0,1.000000
85,-1,584.0,413.0,56.0,32.0,1.000000
85,-1,730.0,438.0,75.0,40.0,1.000000
86,-1,137.0,381.0,43.0,24.0,1.000000
86,-1,188.0,390.0,39.0,28.0,1.000000
86,-1,231.0,376.0,47.0,26.0,1.000000
86,-1,249.0,137.0,65.0,42.0,1.000000
86,-1,319.0,383.0,40.0,27.0,1.000000
86,-1,445.0,399.0,51.0,31.0,1.000000
86,-1,584.0,413.0,56.0,32.0,1.000000
86,-1,730.0,438.0,75.0,40.0,1.000000
87,-1,137.0,381.0,43.0,24.0,1.000000
87,-1,188.0,390.0,39.0,28.0,1.000000
87,-1,230.0,375.0,47.0,26.0,1.000000
87,-1,250.0,130.0,65.0,42.0,1.000000
87,-1,319.0,383.0,40.0,27.0,1.000000
87,-1,445.0,399.0,51.0,31.0,1.000000
87,-1,584.0,413.0,56.0,32.0,1.000000
87,-1,730.0,438.0,75.0,40.0,1.000000
88,-1,137.0,381.0,43.0,24.0,1.000000
88,-1,188.0,390.0,39.0,28.0,1.000000
88,-1,232.0,367.0,47.0,26.0,1.000000
88,-1,251.0,124.0,66.0,42.0,1.000000
88,-1,319.0,383.0,40.0,27.0,1.000000
88,-1,445.0,399.0,51.0,31.0,1.000000
88,-1,584.0,413.0,56.0,32.0,1.000000
88,-1,730.0,438.0,75.0,40.0,1.000000
89,-1,137.0,381.0,43.0,24.0,1.000000
89,-1,188.0,390.0,39.0,28.0,1.000000
89,-1,232.0,367.0,47.0,26.0,1.000000
89,-1,252.0,117.0,66.0,42.0,1.000000
89,-1,319.0,383.0,40.0,27.0,1.000000
89,-1,445.0,399.0,51.0,31.0,1.000000
89,-1,584.0,413.0,56.0,32.0,1.000000
89,-1,730.0,438.0,75.0,40.0,1.000000
90,-1,137.0,381.0,43.0,24.0,1.000000
90,-1,188.0,390.0,39.0,28.0,1.000000
90,-1,229.0,376.0,34.0,26.0,1.000000
90,-1,230.0,361.0,47.0,26.0,1.000000
90,-1,253.0,104.0,65.0,42.0,1.000000
90,-1,319.0,383.0,40.0,27.0,1.000000
90,-1,445.0,399.0,51.0,31.0,1.000000
90,-1,584.0,413.0,56.0,32.0,1.000000
90,-1,730.0,438.0,75.0,40.0,1.000000
91,-1,137.0,381.0,43.0,24.0,1.000000
91,-1,188.0,390.0,39.0,28.0,1.000000
91,-1,229.0,376.0,34.0,26.0,1.000000
91,-1,230.0,356.0,47.0,31.0,1.000000
91,-1,255.0,98.0,65.0,42.0,1.000000
91,-1,319.0,383.0,40.0,27.0,1.000000
91,-1,445.0,399.0,51.0,31.0,1.000000
91,-1,584.0,413.0,56.0,32.0,1.000000
91,-1,730.0,438.0,75.0,40.0,1.000000
