1,1,504,90,20,12,1,1,1
2,1,457,90,20,12,1,1,1
3,1,423,86,24,14,1,1,1
4,1,396,86,22,12,1,1,1
5,1,370,84,22,11,1,1,1
6,1,346,78,22,17,1,1,1
7,1,314,75,22,17,1,1,1
8,1,290,72,22,17,1,1,1
9,1,262,69,22,17,1,1,1
10,1,236,66,23,17,1,1,1
11,1,211,63,23,17,1,1,1
12,1,181,59,20,15,1,1,1
13,1,161,60,20,15,1,1,1
14,1,150,74,20,15,1,1,1
15,1,143,91,20,15,1,1,1
16,1,135,106,21,15,1,1,1
17,1,125,123,21,15,1,1,1
18,1,119,133,20,15,1,1,1
19,1,116,139,20,15,1,1,1
20,1,113,144,20,15,1,1,1
21,1,111,146,20,15,1,1,1
22,1,112,147,20,15,1,1,1
23,1,112,147,20,15,1,1,1
24,1,113,148,20,15,1,1,1
25,1,115,147,20,15,1,1,1
26,1,122,147,20,15,1,1,1
27,1,128,146,20,15,1,1,1
28,1,135,144,20,15,1,1,1
29,1,140,143,20,15,1,1,1
30,1,144,142,20,15,1,1,1
31,1,145,140,20,15,1,1,1
32,1,138,138,20,15,1,1,1
33,1,133,142,20,15,1,1,1
34,1,126,152,20,15,1,1,1
35,1,121,162,21,15,1,1,1
36,1,116,172,21,15,1,1,1
37,1,115,184,21,16,1,1,1
38,1,114,191,21,16,1,1,1
39,1,113,197,21,16,1,1,1
40,1,110,201,21,16,1,1,1
41,1,105,203,22,16,1,1,1
42,1,97,206,21,16,1,1,1
43,1,90,207,21,16,1,1,1
44,1,85,208,21,16,1,1,1
45,1,81,210,21,16,1,1,1
46,1,79,211,21,16,1,1,1
47,1,76,213,21,16,1,1,1
48,1,76,214,20,15,1,1,1
49,1,77,215,21,16,1,1,1
50,1,80,215,21,16,1,1,1
51,1,84,215,20,15,1,1,1
52,1,89,213,20,15,1,1,1
53,1,92,211,20,15,1,1,1
54,1,96,208,20,15,1,1,1
55,1,101,205,20,15,1,1,1
56,1,106,202,20,15,1,1,1
57,1,112,199,20,15,1,1,1
58,1,116,197,19,14,1,1,1
59,1,119,196,19,14,1,1,1
60,1,123,194,19,14,1,1,1
61,1,126,193,19,14,1,1,1
62,1,128,192,19,14,1,1,1
63,1,126,192,19,14,1,1,1
64,1,123,192,19,14,1,1,1
65,1,119,192,19,14,1,1,1
2,2,805,101,22,12,1,1,1
3,2,771,102,26,11,1,1,1
4,2,745,101,24,15,1,1,1
5,2,721,102,24,14,1,1,1
6,2,699,102,22,15,1,1,1
7,2,670,103,25,14,1,1,1
8,2,645,102,27,14,1,1,1
9,2,622,100,19,15,1,1,1
10,2,599,101,18,13,1,1,1
11,2,571,99,22,15,1,1,1
12,2,544,97,18,15,1,1,1
13,2,525,99,19,16,1,1,1
14,2,514,117,20,12,1,1,1
15,2,509,134,18,13,1,1,1
16,2,502,149,18,14,1,1,1
17,2,489,167,22,14,1,1,1
18,2,485,178,22,14,1,1,1
19,2,482,184,22,14,1,1,1
20,2,480,188,22,14,1,1,1
21,2,479,192,22,14,1,1,1
22,2,481,193,22,14,1,1,1
23,2,482,193,23,14,1,1,1
24,2,484,192,22,14,1,1,1
25,2,487,192,23,14,1,1,1
26,2,495,191,22,14,1,1,1
27,2,503,188,22,14,1,1,1
28,2,510,186,22,14,1,1,1
29,2,516,184,22,14,1,1,1
30,2,521,182,23,14,1,1,1
31,2,523,180,22,14,1,1,1
32,2,518,178,23,15,1,1,1
33,2,514,182,23,15,1,1,1
34,2,509,192,22,14,1,1,1
35,2,505,201,23,15,1,1,1
36,2,502,211,23,15,1,1,1
37,2,502,223,23,14,1,1,1
38,2,503,229,23,15,1,1,1
39,2,503,234,23,15,1,1,1
40,2,502,238,23,15,1,1,1
41,2,499,240,23,15,1,1,1
42,2,493,242,24,16,1,1,1
43,2,488,243,24,16,1,1,1
44,2,484,245,25,16,1,1,1
45,2,481,246,25,16,1,1,1
46,2,481,247,25,16,1,1,1
47,2,481,250,23,15,1,1,1
48,2,483,252,22,14,1,1,1
49,2,486,252,23,14,1,1,1
50,2,490,253,23,15,1,1,1
51,2,496,253,22,14,1,1,1
52,2,503,251,22,14,1,1,1
53,2,508,248,23,14,1,1,1
54,2,514,245,23,14,1,1,1
55,2,521,243,22,14,1,1,1
56,2,527,240,23,14,1,1,1
57,2,535,238,23,14,1,1,1
58,2,540,237,23,14,1,1,1
59,2,546,236,23,14,1,1,1
60,2,550,236,23,14,1,1,1
61,2,554,236,23,14,1,1,1
62,2,558,236,24,14,1,1,1
63,2,558,237,23,14,1,1,1
64,2,557,237,24,14,1,1,1
65,2,553,239,24,14,1,1,1
9,3,812,133,20,12,1,1,1
10,3,788,133,21,12,1,1,1
11,3,765,133,20,12,1,1,1
12,3,738,133,20,12,1,1,1
13,3,721,135,18,15,1,1,1
14,3,713,152,18,15,1,1,1
15,3,708,172,18,15,1,1,1
16,3,702,189,19,16,1,1,1
17,3,694,209,19,16,1,1,1
18,3,691,220,19,15,1,1,1
19,3,690,228,19,16,1,1,1
20,3,689,234,19,16,1,1,1
21,3,689,239,19,16,1,1,1
22,3,693,241,19,16,1,1,1
23,3,695,242,20,16,1,1,1
24,3,698,243,20,17,1,1,1
25,3,702,244,20,17,1,1,1
26,3,711,244,21,17,1,1,1
27,3,720,243,20,17,1,1,1
28,3,728,241,21,17,1,1,1
29,3,735,241,21,17,1,1,1
30,3,741,239,21,17,1,1,1
31,3,744,238,21,17,1,1,1
32,3,740,237,21,18,1,1,1
33,3,736,242,21,18,1,1,1
34,3,732,253,21,18,1,1,1
35,3,728,264,21,17,1,1,1
36,3,725,274,21,17,1,1,1
37,3,726,286,21,17,1,1,1
38,3,728,293,21,17,1,1,1
39,3,729,299,21,17,1,1,1
40,3,728,302,20,17,1,1,1
41,3,726,305,20,17,1,1,1
42,3,720,308,20,17,1,1,1
43,3,715,309,20,16,1,1,1
44,3,712,311,20,16,1,1,1
45,3,710,312,20,17,1,1,1
46,3,711,314,19,16,1,1,1
47,3,712,315,19,16,1,1,1
48,3,713,316,19,16,1,1,1
49,3,717,317,19,16,1,1,1
50,3,722,318,19,16,1,1,1
51,3,729,317,19,16,1,1,1
52,3,737,314,19,16,1,1,1
53,3,743,312,18,15,1,1,1
54,3,749,309,18,15,1,1,1
55,3,757,305,18,15,1,1,1
56,3,764,303,18,15,1,1,1
57,3,773,300,17,15,1,1,1
58,3,779,298,18,15,1,1,1
59,3,786,298,18,15,1,1,1
60,3,792,297,18,15,1,1,1
61,3,797,296,18,15,1,1,1
62,3,802,297,18,15,1,1,1
63,3,804,297,18,15,1,1,1
64,3,803,298,19,15,1,1,1
65,3,801,299,18,15,1,1,1
17,4,12,0,19,10,1,1,1
18,4,7,10,19,10,1,1,1
19,4,3,17,19,10,1,1,1
20,4,1,21,20,10,1,1,1
21,4,0,25,19,10,1,1,1
22,4,1,27,20,10,1,1,1
23,4,1,27,20,10,1,1,1
24,4,2,28,20,10,1,1,1
25,4,5,29,20,10,1,1,1
26,4,12,29,20,10,1,1,1
27,4,18,29,20,10,1,1,1
28,4,25,29,19,10,1,1,1
29,4,30,28,19,10,1,1,1
30,4,35,28,19,10,1,1,1
31,4,36,27,19,10,1,1,1
32,4,31,26,19,10,1,1,1
33,4,25,30,19,10,1,1,1
34,4,19,41,19,10,1,1,1
35,4,14,52,19,10,1,1,1
36,4,9,63,19,10,1,1,1
37,4,8,77,20,10,1,1,1
38,4,8,85,20,10,1,1,1
39,4,6,91,20,11,1,1,1
40,4,4,96,20,10,1,1,1
41,4,0,99,20,10,1,1,1
42,4,-6,99,16,15,1,1,1
17,5,165,5,18,11,1,1,1
18,5,159,13,18,13,1,1,1
19,5,154,20,18,13,1,1,1
20,5,152,26,18,13,1,1,1
21,5,148,30,18,13,1,1,1
22,5,148,34,19,14,1,1,1
23,5,147,35,19,14,1,1,1
24,5,147,37,19,14,1,1,1
25,5,148,38,19,14,1,1,1
26,5,154,39,19,14,1,1,1
27,5,160,39,19,14,1,1,1
28,5,165,39,19,14,1,1,1
29,5,170,39,19,14,1,1,1
30,5,173,39,19,14,1,1,1
31,5,173,40,19,14,1,1,1
32,5,166,40,19,14,1,1,1
33,5,160,44,20,15,1,1,1
34,5,153,57,19,14,1,1,1
35,5,147,68,19,14,1,1,1
36,5,142,80,19,14,1,1,1
37,5,139,95,19,14,1,1,1
38,5,138,104,19,14,1,1,1
39,5,136,111,19,14,1,1,1
40,5,133,116,19,14,1,1,1
41,5,128,120,19,14,1,1,1
42,5,119,124,18,14,1,1,1
43,5,111,127,18,14,1,1,1
44,5,105,129,18,13,1,1,1
45,5,101,131,18,13,1,1,1
46,5,98,134,18,13,1,1,1
47,5,95,137,18,13,1,1,1
48,5,93,139,18,13,1,1,1
49,5,94,141,18,13,1,1,1
50,5,96,142,18,14,1,1,1
51,5,99,142,19,14,1,1,1
52,5,102,139,20,15,1,1,1
53,5,105,137,20,15,1,1,1
54,5,108,135,20,15,1,1,1
55,5,113,132,20,15,1,1,1
56,5,117,130,20,15,1,1,1
57,5,122,128,20,15,1,1,1
58,5,126,127,20,15,1,1,1
59,5,129,126,20,15,1,1,1
60,5,132,125,20,15,1,1,1
61,5,135,124,20,15,1,1,1
62,5,137,124,20,15,1,1,1
63,5,135,124,20,15,1,1,1
64,5,133,124,20,15,1,1,1
65,5,128,124,19,14,1,1,1
17,6,244,-1,21,12,1,1,1
18,6,238,7,21,13,1,1,1
19,6,233,14,21,13,1,1,1
20,6,230,19,21,13,1,1,1
21,6,226,23,21,13,1,1,1
22,6,226,26,22,13,1,1,1
23,6,225,27,21,13,1,1,1
24,6,224,28,22,13,1,1,1
25,6,225,28,21,13,1,1,1
26,6,231,28,21,13,1,1,1
27,6,236,28,21,13,1,1,1
28,6,241,27,21,13,1,1,1
29,6,245,27,22,13,1,1,1
30,6,248,26,22,13,1,1,1
31,6,249,25,22,14,1,1,1
32,6,242,25,21,13,1,1,1
33,6,236,29,21,13,1,1,1
34,6,229,40,21,13,1,1,1
35,6,223,52,21,13,1,1,1
36,6,217,63,21,13,1,1,1
37,6,215,77,21,13,1,1,1
38,6,213,85,21,13,1,1,1
39,6,212,92,20,12,1,1,1
40,6,208,97,21,13,1,1,1
41,6,204,101,21,13,1,1,1
42,6,195,105,21,13,1,1,1
43,6,187,105,22,13,1,1,1
44,6,181,108,21,13,1,1,1
45,6,176,111,22,13,1,1,1
46,6,173,113,21,13,1,1,1
47,6,170,116,21,13,1,1,1
48,6,169,118,21,13,1,1,1
49,6,170,121,21,13,1,1,1
50,6,171,122,22,14,1,1,1
51,6,175,123,22,14,1,1,1
52,6,179,123,23,14,1,1,1
53,6,181,122,23,14,1,1,1
54,6,184,121,23,14,1,1,1
55,6,189,120,23,14,1,1,1
56,6,193,119,23,14,1,1,1
57,6,197,118,23,14,1,1,1
58,6,201,118,23,14,1,1,1
59,6,204,118,23,14,1,1,1
60,6,206,118,23,14,1,1,1
61,6,208,119,23,14,1,1,1
62,6,210,121,23,14,1,1,1
63,6,207,122,23,14,1,1,1
64,6,204,123,23,14,1,1,1
65,6,198,125,23,14,1,1,1
54,7,0,108,10,10,1,1,1
55,7,3,105,12,13,1,1,1
56,7,1,101,18,15,1,1,1
57,7,7,98,18,15,1,1,1
58,7,11,96,18,15,1,1,1
59,7,15,95,18,15,1,1,1
60,7,18,94,18,15,1,1,1
61,7,21,93,18,15,1,1,1
62,7,23,92,18,15,1,1,1
63,7,22,92,18,15,1,1,1
64,7,19,91,18,15,1,1,1
65,7,15,91,18,15,1,1,1
