1,-1,405,34,22,17,1,-1,-1,-1
1,-1,443,28,19,16,1,-1,-1,-1
1,-1,464,212,29,20,1,-1,-1,-1
1,-1,531,105,21,15,1,-1,-1,-1
1,-1,635,120,22,17,1,-1,-1,-1
1,-1,684,302,23,15,1,-1,-1,-1
1,-1,748,93,18,14,1,-1,-1,-1
1,-1,850,114,21,16,1,-1,-1,-1
1,-1,896,168,23,16,1,-1,-1,-1
2,-1,405,34,22,17,1,-1,-1,-1
2,-1,443,28,19,16,1,-1,-1,-1
2,-1,464,211,29,20,1,-1,-1,-1
2,-1,531,105,21,15,1,-1,-1,-1
2,-1,635,120,22,17,1,-1,-1,-1
2,-1,684,301,23,15,1,-1,-1,-1
2,-1,748,92,18,14,1,-1,-1,-1
2,-1,850,114,21,16,1,-1,-1,-1
2,-1,896,167,23,16,1,-1,-1,-1
3,-1,405,33,22,17,1,-1,-1,-1
3,-1,443,27,19,16,1,-1,-1,-1
3,-1,464,209,29,20,1,-1,-1,-1
3,-1,531,105,21,15,1,-1,-1,-1
3,-1,635,119,22,17,1,-1,-1,-1
3,-1,684,299,23,15,1,-1,-1,-1
3,-1,748,91,18,14,1,-1,-1,-1
3,-1,850,113,21,16,1,-1,-1,-1
3,-1,895,165,23,16,1,-1,-1,-1
4,-1,405,32,22,17,1,-1,-1,-1
4,-1,443,25,19,16,1,-1,-1,-1
4,-1,464,207,29,20,1,-1,-1,-1
4,-1,531,104,21,15,1,-1,-1,-1
4,-1,635,118,22,17,1,-1,-1,-1
4,-1,684,296,23,15,1,-1,-1,-1
4,-1,748,88,20,15,1,-1,-1,-1
4,-1,850,113,21,16,1,-1,-1,-1
4,-1,894,163,23,16,1,-1,-1,-1
5,-1,405,31,22,17,1,-1,-1,-1
5,-1,443,24,19,16,1,-1,-1,-1
5,-1,464,206,29,20,1,-1,-1,-1
5,-1,531,104,21,15,1,-1,-1,-1
5,-1,635,118,22,17,1,-1,-1,-1
5,-1,684,295,23,15,1,-1,-1,-1
5,-1,749,88,19,15,1,-1,-1,-1
5,-1,850,113,21,16,1,-1,-1,-1
5,-1,893,162,23,16,1,-1,-1,-1
6,-1,405,31,22,17,1,-1,-1,-1
6,-1,443,23,19,16,1,-1,-1,-1
6,-1,463,204,29,20,1,-1,-1,-1
6,-1,531,104,21,15,1,-1,-1,-1
6,-1,635,117,22,17,1,-1,-1,-1
6,-1,684,294,23,15,1,-1,-1,-1
6,-1,749,88,19,14,1,-1,-1,-1
6,-1,849,112,22,17,1,-1,-1,-1
6,-1,892,161,23,16,1,-1,-1,-1
7,-1,405,30,22,17,1,-1,-1,-1
7,-1,443,22,19,16,1,-1,-1,-1
7,-1,463,203,29,20,1,-1,-1,-1
7,-1,531,104,21,15,1,-1,-1,-1
7,-1,635,117,22,17,1,-1,-1,-1
7,-1,684,293,23,15,1,-1,-1,-1
7,-1,749,86,19,14,1,-1,-1,-1
7,-1,849,111,22,17,1,-1,-1,-1
7,-1,892,159,23,16,1,-1,-1,-1
8,-1,405,29,22,17,1,-1,-1,-1
8,-1,443,21,20,17,1,-1,-1,-1
8,-1,464,202,29,20,1,-1,-1,-1
8,-1,531,103,21,15,1,-1,-1,-1
8,-1,635,116,22,17,1,-1,-1,-1
8,-1,684,291,23,15,1,-1,-1,-1
8,-1,749,86,18,14,1,-1,-1,-1
8,-1,850,112,21,16,1,-1,-1,-1
8,-1,890,158,23,16,1,-1,-1,-1
9,-1,405,29,22,17,1,-1,-1,-1
9,-1,442,20,20,17,1,-1,-1,-1
9,-1,463,199,29,20,1,-1,-1,-1
9,-1,531,103,21,15,1,-1,-1,-1
9,-1,635,116,22,17,1,-1,-1,-1
9,-1,684,289,23,15,1,-1,-1,-1
9,-1,749,85,19,15,1,-1,-1,-1
9,-1,849,112,22,17,1,-1,-1,-1
9,-1,891,157,23,16,1,-1,-1,-1
10,-1,405,29,22,17,1,-1,-1,-1
10,-1,442,19,20,16,1,-1,-1,-1
10,-1,464,198,29,20,1,-1,-1,-1
10,-1,531,103,21,15,1,-1,-1,-1
10,-1,635,116,22,17,1,-1,-1,-1
10,-1,684,288,23,15,1,-1,-1,-1
10,-1,749,83,20,15,1,-1,-1,-1
10,-1,849,112,22,17,1,-1,-1,-1
10,-1,890,156,22,15,1,-1,-1,-1
11,-1,405,28,22,17,1,-1,-1,-1
11,-1,442,19,20,16,1,-1,-1,-1
11,-1,463,197,29,20,1,-1,-1,-1
11,-1,531,103,21,15,1,-1,-1,-1
11,-1,634,302,19,17,1,-1,-1,-1
11,-1,635,116,22,17,1,-1,-1,-1
11,-1,684,286,24,15,1,-1,-1,-1
11,-1,748,83,20,15,1,-1,-1,-1
11,-1,849,112,22,17,1,-1,-1,-1
11,-1,889,155,23,16,1,-1,-1,-1
12,-1,405,28,22,17,1,-1,-1,-1
12,-1,442,18,20,17,1,-1,-1,-1
12,-1,464,196,28,19,1,-1,-1,-1
12,-1,531,103,21,15,1,-1,-1,-1
12,-1,634,302,20,17,1,-1,-1,-1
12,-1,635,116,22,17,1,-1,-1,-1
12,-1,684,285,23,15,1,-1,-1,-1
12,-1,748,82,19,15,1,-1,-1,-1
12,-1,849,111,22,17,1,-1,-1,-1
12,-1,888,154,22,15,1,-1,-1,-1
13,-1,405,28,22,17,1,-1,-1,-1
13,-1,442,17,20,17,1,-1,-1,-1
13,-1,464,195,29,20,1,-1,-1,-1
13,-1,531,103,21,15,1,-1,-1,-1
13,-1,634,302,20,18,1,-1,-1,-1
13,-1,635,115,22,17,1,-1,-1,-1
13,-1,684,284,24,15,1,-1,-1,-1
13,-1,749,82,19,15,1,-1,-1,-1
13,-1,849,111,22,17,1,-1,-1,-1
13,-1,888,154,22,16,1,-1,-1,-1
14,-1,405,27,21,16,1,-1,-1,-1
14,-1,442,16,20,16,1,-1,-1,-1
14,-1,463,194,28,19,1,-1,-1,-1
14,-1,531,103,21,15,1,-1,-1,-1
14,-1,634,304,18,17,1,-1,-1,-1
14,-1,635,115,22,17,1,-1,-1,-1
14,-1,683,282,24,16,1,-1,-1,-1
14,-1,749,81,19,15,1,-1,-1,-1
14,-1,849,111,22,17,1,-1,-1,-1
14,-1,886,151,23,16,1,-1,-1,-1
15,-1,405,27,21,17,1,-1,-1,-1
15,-1,442,15,20,17,1,-1,-1,-1
15,-1,463,192,28,20,1,-1,-1,-1
15,-1,531,103,21,15,1,-1,-1,-1
15,-1,634,303,20,17,1,-1,-1,-1
15,-1,635,115,22,17,1,-1,-1,-1
15,-1,683,281,25,16,1,-1,-1,-1
15,-1,749,80,19,15,1,-1,-1,-1
15,-1,849,111,22,17,1,-1,-1,-1
15,-1,886,150,22,16,1,-1,-1,-1
16,-1,405,26,22,17,1,-1,-1,-1
16,-1,441,15,20,17,1,-1,-1,-1
16,-1,462,191,29,20,1,-1,-1,-1
16,-1,531,103,21,15,1,-1,-1,-1
16,-1,634,302,20,18,1,-1,-1,-1
16,-1,635,115,22,17,1,-1,-1,-1
16,-1,683,280,24,16,1,-1,-1,-1
16,-1,749,80,19,15,1,-1,-1,-1
16,-1,849,110,22,17,1,-1,-1,-1
16,-1,885,150,23,16,1,-1,-1,-1
17,-1,405,26,21,16,1,-1,-1,-1
17,-1,441,14,20,16,1,-1,-1,-1
17,-1,462,191,28,20,1,-1,-1,-1
17,-1,531,102,21,15,1,-1,-1,-1
17,-1,634,301,19,13,1,-1,-1,-1
17,-1,636,115,22,17,1,-1,-1,-1
17,-1,683,279,24,15,1,-1,-1,-1
17,-1,749,79,19,15,1,-1,-1,-1
17,-1,849,110,22,17,1,-1,-1,-1
17,-1,884,149,23,16,1,-1,-1,-1
18,-1,404,26,22,17,1,-1,-1,-1
18,-1,441,14,20,17,1,-1,-1,-1
18,-1,462,190,28,19,1,-1,-1,-1
18,-1,531,102,21,15,1,-1,-1,-1
18,-1,634,301,19,13,1,-1,-1,-1
18,-1,635,115,22,17,1,-1,-1,-1
18,-1,683,278,24,15,1,-1,-1,-1
18,-1,749,79,19,15,1,-1,-1,-1
18,-1,849,110,23,17,1,-1,-1,-1
18,-1,884,148,23,16,1,-1,-1,-1
19,-1,404,25,22,17,1,-1,-1,-1
19,-1,441,12,20,17,1,-1,-1,-1
19,-1,463,188,28,19,1,-1,-1,-1
19,-1,531,102,21,15,1,-1,-1,-1
19,-1,634,299,19,13,1,-1,-1,-1
19,-1,635,115,22,17,1,-1,-1,-1
19,-1,682,275,25,16,1,-1,-1,-1
19,-1,749,78,19,15,1,-1,-1,-1
19,-1,848,110,22,17,1,-1,-1,-1
19,-1,882,147,23,16,1,-1,-1,-1
20,-1,404,25,21,17,1,-1,-1,-1
20,-1,441,12,20,17,1,-1,-1,-1
20,-1,463,188,27,19,1,-1,-1,-1
20,-1,531,102,21,15,1,-1,-1,-1
20,-1,634,299,18,12,1,-1,-1,-1
20,-1,635,115,22,17,1,-1,-1,-1
20,-1,682,274,25,16,1,-1,-1,-1
20,-1,749,77,19,14,1,-1,-1,-1
20,-1,848,110,22,17,1,-1,-1,-1
20,-1,881,146,23,16,1,-1,-1,-1
21,-1,404,25,21,17,1,-1,-1,-1
21,-1,441,11,20,17,1,-1,-1,-1
21,-1,462,187,28,19,1,-1,-1,-1
21,-1,531,102,21,15,1,-1,-1,-1
21,-1,634,298,18,12,1,-1,-1,-1
21,-1,635,115,22,17,1,-1,-1,-1
21,-1,682,273,25,16,1,-1,-1,-1
21,-1,749,77,19,14,1,-1,-1,-1
21,-1,848,110,22,17,1,-1,-1,-1
21,-1,881,146,23,16,1,-1,-1,-1
22,-1,404,25,22,17,1,-1,-1,-1
22,-1,441,11,20,17,1,-1,-1,-1
22,-1,462,186,28,19,1,-1,-1,-1
22,-1,531,102,21,15,1,-1,-1,-1
22,-1,634,297,17,12,1,-1,-1,-1
22,-1,635,115,22,17,1,-1,-1,-1
22,-1,682,272,25,16,1,-1,-1,-1
22,-1,749,76,19,14,1,-1,-1,-1
22,-1,848,110,22,17,1,-1,-1,-1
22,-1,881,145,23,16,1,-1,-1,-1
23,-1,404,25,21,17,1,-1,-1,-1
23,-1,441,10,20,17,1,-1,-1,-1
23,-1,462,185,28,20,1,-1,-1,-1
23,-1,531,102,21,15,1,-1,-1,-1
23,-1,634,296,17,12,1,-1,-1,-1
23,-1,635,115,22,17,1,-1,-1,-1
23,-1,682,271,25,16,1,-1,-1,-1
23,-1,749,76,19,15,1,-1,-1,-1
23,-1,847,110,22,17,1,-1,-1,-1
23,-1,881,145,22,16,1,-1,-1,-1
24,-1,404,24,21,17,1,-1,-1,-1
24,-1,441,9,20,17,1,-1,-1,-1
24,-1,461,184,29,20,1,-1,-1,-1
24,-1,532,102,21,15,1,-1,-1,-1
24,-1,634,296,17,12,1,-1,-1,-1
24,-1,636,116,22,17,1,-1,-1,-1
24,-1,682,270,25,16,1,-1,-1,-1
24,-1,749,75,19,15,1,-1,-1,-1
24,-1,847,109,22,17,1,-1,-1,-1
24,-1,880,145,22,15,1,-1,-1,-1
25,-1,404,24,21,16,1,-1,-1,-1
25,-1,441,8,20,17,1,-1,-1,-1
25,-1,461,184,29,20,1,-1,-1,-1
25,-1,531,102,21,15,1,-1,-1,-1
25,-1,634,296,17,11,1,-1,-1,-1
25,-1,636,116,22,17,1,-1,-1,-1
25,-1,683,269,25,16,1,-1,-1,-1
25,-1,749,75,19,15,1,-1,-1,-1
25,-1,847,109,22,17,1,-1,-1,-1
25,-1,879,143,23,16,1,-1,-1,-1
26,-1,404,24,21,17,1,-1,-1,-1
26,-1,441,8,20,17,1,-1,-1,-1
26,-1,461,183,28,19,1,-1,-1,-1
26,-1,532,102,21,15,1,-1,-1,-1
26,-1,634,295,17,11,1,-1,-1,-1
26,-1,636,117,22,17,1,-1,-1,-1
26,-1,683,268,25,16,1,-1,-1,-1
26,-1,749,74,19,15,1,-1,-1,-1
26,-1,847,109,22,17,1,-1,-1,-1
26,-1,878,143,23,16,1,-1,-1,-1
27,-1,404,24,21,16,1,-1,-1,-1
27,-1,441,7,20,17,1,-1,-1,-1
27,-1,461,182,28,20,1,-1,-1,-1
27,-1,532,102,21,15,1,-1,-1,-1
27,-1,634,293,16,11,1,-1,-1,-1
27,-1,636,117,22,17,1,-1,-1,-1
27,-1,682,267,25,17,1,-1,-1,-1
27,-1,749,73,19,15,1,-1,-1,-1
27,-1,847,109,22,17,1,-1,-1,-1
27,-1,877,142,23,16,1,-1,-1,-1
28,-1,404,24,21,16,1,-1,-1,-1
28,-1,441,7,20,17,1,-1,-1,-1
28,-1,461,182,28,19,1,-1,-1,-1
28,-1,532,102,21,15,1,-1,-1,-1
28,-1,634,294,16,11,1,-1,-1,-1
28,-1,636,117,22,17,1,-1,-1,-1
28,-1,682,266,25,17,1,-1,-1,-1
28,-1,749,73,19,15,1,-1,-1,-1
28,-1,847,109,22,17,1,-1,-1,-1
28,-1,877,142,23,16,1,-1,-1,-1
29,-1,404,23,21,17,1,-1,-1,-1
29,-1,441,6,20,17,1,-1,-1,-1
29,-1,461,181,28,19,1,-1,-1,-1
29,-1,532,102,21,15,1,-1,-1,-1
29,-1,634,293,16,11,1,-1,-1,-1
29,-1,636,118,21,17,1,-1,-1,-1
29,-1,683,264,25,16,1,-1,-1,-1
29,-1,749,73,19,14,1,-1,-1,-1
29,-1,847,108,22,17,1,-1,-1,-1
29,-1,876,141,22,16,1,-1,-1,-1
30,-1,404,23,21,16,1,-1,-1,-1
30,-1,441,5,20,17,1,-1,-1,-1
30,-1,460,180,29,20,1,-1,-1,-1
30,-1,532,102,21,15,1,-1,-1,-1
30,-1,634,292,17,11,1,-1,-1,-1
30,-1,636,118,21,17,1,-1,-1,-1
30,-1,683,263,26,17,1,-1,-1,-1
30,-1,748,72,19,15,1,-1,-1,-1
30,-1,847,108,22,17,1,-1,-1,-1
30,-1,875,141,23,16,1,-1,-1,-1
31,-1,404,23,22,17,1,-1,-1,-1
31,-1,441,5,20,17,1,-1,-1,-1
31,-1,460,179,29,20,1,-1,-1,-1
31,-1,533,102,20,15,1,-1,-1,-1
31,-1,635,291,15,10,1,-1,-1,-1
31,-1,636,118,21,17,1,-1,-1,-1
31,-1,683,261,25,16,1,-1,-1,-1
31,-1,749,71,19,15,1,-1,-1,-1
31,-1,846,107,23,17,1,-1,-1,-1
31,-1,875,140,23,16,1,-1,-1,-1
32,-1,404,23,22,17,1,-1,-1,-1
32,-1,441,4,20,17,1,-1,-1,-1
32,-1,460,179,29,20,1,-1,-1,-1
32,-1,533,102,20,15,1,-1,-1,-1
32,-1,635,291,16,11,1,-1,-1,-1
32,-1,636,118,21,16,1,-1,-1,-1
32,-1,683,261,26,17,1,-1,-1,-1
32,-1,749,71,19,15,1,-1,-1,-1
32,-1,847,107,23,17,1,-1,-1,-1
32,-1,874,140,23,16,1,-1,-1,-1
33,-1,404,22,21,16,1,-1,-1,-1
33,-1,441,3,20,17,1,-1,-1,-1
33,-1,460,179,28,19,1,-1,-1,-1
33,-1,533,102,20,15,1,-1,-1,-1
33,-1,634,290,16,11,1,-1,-1,-1
33,-1,636,119,21,17,1,-1,-1,-1
33,-1,683,260,26,17,1,-1,-1,-1
33,-1,749,71,19,15,1,-1,-1,-1
33,-1,847,107,23,17,1,-1,-1,-1
33,-1,873,140,23,16,1,-1,-1,-1
34,-1,403,22,21,17,1,-1,-1,-1
34,-1,441,2,20,17,1,-1,-1,-1
34,-1,460,178,28,19,1,-1,-1,-1
34,-1,533,101,21,15,1,-1,-1,-1
34,-1,634,289,16,11,1,-1,-1,-1
34,-1,636,119,22,17,1,-1,-1,-1
34,-1,683,259,25,16,1,-1,-1,-1
34,-1,748,69,18,14,1,-1,-1,-1
34,-1,846,106,23,17,1,-1,-1,-1
34,-1,872,139,23,16,1,-1,-1,-1
35,-1,403,22,21,17,1,-1,-1,-1
35,-1,441,2,20,17,1,-1,-1,-1
35,-1,459,178,29,20,1,-1,-1,-1
35,-1,533,101,21,15,1,-1,-1,-1
35,-1,634,289,16,11,1,-1,-1,-1
35,-1,636,119,21,17,1,-1,-1,-1
35,-1,683,258,25,16,1,-1,-1,-1
35,-1,748,69,18,14,1,-1,-1,-1
35,-1,846,105,23,17,1,-1,-1,-1
35,-1,872,139,23,16,1,-1,-1,-1
36,-1,403,22,22,17,1,-1,-1,-1
36,-1,441,1,20,17,1,-1,-1,-1
36,-1,459,178,29,20,1,-1,-1,-1
36,-1,533,101,20,15,1,-1,-1,-1
36,-1,634,288,16,11,1,-1,-1,-1
36,-1,636,120,21,16,1,-1,-1,-1
36,-1,683,257,25,16,1,-1,-1,-1
36,-1,748,69,19,14,1,-1,-1,-1
36,-1,846,105,23,17,1,-1,-1,-1
36,-1,871,138,23,16,1,-1,-1,-1
37,-1,403,21,22,17,1,-1,-1,-1
37,-1,441,0,20,17,1,-1,-1,-1
37,-1,459,177,29,20,1,-1,-1,-1
37,-1,533,101,20,15,1,-1,-1,-1
37,-1,633,288,16,11,1,-1,-1,-1
37,-1,636,120,21,16,1,-1,-1,-1
37,-1,683,256,25,16,1,-1,-1,-1
37,-1,748,68,18,14,1,-1,-1,-1
37,-1,846,105,23,17,1,-1,-1,-1
37,-1,871,138,23,16,1,-1,-1,-1
38,-1,403,21,22,17,1,-1,-1,-1
38,-1,441,0,20,17,1,-1,-1,-1
38,-1,460,177,28,19,1,-1,-1,-1
38,-1,533,101,20,15,1,-1,-1,-1
38,-1,633,288,16,11,1,-1,-1,-1
38,-1,636,121,21,16,1,-1,-1,-1
38,-1,683,255,26,17,1,-1,-1,-1
38,-1,748,68,19,14,1,-1,-1,-1
38,-1,846,104,23,17,1,-1,-1,-1
38,-1,870,138,22,16,1,-1,-1,-1
39,-1,403,21,22,17,1,-1,-1,-1
39,-1,440,-1,20,17,1,-1,-1,-1
39,-1,459,177,29,20,1,-1,-1,-1
39,-1,533,101,20,15,1,-1,-1,-1
39,-1,633,286,16,11,1,-1,-1,-1
39,-1,635,122,21,16,1,-1,-1,-1
39,-1,683,253,26,17,1,-1,-1,-1
39,-1,748,67,19,15,1,-1,-1,-1
39,-1,846,104,23,17,1,-1,-1,-1
39,-1,869,137,23,16,1,-1,-1,-1
40,-1,403,21,22,17,1,-1,-1,-1
40,-1,440,-2,20,17,1,-1,-1,-1
40,-1,459,176,29,20,1,-1,-1,-1
40,-1,533,100,21,15,1,-1,-1,-1
40,-1,633,286,16,11,1,-1,-1,-1
40,-1,635,121,21,16,1,-1,-1,-1
40,-1,683,252,26,17,1,-1,-1,-1
40,-1,748,66,19,15,1,-1,-1,-1
40,-1,847,103,23,17,1,-1,-1,-1
40,-1,869,137,23,16,1,-1,-1,-1
41,-1,403,21,22,17,1,-1,-1,-1
41,-1,440,-3,20,17,1,-1,-1,-1
41,-1,459,176,29,20,1,-1,-1,-1
41,-1,533,100,21,15,1,-1,-1,-1
41,-1,633,286,16,11,1,-1,-1,-1
41,-1,635,122,21,16,1,-1,-1,-1
41,-1,683,252,26,17,1,-1,-1,-1
41,-1,748,66,19,14,1,-1,-1,-1
41,-1,846,103,23,17,1,-1,-1,-1
41,-1,868,137,23,16,1,-1,-1,-1
42,-1,403,21,21,17,1,-1,-1,-1
42,-1,440,-3,20,17,1,-1,-1,-1
42,-1,459,176,29,20,1,-1,-1,-1
42,-1,533,100,21,15,1,-1,-1,-1
42,-1,633,285,16,11,1,-1,-1,-1
42,-1,635,122,21,16,1,-1,-1,-1
42,-1,683,250,26,17,1,-1,-1,-1
42,-1,748,65,19,15,1,-1,-1,-1
42,-1,846,102,23,17,1,-1,-1,-1
42,-1,867,136,24,16,1,-1,-1,-1
43,-1,402,20,22,17,1,-1,-1,-1
43,-1,440,-4,20,17,1,-1,-1,-1
43,-1,458,176,29,20,1,-1,-1,-1
43,-1,533,100,21,15,1,-1,-1,-1
43,-1,633,285,16,11,1,-1,-1,-1
43,-1,634,123,21,17,1,-1,-1,-1
43,-1,683,250,26,17,1,-1,-1,-1
43,-1,748,65,19,15,1,-1,-1,-1
43,-1,846,102,23,17,1,-1,-1,-1
43,-1,866,136,24,17,1,-1,-1,-1
44,-1,402,20,22,17,1,-1,-1,-1
44,-1,440,-5,20,17,1,-1,-1,-1
44,-1,458,176,29,20,1,-1,-1,-1
44,-1,533,100,21,15,1,-1,-1,-1
44,-1,630,282,19,13,1,-1,-1,-1
44,-1,634,123,22,17,1,-1,-1,-1
44,-1,683,249,26,17,1,-1,-1,-1
44,-1,748,64,19,15,1,-1,-1,-1
44,-1,846,101,23,17,1,-1,-1,-1
44,-1,865,136,24,16,1,-1,-1,-1
45,-1,402,20,22,17,1,-1,-1,-1
45,-1,440,-5,20,17,1,-1,-1,-1
45,-1,458,176,28,19,1,-1,-1,-1
45,-1,533,100,21,15,1,-1,-1,-1
45,-1,630,282,19,13,1,-1,-1,-1
45,-1,634,124,22,17,1,-1,-1,-1
45,-1,683,248,26,17,1,-1,-1,-1
45,-1,748,64,19,15,1,-1,-1,-1
45,-1,846,101,23,17,1,-1,-1,-1
45,-1,865,136,24,16,1,-1,-1,-1
46,-1,402,20,22,17,1,-1,-1,-1
46,-1,440,-6,20,17,1,-1,-1,-1
46,-1,458,176,29,20,1,-1,-1,-1
46,-1,532,100,21,15,1,-1,-1,-1
46,-1,630,282,19,13,1,-1,-1,-1
46,-1,634,124,22,17,1,-1,-1,-1
46,-1,683,248,26,17,1,-1,-1,-1
46,-1,748,64,19,15,1,-1,-1,-1
46,-1,846,100,23,17,1,-1,-1,-1
46,-1,864,136,24,17,1,-1,-1,-1
47,-1,402,20,22,17,1,-1,-1,-1
47,-1,440,-6,20,17,1,-1,-1,-1
47,-1,458,176,29,20,1,-1,-1,-1
47,-1,532,100,20,15,1,-1,-1,-1
47,-1,630,282,19,13,1,-1,-1,-1
47,-1,633,125,21,17,1,-1,-1,-1
47,-1,683,247,26,17,1,-1,-1,-1
47,-1,748,64,19,15,1,-1,-1,-1
47,-1,847,101,23,17,1,-1,-1,-1
47,-1,864,136,24,17,1,-1,-1,-1
48,-1,401,20,22,17,1,-1,-1,-1
48,-1,439,-7,20,17,1,-1,-1,-1
48,-1,458,176,29,20,1,-1,-1,-1
48,-1,532,100,21,15,1,-1,-1,-1
48,-1,630,282,19,13,1,-1,-1,-1
48,-1,633,126,21,16,1,-1,-1,-1
48,-1,682,246,26,17,1,-1,-1,-1
48,-1,747,63,20,15,1,-1,-1,-1
48,-1,847,100,23,17,1,-1,-1,-1
48,-1,863,137,24,17,1,-1,-1,-1
49,-1,401,20,22,17,1,-1,-1,-1
49,-1,438,-9,20,17,1,-1,-1,-1
49,-1,457,176,29,20,1,-1,-1,-1
49,-1,532,99,20,15,1,-1,-1,-1
49,-1,630,281,19,13,1,-1,-1,-1
49,-1,633,126,21,16,1,-1,-1,-1
49,-1,682,245,26,17,1,-1,-1,-1
49,-1,747,62,19,15,1,-1,-1,-1
49,-1,847,99,23,17,1,-1,-1,-1
49,-1,862,136,23,16,1,-1,-1,-1
50,-1,401,20,22,17,1,-1,-1,-1
50,-1,438,-10,22,18,1,-1,-1,-1
50,-1,457,176,29,20,1,-1,-1,-1
50,-1,532,99,21,15,1,-1,-1,-1
50,-1,630,281,19,13,1,-1,-1,-1
50,-1,633,127,21,16,1,-1,-1,-1
50,-1,682,244,27,18,1,-1,-1,-1
50,-1,746,62,18,14,1,-1,-1,-1
50,-1,847,98,23,17,1,-1,-1,-1
50,-1,862,136,24,17,1,-1,-1,-1
51,-1,401,19,22,17,1,-1,-1,-1
51,-1,438,-10,20,17,1,-1,-1,-1
51,-1,457,176,28,20,1,-1,-1,-1
51,-1,532,99,21,15,1,-1,-1,-1
51,-1,630,280,19,13,1,-1,-1,-1
51,-1,633,126,21,16,1,-1,-1,-1
51,-1,682,243,26,17,1,-1,-1,-1
51,-1,746,62,18,14,1,-1,-1,-1
51,-1,846,97,23,17,1,-1,-1,-1
51,-1,862,136,24,17,1,-1,-1,-1
52,-1,400,19,22,17,1,-1,-1,-1
52,-1,438,-9,19,16,1,-1,-1,-1
52,-1,457,176,29,20,1,-1,-1,-1
52,-1,532,98,20,15,1,-1,-1,-1
52,-1,631,280,19,13,1,-1,-1,-1
52,-1,632,127,21,16,1,-1,-1,-1
52,-1,681,242,26,17,1,-1,-1,-1
52,-1,746,60,18,14,1,-1,-1,-1
52,-1,846,97,23,17,1,-1,-1,-1
52,-1,862,137,23,16,1,-1,-1,-1
53,-1,399,19,22,17,1,-1,-1,-1
53,-1,439,-8,16,14,1,-1,-1,-1
53,-1,457,176,29,20,1,-1,-1,-1
53,-1,532,98,20,15,1,-1,-1,-1
53,-1,631,280,19,13,1,-1,-1,-1
53,-1,632,127,21,16,1,-1,-1,-1
53,-1,681,242,26,17,1,-1,-1,-1
53,-1,746,60,18,14,1,-1,-1,-1
53,-1,846,96,23,17,1,-1,-1,-1
53,-1,860,136,24,16,1,-1,-1,-1
54,-1,400,19,21,17,1,-1,-1,-1
54,-1,439,-8,15,13,1,-1,-1,-1
54,-1,456,177,28,19,1,-1,-1,-1
54,-1,531,98,20,15,1,-1,-1,-1
54,-1,631,280,19,13,1,-1,-1,-1
54,-1,632,128,20,15,1,-1,-1,-1
54,-1,681,242,26,17,1,-1,-1,-1
54,-1,746,60,18,14,1,-1,-1,-1
54,-1,846,96,23,17,1,-1,-1,-1
54,-1,860,137,24,17,1,-1,-1,-1
55,-1,400,19,22,17,1,-1,-1,-1
55,-1,438,-7,14,12,1,-1,-1,-1
55,-1,456,177,29,20,1,-1,-1,-1
55,-1,531,98,20,15,1,-1,-1,-1
55,-1,631,130,20,16,1,-1,-1,-1
55,-1,631,280,19,13,1,-1,-1,-1
55,-1,680,241,27,17,1,-1,-1,-1
55,-1,745,60,19,14,1,-1,-1,-1
55,-1,846,95,23,17,1,-1,-1,-1
55,-1,859,137,23,16,1,-1,-1,-1
56,-1,399,19,22,17,1,-1,-1,-1
56,-1,438,-7,14,12,1,-1,-1,-1
56,-1,456,178,28,19,1,-1,-1,-1
56,-1,530,98,20,14,1,-1,-1,-1
56,-1,631,130,20,16,1,-1,-1,-1
56,-1,631,280,19,13,1,-1,-1,-1
56,-1,681,240,26,17,1,-1,-1,-1
56,-1,744,58,19,15,1,-1,-1,-1
56,-1,846,95,23,17,1,-1,-1,-1
56,-1,858,137,24,16,1,-1,-1,-1
57,-1,399,19,22,17,1,-1,-1,-1
57,-1,456,178,28,19,1,-1,-1,-1
57,-1,530,98,20,14,1,-1,-1,-1
57,-1,631,130,20,16,1,-1,-1,-1
57,-1,631,280,19,13,1,-1,-1,-1
57,-1,681,239,26,17,1,-1,-1,-1
57,-1,744,58,19,15,1,-1,-1,-1
57,-1,846,94,23,17,1,-1,-1,-1
57,-1,858,137,24,16,1,-1,-1,-1
58,-1,400,19,21,17,1,-1,-1,-1
58,-1,456,178,28,19,1,-1,-1,-1
58,-1,530,98,20,15,1,-1,-1,-1
58,-1,630,131,21,16,1,-1,-1,-1
58,-1,631,280,19,13,1,-1,-1,-1
58,-1,681,239,26,17,1,-1,-1,-1
58,-1,744,58,19,15,1,-1,-1,-1
58,-1,846,94,23,17,1,-1,-1,-1
58,-1,857,138,24,16,1,-1,-1,-1
59,-1,399,19,22,17,1,-1,-1,-1
59,-1,456,179,27,19,1,-1,-1,-1
59,-1,530,97,20,15,1,-1,-1,-1
59,-1,630,131,21,16,1,-1,-1,-1
59,-1,631,280,19,13,1,-1,-1,-1
59,-1,681,239,26,17,1,-1,-1,-1
59,-1,744,58,19,15,1,-1,-1,-1
59,-1,846,93,23,17,1,-1,-1,-1
59,-1,857,138,23,16,1,-1,-1,-1
60,-1,399,19,22,17,1,-1,-1,-1
60,-1,456,180,27,19,1,-1,-1,-1
60,-1,530,97,21,15,1,-1,-1,-1
60,-1,630,133,20,16,1,-1,-1,-1
60,-1,631,280,19,13,1,-1,-1,-1
60,-1,681,238,26,17,1,-1,-1,-1
60,-1,743,57,19,14,1,-1,-1,-1
60,-1,846,92,23,17,1,-1,-1,-1
60,-1,856,139,24,16,1,-1,-1,-1
61,-1,400,19,21,16,1,-1,-1,-1
61,-1,456,180,27,19,1,-1,-1,-1
61,-1,530,97,21,15,1,-1,-1,-1
61,-1,630,132,21,16,1,-1,-1,-1
61,-1,631,280,19,13,1,-1,-1,-1
61,-1,681,238,26,17,1,-1,-1,-1
61,-1,743,57,19,15,1,-1,-1,-1
61,-1,846,92,23,17,1,-1,-1,-1
61,-1,856,139,24,16,1,-1,-1,-1
62,-1,400,19,21,17,1,-1,-1,-1
62,-1,456,180,27,19,1,-1,-1,-1
62,-1,530,97,20,15,1,-1,-1,-1
62,-1,630,133,21,16,1,-1,-1,-1
62,-1,631,280,19,13,1,-1,-1,-1
62,-1,681,237,26,17,1,-1,-1,-1
62,-1,744,57,18,14,1,-1,-1,-1
62,-1,847,91,22,17,1,-1,-1,-1
62,-1,856,139,23,16,1,-1,-1,-1
63,-1,400,19,21,17,1,-1,-1,-1
63,-1,456,180,27,19,1,-1,-1,-1
63,-1,530,97,20,15,1,-1,-1,-1
63,-1,630,133,21,16,1,-1,-1,-1
63,-1,631,280,19,13,1,-1,-1,-1
63,-1,681,236,27,17,1,-1,-1,-1
63,-1,743,57,18,14,1,-1,-1,-1
63,-1,848,90,22,17,1,-1,-1,-1
63,-1,855,139,23,16,1,-1,-1,-1
64,-1,400,19,21,17,1,-1,-1,-1
64,-1,456,180,28,19,1,-1,-1,-1
64,-1,530,96,21,15,1,-1,-1,-1
64,-1,630,133,20,16,1,-1,-1,-1
64,-1,631,280,19,13,1,-1,-1,-1
64,-1,681,236,26,17,1,-1,-1,-1
64,-1,744,56,17,14,1,-1,-1,-1
64,-1,848,89,22,17,1,-1,-1,-1
64,-1,855,139,23,16,1,-1,-1,-1
65,-1,401,18,21,17,1,-1,-1,-1
65,-1,457,181,27,19,1,-1,-1,-1
65,-1,530,95,20,15,1,-1,-1,-1
65,-1,630,134,21,16,1,-1,-1,-1
65,-1,631,280,20,13,1,-1,-1,-1
65,-1,681,235,26,17,1,-1,-1,-1
65,-1,743,54,18,14,1,-1,-1,-1
65,-1,848,88,23,17,1,-1,-1,-1
65,-1,855,139,23,16,1,-1,-1,-1
66,-1,401,18,21,16,1,-1,-1,-1
66,-1,457,181,27,18,1,-1,-1,-1
66,-1,530,95,20,15,1,-1,-1,-1
66,-1,630,134,20,16,1,-1,-1,-1
66,-1,632,280,19,13,1,-1,-1,-1
66,-1,681,234,26,17,1,-1,-1,-1
66,-1,743,54,18,14,1,-1,-1,-1
66,-1,848,87,23,17,1,-1,-1,-1
66,-1,854,139,23,16,1,-1,-1,-1
67,-1,400,17,22,17,1,-1,-1,-1
67,-1,457,181,27,19,1,-1,-1,-1
67,-1,530,95,20,15,1,-1,-1,-1
67,-1,631,135,20,16,1,-1,-1,-1
67,-1,632,281,19,13,1,-1,-1,-1
67,-1,681,234,26,17,1,-1,-1,-1
67,-1,743,54,19,14,1,-1,-1,-1
67,-1,849,86,22,17,1,-1,-1,-1
67,-1,854,140,23,16,1,-1,-1,-1
68,-1,401,17,21,16,1,-1,-1,-1
68,-1,457,182,27,18,1,-1,-1,-1
68,-1,531,95,20,15,1,-1,-1,-1
68,-1,631,135,20,15,1,-1,-1,-1
68,-1,632,281,19,13,1,-1,-1,-1
68,-1,682,234,26,17,1,-1,-1,-1
68,-1,743,54,19,14,1,-1,-1,-1
68,-1,849,86,22,17,1,-1,-1,-1
68,-1,854,141,23,16,1,-1,-1,-1
69,-1,401,17,21,17,1,-1,-1,-1
69,-1,457,182,27,19,1,-1,-1,-1
69,-1,531,95,21,15,1,-1,-1,-1
69,-1,631,136,19,15,1,-1,-1,-1
69,-1,632,281,19,13,1,-1,-1,-1
69,-1,682,233,25,17,1,-1,-1,-1
69,-1,743,54,19,15,1,-1,-1,-1
69,-1,849,85,23,17,1,-1,-1,-1
69,-1,854,140,23,16,1,-1,-1,-1
70,-1,402,17,21,17,1,-1,-1,-1
70,-1,458,183,27,18,1,-1,-1,-1
70,-1,531,94,20,15,1,-1,-1,-1
70,-1,631,136,20,15,1,-1,-1,-1
70,-1,633,282,19,13,1,-1,-1,-1
70,-1,682,233,25,17,1,-1,-1,-1
70,-1,743,53,19,14,1,-1,-1,-1
70,-1,850,84,22,17,1,-1,-1,-1
70,-1,854,141,23,16,1,-1,-1,-1
71,-1,402,16,22,17,1,-1,-1,-1
71,-1,458,184,27,19,1,-1,-1,-1
71,-1,531,94,20,15,1,-1,-1,-1
71,-1,632,137,20,15,1,-1,-1,-1
71,-1,634,282,18,13,1,-1,-1,-1
71,-1,683,233,26,17,1,-1,-1,-1
71,-1,744,52,19,15,1,-1,-1,-1
71,-1,850,83,22,17,1,-1,-1,-1
71,-1,854,141,23,16,1,-1,-1,-1
72,-1,403,16,21,16,1,-1,-1,-1
72,-1,459,184,27,18,1,-1,-1,-1
72,-1,531,94,20,15,1,-1,-1,-1
72,-1,632,137,20,16,1,-1,-1,-1
72,-1,634,282,19,13,1,-1,-1,-1
72,-1,683,232,26,17,1,-1,-1,-1
72,-1,744,51,19,15,1,-1,-1,-1
72,-1,850,83,22,17,1,-1,-1,-1
72,-1,855,142,22,15,1,-1,-1,-1
73,-1,402,16,21,16,1,-1,-1,-1
73,-1,458,184,28,19,1,-1,-1,-1
73,-1,531,93,21,15,1,-1,-1,-1
73,-1,633,138,19,15,1,-1,-1,-1
73,-1,634,283,19,13,1,-1,-1,-1
73,-1,683,232,26,17,1,-1,-1,-1
73,-1,744,50,19,15,1,-1,-1,-1
73,-1,852,82,21,16,1,-1,-1,-1
73,-1,854,142,23,16,1,-1,-1,-1
74,-1,403,16,21,16,1,-1,-1,-1
74,-1,458,185,28,20,1,-1,-1,-1
74,-1,532,93,21,15,1,-1,-1,-1
74,-1,633,138,19,15,1,-1,-1,-1
74,-1,634,283,19,13,1,-1,-1,-1
74,-1,683,232,26,17,1,-1,-1,-1
74,-1,743,50,19,15,1,-1,-1,-1
74,-1,851,81,22,17,1,-1,-1,-1
74,-1,854,142,23,16,1,-1,-1,-1
75,-1,402,16,21,16,1,-1,-1,-1
75,-1,459,186,27,19,1,-1,-1,-1
75,-1,532,92,20,15,1,-1,-1,-1
75,-1,632,138,20,15,1,-1,-1,-1
75,-1,634,283,19,13,1,-1,-1,-1
75,-1,683,231,26,17,1,-1,-1,-1
75,-1,744,50,19,15,1,-1,-1,-1
75,-1,851,81,21,16,1,-1,-1,-1
75,-1,855,143,23,16,1,-1,-1,-1
76,-1,402,15,22,17,1,-1,-1,-1
76,-1,459,186,28,19,1,-1,-1,-1
76,-1,532,92,20,15,1,-1,-1,-1
76,-1,633,139,19,15,1,-1,-1,-1
76,-1,634,284,19,13,1,-1,-1,-1
76,-1,683,231,26,17,1,-1,-1,-1
76,-1,744,49,19,15,1,-1,-1,-1
76,-1,851,80,22,17,1,-1,-1,-1
76,-1,855,144,22,16,1,-1,-1,-1
77,-1,403,15,21,16,1,-1,-1,-1
77,-1,459,186,28,19,1,-1,-1,-1
77,-1,532,91,20,15,1,-1,-1,-1
77,-1,632,139,19,15,1,-1,-1,-1
77,-1,634,284,19,13,1,-1,-1,-1
77,-1,683,231,26,17,1,-1,-1,-1
77,-1,744,49,19,15,1,-1,-1,-1
77,-1,851,78,22,17,1,-1,-1,-1
77,-1,855,144,23,16,1,-1,-1,-1
78,-1,402,15,22,17,1,-1,-1,-1
78,-1,460,187,28,19,1,-1,-1,-1
78,-1,532,91,20,15,1,-1,-1,-1
78,-1,632,139,19,15,1,-1,-1,-1
78,-1,634,284,19,13,1,-1,-1,-1
78,-1,683,230,26,17,1,-1,-1,-1
78,-1,744,49,19,15,1,-1,-1,-1
78,-1,851,78,22,17,1,-1,-1,-1
78,-1,854,145,23,16,1,-1,-1,-1
79,-1,402,15,22,17,1,-1,-1,-1
79,-1,460,187,28,19,1,-1,-1,-1
79,-1,532,91,20,15,1,-1,-1,-1
79,-1,633,140,19,15,1,-1,-1,-1
79,-1,634,284,18,13,1,-1,-1,-1
79,-1,683,230,26,17,1,-1,-1,-1
79,-1,744,48,19,15,1,-1,-1,-1
79,-1,851,78,22,17,1,-1,-1,-1
79,-1,854,145,23,16,1,-1,-1,-1
80,-1,402,14,22,17,1,-1,-1,-1
80,-1,460,189,27,19,1,-1,-1,-1
80,-1,532,90,20,14,1,-1,-1,-1
80,-1,632,140,20,15,1,-1,-1,-1
80,-1,634,285,19,13,1,-1,-1,-1
80,-1,683,230,26,17,1,-1,-1,-1
80,-1,744,48,19,14,1,-1,-1,-1
80,-1,852,76,22,17,1,-1,-1,-1
80,-1,853,145,23,16,1,-1,-1,-1
81,-1,402,14,22,17,1,-1,-1,-1
81,-1,460,189,28,19,1,-1,-1,-1
81,-1,532,90,20,15,1,-1,-1,-1
81,-1,632,141,20,15,1,-1,-1,-1
81,-1,634,286,19,13,1,-1,-1,-1
81,-1,683,230,26,17,1,-1,-1,-1
81,-1,743,47,18,14,1,-1,-1,-1
81,-1,852,75,21,16,1,-1,-1,-1
81,-1,853,146,23,16,1,-1,-1,-1
82,-1,402,14,22,17,1,-1,-1,-1
82,-1,460,190,28,19,1,-1,-1,-1
82,-1,532,90,20,15,1,-1,-1,-1
82,-1,632,141,19,15,1,-1,-1,-1
82,-1,634,286,19,13,1,-1,-1,-1
82,-1,683,230,27,17,1,-1,-1,-1
82,-1,743,47,18,14,1,-1,-1,-1
82,-1,852,74,22,17,1,-1,-1,-1
82,-1,853,146,23,16,1,-1,-1,-1
83,-1,402,14,22,17,1,-1,-1,-1
83,-1,460,191,27,19,1,-1,-1,-1
83,-1,532,89,20,15,1,-1,-1,-1
83,-1,632,141,19,15,1,-1,-1,-1
83,-1,635,286,18,13,1,-1,-1,-1
83,-1,682,230,27,17,1,-1,-1,-1
83,-1,743,47,18,14,1,-1,-1,-1
83,-1,852,74,22,16,1,-1,-1,-1
83,-1,853,147,23,16,1,-1,-1,-1
84,-1,403,13,21,16,1,-1,-1,-1
84,-1,460,191,28,19,1,-1,-1,-1
84,-1,532,89,20,15,1,-1,-1,-1
84,-1,632,142,20,15,1,-1,-1,-1
84,-1,635,287,19,13,1,-1,-1,-1
84,-1,682,229,26,17,1,-1,-1,-1
84,-1,743,46,18,14,1,-1,-1,-1
84,-1,852,73,22,16,1,-1,-1,-1
84,-1,852,148,23,16,1,-1,-1,-1
85,-1,402,13,22,17,1,-1,-1,-1
85,-1,460,193,27,19,1,-1,-1,-1
85,-1,532,88,20,15,1,-1,-1,-1
85,-1,631,142,20,16,1,-1,-1,-1
85,-1,635,287,18,13,1,-1,-1,-1
85,-1,682,229,27,17,1,-1,-1,-1
85,-1,743,46,18,14,1,-1,-1,-1
85,-1,852,71,22,17,1,-1,-1,-1
85,-1,852,149,23,16,1,-1,-1,-1
86,-1,402,13,22,17,1,-1,-1,-1
86,-1,460,193,28,19,1,-1,-1,-1
86,-1,532,88,20,14,1,-1,-1,-1
86,-1,631,143,20,15,1,-1,-1,-1
86,-1,635,288,19,13,1,-1,-1,-1
86,-1,682,229,27,17,1,-1,-1,-1
86,-1,743,45,18,14,1,-1,-1,-1
86,-1,852,71,22,17,1,-1,-1,-1
86,-1,852,149,23,16,1,-1,-1,-1
87,-1,403,13,21,16,1,-1,-1,-1
87,-1,460,194,27,19,1,-1,-1,-1
87,-1,532,88,20,14,1,-1,-1,-1
87,-1,631,143,19,15,1,-1,-1,-1
87,-1,635,288,18,12,1,-1,-1,-1
87,-1,682,229,27,17,1,-1,-1,-1
87,-1,743,45,18,14,1,-1,-1,-1
87,-1,852,70,21,16,1,-1,-1,-1
87,-1,852,149,23,16,1,-1,-1,-1
88,-1,403,12,21,16,1,-1,-1,-1
88,-1,460,195,27,18,1,-1,-1,-1
88,-1,533,87,20,14,1,-1,-1,-1
88,-1,630,143,20,16,1,-1,-1,-1
88,-1,635,289,19,13,1,-1,-1,-1
88,-1,682,229,27,18,1,-1,-1,-1
88,-1,743,44,19,15,1,-1,-1,-1
88,-1,851,150,23,16,1,-1,-1,-1
88,-1,852,69,22,17,1,-1,-1,-1
89,-1,402,12,22,17,1,-1,-1,-1
89,-1,460,196,26,18,1,-1,-1,-1
89,-1,533,86,20,14,1,-1,-1,-1
89,-1,630,144,20,16,1,-1,-1,-1
89,-1,635,289,20,13,1,-1,-1,-1
89,-1,681,229,27,18,1,-1,-1,-1
89,-1,743,43,19,15,1,-1,-1,-1
89,-1,851,150,23,16,1,-1,-1,-1
89,-1,852,68,22,17,1,-1,-1,-1
90,-1,402,12,22,17,1,-1,-1,-1
90,-1,460,197,26,18,1,-1,-1,-1
90,-1,533,86,20,14,1,-1,-1,-1
90,-1,630,144,20,16,1,-1,-1,-1
90,-1,635,290,19,13,1,-1,-1,-1
90,-1,681,229,27,18,1,-1,-1,-1
90,-1,743,43,19,15,1,-1,-1,-1
90,-1,851,150,23,16,1,-1,-1,-1
90,-1,852,67,22,16,1,-1,-1,-1
91,-1,402,11,22,17,1,-1,-1,-1
91,-1,460,198,26,18,1,-1,-1,-1
91,-1,533,86,20,14,1,-1,-1,-1
91,-1,630,145,20,16,1,-1,-1,-1
91,-1,635,290,19,13,1,-1,-1,-1
91,-1,681,229,27,18,1,-1,-1,-1
91,-1,743,42,19,15,1,-1,-1,-1
91,-1,851,151,23,16,1,-1,-1,-1
91,-1,852,67,22,16,1,-1,-1,-1
92,-1,402,11,21,17,1,-1,-1,-1
92,-1,460,199,26,18,1,-1,-1,-1
92,-1,533,85,20,14,1,-1,-1,-1
92,-1,630,145,20,16,1,-1,-1,-1
92,-1,635,290,18,13,1,-1,-1,-1
92,-1,681,229,27,18,1,-1,-1,-1
92,-1,743,42,19,15,1,-1,-1,-1
92,-1,850,152,23,16,1,-1,-1,-1
92,-1,852,66,22,17,1,-1,-1,-1
93,-1,402,11,22,17,1,-1,-1,-1
93,-1,460,200,26,18,1,-1,-1,-1
93,-1,533,84,20,14,1,-1,-1,-1
93,-1,630,146,20,15,1,-1,-1,-1
93,-1,635,291,19,13,1,-1,-1,-1
93,-1,681,229,27,18,1,-1,-1,-1
93,-1,743,42,19,15,1,-1,-1,-1
93,-1,850,152,23,16,1,-1,-1,-1
93,-1,852,64,22,17,1,-1,-1,-1
94,-1,402,11,22,17,1,-1,-1,-1
94,-1,460,200,26,18,1,-1,-1,-1
94,-1,533,84,21,15,1,-1,-1,-1
94,-1,630,146,20,15,1,-1,-1,-1
94,-1,635,292,19,13,1,-1,-1,-1
94,-1,681,229,27,18,1,-1,-1,-1
94,-1,743,42,19,15,1,-1,-1,-1
94,-1,850,153,23,16,1,-1,-1,-1
94,-1,852,64,22,17,1,-1,-1,-1
95,-1,402,10,22,17,1,-1,-1,-1
95,-1,460,202,25,17,1,-1,-1,-1
95,-1,533,83,21,15,1,-1,-1,-1
95,-1,629,146,20,15,1,-1,-1,-1
95,-1,635,292,19,13,1,-1,-1,-1
95,-1,681,229,27,18,1,-1,-1,-1
95,-1,743,41,19,15,1,-1,-1,-1
95,-1,850,153,23,16,1,-1,-1,-1
95,-1,852,62,22,17,1,-1,-1,-1
96,-1,403,10,21,17,1,-1,-1,-1
96,-1,459,202,26,18,1,-1,-1,-1
96,-1,533,82,21,15,1,-1,-1,-1
96,-1,628,147,20,16,1,-1,-1,-1
96,-1,635,293,19,13,1,-1,-1,-1
96,-1,680,229,27,18,1,-1,-1,-1
96,-1,743,40,19,15,1,-1,-1,-1
96,-1,849,154,23,16,1,-1,-1,-1
96,-1,851,62,21,16,1,-1,-1,-1
97,-1,403,10,21,17,1,-1,-1,-1
97,-1,459,203,26,18,1,-1,-1,-1
97,-1,533,82,21,15,1,-1,-1,-1
97,-1,628,147,20,16,1,-1,-1,-1
97,-1,635,293,19,13,1,-1,-1,-1
97,-1,680,229,27,18,1,-1,-1,-1
97,-1,743,40,19,15,1,-1,-1,-1
97,-1,849,155,23,16,1,-1,-1,-1
97,-1,852,62,21,16,1,-1,-1,-1
98,-1,403,10,21,17,1,-1,-1,-1
98,-1,459,204,26,18,1,-1,-1,-1
98,-1,533,82,21,15,1,-1,-1,-1
98,-1,628,148,20,16,1,-1,-1,-1
98,-1,635,294,19,13,1,-1,-1,-1
98,-1,679,229,27,18,1,-1,-1,-1
98,-1,743,39,19,15,1,-1,-1,-1
98,-1,848,155,23,16,1,-1,-1,-1
98,-1,851,61,22,16,1,-1,-1,-1
99,-1,403,10,21,17,1,-1,-1,-1
99,-1,459,204,26,18,1,-1,-1,-1
99,-1,533,81,21,15,1,-1,-1,-1
99,-1,628,148,20,16,1,-1,-1,-1
99,-1,635,294,19,13,1,-1,-1,-1
99,-1,679,229,27,17,1,-1,-1,-1
99,-1,743,39,19,15,1,-1,-1,-1
99,-1,848,155,23,16,1,-1,-1,-1
99,-1,851,60,22,17,1,-1,-1,-1
100,-1,402,10,21,16,1,-1,-1,-1
100,-1,458,207,26,18,1,-1,-1,-1
100,-1,532,81,21,15,1,-1,-1,-1
100,-1,627,149,20,16,1,-1,-1,-1
100,-1,635,295,19,13,1,-1,-1,-1
100,-1,679,230,27,17,1,-1,-1,-1
100,-1,743,38,19,15,1,-1,-1,-1
100,-1,848,156,23,16,1,-1,-1,-1
100,-1,851,58,22,17,1,-1,-1,-1
101,-1,402,9,22,17,1,-1,-1,-1
101,-1,458,207,26,18,1,-1,-1,-1
101,-1,532,80,21,15,1,-1,-1,-1
101,-1,627,150,20,15,1,-1,-1,-1
101,-1,636,296,18,13,1,-1,-1,-1
101,-1,679,230,27,17,1,-1,-1,-1
101,-1,743,38,19,15,1,-1,-1,-1
101,-1,847,157,23,16,1,-1,-1,-1
101,-1,851,58,22,17,1,-1,-1,-1
102,-1,401,9,22,17,1,-1,-1,-1
102,-1,458,208,26,18,1,-1,-1,-1
102,-1,532,80,21,15,1,-1,-1,-1
102,-1,627,150,19,15,1,-1,-1,-1
102,-1,635,296,19,13,1,-1,-1,-1
102,-1,679,230,26,17,1,-1,-1,-1
102,-1,743,38,19,15,1,-1,-1,-1
102,-1,846,157,23,16,1,-1,-1,-1
102,-1,850,57,22,17,1,-1,-1,-1
103,-1,401,9,22,17,1,-1,-1,-1
103,-1,458,209,26,18,1,-1,-1,-1
103,-1,532,79,21,15,1,-1,-1,-1
103,-1,627,151,19,15,1,-1,-1,-1
103,-1,635,297,19,13,1,-1,-1,-1
103,-1,679,230,26,17,1,-1,-1,-1
103,-1,743,37,19,15,1,-1,-1,-1
103,-1,846,158,23,16,1,-1,-1,-1
103,-1,851,56,22,16,1,-1,-1,-1
104,-1,401,9,22,17,1,-1,-1,-1
104,-1,458,209,26,18,1,-1,-1,-1
104,-1,532,79,21,15,1,-1,-1,-1
104,-1,626,151,19,15,1,-1,-1,-1
104,-1,635,297,19,13,1,-1,-1,-1
104,-1,678,231,26,17,1,-1,-1,-1
104,-1,743,37,19,15,1,-1,-1,-1
104,-1,845,158,23,16,1,-1,-1,-1
104,-1,850,56,21,16,1,-1,-1,-1
105,-1,401,8,22,17,1,-1,-1,-1
105,-1,457,212,25,17,1,-1,-1,-1
105,-1,531,77,21,15,1,-1,-1,-1
105,-1,625,153,19,14,1,-1,-1,-1
105,-1,635,299,19,13,1,-1,-1,-1
105,-1,678,231,26,17,1,-1,-1,-1
105,-1,742,37,19,15,1,-1,-1,-1
105,-1,845,159,23,16,1,-1,-1,-1
105,-1,849,54,22,17,1,-1,-1,-1
106,-1,400,8,22,17,1,-1,-1,-1
106,-1,457,213,25,17,1,-1,-1,-1
106,-1,531,77,21,15,1,-1,-1,-1
106,-1,625,153,19,15,1,-1,-1,-1
106,-1,635,299,19,13,1,-1,-1,-1
106,-1,678,231,26,17,1,-1,-1,-1
106,-1,742,36,19,15,1,-1,-1,-1
106,-1,845,160,23,16,1,-1,-1,-1
106,-1,849,53,21,16,1,-1,-1,-1
107,-1,400,8,22,17,1,-1,-1,-1
107,-1,457,213,25,17,1,-1,-1,-1
107,-1,531,76,21,15,1,-1,-1,-1
107,-1,624,153,19,15,1,-1,-1,-1
107,-1,635,300,19,13,1,-1,-1,-1
107,-1,678,231,26,17,1,-1,-1,-1
107,-1,742,36,19,15,1,-1,-1,-1
107,-1,845,160,23,16,1,-1,-1,-1
107,-1,849,52,22,16,1,-1,-1,-1
108,-1,400,8,21,17,1,-1,-1,-1
108,-1,457,214,25,17,1,-1,-1,-1
108,-1,531,76,21,15,1,-1,-1,-1
108,-1,625,154,19,14,1,-1,-1,-1
108,-1,635,300,19,13,1,-1,-1,-1
108,-1,678,231,26,17,1,-1,-1,-1
108,-1,742,36,19,15,1,-1,-1,-1
108,-1,844,160,23,16,1,-1,-1,-1
108,-1,849,52,21,16,1,-1,-1,-1
109,-1,400,7,22,17,1,-1,-1,-1
109,-1,456,215,26,18,1,-1,-1,-1
109,-1,531,75,21,15,1,-1,-1,-1
109,-1,624,154,19,15,1,-1,-1,-1
109,-1,635,300,19,13,1,-1,-1,-1
109,-1,677,232,27,17,1,-1,-1,-1
109,-1,742,36,19,15,1,-1,-1,-1
109,-1,844,161,23,16,1,-1,-1,-1
109,-1,849,52,21,16,1,-1,-1,-1
110,-1,400,7,22,17,1,-1,-1,-1
110,-1,456,216,26,18,1,-1,-1,-1
110,-1,530,75,21,15,1,-1,-1,-1
110,-1,624,154,19,15,1,-1,-1,-1
110,-1,634,301,19,13,1,-1,-1,-1
110,-1,677,232,27,18,1,-1,-1,-1
110,-1,741,35,19,15,1,-1,-1,-1
110,-1,843,162,23,16,1,-1,-1,-1
110,-1,848,50,22,16,1,-1,-1,-1
111,-1,399,7,22,17,1,-1,-1,-1
111,-1,455,217,26,18,1,-1,-1,-1
111,-1,530,74,21,15,1,-1,-1,-1
111,-1,623,155,19,15,1,-1,-1,-1
111,-1,634,302,19,13,1,-1,-1,-1
111,-1,677,232,27,18,1,-1,-1,-1
111,-1,741,35,19,15,1,-1,-1,-1
111,-1,843,162,23,16,1,-1,-1,-1
111,-1,848,49,22,17,1,-1,-1,-1
112,-1,399,7,22,17,1,-1,-1,-1
112,-1,456,218,26,18,1,-1,-1,-1
112,-1,530,74,21,15,1,-1,-1,-1
112,-1,623,155,19,15,1,-1,-1,-1
112,-1,634,303,19,13,1,-1,-1,-1
112,-1,677,233,27,18,1,-1,-1,-1
112,-1,741,34,19,15,1,-1,-1,-1
112,-1,843,163,23,16,1,-1,-1,-1
112,-1,848,49,21,16,1,-1,-1,-1
113,-1,399,6,22,17,1,-1,-1,-1
113,-1,456,219,25,17,1,-1,-1,-1
113,-1,530,73,21,15,1,-1,-1,-1
113,-1,623,156,19,15,1,-1,-1,-1
113,-1,634,303,19,13,1,-1,-1,-1
113,-1,677,233,27,18,1,-1,-1,-1
113,-1,741,34,19,15,1,-1,-1,-1
113,-1,841,163,23,16,1,-1,-1,-1
113,-1,848,48,22,17,1,-1,-1,-1
114,-1,399,6,23,18,1,-1,-1,-1
114,-1,456,220,25,17,1,-1,-1,-1
114,-1,530,73,21,15,1,-1,-1,-1
114,-1,623,156,19,15,1,-1,-1,-1
114,-1,634,304,19,13,1,-1,-1,-1
114,-1,677,233,27,18,1,-1,-1,-1
114,-1,741,34,19,15,1,-1,-1,-1
114,-1,841,164,23,16,1,-1,-1,-1
114,-1,848,47,22,17,1,-1,-1,-1
115,-1,399,6,22,17,1,-1,-1,-1
115,-1,455,221,26,18,1,-1,-1,-1
115,-1,530,72,21,15,1,-1,-1,-1
115,-1,623,156,19,15,1,-1,-1,-1
115,-1,634,304,19,13,1,-1,-1,-1
115,-1,677,234,28,18,1,-1,-1,-1
115,-1,741,33,19,15,1,-1,-1,-1
115,-1,841,165,23,16,1,-1,-1,-1
115,-1,846,45,23,17,1,-1,-1,-1
116,-1,398,6,23,17,1,-1,-1,-1
116,-1,455,222,25,18,1,-1,-1,-1
116,-1,529,71,21,15,1,-1,-1,-1
116,-1,623,157,19,15,1,-1,-1,-1
116,-1,634,305,19,13,1,-1,-1,-1
116,-1,677,234,28,18,1,-1,-1,-1
116,-1,741,33,19,15,1,-1,-1,-1
116,-1,840,165,23,16,1,-1,-1,-1
116,-1,846,44,23,18,1,-1,-1,-1
117,-1,398,5,23,18,1,-1,-1,-1
117,-1,455,223,26,18,1,-1,-1,-1
117,-1,529,71,21,15,1,-1,-1,-1
117,-1,623,157,20,15,1,-1,-1,-1
117,-1,634,305,19,13,1,-1,-1,-1
117,-1,677,235,28,18,1,-1,-1,-1
117,-1,741,33,19,15,1,-1,-1,-1
117,-1,840,165,23,16,1,-1,-1,-1
117,-1,845,44,23,17,1,-1,-1,-1
118,-1,398,5,23,18,1,-1,-1,-1
118,-1,455,224,25,18,1,-1,-1,-1
118,-1,529,70,21,15,1,-1,-1,-1
118,-1,623,158,20,16,1,-1,-1,-1
118,-1,634,306,19,13,1,-1,-1,-1
118,-1,677,235,28,18,1,-1,-1,-1
118,-1,741,32,19,15,1,-1,-1,-1
118,-1,839,166,23,16,1,-1,-1,-1
118,-1,845,43,23,17,1,-1,-1,-1
119,-1,398,5,23,18,1,-1,-1,-1
119,-1,455,225,25,18,1,-1,-1,-1
119,-1,529,70,21,15,1,-1,-1,-1
119,-1,623,157,20,16,1,-1,-1,-1
119,-1,634,305,19,13,1,-1,-1,-1
119,-1,677,235,28,18,1,-1,-1,-1
119,-1,741,32,20,15,1,-1,-1,-1
119,-1,839,166,23,16,1,-1,-1,-1
119,-1,845,42,23,18,1,-1,-1,-1
120,-1,398,5,22,17,1,-1,-1,-1
120,-1,455,226,25,17,1,-1,-1,-1
120,-1,529,69,21,15,1,-1,-1,-1
120,-1,623,158,20,16,1,-1,-1,-1
120,-1,634,307,19,13,1,-1,-1,-1
120,-1,677,236,28,18,1,-1,-1,-1
120,-1,741,32,20,15,1,-1,-1,-1
120,-1,838,167,23,16,1,-1,-1,-1
120,-1,845,42,23,18,1,-1,-1,-1
121,-1,398,5,23,18,1,-1,-1,-1
121,-1,455,227,25,17,1,-1,-1,-1
121,-1,529,69,21,15,1,-1,-1,-1
121,-1,623,158,20,16,1,-1,-1,-1
121,-1,634,308,19,13,1,-1,-1,-1
121,-1,677,236,28,18,1,-1,-1,-1
121,-1,740,31,20,16,1,-1,-1,-1
121,-1,838,168,23,16,1,-1,-1,-1
121,-1,844,41,23,18,1,-1,-1,-1
122,-1,398,4,22,17,1,-1,-1,-1
122,-1,455,228,25,17,1,-1,-1,-1
122,-1,529,68,21,15,1,-1,-1,-1
122,-1,623,159,20,16,1,-1,-1,-1
122,-1,634,308,19,13,1,-1,-1,-1
122,-1,677,236,28,18,1,-1,-1,-1
122,-1,740,31,20,16,1,-1,-1,-1
122,-1,838,168,23,16,1,-1,-1,-1
122,-1,844,40,23,18,1,-1,-1,-1
123,-1,398,4,23,18,1,-1,-1,-1
123,-1,455,229,25,17,1,-1,-1,-1
123,-1,529,68,21,15,1,-1,-1,-1
123,-1,623,159,20,16,1,-1,-1,-1
123,-1,634,309,19,13,1,-1,-1,-1
123,-1,679,237,28,18,1,-1,-1,-1
123,-1,740,30,20,16,1,-1,-1,-1
123,-1,837,169,23,16,1,-1,-1,-1
123,-1,844,39,23,17,1,-1,-1,-1
124,-1,398,4,22,17,1,-1,-1,-1
124,-1,456,231,24,16,1,-1,-1,-1
124,-1,529,67,21,15,1,-1,-1,-1
124,-1,624,159,21,16,1,-1,-1,-1
124,-1,634,309,19,13,1,-1,-1,-1
124,-1,679,237,28,18,1,-1,-1,-1
124,-1,740,30,21,16,1,-1,-1,-1
124,-1,837,169,23,16,1,-1,-1,-1
124,-1,844,38,23,18,1,-1,-1,-1
125,-1,398,4,23,18,1,-1,-1,-1
125,-1,456,232,24,17,1,-1,-1,-1
125,-1,528,66,21,15,1,-1,-1,-1
125,-1,624,160,20,16,1,-1,-1,-1
125,-1,634,309,19,13,1,-1,-1,-1
125,-1,679,238,28,18,1,-1,-1,-1
125,-1,740,30,20,16,1,-1,-1,-1
125,-1,837,170,23,16,1,-1,-1,-1
125,-1,844,37,23,18,1,-1,-1,-1
126,-1,397,3,23,18,1,-1,-1,-1
126,-1,455,232,25,17,1,-1,-1,-1
126,-1,528,65,21,15,1,-1,-1,-1
126,-1,624,160,20,16,1,-1,-1,-1
126,-1,634,310,19,13,1,-1,-1,-1
126,-1,679,239,28,18,1,-1,-1,-1
126,-1,740,30,20,16,1,-1,-1,-1
126,-1,837,170,23,16,1,-1,-1,-1
126,-1,844,36,23,18,1,-1,-1,-1
127,-1,397,3,23,18,1,-1,-1,-1
127,-1,455,233,25,17,1,-1,-1,-1
127,-1,528,65,21,15,1,-1,-1,-1
127,-1,624,161,20,16,1,-1,-1,-1
127,-1,634,311,19,13,1,-1,-1,-1
127,-1,679,239,28,18,1,-1,-1,-1
127,-1,740,30,20,16,1,-1,-1,-1
127,-1,837,171,23,16,1,-1,-1,-1
127,-1,844,36,23,18,1,-1,-1,-1
128,-1,397,3,23,18,1,-1,-1,-1
128,-1,455,234,25,17,1,-1,-1,-1
128,-1,527,65,21,15,1,-1,-1,-1
128,-1,624,161,21,16,1,-1,-1,-1
128,-1,634,312,19,13,1,-1,-1,-1
128,-1,679,239,28,18,1,-1,-1,-1
128,-1,740,29,20,16,1,-1,-1,-1
128,-1,836,171,23,16,1,-1,-1,-1
128,-1,844,35,23,18,1,-1,-1,-1
129,-1,397,3,22,17,1,-1,-1,-1
129,-1,456,236,25,17,1,-1,-1,-1
129,-1,527,65,21,15,1,-1,-1,-1
129,-1,624,161,20,16,1,-1,-1,-1
129,-1,634,313,19,13,1,-1,-1,-1
129,-1,679,241,27,18,1,-1,-1,-1
129,-1,740,29,20,16,1,-1,-1,-1
129,-1,836,172,22,15,1,-1,-1,-1
129,-1,844,34,23,17,1,-1,-1,-1
130,-1,397,3,23,18,1,-1,-1,-1
130,-1,456,237,24,17,1,-1,-1,-1
130,-1,527,63,21,15,1,-1,-1,-1
130,-1,624,162,20,16,1,-1,-1,-1
130,-1,634,313,19,13,1,-1,-1,-1
130,-1,680,242,27,18,1,-1,-1,-1
130,-1,740,29,20,16,1,-1,-1,-1
130,-1,836,174,21,15,1,-1,-1,-1
130,-1,844,33,23,17,1,-1,-1,-1
131,-1,397,3,23,18,1,-1,-1,-1
131,-1,456,238,24,17,1,-1,-1,-1
131,-1,527,63,21,15,1,-1,-1,-1
131,-1,625,163,20,16,1,-1,-1,-1
131,-1,634,314,19,13,1,-1,-1,-1
131,-1,680,242,27,18,1,-1,-1,-1
131,-1,740,29,20,16,1,-1,-1,-1
131,-1,836,174,22,15,1,-1,-1,-1
131,-1,844,32,23,17,1,-1,-1,-1
132,-1,397,3,23,17,1,-1,-1,-1
132,-1,456,239,25,17,1,-1,-1,-1
132,-1,526,63,21,15,1,-1,-1,-1
132,-1,625,163,20,16,1,-1,-1,-1
132,-1,634,314,19,13,1,-1,-1,-1
132,-1,680,242,28,18,1,-1,-1,-1
132,-1,740,28,21,16,1,-1,-1,-1
132,-1,836,174,22,15,1,-1,-1,-1
132,-1,844,32,23,18,1,-1,-1,-1
133,-1,397,3,22,17,1,-1,-1,-1
133,-1,456,240,24,17,1,-1,-1,-1
133,-1,526,63,21,15,1,-1,-1,-1
133,-1,625,163,20,16,1,-1,-1,-1
133,-1,634,315,18,13,1,-1,-1,-1
133,-1,680,243,27,18,1,-1,-1,-1
133,-1,740,28,21,16,1,-1,-1,-1
133,-1,836,174,21,15,1,-1,-1,-1
133,-1,844,32,23,18,1,-1,-1,-1
134,-1,396,2,23,18,1,-1,-1,-1
134,-1,456,241,24,17,1,-1,-1,-1
134,-1,526,62,21,15,1,-1,-1,-1
134,-1,625,163,21,16,1,-1,-1,-1
134,-1,634,315,19,13,1,-1,-1,-1
134,-1,680,244,27,18,1,-1,-1,-1
134,-1,740,28,21,16,1,-1,-1,-1
134,-1,836,174,21,15,1,-1,-1,-1
134,-1,844,31,23,17,1,-1,-1,-1
135,-1,396,2,23,18,1,-1,-1,-1
135,-1,456,243,25,17,1,-1,-1,-1
135,-1,526,61,21,15,1,-1,-1,-1
135,-1,625,163,21,16,1,-1,-1,-1
135,-1,634,316,18,13,1,-1,-1,-1
135,-1,680,244,28,18,1,-1,-1,-1
135,-1,740,27,21,16,1,-1,-1,-1
135,-1,835,175,22,15,1,-1,-1,-1
135,-1,844,29,23,18,1,-1,-1,-1
136,-1,397,2,22,17,1,-1,-1,-1
136,-1,457,244,23,16,1,-1,-1,-1
136,-1,525,61,21,15,1,-1,-1,-1
136,-1,625,164,20,16,1,-1,-1,-1
136,-1,633,317,18,12,1,-1,-1,-1
136,-1,680,245,27,17,1,-1,-1,-1
136,-1,741,27,20,16,1,-1,-1,-1
136,-1,834,175,22,15,1,-1,-1,-1
136,-1,843,28,24,18,1,-1,-1,-1
137,-1,397,2,22,17,1,-1,-1,-1
137,-1,457,245,23,16,1,-1,-1,-1
137,-1,525,60,21,15,1,-1,-1,-1
137,-1,625,164,20,16,1,-1,-1,-1
137,-1,633,317,18,12,1,-1,-1,-1
137,-1,680,246,27,17,1,-1,-1,-1
137,-1,740,27,20,16,1,-1,-1,-1
137,-1,834,176,22,16,1,-1,-1,-1
137,-1,843,28,24,18,1,-1,-1,-1
138,-1,396,1,23,18,1,-1,-1,-1
138,-1,457,246,23,16,1,-1,-1,-1
138,-1,525,60,21,15,1,-1,-1,-1
138,-1,625,165,20,16,1,-1,-1,-1
138,-1,633,318,18,12,1,-1,-1,-1
138,-1,680,246,27,17,1,-1,-1,-1
138,-1,740,27,20,16,1,-1,-1,-1
138,-1,833,176,23,16,1,-1,-1,-1
138,-1,844,27,23,18,1,-1,-1,-1
139,-1,397,1,22,17,1,-1,-1,-1
139,-1,457,247,23,16,1,-1,-1,-1
139,-1,525,59,21,15,1,-1,-1,-1
139,-1,625,165,20,16,1,-1,-1,-1
139,-1,633,318,18,13,1,-1,-1,-1
139,-1,680,247,26,17,1,-1,-1,-1
139,-1,740,27,20,16,1,-1,-1,-1
139,-1,833,177,23,16,1,-1,-1,-1
139,-1,844,26,23,18,1,-1,-1,-1
140,-1,397,1,22,17,1,-1,-1,-1
140,-1,457,249,23,16,1,-1,-1,-1
140,-1,524,58,21,15,1,-1,-1,-1
140,-1,625,165,20,16,1,-1,-1,-1
140,-1,632,319,19,13,1,-1,-1,-1
140,-1,680,248,27,17,1,-1,-1,-1
140,-1,740,27,20,16,1,-1,-1,-1
140,-1,832,178,23,16,1,-1,-1,-1
140,-1,844,26,23,17,1,-1,-1,-1
141,-1,396,1,23,18,1,-1,-1,-1
141,-1,457,249,23,16,1,-1,-1,-1
141,-1,524,58,21,15,1,-1,-1,-1
141,-1,625,166,20,16,1,-1,-1,-1
141,-1,632,319,18,12,1,-1,-1,-1
141,-1,681,248,26,17,1,-1,-1,-1
141,-1,740,27,20,15,1,-1,-1,-1
141,-1,832,178,22,16,1,-1,-1,-1
141,-1,844,25,23,18,1,-1,-1,-1
142,-1,396,1,23,18,1,-1,-1,-1
142,-1,457,250,23,16,1,-1,-1,-1
142,-1,524,57,21,15,1,-1,-1,-1
142,-1,625,166,20,16,1,-1,-1,-1
142,-1,632,320,18,12,1,-1,-1,-1
142,-1,680,249,27,17,1,-1,-1,-1
142,-1,739,27,20,15,1,-1,-1,-1
142,-1,832,178,22,15,1,-1,-1,-1
142,-1,843,23,24,18,1,-1,-1,-1
143,-1,396,0,23,18,1,-1,-1,-1
143,-1,457,251,24,16,1,-1,-1,-1
143,-1,524,57,21,15,1,-1,-1,-1
143,-1,625,166,20,16,1,-1,-1,-1
143,-1,632,321,18,12,1,-1,-1,-1
143,-1,680,250,27,18,1,-1,-1,-1
143,-1,739,26,20,15,1,-1,-1,-1
143,-1,832,179,22,15,1,-1,-1,-1
143,-1,844,23,23,18,1,-1,-1,-1
144,-1,396,0,23,18,1,-1,-1,-1
144,-1,457,252,23,16,1,-1,-1,-1
144,-1,523,57,21,15,1,-1,-1,-1
144,-1,625,166,20,16,1,-1,-1,-1
144,-1,632,321,18,12,1,-1,-1,-1
144,-1,680,250,27,18,1,-1,-1,-1
144,-1,739,26,20,15,1,-1,-1,-1
144,-1,832,179,22,15,1,-1,-1,-1
144,-1,843,22,24,18,1,-1,-1,-1
145,-1,396,0,22,17,1,-1,-1,-1
145,-1,457,253,23,16,1,-1,-1,-1
145,-1,523,56,21,15,1,-1,-1,-1
145,-1,624,166,20,16,1,-1,-1,-1
145,-1,632,321,18,13,1,-1,-1,-1
145,-1,680,251,27,18,1,-1,-1,-1
145,-1,739,26,20,15,1,-1,-1,-1
145,-1,832,179,22,15,1,-1,-1,-1
145,-1,843,20,24,18,1,-1,-1,-1
146,-1,396,0,22,17,1,-1,-1,-1
146,-1,458,254,22,15,1,-1,-1,-1
146,-1,523,55,21,15,1,-1,-1,-1
146,-1,625,166,20,16,1,-1,-1,-1
146,-1,632,321,18,12,1,-1,-1,-1
146,-1,681,252,26,17,1,-1,-1,-1
146,-1,739,26,20,16,1,-1,-1,-1
146,-1,832,180,22,15,1,-1,-1,-1
146,-1,844,20,23,18,1,-1,-1,-1
147,-1,396,0,22,17,1,-1,-1,-1
147,-1,458,255,22,15,1,-1,-1,-1
147,-1,523,55,21,15,1,-1,-1,-1
147,-1,624,166,20,16,1,-1,-1,-1
147,-1,632,322,18,12,1,-1,-1,-1
147,-1,681,252,27,17,1,-1,-1,-1
147,-1,739,25,20,16,1,-1,-1,-1
147,-1,832,181,22,15,1,-1,-1,-1
147,-1,844,19,24,18,1,-1,-1,-1
148,-1,396,0,23,17,1,-1,-1,-1
148,-1,458,256,22,15,1,-1,-1,-1
148,-1,523,54,21,15,1,-1,-1,-1
148,-1,625,167,20,16,1,-1,-1,-1
148,-1,631,323,19,13,1,-1,-1,-1
148,-1,681,253,27,17,1,-1,-1,-1
148,-1,739,25,20,16,1,-1,-1,-1
148,-1,832,181,22,15,1,-1,-1,-1
148,-1,844,18,24,18,1,-1,-1,-1
149,-1,396,0,22,17,1,-1,-1,-1
149,-1,458,256,23,16,1,-1,-1,-1
149,-1,523,54,21,15,1,-1,-1,-1
149,-1,624,167,20,16,1,-1,-1,-1
149,-1,631,323,19,13,1,-1,-1,-1
149,-1,681,253,27,18,1,-1,-1,-1
149,-1,739,25,20,16,1,-1,-1,-1
149,-1,832,181,22,15,1,-1,-1,-1
149,-1,844,18,24,18,1,-1,-1,-1
150,-1,396,0,22,17,1,-1,-1,-1
150,-1,458,257,23,16,1,-1,-1,-1
150,-1,523,53,21,15,1,-1,-1,-1
150,-1,625,167,20,16,1,-1,-1,-1
150,-1,631,323,19,13,1,-1,-1,-1
150,-1,681,254,27,18,1,-1,-1,-1
150,-1,739,25,20,16,1,-1,-1,-1
150,-1,832,181,22,15,1,-1,-1,-1
150,-1,844,17,24,18,1,-1,-1,-1
151,-1,396,-1,23,18,1,-1,-1,-1
151,-1,458,258,24,16,1,-1,-1,-1
151,-1,523,52,21,15,1,-1,-1,-1
151,-1,625,167,20,15,1,-1,-1,-1
151,-1,631,323,19,13,1,-1,-1,-1
151,-1,682,255,26,17,1,-1,-1,-1
151,-1,739,24,20,16,1,-1,-1,-1
151,-1,832,181,22,15,1,-1,-1,-1
151,-1,845,15,24,19,1,-1,-1,-1
152,-1,396,-1,23,18,1,-1,-1,-1
152,-1,458,259,24,16,1,-1,-1,-1
152,-1,523,52,21,15,1,-1,-1,-1
152,-1,625,167,20,15,1,-1,-1,-1
152,-1,631,323,19,13,1,-1,-1,-1
152,-1,682,256,26,17,1,-1,-1,-1
152,-1,739,24,20,16,1,-1,-1,-1
152,-1,832,182,22,15,1,-1,-1,-1
152,-1,845,15,24,18,1,-1,-1,-1
153,-1,396,-1,22,17,1,-1,-1,-1
153,-1,458,259,24,16,1,-1,-1,-1
153,-1,523,51,21,15,1,-1,-1,-1
153,-1,625,167,20,15,1,-1,-1,-1
153,-1,631,324,19,13,1,-1,-1,-1
153,-1,682,256,27,18,1,-1,-1,-1
153,-1,739,24,20,16,1,-1,-1,-1
153,-1,832,182,22,15,1,-1,-1,-1
153,-1,845,14,24,18,1,-1,-1,-1
154,-1,396,-2,23,18,1,-1,-1,-1
154,-1,458,260,24,16,1,-1,-1,-1
154,-1,523,51,21,15,1,-1,-1,-1
154,-1,625,167,20,15,1,-1,-1,-1
154,-1,632,324,19,13,1,-1,-1,-1
154,-1,682,257,26,17,1,-1,-1,-1
154,-1,739,24,20,16,1,-1,-1,-1
154,-1,832,182,22,15,1,-1,-1,-1
154,-1,845,13,24,18,1,-1,-1,-1
155,-1,396,-2,23,18,1,-1,-1,-1
155,-1,458,261,24,16,1,-1,-1,-1
155,-1,524,50,22,15,1,-1,-1,-1
155,-1,625,167,20,15,1,-1,-1,-1
155,-1,632,324,19,13,1,-1,-1,-1
155,-1,683,257,26,17,1,-1,-1,-1
155,-1,739,23,20,16,1,-1,-1,-1
155,-1,832,182,22,16,1,-1,-1,-1
155,-1,845,12,24,18,1,-1,-1,-1
156,-1,396,-3,23,18,1,-1,-1,-1
156,-1,459,262,23,16,1,-1,-1,-1
156,-1,524,49,21,15,1,-1,-1,-1
156,-1,625,167,20,15,1,-1,-1,-1
156,-1,632,325,19,13,1,-1,-1,-1
156,-1,683,258,26,17,1,-1,-1,-1
156,-1,739,23,20,16,1,-1,-1,-1
156,-1,832,182,22,16,1,-1,-1,-1
156,-1,845,10,24,19,1,-1,-1,-1
157,-1,396,-3,23,18,1,-1,-1,-1
157,-1,459,262,23,16,1,-1,-1,-1
157,-1,524,48,22,15,1,-1,-1,-1
157,-1,625,167,20,16,1,-1,-1,-1
157,-1,632,325,19,13,1,-1,-1,-1
157,-1,683,259,26,17,1,-1,-1,-1
157,-1,739,22,20,16,1,-1,-1,-1
157,-1,832,182,22,16,1,-1,-1,-1
157,-1,845,10,24,19,1,-1,-1,-1
158,-1,396,-4,24,19,1,-1,-1,-1
158,-1,459,262,24,16,1,-1,-1,-1
158,-1,524,48,21,15,1,-1,-1,-1
158,-1,625,167,20,16,1,-1,-1,-1
158,-1,632,325,19,13,1,-1,-1,-1
158,-1,684,259,25,17,1,-1,-1,-1
158,-1,739,22,20,16,1,-1,-1,-1
158,-1,832,182,22,16,1,-1,-1,-1
158,-1,846,9,24,18,1,-1,-1,-1
159,-1,396,-4,24,18,1,-1,-1,-1
159,-1,459,263,24,16,1,-1,-1,-1
159,-1,524,47,22,15,1,-1,-1,-1
159,-1,625,167,20,16,1,-1,-1,-1
159,-1,632,325,19,13,1,-1,-1,-1
159,-1,684,260,26,17,1,-1,-1,-1
159,-1,739,22,20,16,1,-1,-1,-1
159,-1,832,182,23,16,1,-1,-1,-1
159,-1,847,8,24,18,1,-1,-1,-1
160,-1,396,-4,23,18,1,-1,-1,-1
160,-1,459,263,24,16,1,-1,-1,-1
160,-1,525,46,22,16,1,-1,-1,-1
160,-1,626,167,20,16,1,-1,-1,-1
160,-1,632,325,19,13,1,-1,-1,-1
160,-1,684,260,26,17,1,-1,-1,-1
160,-1,739,21,20,16,1,-1,-1,-1
160,-1,832,182,23,16,1,-1,-1,-1
160,-1,847,7,24,18,1,-1,-1,-1
161,-1,397,-4,22,17,1,-1,-1,-1
161,-1,459,264,23,16,1,-1,-1,-1
161,-1,525,45,22,16,1,-1,-1,-1
161,-1,626,167,21,16,1,-1,-1,-1
161,-1,632,325,19,13,1,-1,-1,-1
161,-1,684,260,27,18,1,-1,-1,-1
161,-1,739,21,21,16,1,-1,-1,-1
161,-1,832,182,23,16,1,-1,-1,-1
161,-1,847,6,24,18,1,-1,-1,-1
162,-1,397,-4,22,17,1,-1,-1,-1
162,-1,459,265,24,16,1,-1,-1,-1
162,-1,525,45,22,15,1,-1,-1,-1
162,-1,626,167,21,16,1,-1,-1,-1
162,-1,632,326,19,13,1,-1,-1,-1
162,-1,684,261,27,18,1,-1,-1,-1
162,-1,738,21,21,16,1,-1,-1,-1
162,-1,832,182,23,16,1,-1,-1,-1
162,-1,847,6,24,18,1,-1,-1,-1
163,-1,397,-4,23,17,1,-1,-1,-1
163,-1,460,265,23,16,1,-1,-1,-1
163,-1,526,44,22,16,1,-1,-1,-1
163,-1,626,167,21,16,1,-1,-1,-1
163,-1,632,326,19,13,1,-1,-1,-1
163,-1,685,261,27,18,1,-1,-1,-1
163,-1,739,20,21,16,1,-1,-1,-1
163,-1,832,182,23,16,1,-1,-1,-1
163,-1,847,5,24,19,1,-1,-1,-1
164,-1,398,-4,22,17,1,-1,-1,-1
164,-1,460,266,24,16,1,-1,-1,-1
164,-1,526,44,22,16,1,-1,-1,-1
164,-1,626,167,21,16,1,-1,-1,-1
164,-1,633,326,19,13,1,-1,-1,-1
164,-1,685,262,26,17,1,-1,-1,-1
164,-1,739,20,21,16,1,-1,-1,-1
164,-1,832,182,23,16,1,-1,-1,-1
164,-1,848,4,24,18,1,-1,-1,-1
165,-1,398,-4,21,16,1,-1,-1,-1
165,-1,461,266,24,16,1,-1,-1,-1
165,-1,526,43,22,16,1,-1,-1,-1
165,-1,627,167,21,16,1,-1,-1,-1
165,-1,632,326,19,13,1,-1,-1,-1
165,-1,685,263,26,17,1,-1,-1,-1
165,-1,738,20,21,16,1,-1,-1,-1
165,-1,832,182,23,16,1,-1,-1,-1
165,-1,848,2,24,18,1,-1,-1,-1
166,-1,398,-4,21,17,1,-1,-1,-1
166,-1,461,266,24,16,1,-1,-1,-1
166,-1,526,42,22,16,1,-1,-1,-1
166,-1,627,167,21,16,1,-1,-1,-1
166,-1,633,326,19,13,1,-1,-1,-1
166,-1,686,263,26,17,1,-1,-1,-1
166,-1,739,19,21,16,1,-1,-1,-1
166,-1,832,182,23,16,1,-1,-1,-1
166,-1,848,1,24,18,1,-1,-1,-1
167,-1,399,-4,21,16,1,-1,-1,-1
167,-1,461,267,24,16,1,-1,-1,-1
167,-1,526,42,22,16,1,-1,-1,-1
167,-1,627,167,21,16,1,-1,-1,-1
167,-1,633,327,19,13,1,-1,-1,-1
167,-1,686,264,27,17,1,-1,-1,-1
167,-1,739,19,21,16,1,-1,-1,-1
167,-1,833,182,23,16,1,-1,-1,-1
167,-1,849,1,24,18,1,-1,-1,-1
168,-1,399,-4,21,16,1,-1,-1,-1
168,-1,461,267,24,16,1,-1,-1,-1
168,-1,528,41,22,16,1,-1,-1,-1
168,-1,627,167,21,16,1,-1,-1,-1
168,-1,633,327,19,13,1,-1,-1,-1
168,-1,686,264,26,17,1,-1,-1,-1
168,-1,739,19,21,16,1,-1,-1,-1
168,-1,833,183,23,16,1,-1,-1,-1
168,-1,849,0,24,18,1,-1,-1,-1
169,-1,399,-5,21,16,1,-1,-1,-1
169,-1,462,267,24,16,1,-1,-1,-1
169,-1,528,40,22,16,1,-1,-1,-1
169,-1,628,167,21,16,1,-1,-1,-1
169,-1,633,327,19,13,1,-1,-1,-1
169,-1,687,265,27,17,1,-1,-1,-1
169,-1,739,19,21,16,1,-1,-1,-1
169,-1,833,183,23,16,1,-1,-1,-1
169,-1,850,-1,24,18,1,-1,-1,-1
170,-1,400,-5,20,16,1,-1,-1,-1
170,-1,462,268,24,16,1,-1,-1,-1
170,-1,528,39,22,16,1,-1,-1,-1
170,-1,628,167,21,16,1,-1,-1,-1
170,-1,633,327,19,13,1,-1,-1,-1
170,-1,687,265,27,18,1,-1,-1,-1
170,-1,739,18,21,16,1,-1,-1,-1
170,-1,834,183,23,16,1,-1,-1,-1
170,-1,850,-2,24,19,1,-1,-1,-1
171,-1,400,-5,20,16,1,-1,-1,-1
171,-1,462,269,24,16,1,-1,-1,-1
171,-1,528,39,22,16,1,-1,-1,-1
171,-1,628,167,21,16,1,-1,-1,-1
171,-1,633,327,19,13,1,-1,-1,-1
171,-1,687,266,27,17,1,-1,-1,-1
171,-1,740,17,21,16,1,-1,-1,-1
171,-1,834,183,23,16,1,-1,-1,-1
171,-1,851,-3,24,18,1,-1,-1,-1
172,-1,400,-5,20,15,1,-1,-1,-1
172,-1,462,269,24,16,1,-1,-1,-1
172,-1,529,38,22,16,1,-1,-1,-1
172,-1,628,167,20,16,1,-1,-1,-1
172,-1,634,327,19,13,1,-1,-1,-1
172,-1,688,266,26,17,1,-1,-1,-1
172,-1,740,17,21,16,1,-1,-1,-1
172,-1,834,183,23,16,1,-1,-1,-1
172,-1,851,-4,23,18,1,-1,-1,-1
173,-1,401,-5,20,15,1,-1,-1,-1
173,-1,463,269,24,16,1,-1,-1,-1
173,-1,529,38,22,16,1,-1,-1,-1
173,-1,629,167,20,16,1,-1,-1,-1
173,-1,634,327,19,13,1,-1,-1,-1
173,-1,689,267,26,17,1,-1,-1,-1
173,-1,740,17,20,16,1,-1,-1,-1
173,-1,834,183,23,16,1,-1,-1,-1
173,-1,852,-5,24,18,1,-1,-1,-1
174,-1,401,-6,20,15,1,-1,-1,-1
174,-1,463,269,24,16,1,-1,-1,-1
174,-1,530,37,22,16,1,-1,-1,-1
174,-1,629,166,20,16,1,-1,-1,-1
174,-1,634,327,19,13,1,-1,-1,-1
174,-1,689,267,26,17,1,-1,-1,-1
174,-1,740,16,21,16,1,-1,-1,-1
174,-1,834,183,23,16,1,-1,-1,-1
174,-1,852,-5,24,18,1,-1,-1,-1
175,-1,401,-5,19,15,1,-1,-1,-1
175,-1,463,269,24,16,1,-1,-1,-1
175,-1,530,37,22,16,1,-1,-1,-1
175,-1,629,166,20,16,1,-1,-1,-1
175,-1,634,327,19,13,1,-1,-1,-1
175,-1,689,268,27,17,1,-1,-1,-1
175,-1,740,16,21,16,1,-1,-1,-1
175,-1,834,183,23,16,1,-1,-1,-1
175,-1,852,-7,24,18,1,-1,-1,-1
176,-1,402,-5,18,14,1,-1,-1,-1
176,-1,463,270,23,16,1,-1,-1,-1
176,-1,530,36,22,16,1,-1,-1,-1
176,-1,629,166,20,16,1,-1,-1,-1
176,-1,634,328,19,13,1,-1,-1,-1
176,-1,689,268,27,17,1,-1,-1,-1
176,-1,740,16,21,16,1,-1,-1,-1
176,-1,834,183,22,16,1,-1,-1,-1
176,-1,852,-7,23,18,1,-1,-1,-1
177,-1,402,-6,18,14,1,-1,-1,-1
177,-1,463,270,23,16,1,-1,-1,-1
177,-1,530,35,22,16,1,-1,-1,-1
177,-1,629,166,20,16,1,-1,-1,-1
177,-1,635,328,19,13,1,-1,-1,-1
177,-1,689,269,27,17,1,-1,-1,-1
177,-1,740,16,21,16,1,-1,-1,-1
177,-1,834,183,22,16,1,-1,-1,-1
177,-1,852,-9,24,18,1,-1,-1,-1
178,-1,402,-6,18,14,1,-1,-1,-1
178,-1,463,270,23,16,1,-1,-1,-1
178,-1,530,34,22,16,1,-1,-1,-1
178,-1,629,166,20,16,1,-1,-1,-1
178,-1,634,328,19,13,1,-1,-1,-1
178,-1,689,269,27,17,1,-1,-1,-1
178,-1,740,15,21,16,1,-1,-1,-1
178,-1,834,183,22,16,1,-1,-1,-1
178,-1,852,-9,23,18,1,-1,-1,-1
179,-1,402,-6,18,14,1,-1,-1,-1
179,-1,463,270,23,16,1,-1,-1,-1
179,-1,530,34,22,16,1,-1,-1,-1
179,-1,629,166,20,16,1,-1,-1,-1
179,-1,634,328,19,13,1,-1,-1,-1
179,-1,689,269,27,17,1,-1,-1,-1
179,-1,740,15,21,16,1,-1,-1,-1
179,-1,834,183,22,16,1,-1,-1,-1
179,-1,853,-8,21,16,1,-1,-1,-1
180,-1,402,-6,18,14,1,-1,-1,-1
180,-1,463,271,23,16,1,-1,-1,-1
180,-1,531,33,22,16,1,-1,-1,-1
180,-1,629,165,20,16,1,-1,-1,-1
180,-1,634,328,19,13,1,-1,-1,-1
180,-1,689,270,27,17,1,-1,-1,-1
180,-1,740,14,21,16,1,-1,-1,-1
180,-1,834,182,23,16,1,-1,-1,-1
180,-1,853,-8,21,16,1,-1,-1,-1
181,-1,402,-6,18,14,1,-1,-1,-1
181,-1,463,271,22,15,1,-1,-1,-1
181,-1,531,32,22,16,1,-1,-1,-1
181,-1,629,165,21,16,1,-1,-1,-1
181,-1,634,328,19,13,1,-1,-1,-1
181,-1,689,270,27,17,1,-1,-1,-1
181,-1,740,14,21,16,1,-1,-1,-1
181,-1,834,182,23,16,1,-1,-1,-1
181,-1,853,-8,21,16,1,-1,-1,-1
182,-1,463,272,22,15,1,-1,-1,-1
182,-1,531,31,22,16,1,-1,-1,-1
182,-1,629,165,21,16,1,-1,-1,-1
182,-1,634,328,19,13,1,-1,-1,-1
182,-1,689,271,27,17,1,-1,-1,-1
182,-1,740,13,21,16,1,-1,-1,-1
182,-1,834,182,23,16,1,-1,-1,-1
183,-1,463,272,22,15,1,-1,-1,-1
183,-1,531,31,22,16,1,-1,-1,-1
183,-1,629,165,21,16,1,-1,-1,-1
183,-1,634,328,19,13,1,-1,-1,-1
183,-1,689,271,27,17,1,-1,-1,-1
183,-1,740,13,21,16,1,-1,-1,-1
183,-1,834,182,22,16,1,-1,-1,-1
184,-1,463,272,22,15,1,-1,-1,-1
184,-1,531,30,22,16,1,-1,-1,-1
184,-1,629,164,20,16,1,-1,-1,-1
184,-1,634,328,19,13,1,-1,-1,-1
184,-1,689,272,27,17,1,-1,-1,-1
184,-1,740,13,21,16,1,-1,-1,-1
184,-1,834,182,22,16,1,-1,-1,-1
185,-1,463,272,22,15,1,-1,-1,-1
185,-1,531,29,22,16,1,-1,-1,-1
185,-1,628,164,21,16,1,-1,-1,-1
185,-1,635,328,19,13,1,-1,-1,-1
185,-1,689,272,27,17,1,-1,-1,-1
185,-1,740,13,21,16,1,-1,-1,-1
185,-1,834,182,22,16,1,-1,-1,-1
186,-1,462,272,23,16,1,-1,-1,-1
186,-1,531,28,22,16,1,-1,-1,-1
186,-1,628,164,21,16,1,-1,-1,-1
186,-1,635,328,19,13,1,-1,-1,-1
186,-1,689,273,27,17,1,-1,-1,-1
186,-1,740,12,21,16,1,-1,-1,-1
186,-1,834,182,23,16,1,-1,-1,-1
187,-1,462,272,23,16,1,-1,-1,-1
187,-1,531,28,22,16,1,-1,-1,-1
187,-1,628,164,21,16,1,-1,-1,-1
187,-1,635,328,19,13,1,-1,-1,-1
187,-1,689,273,26,17,1,-1,-1,-1
187,-1,740,12,21,16,1,-1,-1,-1
187,-1,834,182,23,16,1,-1,-1,-1
188,-1,462,272,23,16,1,-1,-1,-1
188,-1,531,28,22,16,1,-1,-1,-1
188,-1,628,164,20,16,1,-1,-1,-1
188,-1,635,328,19,13,1,-1,-1,-1
188,-1,689,274,26,17,1,-1,-1,-1
188,-1,740,12,21,16,1,-1,-1,-1
188,-1,834,182,23,16,1,-1,-1,-1
189,-1,462,272,23,16,1,-1,-1,-1
189,-1,532,27,21,15,1,-1,-1,-1
189,-1,628,163,21,16,1,-1,-1,-1
189,-1,635,329,19,13,1,-1,-1,-1
189,-1,689,274,26,17,1,-1,-1,-1
189,-1,740,12,21,16,1,-1,-1,-1
189,-1,834,181,23,16,1,-1,-1,-1
190,-1,462,272,24,16,1,-1,-1,-1
190,-1,532,26,21,15,1,-1,-1,-1
190,-1,628,163,21,16,1,-1,-1,-1
190,-1,635,329,19,13,1,-1,-1,-1
190,-1,689,275,27,17,1,-1,-1,-1
190,-1,740,12,21,16,1,-1,-1,-1
190,-1,834,181,23,16,1,-1,-1,-1
191,-1,462,273,23,16,1,-1,-1,-1
191,-1,532,26,22,15,1,-1,-1,-1
191,-1,628,163,21,16,1,-1,-1,-1
191,-1,635,329,19,13,1,-1,-1,-1
191,-1,689,275,27,18,1,-1,-1,-1
191,-1,740,13,21,16,1,-1,-1,-1
191,-1,834,181,23,16,1,-1,-1,-1
192,-1,462,273,23,16,1,-1,-1,-1
192,-1,531,25,22,16,1,-1,-1,-1
192,-1,628,163,21,16,1,-1,-1,-1
192,-1,635,329,19,13,1,-1,-1,-1
192,-1,689,275,27,18,1,-1,-1,-1
192,-1,740,13,21,16,1,-1,-1,-1
192,-1,833,181,23,16,1,-1,-1,-1
193,-1,462,273,23,16,1,-1,-1,-1
193,-1,531,25,22,15,1,-1,-1,-1
193,-1,628,162,20,16,1,-1,-1,-1
193,-1,635,329,19,13,1,-1,-1,-1
193,-1,689,275,27,18,1,-1,-1,-1
193,-1,740,13,21,16,1,-1,-1,-1
193,-1,833,180,23,16,1,-1,-1,-1
194,-1,462,273,23,16,1,-1,-1,-1
194,-1,531,24,22,16,1,-1,-1,-1
194,-1,627,162,21,16,1,-1,-1,-1
194,-1,635,328,19,13,1,-1,-1,-1
194,-1,689,276,27,18,1,-1,-1,-1
194,-1,740,13,21,16,1,-1,-1,-1
194,-1,782,337,19,16,1,-1,-1,-1
194,-1,833,180,23,16,1,-1,-1,-1
195,-1,462,273,23,16,1,-1,-1,-1
195,-1,531,23,22,16,1,-1,-1,-1
195,-1,627,162,21,16,1,-1,-1,-1
195,-1,635,328,19,13,1,-1,-1,-1
195,-1,689,276,27,18,1,-1,-1,-1
195,-1,740,14,21,16,1,-1,-1,-1
195,-1,782,337,19,16,1,-1,-1,-1
195,-1,833,180,23,16,1,-1,-1,-1
196,-1,462,273,23,16,1,-1,-1,-1
196,-1,531,23,22,16,1,-1,-1,-1
196,-1,627,162,21,16,1,-1,-1,-1
196,-1,635,328,19,13,1,-1,-1,-1
196,-1,689,277,27,18,1,-1,-1,-1
196,-1,740,15,21,16,1,-1,-1,-1
196,-1,782,337,19,16,1,-1,-1,-1
196,-1,833,180,23,16,1,-1,-1,-1
197,-1,462,273,23,16,1,-1,-1,-1
197,-1,531,22,22,16,1,-1,-1,-1
197,-1,627,161,21,16,1,-1,-1,-1
197,-1,635,328,19,13,1,-1,-1,-1
197,-1,689,277,27,18,1,-1,-1,-1
197,-1,740,16,21,16,1,-1,-1,-1
197,-1,782,337,19,16,1,-1,-1,-1
197,-1,833,180,23,16,1,-1,-1,-1
198,-1,462,273,23,16,1,-1,-1,-1
198,-1,531,22,22,16,1,-1,-1,-1
198,-1,627,161,21,16,1,-1,-1,-1
198,-1,635,328,19,13,1,-1,-1,-1
198,-1,689,277,27,18,1,-1,-1,-1
198,-1,740,17,21,16,1,-1,-1,-1
198,-1,782,337,19,16,1,-1,-1,-1
198,-1,833,180,23,16,1,-1,-1,-1
199,-1,462,273,23,16,1,-1,-1,-1
199,-1,530,21,22,16,1,-1,-1,-1
199,-1,627,161,21,16,1,-1,-1,-1
199,-1,635,328,19,13,1,-1,-1,-1
199,-1,689,278,27,18,1,-1,-1,-1
199,-1,740,18,21,16,1,-1,-1,-1
199,-1,782,337,19,16,1,-1,-1,-1
199,-1,833,180,23,16,1,-1,-1,-1
200,-1,462,273,23,16,1,-1,-1,-1
200,-1,530,21,22,16,1,-1,-1,-1
200,-1,627,161,21,16,1,-1,-1,-1
200,-1,635,328,19,13,1,-1,-1,-1
200,-1,689,278,27,18,1,-1,-1,-1
200,-1,740,21,20,15,1,-1,-1,-1
200,-1,782,336,20,16,1,-1,-1,-1
200,-1,833,179,23,16,1,-1,-1,-1
201,-1,462,274,23,16,1,-1,-1,-1
201,-1,530,20,22,16,1,-1,-1,-1
201,-1,626,161,21,16,1,-1,-1,-1
201,-1,635,328,19,13,1,-1,-1,-1
201,-1,689,279,26,18,1,-1,-1,-1
201,-1,741,24,20,15,1,-1,-1,-1
201,-1,782,337,19,16,1,-1,-1,-1
201,-1,832,179,23,16,1,-1,-1,-1
202,-1,462,274,23,16,1,-1,-1,-1
202,-1,530,19,22,16,1,-1,-1,-1
202,-1,626,160,21,16,1,-1,-1,-1
202,-1,635,328,19,13,1,-1,-1,-1
202,-1,689,279,27,18,1,-1,-1,-1
202,-1,740,25,20,16,1,-1,-1,-1
202,-1,782,336,20,16,1,-1,-1,-1
202,-1,832,179,23,16,1,-1,-1,-1
203,-1,462,274,23,16,1,-1,-1,-1
203,-1,531,19,22,16,1,-1,-1,-1
203,-1,626,160,21,16,1,-1,-1,-1
203,-1,635,328,19,13,1,-1,-1,-1
203,-1,689,279,27,18,1,-1,-1,-1
203,-1,740,27,20,15,1,-1,-1,-1
203,-1,783,336,19,16,1,-1,-1,-1
203,-1,831,178,23,16,1,-1,-1,-1
204,-1,462,274,23,16,1,-1,-1,-1
204,-1,531,18,22,16,1,-1,-1,-1
204,-1,626,160,21,16,1,-1,-1,-1
204,-1,635,327,19,13,1,-1,-1,-1
204,-1,689,280,26,18,1,-1,-1,-1
204,-1,740,28,20,15,1,-1,-1,-1
204,-1,783,336,19,16,1,-1,-1,-1
204,-1,831,178,23,16,1,-1,-1,-1
205,-1,462,274,24,16,1,-1,-1,-1
205,-1,530,17,22,16,1,-1,-1,-1
205,-1,625,159,21,16,1,-1,-1,-1
205,-1,635,327,19,13,1,-1,-1,-1
205,-1,689,281,26,18,1,-1,-1,-1
205,-1,740,33,20,15,1,-1,-1,-1
205,-1,783,337,18,15,1,-1,-1,-1
205,-1,831,178,23,16,1,-1,-1,-1
206,-1,462,274,23,16,1,-1,-1,-1
206,-1,529,16,23,17,1,-1,-1,-1
206,-1,625,159,21,16,1,-1,-1,-1
206,-1,635,327,19,13,1,-1,-1,-1
206,-1,689,281,27,18,1,-1,-1,-1
206,-1,740,34,20,15,1,-1,-1,-1
206,-1,783,337,18,15,1,-1,-1,-1
206,-1,831,177,23,16,1,-1,-1,-1
207,-1,462,274,23,16,1,-1,-1,-1
207,-1,529,16,23,17,1,-1,-1,-1
207,-1,625,159,21,16,1,-1,-1,-1
207,-1,635,327,19,13,1,-1,-1,-1
207,-1,689,281,27,18,1,-1,-1,-1
207,-1,741,36,20,15,1,-1,-1,-1
207,-1,783,334,19,17,1,-1,-1,-1
207,-1,831,177,23,16,1,-1,-1,-1
208,-1,462,274,23,16,1,-1,-1,-1
208,-1,529,15,23,17,1,-1,-1,-1
208,-1,625,158,21,16,1,-1,-1,-1
208,-1,635,327,19,13,1,-1,-1,-1
208,-1,689,281,27,18,1,-1,-1,-1
208,-1,740,38,21,16,1,-1,-1,-1
208,-1,783,334,19,17,1,-1,-1,-1
208,-1,831,177,23,16,1,-1,-1,-1
209,-1,462,274,23,16,1,-1,-1,-1
209,-1,529,15,23,17,1,-1,-1,-1
209,-1,625,158,21,16,1,-1,-1,-1
209,-1,635,327,19,13,1,-1,-1,-1
209,-1,690,282,27,18,1,-1,-1,-1
209,-1,740,39,21,16,1,-1,-1,-1
209,-1,783,334,19,17,1,-1,-1,-1
209,-1,831,177,24,17,1,-1,-1,-1
210,-1,463,274,23,16,1,-1,-1,-1
210,-1,528,14,23,17,1,-1,-1,-1
210,-1,625,158,21,16,1,-1,-1,-1
210,-1,635,327,19,13,1,-1,-1,-1
210,-1,690,283,27,18,1,-1,-1,-1
210,-1,740,43,21,16,1,-1,-1,-1
210,-1,783,334,19,17,1,-1,-1,-1
210,-1,830,176,24,17,1,-1,-1,-1
211,-1,463,274,23,16,1,-1,-1,-1
211,-1,528,13,23,17,1,-1,-1,-1
211,-1,625,158,21,16,1,-1,-1,-1
211,-1,635,327,19,13,1,-1,-1,-1
211,-1,690,283,27,18,1,-1,-1,-1
211,-1,740,44,21,16,1,-1,-1,-1
211,-1,784,333,19,17,1,-1,-1,-1
211,-1,830,176,24,17,1,-1,-1,-1
212,-1,463,274,23,16,1,-1,-1,-1
212,-1,528,13,23,17,1,-1,-1,-1
212,-1,625,157,21,16,1,-1,-1,-1
212,-1,635,326,19,13,1,-1,-1,-1
212,-1,690,283,27,18,1,-1,-1,-1
212,-1,740,46,21,16,1,-1,-1,-1
212,-1,783,333,20,18,1,-1,-1,-1
212,-1,830,176,24,17,1,-1,-1,-1
213,-1,463,274,23,16,1,-1,-1,-1
213,-1,528,13,23,17,1,-1,-1,-1
213,-1,625,157,21,16,1,-1,-1,-1
213,-1,635,326,19,13,1,-1,-1,-1
213,-1,690,283,27,18,1,-1,-1,-1
213,-1,740,47,21,16,1,-1,-1,-1
213,-1,783,333,20,18,1,-1,-1,-1
213,-1,830,175,24,17,1,-1,-1,-1
214,-1,463,274,23,16,1,-1,-1,-1
214,-1,528,12,23,17,1,-1,-1,-1
214,-1,625,157,21,16,1,-1,-1,-1
214,-1,635,326,19,13,1,-1,-1,-1
214,-1,690,284,26,18,1,-1,-1,-1
214,-1,740,49,21,16,1,-1,-1,-1
214,-1,784,333,19,17,1,-1,-1,-1
214,-1,829,175,24,16,1,-1,-1,-1
215,-1,463,275,23,16,1,-1,-1,-1
215,-1,527,11,23,17,1,-1,-1,-1
215,-1,625,157,21,16,1,-1,-1,-1
215,-1,635,326,19,13,1,-1,-1,-1
215,-1,690,284,27,18,1,-1,-1,-1
215,-1,740,51,21,16,1,-1,-1,-1
215,-1,784,334,19,17,1,-1,-1,-1
215,-1,829,175,23,16,1,-1,-1,-1
216,-1,463,275,23,16,1,-1,-1,-1
216,-1,527,10,23,17,1,-1,-1,-1
216,-1,625,156,21,16,1,-1,-1,-1
216,-1,635,326,19,13,1,-1,-1,-1
216,-1,690,285,27,18,1,-1,-1,-1
216,-1,740,53,21,16,1,-1,-1,-1
216,-1,783,330,19,17,1,-1,-1,-1
216,-1,829,175,23,16,1,-1,-1,-1
217,-1,463,275,23,16,1,-1,-1,-1
217,-1,527,10,23,17,1,-1,-1,-1
217,-1,625,156,22,16,1,-1,-1,-1
217,-1,635,326,19,13,1,-1,-1,-1
217,-1,690,285,27,18,1,-1,-1,-1
217,-1,740,54,21,16,1,-1,-1,-1
217,-1,783,330,19,17,1,-1,-1,-1
217,-1,829,175,24,17,1,-1,-1,-1
218,-1,463,275,23,16,1,-1,-1,-1
218,-1,527,10,23,17,1,-1,-1,-1
218,-1,625,156,22,17,1,-1,-1,-1
218,-1,635,326,19,13,1,-1,-1,-1
218,-1,690,285,27,18,1,-1,-1,-1
218,-1,741,56,20,15,1,-1,-1,-1
218,-1,783,330,19,17,1,-1,-1,-1
218,-1,828,174,24,17,1,-1,-1,-1
219,-1,463,275,23,16,1,-1,-1,-1
219,-1,527,9,23,17,1,-1,-1,-1
219,-1,625,155,22,17,1,-1,-1,-1
219,-1,635,326,19,13,1,-1,-1,-1
219,-1,690,285,27,18,1,-1,-1,-1
219,-1,741,57,21,16,1,-1,-1,-1
219,-1,783,330,19,17,1,-1,-1,-1
219,-1,828,174,24,17,1,-1,-1,-1
