1,1,136,31,16,18,1,1,1
2,1,136,31,17,19,1,1,1
3,1,136,31,17,19,1,1,1
4,1,136,31,17,19,1,1,1
5,1,136,31,17,19,1,1,1
6,1,136,31,17,19,1,1,1
7,1,139,31,16,18,1,1,1
8,1,139,31,16,18,1,1,1
9,1,139,31,16,18,1,1,1
10,1,139,30,16,18,1,1,1
11,1,139,30,16,18,1,1,1
12,1,139,30,16,18,1,1,1
13,1,139,30,16,18,1,1,1
14,1,140,30,16,18,1,1,1
15,1,140,30,16,18,1,1,1
16,1,140,30,16,18,1,1,1
17,1,140,30,16,18,1,1,1
18,1,140,30,16,18,1,1,1
19,1,140,28,22,20,1,1,1
20,1,140,28,22,20,1,1,1
21,1,140,27,23,20,1,1,1
22,1,140,28,22,20,1,1,1
23,1,140,28,22,20,1,1,1
24,1,143,25,22,20,1,1,1
25,1,144,24,22,20,1,1,1
26,1,144,24,22,20,1,1,1
27,1,147,20,22,20,1,1,1
28,1,147,20,22,20,1,1,1
29,1,147,20,22,20,1,1,1
30,1,147,20,22,20,1,1,1
31,1,147,20,22,20,1,1,1
32,1,150,17,22,20,1,1,1
33,1,150,17,22,20,1,1,1
34,1,150,17,22,20,1,1,1
35,1,153,13,22,20,1,1,1
36,1,153,13,22,20,1,1,1
37,1,153,13,22,20,1,1,1
38,1,153,13,22,20,1,1,1
39,1,153,8,22,20,1,1,1
40,1,153,8,22,20,1,1,1
41,1,153,7,22,20,1,1,1
42,1,156,5,22,20,1,1,1
43,1,156,5,22,20,1,1,1
44,1,156,4,22,20,1,1,1
45,1,156,5,22,20,1,1,1
46,1,158,-1,22,20,1,1,1
47,1,158,0,22,19,1,1,1
48,1,158,0,22,19,1,1,1
49,1,158,0,22,19,1,1,1
50,1,161,-6,22,19,1,1,1
1,2,249,8,18,14,1,1,1
2,2,249,8,18,14,1,1,1
3,2,249,8,18,14,1,1,1
4,2,249,8,18,14,1,1,1
5,2,249,8,18,14,1,1,1
6,2,249,8,18,14,1,1,1
7,2,252,13,16,13,1,1,1
8,2,252,13,16,13,1,1,1
9,2,252,14,16,13,1,1,1
10,2,252,15,16,13,1,1,1
11,2,252,17,16,13,1,1,1
12,2,251,18,16,13,1,1,1
13,2,251,18,16,13,1,1,1
14,2,251,18,16,12,1,1,1
15,2,250,20,17,13,1,1,1
16,2,250,21,16,13,1,1,1
17,2,249,22,16,13,1,1,1
18,2,249,22,16,13,1,1,1
19,2,247,23,16,12,1,1,1
20,2,246,24,16,12,1,1,1
21,2,245,25,16,12,1,1,1
22,2,243,27,16,12,1,1,1
23,2,243,27,16,12,1,1,1
24,2,242,28,15,12,1,1,1
25,2,240,28,15,12,1,1,1
26,2,237,29,15,12,1,1,1
27,2,236,30,15,12,1,1,1
28,2,236,30,15,12,1,1,1
29,2,234,31,15,12,1,1,1
30,2,230,32,15,12,1,1,1
31,2,229,32,15,12,1,1,1
32,2,227,32,15,12,1,1,1
33,2,227,32,15,12,1,1,1
34,2,225,33,15,12,1,1,1
35,2,218,30,19,21,1,1,1
36,2,216,30,19,21,1,1,1
37,2,214,30,19,21,1,1,1
38,2,214,30,19,21,1,1,1
39,2,212,29,19,21,1,1,1
40,2,211,29,19,21,1,1,1
41,2,206,29,19,21,1,1,1
42,2,203,29,19,21,1,1,1
43,2,203,29,19,21,1,1,1
44,2,201,29,19,21,1,1,1
45,2,200,29,19,21,1,1,1
46,2,197,28,19,21,1,1,1
47,2,196,28,19,21,1,1,1
48,2,196,28,19,21,1,1,1
49,2,195,28,19,21,1,1,1
50,2,192,27,19,21,1,1,1
51,2,191,27,19,21,1,1,1
52,2,190,28,19,21,1,1,1
53,2,190,28,19,21,1,1,1
54,2,190,27,19,21,1,1,1
55,2,190,27,19,21,1,1,1
56,2,190,27,19,21,1,1,1
57,2,186,27,19,21,1,1,1
58,2,186,27,19,21,1,1,1
59,2,186,27,19,21,1,1,1
60,2,186,27,19,21,1,1,1
61,2,186,27,19,21,1,1,1
62,2,184,26,19,21,1,1,1
63,2,184,26,19,21,1,1,1
64,2,183,26,19,21,1,1,1
65,2,182,26,19,21,1,1,1
66,2,182,26,19,21,1,1,1
67,2,181,26,19,21,1,1,1
68,2,181,26,19,21,1,1,1
69,2,181,26,19,21,1,1,1
70,2,180,26,18,20,1,1,1
71,2,180,25,19,21,1,1,1
72,2,179,25,19,21,1,1,1
73,2,179,25,19,21,1,1,1
74,2,179,25,19,21,1,1,1
75,2,178,25,19,21,1,1,1
76,2,177,25,19,21,1,1,1
77,2,177,24,19,21,1,1,1
78,2,177,24,19,21,1,1,1
79,2,177,24,19,21,1,1,1
80,2,177,24,19,21,1,1,1
81,2,176,24,19,21,1,1,1
82,2,176,24,19,21,1,1,1
83,2,176,24,19,21,1,1,1
84,2,176,24,19,21,1,1,1
85,2,176,24,19,21,1,1,1
86,2,176,24,19,21,1,1,1
87,2,176,24,19,21,1,1,1
88,2,176,24,19,21,1,1,1
89,2,176,24,19,21,1,1,1
90,2,176,24,19,21,1,1,1
91,2,173,25,19,21,1,1,1
92,2,173,25,19,21,1,1,1
93,2,173,25,19,21,1,1,1
94,2,173,25,19,21,1,1,1
95,2,173,25,19,21,1,1,1
96,2,173,24,19,21,1,1,1
97,2,173,24,20,22,1,1,1
98,2,173,24,20,22,1,1,1
99,2,173,24,19,22,1,1,1
100,2,173,24,20,22,1,1,1
101,2,174,25,19,21,1,1,1
102,2,174,25,19,21,1,1,1
103,2,174,25,19,21,1,1,1
104,2,173,23,21,23,1,1,1
105,2,173,23,21,23,1,1,1
106,2,174,23,20,23,1,1,1
107,2,174,23,21,23,1,1,1
108,2,174,23,21,23,1,1,1
109,2,174,24,21,23,1,1,1
110,2,175,24,20,23,1,1,1
111,2,175,24,20,22,1,1,1
112,2,176,24,20,22,1,1,1
113,2,176,24,20,22,1,1,1
114,2,176,24,20,23,1,1,1
115,2,178,25,19,21,1,1,1
116,2,178,26,19,21,1,1,1
117,2,179,26,19,21,1,1,1
118,2,179,26,19,21,1,1,1
119,2,180,26,19,21,1,1,1
120,2,181,27,19,21,1,1,1
121,2,181,27,19,21,1,1,1
122,2,182,27,19,21,1,1,1
123,2,182,27,19,21,1,1,1
124,2,183,28,19,21,1,1,1
125,2,183,28,19,21,1,1,1
126,2,184,29,19,21,1,1,1
127,2,185,29,19,21,1,1,1
128,2,185,29,19,21,1,1,1
129,2,186,30,19,21,1,1,1
130,2,186,30,19,21,1,1,1
131,2,188,31,19,17,1,1,1
132,2,188,31,19,17,1,1,1
133,2,188,31,19,17,1,1,1
134,2,189,32,19,17,1,1,1
135,2,190,32,19,17,1,1,1
136,2,191,33,19,17,1,1,1
137,2,191,33,19,17,1,1,1
138,2,191,33,19,17,1,1,1
139,2,192,34,19,17,1,1,1
140,2,193,34,19,17,1,1,1
141,2,193,35,19,17,1,1,1
142,2,194,35,19,17,1,1,1
143,2,194,35,19,17,1,1,1
144,2,195,35,19,17,1,1,1
145,2,195,36,19,17,1,1,1
146,2,196,36,19,17,1,1,1
147,2,197,36,19,17,1,1,1
148,2,197,36,19,17,1,1,1
149,2,197,37,19,17,1,1,1
150,2,198,37,19,17,1,1,1
151,2,199,38,19,17,1,1,1
152,2,199,38,19,17,1,1,1
153,2,199,38,19,17,1,1,1
154,2,200,39,19,17,1,1,1
155,2,200,39,19,17,1,1,1
156,2,200,39,19,17,1,1,1
157,2,202,40,19,17,1,1,1
158,2,202,40,19,17,1,1,1
159,2,202,40,19,17,1,1,1
160,2,202,40,19,17,1,1,1
161,2,203,41,19,17,1,1,1
162,2,204,41,19,17,1,1,1
163,2,204,41,19,17,1,1,1
164,2,204,41,19,17,1,1,1
1,3,358,34,16,18,1,1,1
2,3,358,34,16,18,1,1,1
3,3,358,34,16,18,1,1,1
4,3,358,34,16,18,1,1,1
5,3,358,34,16,18,1,1,1
6,3,358,34,16,18,1,1,1
7,3,355,37,18,20,1,1,1
8,3,355,37,18,20,1,1,1
9,3,359,38,15,17,1,1,1
10,3,359,38,15,17,1,1,1
11,3,359,38,14,16,1,1,1
12,3,359,38,15,17,1,1,1
13,3,352,38,22,19,1,1,1
14,3,352,38,22,19,1,1,1
15,3,352,38,22,19,1,1,1
16,3,352,41,17,16,1,1,1
17,3,351,41,17,16,1,1,1
18,3,351,41,17,16,1,1,1
19,3,348,41,21,18,1,1,1
20,3,348,41,21,18,1,1,1
21,3,347,41,22,19,1,1,1
22,3,344,42,21,18,1,1,1
23,3,344,42,21,18,1,1,1
24,3,344,42,21,18,1,1,1
25,3,342,41,22,19,1,1,1
26,3,340,44,21,18,1,1,1
27,3,338,43,21,18,1,1,1
28,3,338,43,21,18,1,1,1
29,3,338,43,21,18,1,1,1
30,3,335,43,21,18,1,1,1
31,3,333,42,21,18,1,1,1
32,3,333,42,21,18,1,1,1
33,3,333,42,21,18,1,1,1
34,3,332,42,21,18,1,1,1
35,3,329,41,21,18,1,1,1
36,3,328,41,21,18,1,1,1
37,3,329,41,21,18,1,1,1
38,3,329,41,21,18,1,1,1
39,3,323,41,21,18,1,1,1
40,3,322,41,21,18,1,1,1
41,3,323,41,21,18,1,1,1
42,3,318,38,21,18,1,1,1
43,3,318,38,21,18,1,1,1
44,3,317,38,21,18,1,1,1
45,3,316,37,20,17,1,1,1
46,3,312,36,21,18,1,1,1
47,3,312,36,21,18,1,1,1
48,3,312,36,21,18,1,1,1
49,3,312,36,21,18,1,1,1
50,3,308,33,21,17,1,1,1
51,3,307,32,21,17,1,1,1
52,3,305,31,21,17,1,1,1
53,3,305,31,21,17,1,1,1
54,3,303,31,20,16,1,1,1
55,3,302,30,20,16,1,1,1
56,3,300,29,20,16,1,1,1
57,3,296,26,21,19,1,1,1
58,3,296,26,21,19,1,1,1
59,3,295,25,21,19,1,1,1
60,3,296,26,21,19,1,1,1
61,3,292,20,21,19,1,1,1
62,3,291,19,22,20,1,1,1
63,3,291,19,22,20,1,1,1
64,3,292,20,21,19,1,1,1
65,3,289,16,21,19,1,1,1
66,3,288,15,21,19,1,1,1
67,3,289,16,21,19,1,1,1
68,3,289,16,21,19,1,1,1
69,3,285,12,21,19,1,1,1
70,3,285,10,22,20,1,1,1
71,3,284,10,21,19,1,1,1
72,3,282,5,21,19,1,1,1
73,3,282,5,21,19,1,1,1
74,3,281,4,22,20,1,1,1
75,3,280,3,22,20,1,1,1
76,3,280,2,21,19,1,1,1
77,3,279,0,21,19,1,1,1
78,3,279,0,21,19,1,1,1
79,3,279,-1,21,19,1,1,1
80,3,278,-2,21,19,1,1,1
81,3,278,-2,21,19,1,1,1
82,3,278,-2,16,18,1,1,1
83,3,278,0,16,16,1,1,1
84,3,278,-1,16,16,1,1,1
85,3,277,-2,16,16,1,1,1
86,3,277,-3,16,16,1,1,1
87,3,277,-3,16,16,1,1,1
88,3,277,-3,16,16,1,1,1
89,3,277,-3,16,16,1,1,1
90,3,277,-3,16,16,1,1,1
91,3,277,-3,16,16,1,1,1
124,3,287,-3,16,15,1,1,1
125,3,287,0,16,12,1,1,1
126,3,287,0,16,12,1,1,1
127,3,288,0,16,14,1,1,1
128,3,288,0,16,14,1,1,1
129,3,288,1,16,14,1,1,1
130,3,288,1,16,14,1,1,1
131,3,289,-4,16,20,1,1,1
132,3,289,0,16,16,1,1,1
133,3,289,0,16,16,1,1,1
134,3,289,0,16,16,1,1,1
135,3,290,1,16,16,1,1,1
136,3,290,1,16,16,1,1,1
137,3,290,1,16,16,1,1,1
138,3,290,1,16,16,1,1,1
139,3,291,2,16,16,1,1,1
140,3,291,3,16,16,1,1,1
141,3,291,3,16,16,1,1,1
142,3,292,4,16,16,1,1,1
143,3,292,4,16,16,1,1,1
144,3,292,4,16,16,1,1,1
145,3,292,4,16,16,1,1,1
146,3,293,4,16,16,1,1,1
147,3,293,5,16,16,1,1,1
148,3,293,5,16,16,1,1,1
149,3,293,5,16,16,1,1,1
150,3,294,5,16,16,1,1,1
151,3,294,6,16,16,1,1,1
152,3,294,6,15,15,1,1,1
153,3,294,6,15,15,1,1,1
154,3,294,6,15,15,1,1,1
155,3,294,7,15,15,1,1,1
156,3,295,7,15,15,1,1,1
157,3,295,8,15,15,1,1,1
158,3,295,8,15,15,1,1,1
159,3,295,8,15,15,1,1,1
160,3,295,8,15,15,1,1,1
161,3,295,8,15,15,1,1,1
162,3,296,9,15,15,1,1,1
163,3,296,9,15,15,1,1,1
164,3,296,9,15,15,1,1,1
1,4,479,43,15,15,1,1,1
2,4,479,43,15,15,1,1,1
3,4,479,43,15,15,1,1,1
4,4,479,43,15,15,1,1,1
5,4,479,43,15,15,1,1,1
6,4,479,43,15,15,1,1,1
7,4,475,45,15,15,1,1,1
8,4,475,45,15,15,1,1,1
9,4,474,45,15,15,1,1,1
10,4,473,46,15,15,1,1,1
11,4,472,46,15,15,1,1,1
12,4,471,47,15,15,1,1,1
13,4,471,47,15,15,1,1,1
14,4,470,47,15,15,1,1,1
15,4,471,46,15,15,1,1,1
16,4,467,46,19,19,1,1,1
17,4,466,46,19,19,1,1,1
18,4,466,46,19,19,1,1,1
19,4,463,47,19,19,1,1,1
20,4,462,47,19,19,1,1,1
21,4,461,47,19,19,1,1,1
22,4,461,47,19,19,1,1,1
23,4,461,47,19,19,1,1,1
24,4,467,44,19,19,1,1,1
25,4,455,48,19,19,1,1,1
26,4,452,49,19,19,1,1,1
27,4,450,49,19,19,1,1,1
28,4,450,49,19,19,1,1,1
29,4,448,49,19,19,1,1,1
30,4,445,50,19,19,1,1,1
31,4,442,49,19,20,1,1,1
32,4,441,49,20,21,1,1,1
33,4,441,49,20,21,1,1,1
34,4,439,50,19,20,1,1,1
35,4,435,50,18,19,1,1,1
36,4,434,50,19,20,1,1,1
37,4,431,50,19,20,1,1,1
38,4,431,50,19,20,1,1,1
39,4,427,50,19,20,1,1,1
40,4,425,51,19,20,1,1,1
41,4,425,50,19,20,1,1,1
42,4,421,50,20,21,1,1,1
43,4,421,50,20,21,1,1,1
44,4,417,51,19,20,1,1,1
45,4,415,50,20,21,1,1,1
46,4,412,51,19,20,1,1,1
47,4,410,51,19,20,1,1,1
48,4,410,51,19,20,1,1,1
49,4,408,51,19,20,1,1,1
50,4,405,50,19,20,1,1,1
51,4,405,50,19,20,1,1,1
52,4,405,51,19,20,1,1,1
53,4,405,51,19,20,1,1,1
54,4,400,51,19,20,1,1,1
55,4,399,51,19,20,1,1,1
56,4,397,51,19,20,1,1,1
57,4,395,51,19,20,1,1,1
58,4,395,51,19,20,1,1,1
59,4,394,51,19,20,1,1,1
60,4,393,51,19,20,1,1,1
61,4,393,51,19,20,1,1,1
62,4,390,51,19,20,1,1,1
63,4,390,51,19,20,1,1,1
64,4,390,51,19,20,1,1,1
65,4,388,51,19,20,1,1,1
66,4,387,51,19,20,1,1,1
67,4,386,51,19,20,1,1,1
68,4,386,51,19,20,1,1,1
69,4,385,51,19,20,1,1,1
70,4,385,51,19,20,1,1,1
71,4,384,51,19,20,1,1,1
72,4,383,51,19,20,1,1,1
73,4,384,51,19,20,1,1,1
74,4,383,51,19,20,1,1,1
75,4,383,51,19,20,1,1,1
76,4,383,51,19,20,1,1,1
77,4,382,52,19,20,1,1,1
78,4,382,52,19,20,1,1,1
79,4,382,52,19,20,1,1,1
80,4,382,52,19,20,1,1,1
81,4,382,52,19,20,1,1,1
82,4,382,52,19,20,1,1,1
83,4,382,52,19,20,1,1,1
84,4,382,52,19,20,1,1,1
85,4,382,52,19,20,1,1,1
86,4,383,52,19,20,1,1,1
87,4,383,52,19,20,1,1,1
88,4,383,52,19,20,1,1,1
89,4,383,52,19,20,1,1,1
90,4,383,52,19,20,1,1,1
91,4,383,52,19,20,1,1,1
92,4,383,52,19,20,1,1,1
93,4,383,52,19,20,1,1,1
94,4,383,52,19,20,1,1,1
95,4,384,52,19,20,1,1,1
96,4,384,52,19,20,1,1,1
97,4,384,52,19,20,1,1,1
98,4,384,52,19,20,1,1,1
99,4,384,52,19,20,1,1,1
100,4,384,52,19,20,1,1,1
101,4,384,51,19,20,1,1,1
102,4,385,52,19,20,1,1,1
103,4,385,52,19,20,1,1,1
104,4,385,52,19,20,1,1,1
105,4,385,52,19,20,1,1,1
106,4,385,52,19,20,1,1,1
107,4,385,52,19,20,1,1,1
108,4,385,52,19,20,1,1,1
109,4,385,52,19,20,1,1,1
110,4,385,52,19,20,1,1,1
111,4,385,53,19,20,1,1,1
112,4,385,53,19,20,1,1,1
113,4,385,53,19,20,1,1,1
114,4,385,53,19,20,1,1,1
115,4,385,53,19,20,1,1,1
116,4,385,54,19,20,1,1,1
117,4,385,54,19,20,1,1,1
118,4,385,54,19,20,1,1,1
119,4,385,54,19,20,1,1,1
120,4,385,54,19,20,1,1,1
121,4,385,55,19,20,1,1,1
122,4,385,55,19,20,1,1,1
123,4,385,55,19,20,1,1,1
124,4,385,55,19,20,1,1,1
125,4,385,55,19,20,1,1,1
126,4,385,56,19,20,1,1,1
127,4,385,56,19,20,1,1,1
128,4,385,56,19,20,1,1,1
129,4,385,56,19,20,1,1,1
130,4,385,57,19,20,1,1,1
131,4,385,57,19,20,1,1,1
132,4,385,57,19,20,1,1,1
133,4,385,57,19,20,1,1,1
134,4,385,57,19,20,1,1,1
135,4,385,58,19,20,1,1,1
136,4,385,58,19,20,1,1,1
137,4,385,58,19,20,1,1,1
138,4,385,58,19,20,1,1,1
139,4,385,58,19,20,1,1,1
140,4,385,59,19,20,1,1,1
141,4,385,59,19,20,1,1,1
142,4,385,59,19,20,1,1,1
143,4,385,59,19,20,1,1,1
144,4,385,59,19,20,1,1,1
145,4,385,59,19,20,1,1,1
146,4,386,60,19,20,1,1,1
147,4,386,60,19,20,1,1,1
148,4,386,60,19,20,1,1,1
149,4,386,60,19,20,1,1,1
150,4,386,61,19,20,1,1,1
151,4,385,61,19,20,1,1,1
152,4,385,61,19,20,1,1,1
153,4,385,61,19,20,1,1,1
154,4,385,61,19,20,1,1,1
155,4,385,61,19,20,1,1,1
156,4,385,62,19,20,1,1,1
157,4,385,62,19,20,1,1,1
158,4,385,62,19,20,1,1,1
159,4,385,62,19,20,1,1,1
160,4,385,62,19,20,1,1,1
161,4,385,63,19,20,1,1,1
162,4,385,63,19,20,1,1,1
163,4,385,63,19,20,1,1,1
164,4,385,63,19,20,1,1,1
1,5,605,45,17,16,1,1,1
2,5,605,45,17,16,1,1,1
3,5,605,45,17,16,1,1,1
4,5,605,45,17,16,1,1,1
5,5,605,45,17,16,1,1,1
6,5,605,45,17,16,1,1,1
7,5,601,47,17,16,1,1,1
8,5,601,47,17,16,1,1,1
9,5,600,48,17,16,1,1,1
10,5,600,48,17,16,1,1,1
11,5,598,49,17,16,1,1,1
12,5,598,50,17,16,1,1,1
13,5,598,50,17,16,1,1,1
14,5,597,51,17,16,1,1,1
15,5,596,53,17,16,1,1,1
16,5,596,53,17,16,1,1,1
17,5,596,54,17,16,1,1,1
18,5,596,54,17,16,1,1,1
19,5,595,57,17,16,1,1,1
20,5,594,58,17,16,1,1,1
21,5,594,59,17,16,1,1,1
22,5,593,61,17,16,1,1,1
23,5,593,61,17,16,1,1,1
24,5,592,62,17,16,1,1,1
25,5,592,64,17,16,1,1,1
26,5,591,67,17,16,1,1,1
27,5,591,68,17,16,1,1,1
28,5,591,68,17,16,1,1,1
29,5,591,70,17,16,1,1,1
30,5,590,73,17,16,1,1,1
31,5,590,74,17,16,1,1,1
32,5,589,76,17,16,1,1,1
33,5,589,76,17,16,1,1,1
34,5,589,78,17,16,1,1,1
35,5,589,81,17,16,1,1,1
36,5,588,83,17,16,1,1,1
37,5,588,85,17,16,1,1,1
38,5,588,85,17,16,1,1,1
39,5,588,89,17,16,1,1,1
40,5,588,91,17,16,1,1,1
41,5,588,93,17,16,1,1,1
42,5,587,97,17,16,1,1,1
43,5,587,97,17,16,1,1,1
44,5,587,100,17,16,1,1,1
45,5,587,102,17,16,1,1,1
46,5,587,106,17,16,1,1,1
47,5,587,109,17,16,1,1,1
48,5,587,109,17,16,1,1,1
49,5,587,111,17,16,1,1,1
50,5,587,116,17,16,1,1,1
51,5,587,118,17,16,1,1,1
52,5,587,121,17,16,1,1,1
53,5,587,121,17,16,1,1,1
54,5,587,126,17,16,1,1,1
55,5,587,128,17,16,1,1,1
56,5,587,131,17,16,1,1,1
57,5,587,136,17,16,1,1,1
58,5,587,136,17,16,1,1,1
59,5,588,139,17,16,1,1,1
60,5,588,141,17,16,1,1,1
61,5,588,146,17,16,1,1,1
62,5,588,148,17,16,1,1,1
63,5,588,149,17,16,1,1,1
64,5,589,151,16,16,1,1,1
65,5,589,155,16,15,1,1,1
66,5,589,158,16,16,1,1,1
67,5,589,160,16,16,1,1,1
68,5,589,160,16,16,1,1,1
69,5,589,164,17,16,1,1,1
70,5,589,166,17,16,1,1,1
71,5,589,167,17,16,1,1,1
72,5,590,171,17,16,1,1,1
73,5,590,171,17,16,1,1,1
74,5,590,173,17,16,1,1,1
75,5,590,174,16,16,1,1,1
76,5,590,176,17,16,1,1,1
77,5,590,179,16,15,1,1,1
78,5,590,179,16,15,1,1,1
79,5,590,181,16,15,1,1,1
80,5,590,182,16,15,1,1,1
81,5,590,185,16,15,1,1,1
82,5,590,186,16,15,1,1,1
83,5,590,186,16,15,1,1,1
84,5,590,187,16,15,1,1,1
85,5,590,189,16,15,1,1,1
86,5,590,191,16,15,1,1,1
87,5,589,191,16,15,1,1,1
88,5,589,191,16,15,1,1,1
89,5,589,194,16,15,1,1,1
90,5,589,195,16,15,1,1,1
91,5,589,195,16,15,1,1,1
92,5,589,197,16,15,1,1,1
93,5,589,197,16,15,1,1,1
94,5,588,197,16,15,1,1,1
95,5,588,198,16,15,1,1,1
96,5,588,200,16,15,1,1,1
97,5,588,200,16,15,1,1,1
98,5,588,200,16,15,1,1,1
99,5,587,201,16,15,1,1,1
100,5,587,202,16,15,1,1,1
101,5,586,203,16,15,1,1,1
102,5,586,203,16,15,1,1,1
103,5,586,203,16,15,1,1,1
104,5,585,204,16,15,1,1,1
105,5,585,204,16,15,1,1,1
106,5,585,205,16,15,1,1,1
107,5,584,205,16,15,1,1,1
108,5,584,205,16,15,1,1,1
109,5,583,205,16,15,1,1,1
110,5,583,206,16,15,1,1,1
111,5,582,206,16,15,1,1,1
112,5,582,206,16,15,1,1,1
113,5,582,206,16,15,1,1,1
114,5,581,206,16,15,1,1,1
115,5,581,207,16,15,1,1,1
116,5,580,207,16,15,1,1,1
117,5,580,207,16,15,1,1,1
118,5,580,207,16,15,1,1,1
119,5,579,207,16,15,1,1,1
120,5,579,207,16,15,1,1,1
121,5,578,207,16,15,1,1,1
122,5,578,206,16,15,1,1,1
123,5,578,206,16,15,1,1,1
124,5,577,206,16,15,1,1,1
125,5,577,206,16,15,1,1,1
126,5,576,206,16,15,1,1,1
127,5,575,205,16,15,1,1,1
128,5,575,205,16,15,1,1,1
129,5,575,205,16,15,1,1,1
130,5,575,204,16,15,1,1,1
131,5,574,204,16,15,1,1,1
132,5,574,203,16,15,1,1,1
133,5,574,203,16,15,1,1,1
134,5,574,202,16,15,1,1,1
135,5,573,202,16,15,1,1,1
136,5,573,201,16,15,1,1,1
137,5,572,200,16,15,1,1,1
138,5,572,200,16,15,1,1,1
139,5,572,199,16,15,1,1,1
140,5,572,199,16,15,1,1,1
141,5,571,198,16,15,1,1,1
142,5,571,197,16,15,1,1,1
143,5,571,197,16,15,1,1,1
144,5,571,196,16,15,1,1,1
145,5,570,195,16,15,1,1,1
146,5,570,194,16,15,1,1,1
147,5,570,193,15,15,1,1,1
148,5,570,193,15,15,1,1,1
149,5,570,193,15,14,1,1,1
150,5,569,191,15,14,1,1,1
151,5,569,191,15,14,1,1,1
152,5,569,190,15,14,1,1,1
153,5,569,190,15,14,1,1,1
154,5,568,189,15,14,1,1,1
155,5,568,188,15,14,1,1,1
156,5,568,188,15,14,1,1,1
157,5,568,187,15,14,1,1,1
158,5,568,187,15,14,1,1,1
159,5,567,186,15,14,1,1,1
160,5,567,186,15,14,1,1,1
161,5,567,186,15,14,1,1,1
162,5,566,185,15,14,1,1,1
163,5,566,185,15,14,1,1,1
164,5,566,185,15,14,1,1,1
1,6,126,141,14,14,1,1,1
2,6,126,141,14,14,1,1,1
3,6,126,141,14,14,1,1,1
4,6,126,141,14,14,1,1,1
5,6,126,141,14,14,1,1,1
6,6,126,141,14,14,1,1,1
7,6,129,142,14,14,1,1,1
8,6,129,142,14,14,1,1,1
9,6,130,142,14,14,1,1,1
10,6,131,142,14,14,1,1,1
11,6,132,143,14,14,1,1,1
12,6,133,143,14,14,1,1,1
13,6,133,143,14,14,1,1,1
14,6,134,143,14,14,1,1,1
15,6,136,144,15,15,1,1,1
16,6,134,144,16,17,1,1,1
17,6,135,144,16,17,1,1,1
18,6,135,144,16,17,1,1,1
19,6,137,145,16,17,1,1,1
20,6,138,145,16,17,1,1,1
21,6,139,146,16,17,1,1,1
22,6,134,143,16,17,1,1,1
23,6,134,143,16,17,1,1,1
24,6,143,147,19,19,1,1,1
25,6,143,147,19,19,1,1,1
26,6,147,149,18,18,1,1,1
27,6,148,149,19,19,1,1,1
28,6,148,149,19,19,1,1,1
29,6,143,147,19,19,1,1,1
30,6,150,149,19,19,1,1,1
31,6,150,149,20,20,1,1,1
32,6,156,150,19,19,1,1,1
33,6,156,150,19,19,1,1,1
34,6,157,150,19,19,1,1,1
35,6,160,154,15,16,1,1,1
36,6,161,154,15,16,1,1,1
37,6,162,154,15,16,1,1,1
38,6,162,154,15,16,1,1,1
39,6,164,155,15,16,1,1,1
40,6,165,155,15,16,1,1,1
41,6,165,156,15,16,1,1,1
42,6,165,155,20,19,1,1,1
43,6,165,155,20,19,1,1,1
44,6,165,155,20,19,1,1,1
45,6,165,155,20,19,1,1,1
46,6,165,155,20,19,1,1,1
47,6,168,156,20,19,1,1,1
48,6,168,156,20,19,1,1,1
49,6,169,156,20,19,1,1,1
50,6,169,156,20,19,1,1,1
51,6,170,156,20,19,1,1,1
52,6,170,156,20,19,1,1,1
53,6,170,156,20,19,1,1,1
54,6,170,157,20,19,1,1,1
55,6,170,157,20,19,1,1,1
56,6,171,157,19,19,1,1,1
57,6,171,157,19,18,1,1,1
58,6,171,157,19,18,1,1,1
59,6,171,157,19,18,1,1,1
60,6,171,157,19,18,1,1,1
61,6,171,157,19,18,1,1,1
62,6,171,157,19,18,1,1,1
63,6,171,157,19,18,1,1,1
64,6,171,157,19,18,1,1,1
65,6,171,157,20,19,1,1,1
66,6,171,157,20,19,1,1,1
67,6,171,157,20,19,1,1,1
68,6,171,157,20,19,1,1,1
69,6,171,157,20,19,1,1,1
70,6,171,157,20,19,1,1,1
71,6,171,157,20,19,1,1,1
72,6,170,157,20,19,1,1,1
73,6,170,157,20,19,1,1,1
74,6,170,157,20,19,1,1,1
75,6,170,157,20,19,1,1,1
76,6,170,157,20,19,1,1,1
77,6,170,157,20,19,1,1,1
78,6,170,157,20,19,1,1,1
79,6,170,157,20,19,1,1,1
80,6,170,157,20,19,1,1,1
81,6,170,157,20,19,1,1,1
82,6,170,157,20,19,1,1,1
83,6,170,157,20,19,1,1,1
84,6,170,157,20,19,1,1,1
85,6,170,157,20,19,1,1,1
86,6,170,157,20,19,1,1,1
87,6,170,157,20,19,1,1,1
88,6,170,157,20,19,1,1,1
89,6,170,157,20,19,1,1,1
90,6,170,157,20,19,1,1,1
91,6,170,157,20,19,1,1,1
92,6,170,157,20,19,1,1,1
93,6,170,157,20,19,1,1,1
94,6,171,157,20,19,1,1,1
95,6,171,157,20,19,1,1,1
96,6,171,157,20,19,1,1,1
97,6,171,157,20,19,1,1,1
98,6,171,157,20,19,1,1,1
99,6,171,156,20,19,1,1,1
100,6,171,157,20,19,1,1,1
101,6,171,157,20,19,1,1,1
102,6,171,157,20,19,1,1,1
103,6,171,157,20,19,1,1,1
104,6,172,157,20,19,1,1,1
105,6,172,157,20,19,1,1,1
106,6,172,157,20,19,1,1,1
107,6,172,157,20,19,1,1,1
108,6,172,157,20,19,1,1,1
109,6,172,157,20,19,1,1,1
110,6,175,156,20,19,1,1,1
111,6,176,156,20,19,1,1,1
112,6,176,156,20,19,1,1,1
113,6,176,156,20,19,1,1,1
114,6,176,156,20,19,1,1,1
115,6,177,157,20,19,1,1,1
116,6,178,157,20,19,1,1,1
117,6,178,157,20,19,1,1,1
118,6,178,157,20,19,1,1,1
119,6,178,157,20,19,1,1,1
120,6,179,157,20,19,1,1,1
121,6,179,157,20,19,1,1,1
122,6,179,156,20,19,1,1,1
123,6,179,156,20,19,1,1,1
124,6,180,157,20,19,1,1,1
125,6,180,157,20,19,1,1,1
126,6,181,157,19,18,1,1,1
127,6,182,157,19,18,1,1,1
128,6,182,157,19,18,1,1,1
129,6,182,158,19,18,1,1,1
130,6,182,158,19,18,1,1,1
131,6,183,158,19,18,1,1,1
132,6,183,158,19,18,1,1,1
133,6,183,158,19,18,1,1,1
134,6,184,158,19,18,1,1,1
135,6,184,158,19,18,1,1,1
136,6,185,158,19,18,1,1,1
137,6,186,158,19,18,1,1,1
138,6,186,158,19,18,1,1,1
139,6,186,158,19,18,1,1,1
140,6,187,158,19,18,1,1,1
141,6,187,158,19,18,1,1,1
142,6,188,158,19,18,1,1,1
143,6,188,158,19,18,1,1,1
144,6,188,158,19,18,1,1,1
145,6,188,158,19,18,1,1,1
146,6,189,158,19,18,1,1,1
147,6,189,158,19,18,1,1,1
148,6,189,158,19,18,1,1,1
149,6,190,158,19,18,1,1,1
150,6,190,158,19,18,1,1,1
151,6,190,158,19,18,1,1,1
152,6,190,158,19,18,1,1,1
153,6,190,158,19,18,1,1,1
154,6,191,158,19,18,1,1,1
155,6,191,158,19,18,1,1,1
156,6,191,158,19,18,1,1,1
157,6,192,158,19,18,1,1,1
158,6,192,158,19,18,1,1,1
159,6,192,158,19,18,1,1,1
160,6,192,158,19,18,1,1,1
161,6,193,158,19,18,1,1,1
162,6,193,158,19,18,1,1,1
163,6,193,158,19,18,1,1,1
164,6,194,158,19,18,1,1,1
1,7,247,148,16,15,1,1,1
2,7,247,148,16,15,1,1,1
3,7,247,148,16,15,1,1,1
4,7,247,148,16,15,1,1,1
5,7,247,148,16,15,1,1,1
6,7,247,148,16,15,1,1,1
7,7,250,149,16,15,1,1,1
8,7,250,149,16,15,1,1,1
9,7,251,149,16,15,1,1,1
10,7,251,148,16,15,1,1,1
11,7,253,148,16,15,1,1,1
12,7,253,148,16,15,1,1,1
13,7,253,148,16,15,1,1,1
14,7,254,148,16,15,1,1,1
15,7,254,148,16,15,1,1,1
16,7,254,148,16,15,1,1,1
17,7,255,147,16,15,1,1,1
18,7,255,147,16,15,1,1,1
19,7,259,146,16,16,1,1,1
20,7,259,146,16,16,1,1,1
21,7,260,145,16,16,1,1,1
22,7,262,144,16,16,1,1,1
23,7,262,144,16,16,1,1,1
24,7,263,144,16,16,1,1,1
25,7,264,143,16,16,1,1,1
26,7,262,139,19,19,1,1,1
27,7,265,139,19,19,1,1,1
28,7,265,139,19,19,1,1,1
29,7,265,139,19,19,1,1,1
30,7,266,138,19,19,1,1,1
31,7,266,138,19,19,1,1,1
32,7,266,138,19,19,1,1,1
33,7,266,138,19,19,1,1,1
34,7,266,138,19,19,1,1,1
35,7,270,134,19,19,1,1,1
36,7,270,134,19,19,1,1,1
37,7,272,132,19,19,1,1,1
38,7,272,132,19,19,1,1,1
39,7,273,131,20,19,1,1,1
40,7,273,131,20,19,1,1,1
41,7,273,131,20,19,1,1,1
42,7,276,127,20,19,1,1,1
43,7,276,127,20,19,1,1,1
44,7,276,125,20,19,1,1,1
45,7,276,125,20,19,1,1,1
46,7,277,121,20,19,1,1,1
47,7,277,121,20,19,1,1,1
48,7,277,121,20,19,1,1,1
49,7,277,121,20,19,1,1,1
50,7,277,121,20,19,1,1,1
51,7,278,117,21,20,1,1,1
52,7,278,116,20,19,1,1,1
53,7,278,116,20,19,1,1,1
54,7,278,116,20,19,1,1,1
55,7,279,116,20,19,1,1,1
56,7,279,116,20,19,1,1,1
57,7,279,112,20,19,1,1,1
58,7,279,112,20,19,1,1,1
59,7,279,112,20,19,1,1,1
60,7,279,112,20,19,1,1,1
61,7,279,111,20,19,1,1,1
62,7,279,111,20,19,1,1,1
63,7,279,111,20,19,1,1,1
64,7,279,111,20,19,1,1,1
65,7,279,111,20,19,1,1,1
66,7,279,111,20,19,1,1,1
67,7,279,111,20,19,1,1,1
68,7,279,111,20,19,1,1,1
69,7,279,111,20,19,1,1,1
70,7,279,111,20,19,1,1,1
71,7,279,111,20,19,1,1,1
72,7,279,111,20,19,1,1,1
73,7,279,111,20,19,1,1,1
74,7,279,111,19,18,1,1,1
75,7,279,111,20,19,1,1,1
76,7,279,111,20,19,1,1,1
77,7,279,111,20,19,1,1,1
78,7,279,111,20,19,1,1,1
79,7,279,111,20,19,1,1,1
80,7,279,111,20,19,1,1,1
81,7,279,111,20,19,1,1,1
82,7,279,111,20,19,1,1,1
83,7,279,111,20,19,1,1,1
84,7,279,111,20,19,1,1,1
85,7,279,111,20,19,1,1,1
86,7,279,111,20,19,1,1,1
87,7,279,111,20,19,1,1,1
88,7,279,111,20,19,1,1,1
89,7,279,111,20,19,1,1,1
90,7,279,111,20,19,1,1,1
91,7,279,111,20,19,1,1,1
92,7,279,111,20,19,1,1,1
93,7,279,111,20,19,1,1,1
94,7,279,111,20,19,1,1,1
95,7,279,111,20,19,1,1,1
96,7,279,111,20,19,1,1,1
97,7,279,111,20,19,1,1,1
98,7,279,111,20,19,1,1,1
99,7,280,111,20,19,1,1,1
100,7,280,111,19,18,1,1,1
101,7,280,111,19,18,1,1,1
102,7,279,111,20,19,1,1,1
103,7,279,111,20,19,1,1,1
104,7,280,111,20,19,1,1,1
105,7,280,111,20,19,1,1,1
106,7,280,111,20,19,1,1,1
107,7,280,111,20,19,1,1,1
108,7,280,111,20,19,1,1,1
109,7,283,110,20,19,1,1,1
110,7,283,110,20,19,1,1,1
111,7,283,110,20,19,1,1,1
112,7,283,110,20,19,1,1,1
113,7,283,110,20,19,1,1,1
114,7,283,110,20,19,1,1,1
115,7,284,110,20,19,1,1,1
116,7,284,110,20,19,1,1,1
117,7,284,110,21,20,1,1,1
118,7,284,110,21,20,1,1,1
119,7,284,111,20,19,1,1,1
120,7,285,111,21,20,1,1,1
121,7,285,111,21,20,1,1,1
122,7,285,111,21,20,1,1,1
123,7,285,111,21,20,1,1,1
124,7,285,111,21,20,1,1,1
125,7,286,111,21,19,1,1,1
126,7,286,111,20,19,1,1,1
127,7,286,112,20,19,1,1,1
128,7,286,112,20,19,1,1,1
129,7,286,112,20,19,1,1,1
130,7,286,112,20,19,1,1,1
131,7,287,112,21,20,1,1,1
132,7,287,112,20,19,1,1,1
133,7,287,112,20,19,1,1,1
134,7,287,112,21,20,1,1,1
135,7,288,113,20,19,1,1,1
136,7,288,113,20,19,1,1,1
137,7,288,113,20,19,1,1,1
138,7,288,113,20,19,1,1,1
139,7,289,113,20,19,1,1,1
140,7,289,113,20,19,1,1,1
141,7,289,113,20,19,1,1,1
142,7,289,113,20,19,1,1,1
143,7,289,113,20,19,1,1,1
144,7,290,113,20,19,1,1,1
145,7,290,113,20,19,1,1,1
146,7,290,113,20,19,1,1,1
147,7,290,113,20,19,1,1,1
148,7,290,113,20,19,1,1,1
149,7,291,113,20,19,1,1,1
150,7,291,113,20,19,1,1,1
151,7,291,114,20,19,1,1,1
152,7,291,114,20,19,1,1,1
153,7,291,114,20,19,1,1,1
154,7,291,114,20,19,1,1,1
155,7,291,114,20,19,1,1,1
156,7,292,114,20,19,1,1,1
157,7,292,114,20,19,1,1,1
158,7,292,114,20,19,1,1,1
159,7,292,114,20,19,1,1,1
160,7,292,115,20,19,1,1,1
161,7,292,115,20,19,1,1,1
162,7,293,115,20,19,1,1,1
163,7,293,115,20,19,1,1,1
164,7,293,115,19,19,1,1,1
1,8,364,155,15,15,1,1,1
2,8,364,155,15,15,1,1,1
3,8,364,155,15,15,1,1,1
4,8,364,155,15,15,1,1,1
5,8,364,155,15,15,1,1,1
6,8,364,155,15,15,1,1,1
7,8,365,160,15,15,1,1,1
8,8,365,160,15,15,1,1,1
9,8,365,160,15,15,1,1,1
10,8,365,161,15,15,1,1,1
11,8,365,162,15,15,1,1,1
12,8,366,163,15,15,1,1,1
13,8,366,163,15,15,1,1,1
14,8,366,163,15,15,1,1,1
15,8,366,163,15,15,1,1,1
16,8,366,163,15,15,1,1,1
17,8,366,164,18,19,1,1,1
18,8,366,164,18,19,1,1,1
19,8,366,164,18,19,1,1,1
20,8,366,164,18,19,1,1,1
21,8,368,166,18,19,1,1,1
22,8,369,167,18,19,1,1,1
23,8,369,167,18,19,1,1,1
24,8,370,167,18,19,1,1,1
25,8,370,167,18,19,1,1,1
26,8,370,167,18,19,1,1,1
27,8,370,167,18,19,1,1,1
28,8,370,167,18,19,1,1,1
29,8,370,167,18,19,1,1,1
30,8,373,168,18,19,1,1,1
31,8,373,168,18,19,1,1,1
32,8,373,168,18,19,1,1,1
33,8,373,168,18,19,1,1,1
34,8,373,168,18,19,1,1,1
35,8,376,168,18,19,1,1,1
36,8,376,168,19,20,1,1,1
37,8,377,168,19,20,1,1,1
38,8,377,168,18,19,1,1,1
39,8,377,168,19,20,1,1,1
40,8,378,167,19,20,1,1,1
41,8,378,167,19,20,1,1,1
42,8,379,167,18,19,1,1,1
43,8,379,167,18,19,1,1,1
44,8,380,167,18,19,1,1,1
45,8,380,167,18,19,1,1,1
46,8,380,167,18,19,1,1,1
47,8,380,167,18,19,1,1,1
48,8,380,167,18,19,1,1,1
49,8,380,167,18,19,1,1,1
50,8,380,167,18,19,1,1,1
51,8,380,167,18,19,1,1,1
52,8,380,167,18,19,1,1,1
53,8,380,167,18,19,1,1,1
54,8,380,166,18,19,1,1,1
55,8,380,166,18,19,1,1,1
56,8,380,166,18,19,1,1,1
57,8,380,166,18,19,1,1,1
58,8,380,166,18,19,1,1,1
59,8,380,166,18,19,1,1,1
60,8,380,166,18,19,1,1,1
61,8,380,166,18,19,1,1,1
62,8,380,166,18,19,1,1,1
63,8,380,166,18,19,1,1,1
64,8,380,166,18,19,1,1,1
65,8,380,166,18,19,1,1,1
66,8,380,166,18,19,1,1,1
67,8,380,166,18,19,1,1,1
68,8,380,166,18,19,1,1,1
69,8,380,166,18,19,1,1,1
70,8,380,166,18,19,1,1,1
71,8,380,166,18,19,1,1,1
72,8,380,166,18,19,1,1,1
73,8,380,166,18,19,1,1,1
74,8,380,166,18,19,1,1,1
75,8,380,167,18,19,1,1,1
76,8,380,167,18,19,1,1,1
77,8,380,167,18,19,1,1,1
78,8,380,167,18,19,1,1,1
79,8,380,167,18,19,1,1,1
80,8,380,167,18,19,1,1,1
81,8,380,167,18,19,1,1,1
82,8,380,167,18,19,1,1,1
83,8,380,167,18,19,1,1,1
84,8,380,167,18,19,1,1,1
85,8,380,167,18,19,1,1,1
86,8,380,167,18,19,1,1,1
87,8,380,167,18,19,1,1,1
88,8,380,167,18,19,1,1,1
89,8,379,167,18,19,1,1,1
90,8,379,167,18,19,1,1,1
91,8,379,167,18,19,1,1,1
92,8,379,167,18,19,1,1,1
93,8,379,167,18,19,1,1,1
94,8,379,167,18,19,1,1,1
95,8,379,167,18,19,1,1,1
96,8,379,167,18,19,1,1,1
97,8,379,167,18,19,1,1,1
98,8,379,167,18,19,1,1,1
99,8,379,167,18,19,1,1,1
100,8,379,167,18,19,1,1,1
101,8,379,167,18,19,1,1,1
102,8,379,167,18,19,1,1,1
103,8,379,167,18,19,1,1,1
104,8,379,167,18,19,1,1,1
105,8,379,167,18,19,1,1,1
106,8,379,167,18,19,1,1,1
107,8,379,167,18,19,1,1,1
108,8,379,167,18,19,1,1,1
109,8,379,166,18,19,1,1,1
110,8,379,166,18,19,1,1,1
111,8,379,166,18,19,1,1,1
112,8,379,166,18,19,1,1,1
113,8,379,166,18,19,1,1,1
114,8,379,167,18,19,1,1,1
115,8,379,167,18,19,1,1,1
116,8,379,167,18,19,1,1,1
117,8,379,167,18,19,1,1,1
118,8,379,167,18,19,1,1,1
119,8,379,167,17,18,1,1,1
120,8,379,167,17,18,1,1,1
121,8,379,167,18,19,1,1,1
122,8,379,167,18,19,1,1,1
123,8,379,167,18,19,1,1,1
124,8,379,167,18,19,1,1,1
125,8,379,167,17,18,1,1,1
126,8,379,167,17,18,1,1,1
127,8,379,167,17,18,1,1,1
128,8,379,167,18,19,1,1,1
129,8,379,167,17,18,1,1,1
130,8,379,167,17,18,1,1,1
131,8,379,166,19,20,1,1,1
132,8,380,167,17,18,1,1,1
133,8,380,167,18,19,1,1,1
134,8,379,166,19,20,1,1,1
135,8,381,167,18,18,1,1,1
136,8,381,167,18,18,1,1,1
137,8,381,167,18,18,1,1,1
138,8,381,167,18,18,1,1,1
139,8,381,167,18,19,1,1,1
140,8,381,167,18,19,1,1,1
141,8,381,167,18,19,1,1,1
142,8,381,167,18,19,1,1,1
143,8,381,167,18,19,1,1,1
144,8,381,167,18,19,1,1,1
145,8,381,167,18,19,1,1,1
146,8,381,166,18,19,1,1,1
147,8,381,166,18,19,1,1,1
148,8,381,166,18,19,1,1,1
149,8,381,166,18,19,1,1,1
150,8,381,166,18,19,1,1,1
151,8,381,166,18,19,1,1,1
152,8,381,166,18,19,1,1,1
153,8,381,166,18,19,1,1,1
154,8,381,166,18,19,1,1,1
155,8,381,166,18,19,1,1,1
156,8,381,166,18,19,1,1,1
157,8,381,166,18,19,1,1,1
158,8,381,166,18,19,1,1,1
159,8,381,166,18,19,1,1,1
160,8,381,166,18,19,1,1,1
161,8,381,166,18,19,1,1,1
162,8,381,166,18,19,1,1,1
163,8,381,166,18,19,1,1,1
164,8,381,166,18,19,1,1,1
1,9,484,155,16,16,1,1,1
2,9,484,155,16,16,1,1,1
3,9,484,155,16,16,1,1,1
4,9,484,155,16,16,1,1,1
5,9,484,155,16,16,1,1,1
6,9,484,155,16,16,1,1,1
7,9,481,159,16,16,1,1,1
8,9,481,159,16,16,1,1,1
9,9,481,159,16,16,1,1,1
10,9,480,160,16,16,1,1,1
11,9,479,161,16,16,1,1,1
12,9,479,161,16,16,1,1,1
13,9,479,161,16,16,1,1,1
14,9,478,162,16,16,1,1,1
15,9,478,162,17,17,1,1,1
16,9,478,162,17,17,1,1,1
17,9,477,162,17,17,1,1,1
18,9,477,162,17,17,1,1,1
19,9,477,162,17,17,1,1,1
20,9,477,162,17,17,1,1,1
21,9,477,162,17,17,1,1,1
22,9,473,162,21,19,1,1,1
23,9,473,162,21,19,1,1,1
24,9,473,162,21,19,1,1,1
25,9,473,162,21,19,1,1,1
26,9,472,162,21,19,1,1,1
27,9,472,161,22,20,1,1,1
28,9,472,161,22,20,1,1,1
29,9,471,161,22,20,1,1,1
30,9,471,161,21,19,1,1,1
31,9,471,161,21,19,1,1,1
32,9,471,161,21,19,1,1,1
33,9,471,161,21,19,1,1,1
34,9,471,160,21,19,1,1,1
35,9,470,160,22,20,1,1,1
36,9,470,159,22,20,1,1,1
37,9,470,159,21,19,1,1,1
38,9,470,159,21,19,1,1,1
39,9,469,161,21,19,1,1,1
40,9,469,161,21,19,1,1,1
41,9,469,160,21,19,1,1,1
42,9,469,159,22,19,1,1,1
43,9,469,159,22,19,1,1,1
44,9,469,159,22,20,1,1,1
45,9,469,158,21,19,1,1,1
46,9,469,157,21,19,1,1,1
47,9,469,157,21,19,1,1,1
48,9,469,157,21,19,1,1,1
49,9,469,156,21,19,1,1,1
50,9,469,155,21,19,1,1,1
51,9,469,154,21,19,1,1,1
52,9,469,154,21,19,1,1,1
53,9,469,154,21,19,1,1,1
54,9,470,152,21,19,1,1,1
55,9,470,152,21,19,1,1,1
56,9,471,151,21,19,1,1,1
57,9,471,150,21,19,1,1,1
58,9,471,150,21,19,1,1,1
59,9,471,149,21,19,1,1,1
60,9,471,149,21,19,1,1,1
61,9,472,145,20,20,1,1,1
62,9,472,145,20,20,1,1,1
63,9,472,145,20,20,1,1,1
64,9,472,145,20,20,1,1,1
65,9,474,142,20,20,1,1,1
66,9,474,141,20,20,1,1,1
67,9,475,140,20,20,1,1,1
68,9,475,140,20,20,1,1,1
69,9,476,138,20,20,1,1,1
70,9,476,137,20,20,1,1,1
71,9,476,136,20,20,1,1,1
72,9,477,137,20,20,1,1,1
73,9,477,137,20,20,1,1,1
74,9,476,136,20,20,1,1,1
75,9,476,136,20,20,1,1,1
76,9,479,134,20,20,1,1,1
77,9,479,133,21,21,1,1,1
78,9,479,133,21,21,1,1,1
79,9,480,132,20,20,1,1,1
80,9,481,131,20,20,1,1,1
81,9,482,130,20,20,1,1,1
82,9,482,129,20,20,1,1,1
83,9,482,129,20,20,1,1,1
84,9,482,129,20,20,1,1,1
85,9,482,128,20,20,1,1,1
86,9,482,127,20,20,1,1,1
87,9,483,127,20,20,1,1,1
88,9,483,127,20,20,1,1,1
89,9,483,126,20,20,1,1,1
90,9,483,126,20,20,1,1,1
91,9,483,126,20,20,1,1,1
92,9,484,123,20,20,1,1,1
93,9,484,123,20,20,1,1,1
94,9,484,123,20,20,1,1,1
95,9,484,123,20,20,1,1,1
96,9,484,122,20,20,1,1,1
97,9,484,122,20,20,1,1,1
98,9,484,122,20,20,1,1,1
99,9,484,122,20,20,1,1,1
100,9,484,121,20,20,1,1,1
101,9,484,121,20,20,1,1,1
102,9,484,121,20,20,1,1,1
103,9,484,121,20,20,1,1,1
104,9,483,121,20,20,1,1,1
105,9,483,121,20,20,1,1,1
106,9,483,121,20,20,1,1,1
107,9,483,121,20,20,1,1,1
108,9,483,121,20,20,1,1,1
109,9,483,121,20,20,1,1,1
110,9,483,121,20,20,1,1,1
111,9,482,121,20,20,1,1,1
112,9,482,121,20,20,1,1,1
113,9,482,121,20,20,1,1,1
114,9,482,121,20,20,1,1,1
115,9,482,121,20,20,1,1,1
116,9,481,121,20,20,1,1,1
117,9,481,121,20,20,1,1,1
118,9,481,121,20,20,1,1,1
119,9,481,121,20,20,1,1,1
120,9,481,121,20,20,1,1,1
121,9,481,121,20,20,1,1,1
122,9,481,121,20,20,1,1,1
123,9,481,121,20,20,1,1,1
124,9,480,121,20,20,1,1,1
125,9,480,121,20,20,1,1,1
126,9,480,121,20,20,1,1,1
127,9,480,121,20,20,1,1,1
128,9,480,121,20,20,1,1,1
129,9,480,121,20,20,1,1,1
130,9,480,121,20,20,1,1,1
131,9,479,121,20,20,1,1,1
132,9,479,121,20,20,1,1,1
133,9,479,121,20,20,1,1,1
134,9,479,121,20,20,1,1,1
135,9,479,122,20,20,1,1,1
136,9,479,122,20,20,1,1,1
137,9,479,122,20,20,1,1,1
138,9,479,122,20,20,1,1,1
139,9,479,122,20,20,1,1,1
140,9,479,122,20,20,1,1,1
141,9,479,122,20,20,1,1,1
142,9,478,122,20,20,1,1,1
143,9,478,122,20,20,1,1,1
144,9,478,122,20,20,1,1,1
145,9,478,122,20,20,1,1,1
146,9,478,122,20,20,1,1,1
147,9,478,122,20,20,1,1,1
148,9,478,122,20,20,1,1,1
149,9,478,122,19,19,1,1,1
150,9,478,122,20,20,1,1,1
151,9,478,122,19,19,1,1,1
152,9,478,123,19,19,1,1,1
153,9,478,123,19,19,1,1,1
154,9,478,123,19,19,1,1,1
155,9,478,123,19,19,1,1,1
156,9,478,123,19,19,1,1,1
157,9,477,123,19,19,1,1,1
158,9,477,123,19,19,1,1,1
159,9,477,123,19,19,1,1,1
160,9,477,124,19,19,1,1,1
161,9,477,124,19,19,1,1,1
162,9,477,124,19,19,1,1,1
163,9,477,124,19,19,1,1,1
164,9,477,124,19,19,1,1,1
1,10,599,166,17,19,1,1,1
2,10,599,166,17,19,1,1,1
3,10,599,166,17,19,1,1,1
4,10,599,166,17,19,1,1,1
5,10,599,166,17,19,1,1,1
6,10,599,166,17,19,1,1,1
7,10,598,169,17,19,1,1,1
8,10,598,169,17,19,1,1,1
9,10,598,169,17,19,1,1,1
10,10,598,170,17,19,1,1,1
11,10,598,171,17,19,1,1,1
12,10,598,171,17,19,1,1,1
13,10,598,171,17,19,1,1,1
14,10,598,172,17,19,1,1,1
15,10,598,173,17,19,1,1,1
16,10,598,173,17,19,1,1,1
17,10,599,174,17,19,1,1,1
18,10,599,174,17,19,1,1,1
19,10,599,175,16,18,1,1,1
20,10,599,176,16,18,1,1,1
21,10,600,177,16,18,1,1,1
22,10,600,178,16,18,1,1,1
23,10,600,178,16,18,1,1,1
24,10,600,179,16,18,1,1,1
25,10,601,179,16,18,1,1,1
26,10,602,181,16,18,1,1,1
27,10,602,182,16,18,1,1,1
28,10,602,182,16,18,1,1,1
29,10,602,182,16,18,1,1,1
30,10,603,184,16,18,1,1,1
31,10,603,185,16,18,1,1,1
32,10,604,186,16,18,1,1,1
33,10,604,186,16,18,1,1,1
34,10,604,186,16,18,1,1,1
35,10,604,186,17,19,1,1,1
36,10,608,190,17,19,1,1,1
37,10,609,191,17,19,1,1,1
38,10,609,191,17,19,1,1,1
39,10,610,193,17,19,1,1,1
40,10,611,194,17,19,1,1,1
41,10,611,195,17,19,1,1,1
42,10,613,197,17,19,1,1,1
43,10,613,197,17,19,1,1,1
44,10,613,198,17,19,1,1,1
45,10,613,198,18,20,1,1,1
46,10,617,203,17,19,1,1,1
47,10,618,204,17,19,1,1,1
48,10,618,204,17,19,1,1,1
49,10,619,205,17,19,1,1,1
50,10,621,207,17,19,1,1,1
51,10,622,209,17,19,1,1,1
52,10,623,210,17,19,1,1,1
53,10,623,210,17,19,1,1,1
54,10,625,213,17,19,1,1,1
55,10,625,213,17,19,1,1,1
56,10,626,214,17,19,1,1,1
57,10,628,216,17,19,1,1,1
58,10,628,216,17,19,1,1,1
59,10,628,216,17,19,1,1,1
60,10,629,217,17,19,1,1,1
61,10,636,222,17,18,1,1,1
62,10,637,223,17,18,1,1,1
63,10,637,223,17,18,1,1,1
64,10,639,224,17,18,1,1,1
65,10,639,225,17,18,1,1,1
66,10,640,225,17,18,1,1,1
67,10,645,229,17,18,1,1,1
68,10,645,229,17,18,1,1,1
69,10,645,229,17,18,1,1,1
70,10,645,229,17,18,1,1,1
71,10,645,229,17,18,1,1,1
72,10,654,237,17,18,1,1,1
73,10,654,237,17,18,1,1,1
74,10,654,237,17,18,1,1,1
75,10,657,238,17,18,1,1,1
76,10,657,238,17,18,1,1,1
77,10,654,237,17,18,1,1,1
78,10,654,237,17,18,1,1,1
79,10,662,242,17,18,1,1,1
80,10,663,243,16,17,1,1,1
81,10,666,244,17,18,1,1,1
82,10,667,244,16,17,1,1,1
83,10,667,244,16,17,1,1,1
84,10,668,245,16,17,1,1,1
85,10,670,246,16,17,1,1,1
86,10,671,246,16,17,1,1,1
87,10,671,246,16,17,1,1,1
88,10,671,246,16,17,1,1,1
89,10,672,246,22,18,1,1,1
90,10,672,246,22,18,1,1,1
91,10,672,246,22,18,1,1,1
92,10,675,245,23,19,1,1,1
93,10,675,245,23,19,1,1,1
94,10,675,245,23,19,1,1,1
95,10,675,245,23,19,1,1,1
96,10,674,245,23,19,1,1,1
97,10,674,245,23,19,1,1,1
98,10,674,245,23,19,1,1,1
99,10,674,244,23,19,1,1,1
100,10,676,245,23,19,1,1,1
101,10,677,245,23,19,1,1,1
102,10,676,245,23,19,1,1,1
103,10,676,245,23,19,1,1,1
104,10,676,245,23,19,1,1,1
105,10,676,245,23,19,1,1,1
106,10,675,244,23,19,1,1,1
107,10,675,244,23,19,1,1,1
108,10,675,244,23,19,1,1,1
109,10,674,244,23,19,1,1,1
110,10,674,243,23,19,1,1,1
111,10,673,243,23,19,1,1,1
112,10,673,243,23,19,1,1,1
113,10,673,243,23,19,1,1,1
114,10,673,243,22,18,1,1,1
115,10,672,242,22,18,1,1,1
116,10,671,243,22,18,1,1,1
117,10,671,242,22,18,1,1,1
118,10,671,242,22,18,1,1,1
119,10,670,243,21,17,1,1,1
120,10,670,243,21,17,1,1,1
121,10,669,243,21,17,1,1,1
122,10,669,242,21,17,1,1,1
123,10,669,242,21,17,1,1,1
124,10,668,242,20,17,1,1,1
125,10,668,242,20,17,1,1,1
126,10,667,242,20,17,1,1,1
127,10,666,242,20,17,1,1,1
128,10,666,242,20,17,1,1,1
129,10,666,242,20,17,1,1,1
130,10,665,242,20,17,1,1,1
131,10,664,241,20,17,1,1,1
132,10,664,241,20,17,1,1,1
133,10,664,241,20,17,1,1,1
134,10,664,241,20,17,1,1,1
135,10,662,241,21,17,1,1,1
136,10,662,241,20,17,1,1,1
137,10,662,241,20,17,1,1,1
138,10,662,241,20,17,1,1,1
139,10,661,241,20,17,1,1,1
140,10,661,240,21,17,1,1,1
141,10,660,241,20,17,1,1,1
142,10,659,240,21,17,1,1,1
143,10,660,240,20,17,1,1,1
144,10,659,240,21,17,1,1,1
145,10,659,240,21,17,1,1,1
146,10,658,240,20,17,1,1,1
147,10,658,240,20,17,1,1,1
148,10,658,240,20,17,1,1,1
149,10,658,240,20,17,1,1,1
150,10,657,240,20,17,1,1,1
151,10,656,240,20,17,1,1,1
152,10,656,240,20,17,1,1,1
153,10,656,240,20,17,1,1,1
154,10,655,240,20,17,1,1,1
155,10,655,240,20,17,1,1,1
156,10,655,240,20,17,1,1,1
157,10,654,239,20,17,1,1,1
158,10,654,239,20,17,1,1,1
159,10,654,239,20,17,1,1,1
160,10,653,239,20,17,1,1,1
161,10,653,239,20,17,1,1,1
162,10,652,239,20,17,1,1,1
163,10,652,239,20,17,1,1,1
164,10,652,239,20,17,1,1,1
1,11,109,260,16,17,1,1,1
2,11,109,260,16,17,1,1,1
3,11,109,260,16,17,1,1,1
4,11,109,260,16,17,1,1,1
5,11,109,260,16,17,1,1,1
6,11,109,260,16,17,1,1,1
7,11,113,260,16,17,1,1,1
8,11,113,260,16,17,1,1,1
9,11,114,260,16,17,1,1,1
10,11,114,260,16,17,1,1,1
11,11,116,261,16,17,1,1,1
12,11,117,261,16,17,1,1,1
13,11,117,261,16,17,1,1,1
14,11,118,261,16,17,1,1,1
15,11,118,261,16,17,1,1,1
16,11,119,261,16,17,1,1,1
17,11,119,261,17,18,1,1,1
18,11,119,261,17,18,1,1,1
19,11,123,261,20,20,1,1,1
20,11,123,261,20,20,1,1,1
21,11,123,261,20,20,1,1,1
22,11,128,262,20,20,1,1,1
23,11,128,262,20,20,1,1,1
24,11,128,262,20,20,1,1,1
25,11,128,262,20,20,1,1,1
26,11,133,263,20,20,1,1,1
27,11,133,263,20,20,1,1,1
28,11,133,263,20,20,1,1,1
29,11,136,264,19,19,1,1,1
30,11,139,265,19,19,1,1,1
31,11,139,265,19,19,1,1,1
32,11,142,266,19,19,1,1,1
33,11,142,266,19,19,1,1,1
34,11,143,266,19,19,1,1,1
35,11,147,269,19,19,1,1,1
36,11,148,269,19,19,1,1,1
37,11,149,270,19,19,1,1,1
38,11,149,270,19,19,1,1,1
39,11,151,271,19,19,1,1,1
40,11,151,271,19,19,1,1,1
41,11,151,271,19,19,1,1,1
42,11,154,272,19,19,1,1,1
43,11,154,272,19,19,1,1,1
44,11,154,272,19,19,1,1,1
45,11,154,272,19,19,1,1,1
46,11,154,272,19,19,1,1,1
47,11,154,272,19,19,1,1,1
48,11,154,272,19,19,1,1,1
49,11,157,273,19,19,1,1,1
50,11,157,274,20,20,1,1,1
51,11,158,274,20,20,1,1,1
52,11,158,274,20,20,1,1,1
53,11,158,274,20,20,1,1,1
54,11,157,273,20,20,1,1,1
55,11,157,273,20,20,1,1,1
56,11,157,273,20,20,1,1,1
57,11,157,273,20,20,1,1,1
58,11,157,273,20,20,1,1,1
59,11,157,273,20,20,1,1,1
60,11,157,273,20,20,1,1,1
61,11,157,273,20,20,1,1,1
62,11,157,273,20,20,1,1,1
63,11,157,273,20,20,1,1,1
64,11,157,273,20,20,1,1,1
65,11,157,273,20,20,1,1,1
66,11,157,273,20,20,1,1,1
67,11,157,273,20,20,1,1,1
68,11,157,273,20,20,1,1,1
69,11,157,273,20,20,1,1,1
70,11,157,273,20,20,1,1,1
71,11,157,273,20,20,1,1,1
72,11,157,273,20,20,1,1,1
73,11,157,273,20,20,1,1,1
74,11,157,272,20,20,1,1,1
75,11,157,272,20,20,1,1,1
76,11,157,272,20,20,1,1,1
77,11,154,270,19,19,1,1,1
78,11,154,270,19,19,1,1,1
79,11,154,270,19,19,1,1,1
80,11,155,274,20,20,1,1,1
81,11,155,274,20,20,1,1,1
82,11,155,274,20,20,1,1,1
83,11,155,274,20,20,1,1,1
84,11,155,274,20,20,1,1,1
85,11,155,274,20,20,1,1,1
86,11,155,274,20,20,1,1,1
87,11,155,274,20,20,1,1,1
88,11,155,274,20,20,1,1,1
89,11,155,274,20,20,1,1,1
90,11,155,274,20,20,1,1,1
91,11,155,274,20,20,1,1,1
92,11,155,274,20,20,1,1,1
93,11,155,274,20,20,1,1,1
94,11,156,274,20,20,1,1,1
95,11,156,274,20,20,1,1,1
96,11,156,274,20,20,1,1,1
97,11,156,273,20,20,1,1,1
98,11,156,273,20,20,1,1,1
99,11,156,273,20,20,1,1,1
100,11,156,273,20,20,1,1,1
101,11,156,273,20,20,1,1,1
102,11,156,273,20,20,1,1,1
103,11,156,273,20,20,1,1,1
104,11,157,273,20,20,1,1,1
105,11,157,273,20,20,1,1,1
106,11,157,273,20,20,1,1,1
107,11,158,272,20,20,1,1,1
108,11,158,272,20,20,1,1,1
109,11,158,272,20,20,1,1,1
110,11,162,272,20,20,1,1,1
111,11,158,272,20,20,1,1,1
112,11,158,272,20,20,1,1,1
113,11,158,272,20,20,1,1,1
114,11,158,272,20,20,1,1,1
115,11,159,272,19,19,1,1,1
116,11,159,272,19,19,1,1,1
117,11,159,272,19,19,1,1,1
118,11,159,272,19,19,1,1,1
119,11,164,270,19,19,1,1,1
120,11,165,270,19,19,1,1,1
121,11,165,270,19,19,1,1,1
122,11,165,270,19,19,1,1,1
123,11,165,270,19,19,1,1,1
124,11,166,269,19,19,1,1,1
125,11,166,269,19,19,1,1,1
126,11,168,269,19,19,1,1,1
127,11,169,269,19,19,1,1,1
128,11,169,269,19,19,1,1,1
129,11,167,269,19,19,1,1,1
130,11,169,269,19,19,1,1,1
131,11,171,268,19,19,1,1,1
132,11,171,268,19,19,1,1,1
133,11,171,268,19,19,1,1,1
134,11,172,268,19,19,1,1,1
135,11,173,267,19,19,1,1,1
136,11,173,267,19,19,1,1,1
137,11,174,267,19,19,1,1,1
138,11,174,267,19,19,1,1,1
139,11,175,267,19,19,1,1,1
140,11,175,267,19,19,1,1,1
141,11,175,266,19,19,1,1,1
142,11,176,266,19,19,1,1,1
143,11,176,266,19,19,1,1,1
144,11,176,265,19,19,1,1,1
145,11,177,265,19,19,1,1,1
146,11,178,265,19,19,1,1,1
147,11,178,265,19,19,1,1,1
148,11,178,265,19,19,1,1,1
149,11,178,264,19,19,1,1,1
150,11,179,264,19,19,1,1,1
151,11,179,264,19,19,1,1,1
152,11,180,264,19,19,1,1,1
153,11,180,264,19,19,1,1,1
154,11,181,264,19,19,1,1,1
155,11,181,264,19,19,1,1,1
156,11,181,264,19,19,1,1,1
157,11,182,263,19,19,1,1,1
158,11,182,263,19,19,1,1,1
159,11,182,263,19,19,1,1,1
160,11,182,263,19,19,1,1,1
161,11,182,263,19,19,1,1,1
162,11,183,263,19,19,1,1,1
163,11,183,263,19,19,1,1,1
164,11,183,263,19,19,1,1,1
1,12,232,269,16,18,1,1,1
2,12,232,269,16,18,1,1,1
3,12,232,269,16,18,1,1,1
4,12,232,269,16,18,1,1,1
5,12,232,269,16,18,1,1,1
6,12,232,269,16,18,1,1,1
7,12,235,267,16,18,1,1,1
8,12,235,267,16,18,1,1,1
9,12,235,266,16,18,1,1,1
10,12,236,265,16,18,1,1,1
11,12,237,264,16,18,1,1,1
12,12,237,264,16,18,1,1,1
13,12,237,264,16,18,1,1,1
14,12,237,264,16,18,1,1,1
15,12,237,264,16,18,1,1,1
16,12,237,260,23,22,1,1,1
17,12,237,260,23,22,1,1,1
18,12,237,260,23,22,1,1,1
19,12,241,260,19,18,1,1,1
20,12,241,260,19,18,1,1,1
21,12,241,260,19,18,1,1,1
22,12,245,257,18,17,1,1,1
23,12,245,257,18,17,1,1,1
24,12,245,256,19,18,1,1,1
25,12,246,256,19,18,1,1,1
26,12,246,255,19,18,1,1,1
27,12,248,253,19,18,1,1,1
28,12,248,253,19,18,1,1,1
29,12,248,253,19,18,1,1,1
30,12,251,251,19,18,1,1,1
31,12,252,250,18,17,1,1,1
32,12,256,247,18,19,1,1,1
33,12,256,247,18,19,1,1,1
34,12,257,247,17,18,1,1,1
35,12,258,244,19,20,1,1,1
36,12,259,243,19,20,1,1,1
37,12,261,243,18,19,1,1,1
38,12,261,243,18,19,1,1,1
39,12,262,242,18,19,1,1,1
40,12,262,242,18,19,1,1,1
41,12,262,241,18,19,1,1,1
42,12,263,240,19,20,1,1,1
43,12,263,240,19,20,1,1,1
44,12,264,240,18,19,1,1,1
45,12,264,239,18,19,1,1,1
46,12,265,238,19,20,1,1,1
47,12,265,238,19,20,1,1,1
48,12,265,239,19,20,1,1,1
49,12,265,238,19,20,1,1,1
50,12,266,238,19,20,1,1,1
51,12,266,238,19,20,1,1,1
52,12,266,238,19,20,1,1,1
53,12,266,238,19,20,1,1,1
54,12,266,237,18,19,1,1,1
55,12,266,237,18,19,1,1,1
56,12,266,237,18,19,1,1,1
57,12,266,237,18,19,1,1,1
58,12,266,237,18,19,1,1,1
59,12,266,237,18,19,1,1,1
60,12,267,237,18,19,1,1,1
61,12,267,237,18,19,1,1,1
62,12,267,236,18,19,1,1,1
63,12,267,236,18,19,1,1,1
64,12,267,236,18,19,1,1,1
65,12,267,236,18,19,1,1,1
66,12,267,236,18,19,1,1,1
67,12,267,236,18,19,1,1,1
68,12,267,236,18,19,1,1,1
69,12,267,236,18,19,1,1,1
70,12,267,236,18,19,1,1,1
71,12,267,236,18,19,1,1,1
72,12,267,236,18,19,1,1,1
73,12,267,236,18,19,1,1,1
74,12,267,236,18,19,1,1,1
75,12,267,236,18,19,1,1,1
76,12,267,236,18,19,1,1,1
77,12,267,235,18,19,1,1,1
78,12,267,235,18,19,1,1,1
79,12,267,235,18,19,1,1,1
80,12,267,235,18,19,1,1,1
81,12,267,235,18,19,1,1,1
82,12,267,235,18,19,1,1,1
83,12,267,235,18,19,1,1,1
84,12,267,235,18,19,1,1,1
85,12,267,235,18,19,1,1,1
86,12,267,235,18,19,1,1,1
87,12,267,235,18,19,1,1,1
88,12,267,235,18,19,1,1,1
89,12,267,235,18,19,1,1,1
90,12,266,235,18,19,1,1,1
91,12,266,235,18,19,1,1,1
92,12,266,235,18,19,1,1,1
93,12,266,235,18,19,1,1,1
94,12,266,235,18,19,1,1,1
95,12,266,235,18,19,1,1,1
96,12,267,234,18,19,1,1,1
97,12,266,234,18,19,1,1,1
98,12,266,234,18,19,1,1,1
99,12,266,234,18,19,1,1,1
100,12,266,234,18,19,1,1,1
101,12,266,234,18,19,1,1,1
102,12,267,234,18,19,1,1,1
103,12,267,234,18,19,1,1,1
104,12,267,234,18,19,1,1,1
105,12,269,233,18,19,1,1,1
106,12,270,233,18,19,1,1,1
107,12,270,233,18,19,1,1,1
108,12,270,233,18,19,1,1,1
109,12,270,233,18,19,1,1,1
110,12,271,232,18,19,1,1,1
111,12,271,232,18,19,1,1,1
112,12,271,232,18,19,1,1,1
113,12,271,232,18,19,1,1,1
114,12,271,232,18,19,1,1,1
115,12,272,232,18,19,1,1,1
116,12,272,232,18,19,1,1,1
117,12,272,232,18,19,1,1,1
118,12,272,232,18,19,1,1,1
119,12,273,232,18,19,1,1,1
120,12,273,232,18,19,1,1,1
121,12,274,232,18,19,1,1,1
122,12,274,232,18,19,1,1,1
123,12,274,232,18,19,1,1,1
124,12,274,232,18,19,1,1,1
125,12,275,231,18,19,1,1,1
126,12,275,231,18,19,1,1,1
127,12,275,231,18,19,1,1,1
128,12,275,231,18,19,1,1,1
129,12,275,231,18,19,1,1,1
130,12,276,231,18,19,1,1,1
131,12,276,231,18,19,1,1,1
132,12,276,231,18,19,1,1,1
133,12,276,231,18,19,1,1,1
134,12,276,231,18,19,1,1,1
135,12,277,231,18,19,1,1,1
136,12,277,231,18,19,1,1,1
137,12,277,231,18,19,1,1,1
138,12,277,231,18,19,1,1,1
139,12,277,230,18,19,1,1,1
140,12,277,230,18,19,1,1,1
141,12,278,230,18,19,1,1,1
142,12,278,230,18,19,1,1,1
143,12,278,230,18,19,1,1,1
144,12,278,230,18,19,1,1,1
145,12,278,230,18,19,1,1,1
146,12,279,230,18,19,1,1,1
147,12,283,228,18,19,1,1,1
148,12,283,228,18,19,1,1,1
149,12,283,228,18,19,1,1,1
150,12,284,228,18,19,1,1,1
151,12,284,228,18,19,1,1,1
152,12,284,228,18,19,1,1,1
153,12,284,228,18,19,1,1,1
154,12,284,228,18,19,1,1,1
155,12,284,228,18,19,1,1,1
156,12,285,227,18,19,1,1,1
157,12,285,227,18,19,1,1,1
158,12,285,227,18,19,1,1,1
159,12,285,227,18,19,1,1,1
160,12,285,227,18,19,1,1,1
161,12,286,227,18,19,1,1,1
162,12,286,226,18,19,1,1,1
163,12,286,226,18,19,1,1,1
164,12,286,226,18,19,1,1,1
1,13,352,274,17,17,1,1,1
2,13,352,274,17,17,1,1,1
3,13,352,274,17,17,1,1,1
4,13,352,274,17,17,1,1,1
5,13,352,274,17,17,1,1,1
6,13,352,274,17,17,1,1,1
7,13,353,272,17,17,1,1,1
8,13,353,272,17,17,1,1,1
9,13,353,272,17,17,1,1,1
10,13,354,272,17,17,1,1,1
11,13,354,272,17,17,1,1,1
12,13,354,272,17,17,1,1,1
13,13,354,272,17,17,1,1,1
14,13,355,272,17,17,1,1,1
15,13,356,272,17,17,1,1,1
16,13,356,273,17,17,1,1,1
17,13,357,273,17,17,1,1,1
18,13,357,273,17,17,1,1,1
19,13,358,274,17,17,1,1,1
20,13,358,274,17,17,1,1,1
21,13,359,275,17,17,1,1,1
22,13,360,276,17,17,1,1,1
23,13,360,276,17,17,1,1,1
24,13,360,276,17,17,1,1,1
25,13,361,277,17,17,1,1,1
26,13,362,278,17,17,1,1,1
27,13,363,279,17,17,1,1,1
28,13,363,279,17,17,1,1,1
29,13,363,280,17,17,1,1,1
30,13,364,281,17,17,1,1,1
31,13,365,282,17,17,1,1,1
32,13,366,283,17,17,1,1,1
33,13,366,283,17,17,1,1,1
34,13,366,284,17,17,1,1,1
35,13,367,286,17,17,1,1,1
36,13,368,286,17,17,1,1,1
37,13,368,287,17,17,1,1,1
38,13,368,287,17,17,1,1,1
39,13,369,288,17,17,1,1,1
40,13,370,289,17,17,1,1,1
41,13,370,290,17,17,1,1,1
42,13,371,291,17,17,1,1,1
43,13,371,291,17,17,1,1,1
44,13,371,292,17,17,1,1,1
45,13,371,292,18,18,1,1,1
46,13,372,293,17,17,1,1,1
47,13,372,293,17,17,1,1,1
48,13,372,293,17,17,1,1,1
49,13,372,294,17,17,1,1,1
50,13,372,294,17,17,1,1,1
51,13,373,295,17,17,1,1,1
52,13,373,295,17,17,1,1,1
53,13,373,295,17,17,1,1,1
54,13,373,295,17,17,1,1,1
55,13,373,296,17,17,1,1,1
56,13,373,296,17,17,1,1,1
57,13,373,296,17,17,1,1,1
58,13,373,296,17,17,1,1,1
59,13,373,296,17,17,1,1,1
60,13,373,296,17,17,1,1,1
61,13,373,296,17,17,1,1,1
62,13,373,296,17,17,1,1,1
63,13,373,296,17,17,1,1,1
64,13,373,296,17,17,1,1,1
65,13,372,296,17,17,1,1,1
66,13,372,296,17,17,1,1,1
67,13,372,296,17,17,1,1,1
68,13,372,296,17,17,1,1,1
69,13,372,297,17,17,1,1,1
70,13,372,297,17,17,1,1,1
71,13,372,297,17,17,1,1,1
72,13,371,297,17,17,1,1,1
73,13,371,297,17,17,1,1,1
74,13,371,297,17,17,1,1,1
75,13,371,297,17,17,1,1,1
76,13,371,297,17,17,1,1,1
77,13,371,297,17,17,1,1,1
78,13,371,297,17,17,1,1,1
79,13,371,297,17,17,1,1,1
80,13,370,297,17,17,1,1,1
81,13,370,298,17,17,1,1,1
82,13,370,298,17,17,1,1,1
83,13,370,298,17,17,1,1,1
84,13,370,298,17,17,1,1,1
85,13,370,298,17,17,1,1,1
86,13,370,298,17,17,1,1,1
87,13,370,298,17,17,1,1,1
88,13,370,298,17,17,1,1,1
89,13,370,298,17,17,1,1,1
90,13,370,298,17,17,1,1,1
91,13,370,298,17,17,1,1,1
92,13,370,298,17,17,1,1,1
93,13,370,298,17,17,1,1,1
94,13,370,297,17,17,1,1,1
95,13,370,297,17,17,1,1,1
96,13,370,297,17,17,1,1,1
97,13,371,297,17,17,1,1,1
98,13,371,297,17,17,1,1,1
99,13,371,297,17,17,1,1,1
100,13,371,297,17,17,1,1,1
101,13,371,296,17,17,1,1,1
102,13,371,296,17,17,1,1,1
103,13,371,296,17,17,1,1,1
104,13,371,296,17,17,1,1,1
105,13,371,296,17,17,1,1,1
106,13,371,295,17,17,1,1,1
107,13,372,295,17,17,1,1,1
108,13,372,295,17,17,1,1,1
109,13,372,295,17,17,1,1,1
110,13,372,295,17,17,1,1,1
111,13,372,294,17,17,1,1,1
112,13,372,294,17,17,1,1,1
113,13,372,294,17,17,1,1,1
114,13,372,294,17,17,1,1,1
115,13,372,294,17,17,1,1,1
116,13,372,294,17,17,1,1,1
117,13,372,293,17,17,1,1,1
118,13,372,293,17,17,1,1,1
119,13,372,293,17,17,1,1,1
120,13,372,293,17,17,1,1,1
121,13,372,293,17,17,1,1,1
122,13,372,292,17,17,1,1,1
123,13,372,292,17,17,1,1,1
124,13,372,292,17,17,1,1,1
125,13,372,291,17,17,1,1,1
126,13,372,291,17,17,1,1,1
127,13,372,291,17,17,1,1,1
128,13,372,291,17,17,1,1,1
129,13,372,291,17,17,1,1,1
130,13,372,291,17,17,1,1,1
131,13,372,290,17,17,1,1,1
132,13,372,290,17,17,1,1,1
133,13,372,290,17,17,1,1,1
134,13,372,290,17,17,1,1,1
135,13,372,289,17,17,1,1,1
136,13,372,289,17,17,1,1,1
137,13,372,289,17,17,1,1,1
138,13,372,289,17,17,1,1,1
139,13,372,288,17,17,1,1,1
140,13,373,288,17,17,1,1,1
141,13,372,288,17,17,1,1,1
142,13,373,287,17,17,1,1,1
143,13,373,287,17,17,1,1,1
144,13,373,287,17,17,1,1,1
145,13,373,286,17,17,1,1,1
146,13,373,286,17,17,1,1,1
147,13,373,286,17,17,1,1,1
148,13,373,286,17,17,1,1,1
149,13,373,286,17,17,1,1,1
150,13,373,285,17,17,1,1,1
151,13,373,285,17,17,1,1,1
152,13,373,285,17,17,1,1,1
153,13,373,284,17,17,1,1,1
154,13,373,283,17,17,1,1,1
155,13,373,283,17,17,1,1,1
156,13,373,283,17,17,1,1,1
157,13,374,283,17,17,1,1,1
158,13,373,283,17,17,1,1,1
159,13,373,282,17,17,1,1,1
160,13,373,282,17,17,1,1,1
161,13,374,282,17,17,1,1,1
162,13,374,282,17,17,1,1,1
163,13,374,282,17,17,1,1,1
164,13,374,281,17,17,1,1,1
1,14,469,276,17,18,1,1,1
2,14,468,276,17,18,1,1,1
3,14,468,276,17,18,1,1,1
4,14,468,276,17,18,1,1,1
5,14,468,276,17,18,1,1,1
6,14,468,276,17,18,1,1,1
7,14,465,279,17,18,1,1,1
8,14,466,279,17,18,1,1,1
9,14,465,279,17,18,1,1,1
10,14,464,279,17,18,1,1,1
11,14,464,280,17,18,1,1,1
12,14,463,280,17,18,1,1,1
13,14,463,280,17,18,1,1,1
14,14,463,280,16,17,1,1,1
15,14,462,280,17,18,1,1,1
16,14,462,280,17,17,1,1,1
17,14,462,280,16,17,1,1,1
18,14,462,280,16,17,1,1,1
19,14,461,280,17,18,1,1,1
20,14,460,280,17,18,1,1,1
21,14,460,280,16,17,1,1,1
22,14,459,279,17,18,1,1,1
23,14,460,279,17,18,1,1,1
24,14,459,279,17,18,1,1,1
25,14,459,279,17,18,1,1,1
26,14,459,278,17,18,1,1,1
27,14,459,278,17,18,1,1,1
28,14,459,278,17,18,1,1,1
29,14,459,277,16,17,1,1,1
30,14,458,277,16,17,1,1,1
31,14,458,276,17,18,1,1,1
32,14,458,276,16,17,1,1,1
33,14,458,276,16,17,1,1,1
34,14,458,275,17,18,1,1,1
35,14,458,274,16,17,1,1,1
36,14,458,273,16,17,1,1,1
37,14,458,273,17,17,1,1,1
38,14,458,273,17,18,1,1,1
39,14,459,271,16,17,1,1,1
40,14,459,271,17,18,1,1,1
41,14,459,270,16,17,1,1,1
42,14,459,268,17,18,1,1,1
43,14,459,268,17,18,1,1,1
44,14,460,268,16,17,1,1,1
45,14,460,267,17,18,1,1,1
46,14,461,266,16,17,1,1,1
47,14,461,265,16,17,1,1,1
48,14,461,265,16,17,1,1,1
49,14,461,264,17,18,1,1,1
50,14,462,262,16,17,1,1,1
51,14,462,262,16,17,1,1,1
52,14,462,260,17,18,1,1,1
53,14,462,260,17,18,1,1,1
54,14,464,259,17,18,1,1,1
55,14,464,258,17,18,1,1,1
56,14,464,257,17,18,1,1,1
57,14,466,255,17,18,1,1,1
58,14,466,255,17,18,1,1,1
59,14,466,254,17,18,1,1,1
60,14,467,254,16,17,1,1,1
61,14,468,252,17,18,1,1,1
62,14,469,251,17,18,1,1,1
63,14,469,251,17,18,1,1,1
64,14,469,250,17,18,1,1,1
65,14,470,249,17,18,1,1,1
66,14,471,248,17,18,1,1,1
67,14,471,247,17,18,1,1,1
68,14,471,248,17,18,1,1,1
69,14,472,247,17,18,1,1,1
70,14,472,246,17,18,1,1,1
71,14,472,245,17,18,1,1,1
72,14,473,245,17,18,1,1,1
73,14,473,245,17,18,1,1,1
74,14,473,245,17,18,1,1,1
75,14,473,244,17,18,1,1,1
76,14,473,244,17,18,1,1,1
77,14,473,244,16,17,1,1,1
78,14,473,244,16,17,1,1,1
79,14,473,244,17,18,1,1,1
80,14,473,244,17,18,1,1,1
81,14,473,244,17,18,1,1,1
82,14,473,244,16,17,1,1,1
83,14,473,244,16,17,1,1,1
84,14,473,243,17,17,1,1,1
85,14,473,243,17,18,1,1,1
86,14,473,243,17,18,1,1,1
87,14,473,243,17,18,1,1,1
88,14,473,243,17,18,1,1,1
89,14,473,243,17,18,1,1,1
90,14,473,243,17,18,1,1,1
91,14,473,242,17,18,1,1,1
92,14,473,241,17,18,1,1,1
93,14,473,241,17,18,1,1,1
94,14,473,241,17,18,1,1,1
95,14,473,241,17,18,1,1,1
96,14,473,240,17,18,1,1,1
97,14,473,240,17,18,1,1,1
98,14,473,240,17,18,1,1,1
99,14,473,240,17,18,1,1,1
100,14,473,239,17,18,1,1,1
101,14,473,239,17,18,1,1,1
102,14,473,238,17,18,1,1,1
103,14,473,238,17,18,1,1,1
104,14,473,238,17,18,1,1,1
105,14,473,238,17,18,1,1,1
106,14,473,237,17,18,1,1,1
107,14,473,237,17,18,1,1,1
108,14,473,237,17,18,1,1,1
109,14,472,237,17,18,1,1,1
110,14,472,236,17,18,1,1,1
111,14,472,236,17,18,1,1,1
112,14,472,236,17,18,1,1,1
113,14,472,236,17,18,1,1,1
114,14,472,236,17,18,1,1,1
115,14,472,235,17,18,1,1,1
116,14,472,235,17,18,1,1,1
117,14,472,235,17,18,1,1,1
118,14,472,235,17,18,1,1,1
119,14,472,235,17,18,1,1,1
120,14,471,235,17,18,1,1,1
121,14,471,235,17,18,1,1,1
122,14,471,234,17,18,1,1,1
123,14,471,234,17,18,1,1,1
124,14,471,234,17,18,1,1,1
125,14,471,234,17,18,1,1,1
126,14,471,234,17,18,1,1,1
127,14,470,234,17,18,1,1,1
128,14,470,234,17,18,1,1,1
129,14,470,234,17,18,1,1,1
130,14,470,234,17,18,1,1,1
131,14,470,234,17,18,1,1,1
132,14,470,234,17,18,1,1,1
133,14,470,234,17,18,1,1,1
134,14,470,233,17,18,1,1,1
135,14,470,233,17,18,1,1,1
136,14,470,233,17,18,1,1,1
137,14,470,233,17,18,1,1,1
138,14,470,233,17,18,1,1,1
139,14,470,233,17,18,1,1,1
140,14,470,233,17,18,1,1,1
141,14,469,233,17,18,1,1,1
142,14,469,232,17,18,1,1,1
143,14,469,232,17,18,1,1,1
144,14,469,232,17,18,1,1,1
145,14,469,232,17,18,1,1,1
146,14,469,232,17,18,1,1,1
147,14,469,232,17,18,1,1,1
148,14,469,232,17,18,1,1,1
149,14,469,232,17,18,1,1,1
150,14,469,232,17,18,1,1,1
151,14,469,232,17,18,1,1,1
152,14,469,231,17,18,1,1,1
153,14,469,232,17,18,1,1,1
154,14,469,232,17,18,1,1,1
155,14,468,232,17,18,1,1,1
156,14,468,232,17,18,1,1,1
157,14,468,231,17,18,1,1,1
158,14,468,231,17,18,1,1,1
159,14,468,231,17,18,1,1,1
160,14,468,231,17,18,1,1,1
161,14,468,231,17,18,1,1,1
162,14,468,231,17,18,1,1,1
163,14,468,231,17,18,1,1,1
164,14,468,231,17,18,1,1,1
1,15,588,285,14,17,1,1,1
2,15,587,285,14,17,1,1,1
3,15,587,285,14,17,1,1,1
4,15,587,285,14,17,1,1,1
5,15,587,285,14,17,1,1,1
6,15,587,285,14,17,1,1,1
7,15,585,287,14,17,1,1,1
8,15,585,287,14,17,1,1,1
9,15,584,287,14,17,1,1,1
10,15,584,288,14,17,1,1,1
11,15,583,289,14,17,1,1,1
12,15,583,289,14,17,1,1,1
13,15,583,289,14,17,1,1,1
14,15,583,289,14,17,1,1,1
15,15,583,290,14,17,1,1,1
16,15,583,290,14,17,1,1,1
17,15,583,291,14,17,1,1,1
18,15,583,291,14,17,1,1,1
19,15,582,291,14,18,1,1,1
20,15,582,291,15,18,1,1,1
21,15,582,291,15,18,1,1,1
22,15,582,291,15,19,1,1,1
23,15,582,291,15,19,1,1,1
24,15,582,291,16,19,1,1,1
25,15,582,291,16,19,1,1,1
26,15,582,291,16,19,1,1,1
27,15,582,291,16,20,1,1,1
28,15,582,291,16,20,1,1,1
29,15,582,291,16,20,1,1,1
30,15,582,293,17,20,1,1,1
31,15,582,293,17,20,1,1,1
32,15,582,293,17,20,1,1,1
33,15,582,293,17,20,1,1,1
34,15,583,294,17,20,1,1,1
35,15,583,294,17,20,1,1,1
36,15,584,294,17,20,1,1,1
37,15,584,295,17,20,1,1,1
38,15,584,295,17,20,1,1,1
39,15,584,295,17,20,1,1,1
40,15,584,295,17,20,1,1,1
41,15,584,295,17,20,1,1,1
42,15,584,296,17,20,1,1,1
43,15,584,296,17,20,1,1,1
44,15,584,296,17,20,1,1,1
45,15,584,296,17,20,1,1,1
46,15,585,296,17,20,1,1,1
47,15,585,296,17,20,1,1,1
48,15,585,296,17,20,1,1,1
49,15,585,296,17,20,1,1,1
50,15,584,296,17,20,1,1,1
51,15,584,296,17,20,1,1,1
52,15,584,296,17,20,1,1,1
53,15,584,296,17,20,1,1,1
54,15,584,296,17,20,1,1,1
55,15,584,296,17,20,1,1,1
56,15,584,296,17,20,1,1,1
57,15,583,297,17,20,1,1,1
58,15,583,297,17,20,1,1,1
59,15,583,297,17,20,1,1,1
60,15,583,297,17,20,1,1,1
61,15,583,297,17,20,1,1,1
62,15,582,297,17,20,1,1,1
63,15,582,297,17,20,1,1,1
64,15,582,297,17,20,1,1,1
65,15,582,297,17,20,1,1,1
66,15,582,297,17,20,1,1,1
67,15,582,297,17,20,1,1,1
68,15,582,297,17,20,1,1,1
69,15,581,298,17,20,1,1,1
70,15,581,298,17,20,1,1,1
71,15,581,298,17,20,1,1,1
72,15,581,298,17,20,1,1,1
73,15,581,298,17,20,1,1,1
74,15,581,298,17,20,1,1,1
75,15,581,298,17,20,1,1,1
76,15,581,298,17,20,1,1,1
77,15,581,298,17,20,1,1,1
78,15,581,298,17,20,1,1,1
79,15,580,298,17,20,1,1,1
80,15,580,298,17,20,1,1,1
81,15,580,298,17,20,1,1,1
82,15,580,298,17,20,1,1,1
83,15,580,298,17,20,1,1,1
84,15,580,298,17,20,1,1,1
85,15,580,298,17,20,1,1,1
86,15,580,298,17,20,1,1,1
87,15,580,298,17,20,1,1,1
88,15,580,298,17,20,1,1,1
89,15,580,298,17,20,1,1,1
90,15,580,298,17,20,1,1,1
91,15,580,298,17,20,1,1,1
92,15,577,301,18,18,1,1,1
93,15,577,301,18,18,1,1,1
94,15,577,301,18,18,1,1,1
95,15,576,301,18,18,1,1,1
96,15,576,300,18,18,1,1,1
97,15,576,300,18,18,1,1,1
98,15,576,300,18,18,1,1,1
99,15,576,300,18,18,1,1,1
100,15,575,299,19,19,1,1,1
101,15,575,299,19,19,1,1,1
102,15,575,299,19,19,1,1,1
103,15,575,299,19,19,1,1,1
104,15,574,299,18,18,1,1,1
105,15,574,299,19,19,1,1,1
106,15,574,298,19,19,1,1,1
107,15,573,298,19,19,1,1,1
108,15,573,298,19,19,1,1,1
109,15,573,298,18,18,1,1,1
110,15,572,297,19,19,1,1,1
111,15,572,297,19,19,1,1,1
112,15,572,297,18,18,1,1,1
113,15,572,297,18,18,1,1,1
114,15,571,297,18,18,1,1,1
115,15,571,297,18,18,1,1,1
116,15,570,297,18,18,1,1,1
117,15,570,297,18,18,1,1,1
118,15,570,297,18,18,1,1,1
119,15,570,296,18,18,1,1,1
120,15,569,296,18,18,1,1,1
121,15,569,296,18,18,1,1,1
122,15,568,296,18,18,1,1,1
123,15,568,296,18,18,1,1,1
124,15,568,295,18,18,1,1,1
125,15,567,295,18,18,1,1,1
126,15,567,295,18,18,1,1,1
127,15,566,294,18,18,1,1,1
128,15,566,294,18,18,1,1,1
129,15,566,295,18,18,1,1,1
130,15,566,294,18,18,1,1,1
131,15,565,294,18,18,1,1,1
132,15,565,294,18,18,1,1,1
133,15,565,294,18,18,1,1,1
134,15,565,294,18,18,1,1,1
135,15,564,293,18,18,1,1,1
136,15,564,293,18,18,1,1,1
137,15,564,293,18,18,1,1,1
138,15,564,293,18,18,1,1,1
139,15,563,292,18,18,1,1,1
140,15,563,292,18,18,1,1,1
141,15,562,292,18,18,1,1,1
142,15,562,291,18,18,1,1,1
143,15,562,291,18,18,1,1,1
144,15,561,291,18,18,1,1,1
145,15,561,291,18,18,1,1,1
146,15,561,290,18,18,1,1,1
147,15,561,290,18,18,1,1,1
148,15,561,290,18,18,1,1,1
149,15,561,290,18,18,1,1,1
150,15,560,290,18,18,1,1,1
151,15,560,290,18,18,1,1,1
152,15,559,290,18,18,1,1,1
153,15,559,290,18,18,1,1,1
154,15,558,290,18,18,1,1,1
155,15,558,289,18,18,1,1,1
156,15,558,289,18,18,1,1,1
157,15,557,289,18,18,1,1,1
158,15,557,289,18,18,1,1,1
159,15,557,289,18,18,1,1,1
160,15,557,288,18,18,1,1,1
161,15,557,288,18,18,1,1,1
162,15,556,288,18,18,1,1,1
163,15,556,288,18,18,1,1,1
164,15,555,287,18,18,1,1,1
1,16,91,389,15,16,1,1,1
2,16,91,389,15,16,1,1,1
3,16,91,389,15,16,1,1,1
4,16,91,389,15,16,1,1,1
5,16,91,389,15,16,1,1,1
6,16,91,389,15,16,1,1,1
7,16,95,388,15,16,1,1,1
8,16,95,388,15,16,1,1,1
9,16,95,388,15,16,1,1,1
10,16,96,388,15,16,1,1,1
11,16,98,388,15,16,1,1,1
12,16,99,388,15,16,1,1,1
13,16,99,388,15,16,1,1,1
14,16,100,388,15,16,1,1,1
15,16,102,388,14,15,1,1,1
16,16,102,389,14,15,1,1,1
17,16,104,389,14,15,1,1,1
18,16,104,389,14,15,1,1,1
19,16,105,389,14,15,1,1,1
20,16,106,389,14,15,1,1,1
21,16,106,389,15,16,1,1,1
22,16,109,390,15,16,1,1,1
23,16,109,390,15,16,1,1,1
24,16,110,391,15,15,1,1,1
25,16,111,391,15,16,1,1,1
26,16,111,391,15,15,1,1,1
27,16,111,391,15,16,1,1,1
28,16,111,391,15,16,1,1,1
29,16,111,391,15,16,1,1,1
30,16,120,393,18,20,1,1,1
31,16,120,393,18,20,1,1,1
32,16,123,394,18,20,1,1,1
33,16,123,394,18,20,1,1,1
34,16,124,395,18,21,1,1,1
35,16,126,397,21,20,1,1,1
36,16,126,397,21,20,1,1,1
37,16,128,398,22,20,1,1,1
38,16,128,398,22,20,1,1,1
39,16,131,399,21,20,1,1,1
40,16,126,397,21,20,1,1,1
41,16,132,397,21,20,1,1,1
42,16,136,401,21,20,1,1,1
43,16,136,401,21,20,1,1,1
44,16,136,401,21,20,1,1,1
45,16,136,401,21,20,1,1,1
46,16,140,403,20,19,1,1,1
47,16,140,403,20,19,1,1,1
48,16,140,403,20,19,1,1,1
49,16,141,404,20,19,1,1,1
50,16,140,403,21,20,1,1,1
51,16,140,403,21,20,1,1,1
52,16,140,403,21,20,1,1,1
53,16,140,403,21,20,1,1,1
54,16,140,403,21,20,1,1,1
55,16,140,403,21,20,1,1,1
56,16,140,403,21,20,1,1,1
57,16,142,404,21,20,1,1,1
58,16,142,404,21,20,1,1,1
59,16,142,404,21,20,1,1,1
60,16,142,404,21,20,1,1,1
61,16,142,404,21,20,1,1,1
62,16,142,404,21,20,1,1,1
63,16,142,404,21,20,1,1,1
64,16,142,404,21,20,1,1,1
65,16,142,404,21,20,1,1,1
66,16,142,404,21,20,1,1,1
67,16,142,404,21,20,1,1,1
68,16,142,404,21,20,1,1,1
69,16,142,403,21,20,1,1,1
70,16,142,403,21,20,1,1,1
71,16,142,403,21,20,1,1,1
72,16,142,403,21,20,1,1,1
73,16,142,403,21,20,1,1,1
74,16,142,403,21,20,1,1,1
75,16,142,403,21,20,1,1,1
76,16,142,403,21,20,1,1,1
77,16,142,403,21,20,1,1,1
78,16,142,403,21,20,1,1,1
79,16,142,403,21,20,1,1,1
80,16,142,403,21,20,1,1,1
81,16,142,402,21,20,1,1,1
82,16,142,402,21,20,1,1,1
83,16,142,402,21,20,1,1,1
84,16,142,402,21,20,1,1,1
85,16,142,402,21,20,1,1,1
86,16,142,402,21,20,1,1,1
87,16,142,402,21,20,1,1,1
88,16,142,402,21,20,1,1,1
89,16,142,402,21,20,1,1,1
90,16,142,402,21,20,1,1,1
91,16,142,402,21,20,1,1,1
92,16,143,401,21,20,1,1,1
93,16,143,401,21,20,1,1,1
94,16,143,401,21,20,1,1,1
95,16,143,401,21,20,1,1,1
96,16,143,401,21,20,1,1,1
97,16,143,401,21,20,1,1,1
98,16,143,401,21,20,1,1,1
99,16,143,401,21,20,1,1,1
100,16,143,400,21,20,1,1,1
101,16,146,398,21,20,1,1,1
102,16,146,398,21,20,1,1,1
103,16,146,398,21,20,1,1,1
104,16,147,397,21,20,1,1,1
105,16,148,397,21,20,1,1,1
106,16,149,397,21,20,1,1,1
107,16,150,396,20,19,1,1,1
108,16,150,396,20,19,1,1,1
109,16,150,396,20,19,1,1,1
110,16,151,395,20,19,1,1,1
111,16,151,395,20,19,1,1,1
112,16,151,395,20,19,1,1,1
113,16,151,395,20,19,1,1,1
114,16,152,394,20,19,1,1,1
115,16,152,394,20,19,1,1,1
116,16,152,394,20,19,1,1,1
117,16,153,394,20,19,1,1,1
118,16,153,394,20,19,1,1,1
119,16,147,397,20,19,1,1,1
120,16,148,396,20,19,1,1,1
121,16,148,396,20,19,1,1,1
122,16,148,396,20,19,1,1,1
123,16,148,396,20,19,1,1,1
124,16,149,396,20,19,1,1,1
125,16,158,391,20,19,1,1,1
126,16,158,391,20,19,1,1,1
127,16,159,390,20,19,1,1,1
128,16,159,390,20,19,1,1,1
129,16,159,390,20,19,1,1,1
130,16,160,390,20,19,1,1,1
131,16,160,389,20,19,1,1,1
132,16,160,389,20,19,1,1,1
133,16,160,389,20,19,1,1,1
134,16,161,389,20,19,1,1,1
135,16,163,387,21,20,1,1,1
136,16,164,387,21,20,1,1,1
137,16,164,387,21,19,1,1,1
138,16,164,387,21,19,1,1,1
139,16,165,386,20,19,1,1,1
140,16,166,386,20,19,1,1,1
141,16,166,385,20,19,1,1,1
142,16,167,384,21,20,1,1,1
143,16,167,384,20,19,1,1,1
144,16,167,384,21,20,1,1,1
145,16,168,384,20,19,1,1,1
146,16,168,383,21,20,1,1,1
147,16,169,382,21,20,1,1,1
148,16,169,382,21,20,1,1,1
149,16,169,382,21,20,1,1,1
150,16,170,381,21,20,1,1,1
151,16,171,381,21,20,1,1,1
152,16,171,381,21,20,1,1,1
153,16,171,381,21,20,1,1,1
154,16,171,380,21,20,1,1,1
155,16,172,380,21,20,1,1,1
156,16,172,380,21,20,1,1,1
157,16,173,379,21,20,1,1,1
158,16,173,379,21,20,1,1,1
159,16,173,379,21,20,1,1,1
160,16,173,379,21,20,1,1,1
161,16,173,379,21,20,1,1,1
162,16,174,378,21,20,1,1,1
163,16,174,378,21,20,1,1,1
164,16,174,378,21,20,1,1,1
1,17,227,387,17,15,1,1,1
2,17,227,387,17,15,1,1,1
3,17,227,387,17,15,1,1,1
4,17,227,387,17,15,1,1,1
5,17,227,387,17,15,1,1,1
6,17,227,387,17,15,1,1,1
7,17,230,384,17,15,1,1,1
8,17,230,384,17,15,1,1,1
9,17,230,384,17,15,1,1,1
10,17,231,383,17,15,1,1,1
11,17,232,383,16,14,1,1,1
12,17,232,382,16,14,1,1,1
13,17,232,382,16,14,1,1,1
14,17,233,382,16,14,1,1,1
15,17,234,381,16,14,1,1,1
16,17,234,380,16,14,1,1,1
17,17,235,379,16,14,1,1,1
18,17,235,379,16,14,1,1,1
19,17,236,378,16,14,1,1,1
20,17,237,377,16,15,1,1,1
21,17,237,376,16,14,1,1,1
22,17,239,375,16,14,1,1,1
23,17,239,375,16,14,1,1,1
24,17,239,374,16,14,1,1,1
25,17,240,374,16,14,1,1,1
26,17,242,372,16,14,1,1,1
27,17,242,369,18,18,1,1,1
28,17,242,369,18,18,1,1,1
29,17,242,368,19,19,1,1,1
30,17,245,366,18,18,1,1,1
31,17,246,365,18,18,1,1,1
32,17,246,365,18,18,1,1,1
33,17,246,365,18,18,1,1,1
34,17,246,365,18,18,1,1,1
35,17,249,361,22,18,1,1,1
36,17,250,361,22,18,1,1,1
37,17,252,357,22,18,1,1,1
38,17,252,357,22,18,1,1,1
39,17,252,357,22,18,1,1,1
40,17,255,355,21,18,1,1,1
41,17,255,354,22,18,1,1,1
42,17,257,354,22,18,1,1,1
43,17,257,354,22,18,1,1,1
44,17,257,353,22,18,1,1,1
45,17,257,353,22,18,1,1,1
46,17,257,353,22,18,1,1,1
47,17,257,353,22,18,1,1,1
48,17,257,353,22,18,1,1,1
49,17,257,353,22,18,1,1,1
50,17,257,353,22,18,1,1,1
51,17,257,353,22,18,1,1,1
52,17,257,353,22,18,1,1,1
53,17,257,353,22,18,1,1,1
54,17,257,352,22,18,1,1,1
55,17,257,352,22,18,1,1,1
56,17,257,352,22,18,1,1,1
57,17,257,352,22,18,1,1,1
58,17,257,352,22,18,1,1,1
59,17,257,352,22,18,1,1,1
60,17,257,352,22,18,1,1,1
61,17,261,352,18,18,1,1,1
62,17,261,352,18,18,1,1,1
63,17,261,352,18,18,1,1,1
64,17,261,352,18,18,1,1,1
65,17,261,352,18,18,1,1,1
66,17,261,351,18,18,1,1,1
67,17,261,351,18,18,1,1,1
68,17,261,351,18,18,1,1,1
69,17,261,351,18,18,1,1,1
70,17,261,351,18,18,1,1,1
71,17,261,351,18,18,1,1,1
72,17,261,351,18,18,1,1,1
73,17,261,351,18,18,1,1,1
74,17,261,351,18,18,1,1,1
75,17,261,351,18,18,1,1,1
76,17,261,351,18,18,1,1,1
77,17,261,350,18,18,1,1,1
78,17,261,350,18,18,1,1,1
79,17,261,350,18,18,1,1,1
80,17,261,350,18,18,1,1,1
81,17,261,350,18,18,1,1,1
82,17,261,350,18,18,1,1,1
83,17,261,350,18,18,1,1,1
84,17,261,350,18,18,1,1,1
85,17,261,350,18,18,1,1,1
86,17,261,350,18,18,1,1,1
87,17,261,350,18,18,1,1,1
88,17,261,350,18,18,1,1,1
89,17,261,349,18,18,1,1,1
90,17,261,349,18,18,1,1,1
91,17,261,349,18,18,1,1,1
92,17,261,349,18,18,1,1,1
93,17,261,349,18,18,1,1,1
94,17,261,348,18,18,1,1,1
95,17,261,348,18,18,1,1,1
96,17,261,348,18,18,1,1,1
97,17,262,348,18,18,1,1,1
98,17,262,348,18,18,1,1,1
99,17,262,347,18,18,1,1,1
100,17,262,348,18,18,1,1,1
101,17,262,348,18,18,1,1,1
102,17,262,348,18,18,1,1,1
103,17,262,348,18,18,1,1,1
104,17,262,347,18,18,1,1,1
105,17,264,346,18,18,1,1,1
106,17,265,345,18,18,1,1,1
107,17,265,345,18,18,1,1,1
108,17,265,345,18,18,1,1,1
109,17,265,344,18,18,1,1,1
110,17,265,344,18,18,1,1,1
111,17,266,344,18,18,1,1,1
112,17,266,344,18,18,1,1,1
113,17,266,344,18,18,1,1,1
114,17,266,343,18,18,1,1,1
115,17,267,343,18,18,1,1,1
116,17,267,343,17,17,1,1,1
117,17,267,343,18,18,1,1,1
118,17,267,343,18,18,1,1,1
119,17,268,343,18,18,1,1,1
120,17,268,342,18,18,1,1,1
121,17,268,342,18,18,1,1,1
122,17,268,342,18,18,1,1,1
123,17,268,342,18,18,1,1,1
124,17,269,341,18,18,1,1,1
125,17,269,341,18,18,1,1,1
126,17,269,341,18,18,1,1,1
127,17,270,340,17,17,1,1,1
128,17,270,340,17,17,1,1,1
129,17,270,340,18,18,1,1,1
130,17,270,340,18,18,1,1,1
131,17,270,340,17,17,1,1,1
132,17,271,339,18,18,1,1,1
133,17,271,339,18,18,1,1,1
134,17,271,339,18,18,1,1,1
135,17,271,339,17,17,1,1,1
136,17,271,339,17,17,1,1,1
137,17,271,339,17,17,1,1,1
138,17,271,339,17,17,1,1,1
139,17,272,338,18,18,1,1,1
140,17,272,338,17,17,1,1,1
141,17,272,338,17,17,1,1,1
142,17,272,337,17,17,1,1,1
143,17,272,337,17,17,1,1,1
144,17,273,337,17,17,1,1,1
145,17,273,337,17,17,1,1,1
146,17,273,336,17,17,1,1,1
147,17,273,336,17,17,1,1,1
148,17,273,336,17,17,1,1,1
149,17,273,336,17,17,1,1,1
150,17,277,332,19,17,1,1,1
151,17,277,332,19,17,1,1,1
152,17,277,332,19,17,1,1,1
153,17,277,332,19,17,1,1,1
154,17,277,331,19,17,1,1,1
155,17,277,331,19,17,1,1,1
156,17,277,331,19,17,1,1,1
157,17,278,330,19,17,1,1,1
158,17,278,330,19,17,1,1,1
159,17,278,330,19,17,1,1,1
160,17,278,330,19,17,1,1,1
161,17,278,329,20,18,1,1,1
162,17,279,329,19,17,1,1,1
163,17,279,329,19,17,1,1,1
164,17,280,329,18,16,1,1,1
1,18,346,388,19,18,1,1,1
2,18,346,388,19,18,1,1,1
3,18,346,388,19,18,1,1,1
4,18,346,388,19,18,1,1,1
5,18,346,388,19,18,1,1,1
6,18,346,388,19,18,1,1,1
7,18,343,388,19,18,1,1,1
8,18,343,388,19,18,1,1,1
9,18,342,389,19,18,1,1,1
10,18,342,389,19,18,1,1,1
11,18,340,390,19,18,1,1,1
12,18,339,390,19,18,1,1,1
13,18,339,390,19,18,1,1,1
14,18,339,391,19,18,1,1,1
15,18,337,392,19,18,1,1,1
16,18,337,393,19,18,1,1,1
17,18,336,393,19,18,1,1,1
18,18,336,393,19,18,1,1,1
19,18,334,394,19,18,1,1,1
20,18,333,395,19,18,1,1,1
21,18,332,396,19,18,1,1,1
22,18,330,398,19,18,1,1,1
23,18,330,398,19,18,1,1,1
24,18,329,398,19,18,1,1,1
25,18,328,399,19,18,1,1,1
26,18,326,401,19,18,1,1,1
27,18,325,402,20,19,1,1,1
28,18,325,402,20,19,1,1,1
29,18,324,403,20,19,1,1,1
30,18,322,405,19,18,1,1,1
31,18,322,406,19,18,1,1,1
32,18,322,407,18,17,1,1,1
33,18,322,407,18,17,1,1,1
34,18,320,408,19,18,1,1,1
35,18,318,410,18,17,1,1,1
36,18,317,411,19,18,1,1,1
37,18,312,411,20,19,1,1,1
38,18,312,411,20,17,1,1,1
39,18,309,414,20,17,1,1,1
40,18,308,415,20,17,1,1,1
41,18,306,419,20,16,1,1,1
1,19,461,401,18,19,1,1,1
2,19,461,401,18,19,1,1,1
3,19,461,401,18,19,1,1,1
4,19,461,401,18,19,1,1,1
5,19,461,401,18,19,1,1,1
6,19,461,401,18,19,1,1,1
7,19,457,399,18,19,1,1,1
8,19,457,399,18,19,1,1,1
9,19,457,399,18,19,1,1,1
10,19,456,399,18,19,1,1,1
11,19,454,399,18,19,1,1,1
12,19,453,399,18,19,1,1,1
13,19,454,399,18,19,1,1,1
14,19,453,399,18,19,1,1,1
15,19,451,399,18,19,1,1,1
16,19,450,399,18,19,1,1,1
17,19,449,399,18,19,1,1,1
18,19,449,399,18,19,1,1,1
19,19,446,400,18,19,1,1,1
20,19,445,399,18,20,1,1,1
21,19,444,400,18,19,1,1,1
22,19,441,400,18,19,1,1,1
23,19,441,400,18,19,1,1,1
24,19,440,401,18,19,1,1,1
25,19,439,401,18,19,1,1,1
26,19,436,401,18,19,1,1,1
27,19,434,402,18,19,1,1,1
28,19,434,402,18,19,1,1,1
29,19,432,402,18,19,1,1,1
30,19,429,403,18,19,1,1,1
31,19,427,403,18,19,1,1,1
32,19,426,404,18,19,1,1,1
33,19,426,404,18,19,1,1,1
34,19,424,404,18,19,1,1,1
35,19,420,405,18,19,1,1,1
36,19,418,406,18,19,1,1,1
37,19,416,406,18,19,1,1,1
38,19,416,406,18,19,1,1,1
39,19,412,407,19,20,1,1,1
40,19,411,408,18,19,1,1,1
41,19,408,408,18,20,1,1,1
42,19,404,410,18,19,1,1,1
43,19,404,410,18,19,1,1,1
44,19,403,410,18,19,1,1,1
45,19,400,411,18,19,1,1,1
46,19,397,412,18,19,1,1,1
47,19,395,412,18,19,1,1,1
48,19,395,412,18,19,1,1,1
49,19,393,413,18,19,1,1,1
50,19,390,413,17,18,1,1,1
51,19,388,414,17,18,1,1,1
52,19,387,414,18,19,1,1,1
53,19,387,414,18,19,1,1,1
54,19,384,415,17,18,1,1,1
55,19,383,415,16,17,1,1,1
56,19,382,415,17,18,1,1,1
57,19,380,416,17,18,1,1,1
58,19,380,416,17,18,1,1,1
59,19,379,416,17,18,1,1,1
60,19,378,416,18,19,1,1,1
61,19,374,418,17,18,1,1,1
62,19,373,418,17,10,1,1,1
63,19,373,418,17,10,1,1,1
64,19,372,418,19,12,1,1,1
92,19,363,416,19,14,1,1,1
93,19,363,416,19,12,1,1,1
94,19,363,416,19,12,1,1,1
95,19,363,415,19,15,1,1,1
96,19,363,414,19,13,1,1,1
97,19,363,414,20,15,1,1,1
98,19,363,414,20,14,1,1,1
99,19,363,414,20,14,1,1,1
100,19,363,413,20,14,1,1,1
101,19,363,413,20,14,1,1,1
102,19,363,412,21,17,1,1,1
103,19,363,412,21,16,1,1,1
104,19,363,411,21,16,1,1,1
105,19,363,411,21,16,1,1,1
106,19,363,410,21,16,1,1,1
107,19,363,409,21,16,1,1,1
108,19,363,409,21,16,1,1,1
109,19,363,409,21,16,1,1,1
110,19,363,409,21,16,1,1,1
111,19,363,408,21,16,1,1,1
112,19,363,407,21,16,1,1,1
113,19,363,407,21,16,1,1,1
114,19,363,407,21,16,1,1,1
115,19,363,406,21,16,1,1,1
116,19,363,406,21,16,1,1,1
117,19,363,405,21,16,1,1,1
118,19,363,405,21,16,1,1,1
119,19,363,405,21,16,1,1,1
120,19,363,404,21,16,1,1,1
121,19,363,404,21,16,1,1,1
122,19,363,403,21,16,1,1,1
123,19,363,403,21,16,1,1,1
124,19,363,403,21,16,1,1,1
125,19,363,402,21,16,1,1,1
126,19,363,402,21,16,1,1,1
127,19,363,401,21,16,1,1,1
128,19,363,401,21,16,1,1,1
129,19,363,401,21,16,1,1,1
130,19,363,400,21,16,1,1,1
131,19,363,400,21,16,1,1,1
132,19,363,399,21,16,1,1,1
133,19,363,399,21,16,1,1,1
134,19,363,399,21,16,1,1,1
135,19,364,398,21,16,1,1,1
136,19,364,398,21,16,1,1,1
137,19,364,397,21,16,1,1,1
138,19,364,397,21,16,1,1,1
139,19,364,397,21,16,1,1,1
140,19,364,396,21,16,1,1,1
141,19,364,396,21,16,1,1,1
142,19,365,395,21,16,1,1,1
143,19,365,395,21,16,1,1,1
144,19,365,394,21,16,1,1,1
145,19,365,394,21,16,1,1,1
146,19,365,393,21,16,1,1,1
147,19,365,393,21,16,1,1,1
148,19,365,393,21,16,1,1,1
149,19,365,392,21,16,1,1,1
150,19,365,392,21,16,1,1,1
151,19,365,392,21,16,1,1,1
152,19,365,391,21,16,1,1,1
153,19,365,391,21,16,1,1,1
154,19,365,390,21,16,1,1,1
155,19,365,390,21,16,1,1,1
156,19,365,389,21,16,1,1,1
157,19,365,388,21,16,1,1,1
158,19,365,388,21,16,1,1,1
159,19,365,388,21,16,1,1,1
160,19,365,388,21,16,1,1,1
161,19,365,387,21,16,1,1,1
162,19,365,386,22,16,1,1,1
163,19,365,386,22,16,1,1,1
164,19,365,386,22,16,1,1,1
1,20,595,403,21,19,1,1,1
2,20,595,403,21,19,1,1,1
3,20,595,403,21,19,1,1,1
4,20,595,403,21,19,1,1,1
5,20,595,403,21,19,1,1,1
6,20,595,403,21,19,1,1,1
7,20,590,402,21,19,1,1,1
8,20,590,402,21,19,1,1,1
9,20,589,402,21,19,1,1,1
10,20,589,402,21,19,1,1,1
11,20,587,402,21,19,1,1,1
12,20,586,402,20,18,1,1,1
13,20,586,402,20,18,1,1,1
14,20,585,401,21,19,1,1,1
15,20,583,401,21,19,1,1,1
16,20,582,400,21,19,1,1,1
17,20,581,400,21,19,1,1,1
18,20,581,400,21,19,1,1,1
19,20,578,399,21,19,1,1,1
20,20,578,399,21,19,1,1,1
21,20,578,399,21,19,1,1,1
22,20,578,399,21,19,1,1,1
23,20,578,399,21,19,1,1,1
24,20,578,399,21,19,1,1,1
25,20,570,398,21,19,1,1,1
26,20,567,397,21,19,1,1,1
27,20,565,396,21,19,1,1,1
28,20,565,396,21,19,1,1,1
29,20,565,396,21,19,1,1,1
30,20,562,394,21,19,1,1,1
31,20,561,394,20,18,1,1,1
32,20,559,393,21,19,1,1,1
33,20,559,393,21,19,1,1,1
34,20,559,393,21,19,1,1,1
35,20,552,393,21,19,1,1,1
36,20,551,393,20,18,1,1,1
37,20,549,392,20,18,1,1,1
38,20,549,392,20,18,1,1,1
39,20,549,392,20,18,1,1,1
40,20,545,390,20,18,1,1,1
41,20,543,389,20,18,1,1,1
42,20,539,388,20,18,1,1,1
43,20,539,388,20,18,1,1,1
44,20,538,387,22,19,1,1,1
45,20,534,386,22,19,1,1,1
46,20,531,385,21,18,1,1,1
47,20,528,384,21,18,1,1,1
48,20,528,384,21,18,1,1,1
49,20,526,383,21,18,1,1,1
50,20,523,379,21,19,1,1,1
51,20,521,378,21,19,1,1,1
52,20,519,377,21,19,1,1,1
53,20,519,377,21,19,1,1,1
54,20,515,375,21,19,1,1,1
55,20,515,375,21,19,1,1,1
56,20,512,374,21,19,1,1,1
57,20,509,372,21,19,1,1,1
58,20,509,372,21,19,1,1,1
59,20,507,371,21,19,1,1,1
60,20,506,370,20,19,1,1,1
61,20,503,368,20,18,1,1,1
62,20,502,367,20,18,1,1,1
63,20,502,367,20,18,1,1,1
64,20,500,366,20,18,1,1,1
65,20,498,365,20,18,1,1,1
66,20,498,365,20,18,1,1,1
67,20,495,363,20,18,1,1,1
68,20,495,363,20,18,1,1,1
69,20,495,363,20,18,1,1,1
70,20,492,361,20,18,1,1,1
71,20,491,361,20,18,1,1,1
72,20,490,360,20,18,1,1,1
73,20,490,360,20,18,1,1,1
74,20,489,359,20,18,1,1,1
75,20,489,359,20,18,1,1,1
76,20,489,359,20,18,1,1,1
77,20,488,359,21,18,1,1,1
78,20,488,359,21,18,1,1,1
79,20,491,360,23,20,1,1,1
80,20,484,358,23,21,1,1,1
81,20,483,357,24,22,1,1,1
82,20,483,357,24,22,1,1,1
83,20,483,357,24,22,1,1,1
84,20,483,358,23,21,1,1,1
85,20,484,358,23,21,1,1,1
86,20,483,358,23,21,1,1,1
87,20,484,358,23,21,1,1,1
88,20,484,358,23,21,1,1,1
89,20,484,358,23,21,1,1,1
90,20,484,358,23,21,1,1,1
91,20,484,358,23,21,1,1,1
92,20,481,356,23,21,1,1,1
93,20,481,356,23,21,1,1,1
94,20,481,356,23,21,1,1,1
95,20,481,356,23,21,1,1,1
96,20,481,356,23,21,1,1,1
97,20,481,355,23,21,1,1,1
98,20,481,355,23,21,1,1,1
99,20,481,355,23,21,1,1,1
100,20,481,355,22,20,1,1,1
101,20,481,355,22,20,1,1,1
102,20,481,355,22,20,1,1,1
103,20,481,355,22,20,1,1,1
104,20,481,355,22,20,1,1,1
105,20,481,355,22,20,1,1,1
106,20,481,354,22,20,1,1,1
107,20,480,354,22,20,1,1,1
108,20,481,354,22,20,1,1,1
109,20,480,353,22,21,1,1,1
110,20,480,353,22,20,1,1,1
111,20,479,353,22,20,1,1,1
112,20,479,353,22,20,1,1,1
113,20,479,353,22,20,1,1,1
114,20,479,353,22,20,1,1,1
115,20,480,350,23,21,1,1,1
116,20,480,350,23,21,1,1,1
117,20,480,349,23,21,1,1,1
118,20,480,349,23,21,1,1,1
119,20,480,349,23,21,1,1,1
120,20,480,349,23,21,1,1,1
121,20,479,348,23,21,1,1,1
122,20,479,348,23,21,1,1,1
123,20,479,348,23,21,1,1,1
124,20,479,347,23,21,1,1,1
125,20,478,347,23,21,1,1,1
126,20,478,346,23,21,1,1,1
127,20,478,346,22,20,1,1,1
128,20,478,346,22,20,1,1,1
129,20,478,346,22,20,1,1,1
130,20,478,346,22,20,1,1,1
131,20,477,345,22,20,1,1,1
132,20,477,344,23,21,1,1,1
133,20,477,344,23,21,1,1,1
134,20,477,344,22,21,1,1,1
135,20,476,343,22,20,1,1,1
136,20,476,343,23,21,1,1,1
137,20,476,342,23,21,1,1,1
138,20,476,342,23,21,1,1,1
139,20,475,342,23,21,1,1,1
140,20,475,342,22,20,1,1,1
141,20,475,341,23,21,1,1,1
142,20,474,340,22,20,1,1,1
143,20,474,340,22,20,1,1,1
144,20,474,340,22,21,1,1,1
145,20,474,340,22,20,1,1,1
146,20,473,339,23,21,1,1,1
147,20,474,339,23,21,1,1,1
148,20,474,339,23,21,1,1,1
149,20,473,338,22,20,1,1,1
150,20,473,338,22,20,1,1,1
151,20,473,337,23,21,1,1,1
152,20,473,337,22,21,1,1,1
153,20,473,337,22,20,1,1,1
154,20,473,336,22,20,1,1,1
155,20,473,336,22,20,1,1,1
156,20,472,336,22,20,1,1,1
157,20,472,335,22,20,1,1,1
158,20,472,335,22,20,1,1,1
159,20,472,335,22,20,1,1,1
160,20,471,335,23,21,1,1,1
161,20,471,334,23,21,1,1,1
162,20,471,334,23,21,1,1,1
163,20,471,334,23,21,1,1,1
164,20,471,333,22,20,1,1,1
