1,1,49,256,21,13,1,1,1
2,1,49,258,21,13,1,1,1
3,1,48,260,21,13,1,1,1
4,1,48,262,21,13,1,1,1
5,1,48,262,21,13,1,1,1
6,1,48,263,21,13,1,1,1
7,1,47,265,21,13,1,1,1
8,1,47,266,21,13,1,1,1
9,1,47,267,21,13,1,1,1
10,1,47,267,21,13,1,1,1
11,1,48,268,21,13,1,1,1
12,1,47,270,21,13,1,1,1
13,1,48,271,21,13,1,1,1
14,1,47,273,21,13,1,1,1
15,1,47,273,21,13,1,1,1
16,1,47,275,21,13,1,1,1
17,1,47,278,21,13,1,1,1
18,1,47,280,21,13,1,1,1
19,1,47,282,22,13,1,1,1
20,1,47,282,21,13,1,1,1
21,1,47,284,21,13,1,1,1
22,1,47,286,22,13,1,1,1
23,1,47,288,21,13,1,1,1
24,1,47,289,21,13,1,1,1
25,1,47,289,21,13,1,1,1
26,1,46,291,21,13,1,1,1
27,1,46,292,21,13,1,1,1
28,1,46,294,21,13,1,1,1
29,1,46,295,22,13,1,1,1
30,1,46,295,22,13,1,1,1
31,1,47,297,22,13,1,1,1
32,1,46,297,22,13,1,1,1
33,1,47,298,22,13,1,1,1
34,1,47,298,22,13,1,1,1
35,1,47,298,22,13,1,1,1
36,1,47,298,22,13,1,1,1
37,1,47,298,22,13,1,1,1
38,1,47,298,22,14,1,1,1
39,1,47,298,22,14,1,1,1
40,1,47,298,22,14,1,1,1
41,1,47,299,22,13,1,1,1
42,1,47,301,22,13,1,1,1
43,1,47,303,22,13,1,1,1
44,1,47,305,22,14,1,1,1
45,1,47,305,22,14,1,1,1
46,1,48,309,22,13,1,1,1
47,1,48,319,22,13,1,1,1
48,1,48,324,22,13,1,1,1
49,1,48,329,22,14,1,1,1
50,1,48,329,22,14,1,1,1
51,1,48,333,22,14,1,1,1
52,1,48,337,22,13,1,1,1
53,1,48,340,21,13,1,1,1
54,1,49,343,21,13,1,1,1
55,1,49,343,21,13,1,1,1
56,1,49,345,21,13,1,1,1
57,1,49,347,21,13,1,1,1
58,1,50,350,22,13,1,1,1
59,1,50,351,22,13,1,1,1
60,1,50,351,22,13,1,1,1
61,1,50,352,22,14,1,1,1
62,1,50,353,22,14,1,1,1
63,1,51,353,22,14,1,1,1
64,1,51,353,22,14,1,1,1
65,1,51,353,22,14,1,1,1
66,1,52,352,22,14,1,1,1
67,1,52,351,22,14,1,1,1
68,1,53,350,22,14,1,1,1
69,1,53,348,22,14,1,1,1
70,1,53,348,22,14,1,1,1
71,1,54,347,22,14,1,1,1
72,1,54,346,22,14,1,1,1
73,1,55,344,22,14,1,1,1
74,1,55,344,22,14,1,1,1
75,1,55,344,22,14,1,1,1
76,1,55,343,22,14,1,1,1
77,1,55,341,22,14,1,1,1
78,1,56,341,22,14,1,1,1
79,1,56,341,22,14,1,1,1
80,1,56,341,22,14,1,1,1
81,1,56,341,22,14,1,1,1
82,1,57,342,22,14,1,1,1
83,1,57,342,22,14,1,1,1
84,1,57,342,22,14,1,1,1
85,1,57,342,22,14,1,1,1
86,1,58,343,22,14,1,1,1
87,1,58,343,22,14,1,1,1
88,1,58,343,22,14,1,1,1
89,1,59,343,22,14,1,1,1
90,1,59,343,22,14,1,1,1
91,1,59,343,22,14,1,1,1
92,1,59,343,22,14,1,1,1
93,1,60,343,22,14,1,1,1
94,1,60,342,22,14,1,1,1
95,1,60,342,22,14,1,1,1
96,1,60,341,22,14,1,1,1
97,1,61,340,23,14,1,1,1
98,1,61,340,22,14,1,1,1
99,1,61,339,22,14,1,1,1
100,1,61,339,22,14,1,1,1
101,1,61,338,22,14,1,1,1
102,1,61,337,21,13,1,1,1
103,1,61,336,21,13,1,1,1
104,1,61,336,21,13,1,1,1
105,1,61,336,21,13,1,1,1
106,1,61,336,21,13,1,1,1
107,1,60,336,21,13,1,1,1
108,1,60,337,21,13,1,1,1
109,1,60,339,21,13,1,1,1
110,1,60,339,21,13,1,1,1
111,1,60,340,20,12,1,1,1
112,1,60,345,20,12,1,1,1
113,1,60,350,20,12,1,1,1
114,1,60,358,20,12,1,1,1
115,1,60,358,20,12,1,1,1
116,1,60,363,20,12,1,1,1
117,1,60,370,20,12,1,1,1
118,1,60,374,19,12,1,1,1
119,1,60,378,19,12,1,1,1
120,1,60,378,19,12,1,1,1
1,2,144,202,20,13,1,1,1
2,2,143,204,20,13,1,1,1
3,2,143,206,20,13,1,1,1
4,2,142,209,20,13,1,1,1
5,2,142,209,20,13,1,1,1
6,2,142,210,20,13,1,1,1
7,2,141,212,21,13,1,1,1
8,2,141,213,21,13,1,1,1
9,2,140,214,21,13,1,1,1
10,2,140,214,21,13,1,1,1
11,2,140,215,21,13,1,1,1
12,2,140,216,20,13,1,1,1
13,2,140,217,21,13,1,1,1
14,2,139,219,20,13,1,1,1
15,2,139,219,20,13,1,1,1
16,2,139,221,21,13,1,1,1
17,2,139,223,21,13,1,1,1
18,2,138,225,21,13,1,1,1
19,2,138,227,20,13,1,1,1
20,2,138,227,20,13,1,1,1
21,2,138,228,21,13,1,1,1
22,2,138,229,21,13,1,1,1
23,2,137,230,21,13,1,1,1
24,2,137,231,21,13,1,1,1
25,2,137,231,21,13,1,1,1
26,2,137,232,21,13,1,1,1
27,2,137,233,21,14,1,1,1
28,2,136,235,21,14,1,1,1
29,2,136,236,21,14,1,1,1
30,2,136,236,21,14,1,1,1
31,2,136,236,21,13,1,1,1
32,2,136,237,21,14,1,1,1
33,2,136,237,21,13,1,1,1
34,2,136,237,20,13,1,1,1
35,2,136,237,20,13,1,1,1
36,2,136,237,21,13,1,1,1
37,2,136,237,21,13,1,1,1
38,2,135,237,21,13,1,1,1
39,2,135,237,21,14,1,1,1
40,2,135,237,21,14,1,1,1
41,2,135,238,21,13,1,1,1
42,2,135,240,21,13,1,1,1
43,2,135,242,21,13,1,1,1
44,2,135,245,21,14,1,1,1
45,2,135,245,21,14,1,1,1
46,2,135,249,21,13,1,1,1
47,2,135,259,21,14,1,1,1
48,2,135,264,21,13,1,1,1
49,2,135,269,21,13,1,1,1
50,2,135,269,21,14,1,1,1
51,2,135,272,21,14,1,1,1
52,2,135,276,21,14,1,1,1
53,2,135,278,21,14,1,1,1
54,2,135,282,21,14,1,1,1
55,2,135,282,21,14,1,1,1
56,2,136,284,21,14,1,1,1
57,2,136,286,21,14,1,1,1
58,2,136,289,21,14,1,1,1
59,2,136,290,21,14,1,1,1
60,2,136,290,21,14,1,1,1
61,2,137,291,21,14,1,1,1
62,2,137,291,21,14,1,1,1
63,2,137,292,21,14,1,1,1
64,2,137,291,21,14,1,1,1
65,2,137,291,21,14,1,1,1
66,2,138,291,21,14,1,1,1
67,2,138,290,21,13,1,1,1
68,2,138,288,21,14,1,1,1
69,2,139,287,21,14,1,1,1
70,2,139,287,21,14,1,1,1
71,2,139,286,21,14,1,1,1
72,2,139,285,21,14,1,1,1
73,2,140,283,21,14,1,1,1
74,2,140,283,21,14,1,1,1
75,2,140,283,21,14,1,1,1
76,2,140,282,21,14,1,1,1
77,2,140,280,22,14,1,1,1
78,2,140,280,21,14,1,1,1
79,2,141,280,21,14,1,1,1
80,2,141,280,21,14,1,1,1
81,2,141,280,21,14,1,1,1
82,2,141,280,21,14,1,1,1
83,2,141,281,21,14,1,1,1
84,2,141,281,21,14,1,1,1
85,2,141,281,21,14,1,1,1
86,2,141,281,21,14,1,1,1
87,2,141,281,21,14,1,1,1
88,2,141,281,21,13,1,1,1
89,2,141,281,21,14,1,1,1
90,2,141,281,21,14,1,1,1
91,2,141,280,21,14,1,1,1
92,2,141,280,21,14,1,1,1
93,2,139,278,24,16,1,1,1
94,2,139,277,24,16,1,1,1
95,2,139,277,24,16,1,1,1
96,2,139,276,24,16,1,1,1
97,2,139,275,24,16,1,1,1
98,2,139,273,24,16,1,1,1
99,2,139,272,24,16,1,1,1
100,2,139,272,24,16,1,1,1
101,2,139,271,23,16,1,1,1
102,2,140,270,23,15,1,1,1
103,2,140,269,22,15,1,1,1
104,2,139,268,22,15,1,1,1
105,2,139,268,22,15,1,1,1
106,2,139,267,21,14,1,1,1
107,2,139,267,21,14,1,1,1
108,2,139,267,21,14,1,1,1
109,2,139,268,21,14,1,1,1
110,2,139,268,21,14,1,1,1
111,2,139,269,21,14,1,1,1
112,2,139,273,21,14,1,1,1
113,2,139,278,21,14,1,1,1
114,2,138,285,21,14,1,1,1
115,2,138,285,21,14,1,1,1
116,2,138,289,21,14,1,1,1
117,2,138,296,21,14,1,1,1
118,2,138,300,21,14,1,1,1
119,2,138,304,22,14,1,1,1
120,2,138,304,22,14,1,1,1
1,3,277,239,19,13,1,1,1
2,3,277,242,19,13,1,1,1
3,3,274,244,21,14,1,1,1
4,3,273,248,21,14,1,1,1
5,3,273,248,21,14,1,1,1
6,3,273,250,21,14,1,1,1
7,3,272,253,21,14,1,1,1
8,3,272,254,21,14,1,1,1
9,3,271,256,21,14,1,1,1
10,3,271,256,21,14,1,1,1
11,3,271,258,21,14,1,1,1
12,3,271,260,21,14,1,1,1
13,3,270,262,21,14,1,1,1
14,3,270,265,21,14,1,1,1
15,3,270,265,21,14,1,1,1
16,3,269,268,21,14,1,1,1
17,3,269,271,21,14,1,1,1
18,3,269,273,21,14,1,1,1
19,3,268,276,21,14,1,1,1
20,3,268,276,21,14,1,1,1
21,3,268,278,21,14,1,1,1
22,3,268,280,21,14,1,1,1
23,3,268,282,22,14,1,1,1
24,3,268,284,22,14,1,1,1
25,3,268,284,22,14,1,1,1
26,3,267,286,22,14,1,1,1
27,3,267,287,22,15,1,1,1
28,3,267,289,22,15,1,1,1
29,3,266,290,22,15,1,1,1
30,3,266,290,22,15,1,1,1
31,3,266,291,22,15,1,1,1
32,3,266,291,22,15,1,1,1
33,3,266,292,22,15,1,1,1
34,3,266,292,22,15,1,1,1
35,3,266,292,22,15,1,1,1
36,3,266,292,22,15,1,1,1
37,3,266,292,22,15,1,1,1
38,3,266,292,22,15,1,1,1
39,3,266,293,22,15,1,1,1
40,3,266,293,22,15,1,1,1
41,3,265,294,22,15,1,1,1
42,3,265,296,22,15,1,1,1
43,3,265,297,23,15,1,1,1
44,3,265,301,22,15,1,1,1
45,3,265,301,22,15,1,1,1
46,3,265,304,23,15,1,1,1
47,3,264,315,22,15,1,1,1
48,3,264,320,23,15,1,1,1
49,3,264,325,23,15,1,1,1
50,3,264,325,23,15,1,1,1
51,3,264,328,23,15,1,1,1
52,3,264,333,22,15,1,1,1
53,3,263,335,23,15,1,1,1
54,3,263,339,23,15,1,1,1
55,3,263,339,23,15,1,1,1
56,3,263,341,23,15,1,1,1
57,3,263,344,23,15,1,1,1
58,3,263,348,23,15,1,1,1
59,3,262,349,24,16,1,1,1
60,3,262,349,24,16,1,1,1
61,3,262,351,24,16,1,1,1
62,3,263,353,23,15,1,1,1
63,3,262,354,23,15,1,1,1
64,3,262,354,23,15,1,1,1
65,3,262,354,23,15,1,1,1
66,3,262,354,23,16,1,1,1
67,3,262,354,24,16,1,1,1
68,3,261,354,24,16,1,1,1
69,3,261,353,25,16,1,1,1
70,3,261,353,25,16,1,1,1
71,3,261,353,24,16,1,1,1
72,3,260,352,25,17,1,1,1
73,3,260,352,25,17,1,1,1
74,3,260,352,25,17,1,1,1
75,3,260,352,25,17,1,1,1
76,3,260,351,25,17,1,1,1
77,3,259,351,25,17,1,1,1
78,3,260,351,25,17,1,1,1
79,3,262,351,25,16,1,1,1
80,3,262,351,25,16,1,1,1
81,3,262,352,25,16,1,1,1
82,3,262,353,25,16,1,1,1
83,3,262,354,25,16,1,1,1
84,3,262,355,25,16,1,1,1
85,3,262,355,25,16,1,1,1
86,3,262,355,25,16,1,1,1
87,3,262,357,25,16,1,1,1
88,3,262,357,25,16,1,1,1
89,3,262,358,25,16,1,1,1
90,3,262,358,25,16,1,1,1
91,3,262,358,25,16,1,1,1
92,3,262,359,25,16,1,1,1
93,3,262,359,26,16,1,1,1
94,3,262,359,25,16,1,1,1
95,3,262,359,26,16,1,1,1
96,3,262,359,26,16,1,1,1
97,3,262,359,25,16,1,1,1
98,3,262,358,26,16,1,1,1
99,3,262,358,26,16,1,1,1
100,3,262,358,25,16,1,1,1
101,3,261,357,25,16,1,1,1
102,3,261,357,26,16,1,1,1
103,3,261,356,26,16,1,1,1
104,3,261,357,25,16,1,1,1
105,3,261,357,25,16,1,1,1
106,3,261,357,25,16,1,1,1
107,3,261,357,25,16,1,1,1
108,3,261,359,25,16,1,1,1
109,3,261,361,25,16,1,1,1
110,3,261,361,25,16,1,1,1
111,3,261,363,25,16,1,1,1
112,3,261,369,25,16,1,1,1
113,3,261,375,25,16,1,1,1
114,3,260,383,25,16,1,1,1
115,3,260,383,25,16,1,1,1
116,3,260,388,25,16,1,1,1
117,3,260,396,25,16,1,1,1
118,3,260,400,25,16,1,1,1
119,3,260,405,25,16,1,1,1
120,3,260,405,25,16,1,1,1
1,4,284,135,26,17,1,1,1
2,4,283,137,26,17,1,1,1
3,4,281,136,26,17,1,1,1
4,4,281,138,26,17,1,1,1
5,4,281,138,26,17,1,1,1
6,4,280,140,26,17,1,1,1
7,4,280,141,26,17,1,1,1
8,4,279,141,26,17,1,1,1
9,4,279,142,26,17,1,1,1
10,4,279,142,26,17,1,1,1
11,4,279,143,26,17,1,1,1
12,4,279,143,26,17,1,1,1
13,4,279,144,26,17,1,1,1
14,4,279,146,26,17,1,1,1
15,4,279,146,26,17,1,1,1
16,4,278,147,26,17,1,1,1
17,4,278,149,26,17,1,1,1
18,4,278,150,26,17,1,1,1
19,4,278,151,26,17,1,1,1
20,4,278,151,26,17,1,1,1
21,4,278,152,26,17,1,1,1
22,4,278,153,26,17,1,1,1
23,4,278,154,26,17,1,1,1
24,4,278,154,26,17,1,1,1
25,4,278,154,26,17,1,1,1
26,4,278,155,27,17,1,1,1
27,4,278,155,27,17,1,1,1
28,4,278,156,27,17,1,1,1
29,4,278,157,27,17,1,1,1
30,4,278,157,27,17,1,1,1
31,4,278,157,27,18,1,1,1
32,4,279,157,27,17,1,1,1
33,4,279,156,27,17,1,1,1
34,4,279,156,27,17,1,1,1
35,4,279,156,27,17,1,1,1
36,4,279,155,26,17,1,1,1
37,4,280,154,27,17,1,1,1
38,4,280,154,27,17,1,1,1
39,4,280,154,26,17,1,1,1
40,4,280,154,26,17,1,1,1
41,4,280,155,27,17,1,1,1
42,4,280,156,27,17,1,1,1
43,4,280,157,27,17,1,1,1
44,4,281,160,26,17,1,1,1
45,4,281,160,26,17,1,1,1
46,4,281,163,26,17,1,1,1
47,4,280,172,27,17,1,1,1
48,4,281,176,26,17,1,1,1
49,4,281,181,27,17,1,1,1
50,4,281,181,27,17,1,1,1
51,4,281,184,27,17,1,1,1
52,4,280,187,27,17,1,1,1
53,4,280,190,27,18,1,1,1
54,4,280,192,27,17,1,1,1
55,4,280,192,27,17,1,1,1
56,4,281,194,27,17,1,1,1
57,4,281,196,27,18,1,1,1
58,4,281,198,26,17,1,1,1
59,4,281,198,27,17,1,1,1
60,4,281,198,27,17,1,1,1
61,4,281,199,27,17,1,1,1
62,4,281,199,27,17,1,1,1
63,4,281,199,27,17,1,1,1
64,4,281,198,27,17,1,1,1
65,4,281,198,27,17,1,1,1
66,4,281,197,27,17,1,1,1
67,4,282,196,26,17,1,1,1
68,4,282,194,26,17,1,1,1
69,4,282,192,26,17,1,1,1
70,4,282,192,26,17,1,1,1
71,4,282,190,25,17,1,1,1
72,4,282,188,25,17,1,1,1
73,4,282,186,25,16,1,1,1
74,4,282,185,25,16,1,1,1
75,4,282,185,25,16,1,1,1
76,4,282,184,25,16,1,1,1
77,4,282,181,25,16,1,1,1
78,4,282,180,25,16,1,1,1
79,4,282,180,25,16,1,1,1
80,4,282,180,25,16,1,1,1
81,4,282,179,25,16,1,1,1
82,4,283,179,24,16,1,1,1
83,4,283,179,24,16,1,1,1
84,4,283,178,24,16,1,1,1
85,4,283,178,24,16,1,1,1
86,4,284,178,23,15,1,1,1
87,4,284,177,23,15,1,1,1
88,4,284,177,23,15,1,1,1
89,4,284,175,23,15,1,1,1
90,4,284,175,23,15,1,1,1
91,4,284,174,23,15,1,1,1
92,4,284,173,22,15,1,1,1
93,4,284,172,22,15,1,1,1
94,4,284,171,22,14,1,1,1
95,4,284,171,22,14,1,1,1
96,4,284,169,22,15,1,1,1
97,4,284,168,22,15,1,1,1
98,4,285,165,22,14,1,1,1
99,4,284,164,22,14,1,1,1
100,4,284,164,22,14,1,1,1
101,4,284,161,22,14,1,1,1
102,4,284,160,22,14,1,1,1
103,4,284,157,22,14,1,1,1
104,4,284,156,22,14,1,1,1
105,4,284,156,22,14,1,1,1
106,4,284,154,22,14,1,1,1
107,4,285,154,22,14,1,1,1
108,4,285,154,22,14,1,1,1
109,4,285,155,22,14,1,1,1
110,4,285,155,22,14,1,1,1
111,4,286,156,22,14,1,1,1
112,4,286,159,21,14,1,1,1
113,4,286,164,21,14,1,1,1
114,4,286,171,21,14,1,1,1
115,4,286,171,21,14,1,1,1
116,4,286,174,21,14,1,1,1
117,4,286,181,21,14,1,1,1
118,4,286,185,21,14,1,1,1
119,4,286,188,21,14,1,1,1
120,4,286,188,21,14,1,1,1
1,5,396,215,20,13,1,1,1
2,5,395,217,20,13,1,1,1
3,5,395,219,20,13,1,1,1
4,5,395,222,20,13,1,1,1
5,5,393,222,22,16,1,1,1
6,5,393,224,22,16,1,1,1
7,5,393,225,22,16,1,1,1
8,5,393,226,22,16,1,1,1
9,5,392,226,22,16,1,1,1
10,5,392,226,22,16,1,1,1
11,5,392,227,22,16,1,1,1
12,5,392,229,22,16,1,1,1
13,5,392,230,22,16,1,1,1
14,5,392,232,22,16,1,1,1
15,5,392,232,22,16,1,1,1
16,5,392,233,22,16,1,1,1
17,5,392,236,22,16,1,1,1
18,5,392,237,22,16,1,1,1
19,5,393,239,22,16,1,1,1
20,5,393,239,22,16,1,1,1
21,5,393,241,22,16,1,1,1
22,5,393,242,22,16,1,1,1
23,5,393,243,22,16,1,1,1
24,5,394,244,22,16,1,1,1
25,5,394,244,22,16,1,1,1
26,5,394,245,22,16,1,1,1
27,5,394,245,22,16,1,1,1
28,5,394,247,22,16,1,1,1
29,5,395,248,22,16,1,1,1
30,5,395,248,22,16,1,1,1
31,5,395,248,22,16,1,1,1
32,5,395,248,22,16,1,1,1
33,5,395,248,22,16,1,1,1
34,5,395,247,23,16,1,1,1
35,5,395,247,23,16,1,1,1
36,5,395,246,23,16,1,1,1
37,5,395,246,23,16,1,1,1
38,5,395,246,23,16,1,1,1
39,5,395,246,23,16,1,1,1
40,5,395,246,23,16,1,1,1
41,5,394,247,23,16,1,1,1
42,5,394,248,23,16,1,1,1
43,5,394,250,23,16,1,1,1
44,5,394,253,23,16,1,1,1
45,5,394,253,23,16,1,1,1
46,5,394,256,23,16,1,1,1
47,5,394,267,23,16,1,1,1
48,5,394,271,23,16,1,1,1
49,5,394,277,23,16,1,1,1
50,5,394,277,23,16,1,1,1
51,5,393,280,23,16,1,1,1
52,5,393,285,23,16,1,1,1
53,5,393,288,23,16,1,1,1
54,5,393,292,23,16,1,1,1
55,5,393,292,23,16,1,1,1
56,5,393,295,23,16,1,1,1
57,5,393,297,23,16,1,1,1
58,5,392,301,23,16,1,1,1
59,5,392,302,23,16,1,1,1
60,5,392,302,23,16,1,1,1
61,5,392,305,23,16,1,1,1
62,5,392,306,23,16,1,1,1
63,5,392,309,24,14,1,1,1
64,5,392,309,24,14,1,1,1
65,5,392,309,24,14,1,1,1
66,5,392,310,24,14,1,1,1
67,5,392,310,24,14,1,1,1
68,5,392,309,24,14,1,1,1
69,5,392,309,24,14,1,1,1
70,5,392,309,24,14,1,1,1
71,5,392,308,24,14,1,1,1
72,5,393,307,24,14,1,1,1
73,5,393,307,24,14,1,1,1
74,5,393,306,24,14,1,1,1
75,5,393,306,24,14,1,1,1
76,5,393,306,24,14,1,1,1
77,5,393,305,24,14,1,1,1
78,5,393,305,24,14,1,1,1
79,5,391,305,27,16,1,1,1
80,5,391,305,27,16,1,1,1
81,5,391,305,27,16,1,1,1
82,5,392,306,27,16,1,1,1
83,5,391,306,27,16,1,1,1
84,5,392,306,27,16,1,1,1
85,5,392,306,27,16,1,1,1
86,5,392,307,27,16,1,1,1
87,5,392,307,27,16,1,1,1
88,5,392,307,27,16,1,1,1
89,5,392,306,27,16,1,1,1
90,5,392,306,27,16,1,1,1
91,5,393,306,27,16,1,1,1
92,5,393,306,27,16,1,1,1
93,5,393,305,27,16,1,1,1
94,5,393,305,27,16,1,1,1
95,5,393,305,27,16,1,1,1
96,5,393,304,27,16,1,1,1
97,5,393,303,27,16,1,1,1
98,5,393,301,27,16,1,1,1
99,5,393,301,27,16,1,1,1
100,5,393,301,27,16,1,1,1
101,5,393,299,27,16,1,1,1
102,5,393,298,27,16,1,1,1
103,5,393,297,27,16,1,1,1
104,5,393,297,27,16,1,1,1
105,5,393,297,27,16,1,1,1
106,5,393,296,27,16,1,1,1
107,5,392,296,27,16,1,1,1
108,5,393,297,27,16,1,1,1
109,5,393,299,26,16,1,1,1
110,5,393,299,26,16,1,1,1
111,5,393,300,26,16,1,1,1
112,5,393,305,26,15,1,1,1
113,5,393,310,26,15,1,1,1
114,5,393,318,26,15,1,1,1
115,5,393,318,26,15,1,1,1
116,5,393,323,26,15,1,1,1
117,5,393,330,26,15,1,1,1
118,5,393,334,26,15,1,1,1
119,5,393,339,25,14,1,1,1
120,5,394,340,25,14,1,1,1
1,6,505,129,28,20,1,1,1
2,6,504,130,28,20,1,1,1
3,6,504,130,28,20,1,1,1
4,6,504,130,28,20,1,1,1
5,6,504,130,28,20,1,1,1
6,6,503,131,28,20,1,1,1
7,6,503,130,28,20,1,1,1
8,6,503,130,28,20,1,1,1
9,6,503,129,28,20,1,1,1
10,6,503,129,28,20,1,1,1
11,6,503,129,28,20,1,1,1
12,6,502,129,28,20,1,1,1
13,6,502,129,28,20,1,1,1
14,6,502,129,28,20,1,1,1
15,6,502,129,28,20,1,1,1
16,6,502,130,28,20,1,1,1
17,6,502,131,28,20,1,1,1
18,6,502,131,28,20,1,1,1
19,6,501,132,28,20,1,1,1
20,6,501,132,29,20,1,1,1
21,6,501,133,29,20,1,1,1
22,6,501,133,29,20,1,1,1
23,6,501,134,28,20,1,1,1
24,6,501,134,28,20,1,1,1
25,6,501,134,28,20,1,1,1
26,6,500,135,28,20,1,1,1
27,6,500,135,29,20,1,1,1
28,6,500,136,28,20,1,1,1
29,6,499,136,28,20,1,1,1
30,6,499,136,28,20,1,1,1
31,6,499,136,28,20,1,1,1
32,6,499,135,28,20,1,1,1
33,6,499,135,28,20,1,1,1
34,6,499,134,28,20,1,1,1
35,6,499,134,28,20,1,1,1
36,6,498,133,28,20,1,1,1
37,6,498,132,28,20,1,1,1
38,6,498,131,28,20,1,1,1
39,6,498,131,28,20,1,1,1
40,6,498,131,28,20,1,1,1
41,6,498,131,28,20,1,1,1
42,6,498,132,28,20,1,1,1
43,6,498,133,28,20,1,1,1
44,6,497,134,28,20,1,1,1
45,6,497,134,28,20,1,1,1
46,6,497,137,28,20,1,1,1
47,6,497,146,28,20,1,1,1
48,6,497,150,28,20,1,1,1
49,6,497,154,28,20,1,1,1
50,6,497,154,28,20,1,1,1
51,6,497,157,28,20,1,1,1
52,6,497,160,28,20,1,1,1
53,6,497,162,28,20,1,1,1
54,6,497,164,28,20,1,1,1
55,6,497,164,28,20,1,1,1
56,6,497,165,28,20,1,1,1
57,6,497,167,28,20,1,1,1
58,6,496,168,28,20,1,1,1
59,6,496,168,28,20,1,1,1
60,6,496,168,28,20,1,1,1
61,6,496,169,28,20,1,1,1
62,6,496,168,28,20,1,1,1
63,6,497,168,28,20,1,1,1
64,6,497,167,28,20,1,1,1
65,6,497,167,28,20,1,1,1
66,6,497,165,28,20,1,1,1
67,6,497,164,28,20,1,1,1
68,6,498,163,27,19,1,1,1
69,6,498,162,26,18,1,1,1
70,6,498,162,26,18,1,1,1
71,6,498,160,25,18,1,1,1
72,6,499,158,25,18,1,1,1
73,6,499,156,24,17,1,1,1
74,6,499,155,24,17,1,1,1
75,6,499,155,24,17,1,1,1
76,6,499,154,24,17,1,1,1
77,6,499,152,24,17,1,1,1
78,6,499,151,24,17,1,1,1
79,6,499,150,24,17,1,1,1
80,6,499,150,24,17,1,1,1
81,6,499,150,24,17,1,1,1
82,6,498,150,24,17,1,1,1
83,6,498,149,24,17,1,1,1
84,6,497,149,24,17,1,1,1
85,6,497,149,24,17,1,1,1
86,6,497,149,24,17,1,1,1
87,6,497,148,24,17,1,1,1
88,6,496,148,24,17,1,1,1
89,6,496,147,24,17,1,1,1
90,6,496,147,24,17,1,1,1
91,6,496,146,24,17,1,1,1
92,6,496,145,24,17,1,1,1
93,6,496,144,24,17,1,1,1
94,6,496,143,24,17,1,1,1
95,6,496,143,24,17,1,1,1
96,6,496,141,24,17,1,1,1
97,6,496,139,24,17,1,1,1
98,6,496,137,24,17,1,1,1
99,6,496,135,24,17,1,1,1
100,6,496,135,24,17,1,1,1
101,6,495,133,24,17,1,1,1
102,6,496,131,23,17,1,1,1
103,6,495,129,23,17,1,1,1
104,6,495,127,23,17,1,1,1
105,6,495,127,23,17,1,1,1
106,6,494,125,23,17,1,1,1
107,6,494,125,23,17,1,1,1
108,6,494,125,23,17,1,1,1
109,6,493,125,23,17,1,1,1
110,6,493,125,23,17,1,1,1
111,6,493,126,23,17,1,1,1
112,6,493,128,23,16,1,1,1
113,6,493,133,23,16,1,1,1
114,6,493,139,23,16,1,1,1
115,6,493,139,23,16,1,1,1
116,6,493,142,23,16,1,1,1
117,6,493,148,23,16,1,1,1
118,6,493,151,23,16,1,1,1
119,6,494,154,23,16,1,1,1
120,6,494,154,23,16,1,1,1
1,7,556,197,23,16,1,1,1
2,7,555,199,23,16,1,1,1
3,7,555,201,23,16,1,1,1
4,7,554,204,23,16,1,1,1
5,7,554,204,23,16,1,1,1
6,7,551,205,26,16,1,1,1
7,7,550,207,26,16,1,1,1
8,7,550,208,26,16,1,1,1
9,7,549,209,26,16,1,1,1
10,7,549,209,26,16,1,1,1
11,7,549,210,26,16,1,1,1
12,7,548,212,26,16,1,1,1
13,7,548,213,27,17,1,1,1
14,7,547,215,27,16,1,1,1
15,7,547,215,27,16,1,1,1
16,7,547,217,27,17,1,1,1
17,7,546,219,27,17,1,1,1
18,7,546,221,27,17,1,1,1
19,7,546,223,27,17,1,1,1
20,7,546,223,27,17,1,1,1
21,7,546,224,27,17,1,1,1
22,7,546,225,27,17,1,1,1
23,7,546,227,27,17,1,1,1
24,7,545,227,28,17,1,1,1
25,7,545,227,28,17,1,1,1
26,7,545,229,28,17,1,1,1
27,7,545,229,28,17,1,1,1
28,7,545,231,28,17,1,1,1
29,7,545,231,28,17,1,1,1
30,7,545,231,28,17,1,1,1
31,7,545,232,28,17,1,1,1
32,7,545,232,28,17,1,1,1
33,7,545,232,28,17,1,1,1
34,7,545,231,28,17,1,1,1
35,7,545,231,28,17,1,1,1
36,7,545,231,29,18,1,1,1
37,7,545,230,28,17,1,1,1
38,7,545,230,28,17,1,1,1
39,7,545,230,28,17,1,1,1
40,7,545,230,28,17,1,1,1
41,7,545,231,28,17,1,1,1
42,7,545,232,28,17,1,1,1
43,7,545,234,28,17,1,1,1
44,7,545,236,28,17,1,1,1
45,7,545,236,28,17,1,1,1
46,7,545,240,27,17,1,1,1
47,7,545,250,28,17,1,1,1
48,7,545,254,28,17,1,1,1
49,7,545,259,28,17,1,1,1
50,7,545,259,28,17,1,1,1
51,7,546,262,28,17,1,1,1
52,7,546,266,28,17,1,1,1
53,7,546,269,28,17,1,1,1
54,7,546,272,28,17,1,1,1
55,7,546,272,28,17,1,1,1
56,7,546,274,27,17,1,1,1
57,7,546,276,28,17,1,1,1
58,7,547,278,28,17,1,1,1
59,7,547,279,28,18,1,1,1
60,7,547,279,28,18,1,1,1
61,7,547,280,28,17,1,1,1
62,7,547,281,28,17,1,1,1
63,7,547,281,28,17,1,1,1
64,7,547,281,28,17,1,1,1
65,7,547,281,28,17,1,1,1
66,7,547,280,28,17,1,1,1
67,7,548,279,28,17,1,1,1
68,7,548,278,28,17,1,1,1
69,7,548,277,28,17,1,1,1
70,7,548,277,28,17,1,1,1
71,7,548,275,28,17,1,1,1
72,7,548,274,28,17,1,1,1
73,7,548,273,28,17,1,1,1
74,7,548,272,28,17,1,1,1
75,7,548,272,28,17,1,1,1
76,7,548,271,28,17,1,1,1
77,7,549,270,28,17,1,1,1
78,7,549,270,28,17,1,1,1
79,7,549,270,28,17,1,1,1
80,7,549,270,28,17,1,1,1
81,7,549,271,28,17,1,1,1
82,7,550,271,28,17,1,1,1
83,7,550,271,28,17,1,1,1
84,7,550,272,28,17,1,1,1
85,7,550,272,28,17,1,1,1
86,7,550,272,28,17,1,1,1
87,7,550,273,28,17,1,1,1
88,7,550,273,28,17,1,1,1
89,7,550,273,28,17,1,1,1
90,7,550,273,28,17,1,1,1
91,7,550,273,28,17,1,1,1
92,7,550,273,28,17,1,1,1
93,7,549,272,29,18,1,1,1
94,7,549,271,29,18,1,1,1
95,7,549,271,29,18,1,1,1
96,7,549,271,29,18,1,1,1
97,7,549,270,29,18,1,1,1
98,7,549,270,27,17,1,1,1
99,7,549,269,27,16,1,1,1
100,7,549,269,27,16,1,1,1
101,7,549,267,26,16,1,1,1
102,7,550,266,25,16,1,1,1
103,7,550,265,25,15,1,1,1
104,7,550,264,25,15,1,1,1
105,7,550,264,25,15,1,1,1
106,7,551,264,23,14,1,1,1
107,7,551,264,23,14,1,1,1
108,7,551,265,22,13,1,1,1
109,7,551,266,21,13,1,1,1
110,7,551,266,21,13,1,1,1
111,7,551,267,21,13,1,1,1
112,7,552,271,20,12,1,1,1
113,7,552,276,20,12,1,1,1
114,7,552,283,20,12,1,1,1
115,7,552,283,20,12,1,1,1
116,7,552,287,20,12,1,1,1
117,7,552,294,20,12,1,1,1
118,7,552,297,20,12,1,1,1
119,7,552,301,20,12,1,1,1
120,7,552,301,20,12,1,1,1
1,8,715,69,32,21,1,1,1
2,8,714,69,32,21,1,1,1
3,8,713,69,32,21,1,1,1
4,8,712,69,32,21,1,1,1
5,8,712,69,32,21,1,1,1
6,8,712,69,32,21,1,1,1
7,8,711,67,32,21,1,1,1
8,8,711,66,32,21,1,1,1
9,8,711,64,32,21,1,1,1
10,8,711,64,32,21,1,1,1
11,8,711,63,32,21,1,1,1
12,8,710,61,32,21,1,1,1
13,8,710,60,32,21,1,1,1
14,8,710,59,32,21,1,1,1
15,8,710,59,32,21,1,1,1
16,8,709,59,32,21,1,1,1
17,8,709,58,32,21,1,1,1
18,8,709,58,32,21,1,1,1
19,8,709,57,32,21,1,1,1
20,8,709,57,32,21,1,1,1
21,8,709,56,32,21,1,1,1
22,8,709,55,32,21,1,1,1
23,8,709,54,32,21,1,1,1
24,8,708,53,31,21,1,1,1
25,8,708,53,31,21,1,1,1
26,8,708,52,31,20,1,1,1
27,8,707,51,31,20,1,1,1
28,8,707,50,31,20,1,1,1
29,8,707,50,31,20,1,1,1
30,8,707,50,31,20,1,1,1
31,8,706,48,31,21,1,1,1
32,8,706,46,31,21,1,1,1
33,8,706,44,32,21,1,1,1
34,8,706,43,32,21,1,1,1
35,8,706,43,32,21,1,1,1
36,8,706,41,32,21,1,1,1
37,8,706,39,32,21,1,1,1
38,8,706,37,32,21,1,1,1
39,8,706,36,32,21,1,1,1
40,8,706,36,32,21,1,1,1
41,8,706,35,32,21,1,1,1
42,8,705,35,32,21,1,1,1
43,8,705,36,32,21,1,1,1
44,8,705,37,32,21,1,1,1
45,8,705,37,32,21,1,1,1
46,8,704,39,32,21,1,1,1
47,8,704,48,32,21,1,1,1
48,8,703,52,32,21,1,1,1
49,8,703,56,31,21,1,1,1
50,8,703,56,31,21,1,1,1
51,8,702,58,32,21,1,1,1
52,8,701,61,32,21,1,1,1
53,8,701,63,32,21,1,1,1
54,8,701,65,32,21,1,1,1
55,8,701,65,32,21,1,1,1
56,8,701,66,31,21,1,1,1
57,8,701,68,31,20,1,1,1
58,8,700,69,30,20,1,1,1
59,8,700,70,30,20,1,1,1
60,8,700,70,30,20,1,1,1
61,8,699,70,30,20,1,1,1
62,8,699,69,30,20,1,1,1
63,8,699,68,30,20,1,1,1
64,8,699,67,30,20,1,1,1
65,8,699,67,30,20,1,1,1
66,8,698,65,30,20,1,1,1
67,8,698,63,30,20,1,1,1
68,8,697,60,30,20,1,1,1
69,8,697,58,30,20,1,1,1
70,8,697,58,30,20,1,1,1
71,8,696,54,30,20,1,1,1
72,8,696,52,30,19,1,1,1
73,8,696,49,30,20,1,1,1
74,8,695,47,30,20,1,1,1
75,8,695,47,30,20,1,1,1
76,8,695,45,30,20,1,1,1
77,8,695,42,30,20,1,1,1
78,8,695,40,30,20,1,1,1
79,8,695,38,30,20,1,1,1
80,8,695,38,30,20,1,1,1
81,8,695,37,30,20,1,1,1
82,8,694,36,30,20,1,1,1
83,8,694,35,30,19,1,1,1
84,8,694,33,30,20,1,1,1
85,8,694,33,30,20,1,1,1
86,8,693,33,30,19,1,1,1
87,8,693,32,29,19,1,1,1
88,8,693,31,29,19,1,1,1
89,8,692,29,29,19,1,1,1
90,8,692,29,29,19,1,1,1
91,8,692,28,29,19,1,1,1
92,8,692,26,30,19,1,1,1
93,8,692,25,29,19,1,1,1
94,8,692,24,29,19,1,1,1
95,8,692,24,29,19,1,1,1
96,8,692,21,29,19,1,1,1
97,8,692,19,29,19,1,1,1
98,8,691,16,29,19,1,1,1
99,8,691,14,30,19,1,1,1
100,8,691,14,30,19,1,1,1
101,8,691,11,29,19,1,1,1
102,8,691,8,29,19,1,1,1
103,8,691,5,29,19,1,1,1
104,8,690,3,29,19,1,1,1
105,8,690,3,29,19,1,1,1
106,8,690,0,29,19,1,1,1
107,8,690,-2,29,19,1,1,1
108,8,689,-4,29,19,1,1,1
109,8,689,-4,29,19,1,1,1
110,8,689,-4,29,19,1,1,1
111,8,690,-5,29,19,1,1,1
112,8,689,-4,29,19,1,1,1
113,8,684,1,37,19,1,1,1
114,8,684,6,37,19,1,1,1
115,8,684,6,37,19,1,1,1
116,8,684,8,37,19,1,1,1
117,8,683,13,37,19,1,1,1
118,8,683,15,37,19,1,1,1
119,8,683,18,37,19,1,1,1
120,8,683,18,37,19,1,1,1
1,9,754,138,27,16,1,1,1
2,9,753,140,27,16,1,1,1
3,9,753,141,27,16,1,1,1
4,9,752,143,27,16,1,1,1
5,9,752,143,27,16,1,1,1
6,9,751,144,27,16,1,1,1
7,9,750,145,27,16,1,1,1
8,9,750,145,27,16,1,1,1
9,9,749,146,26,15,1,1,1
10,9,749,146,26,15,1,1,1
11,9,750,147,25,15,1,1,1
12,9,749,147,26,15,1,1,1
13,9,748,148,26,15,1,1,1
14,9,747,149,26,16,1,1,1
15,9,747,149,26,16,1,1,1
16,9,747,150,27,16,1,1,1
17,9,746,152,27,16,1,1,1
18,9,746,153,27,16,1,1,1
19,9,746,154,27,16,1,1,1
20,9,746,154,27,16,1,1,1
21,9,745,155,27,16,1,1,1
22,9,745,155,27,16,1,1,1
23,9,745,156,27,16,1,1,1
24,9,744,157,27,16,1,1,1
25,9,744,157,27,16,1,1,1
26,9,744,157,28,16,1,1,1
27,9,744,158,27,16,1,1,1
28,9,744,159,27,16,1,1,1
29,9,743,159,28,16,1,1,1
30,9,743,159,28,16,1,1,1
31,9,743,159,28,16,1,1,1
32,9,743,159,28,16,1,1,1
33,9,743,159,28,16,1,1,1
34,9,743,158,28,17,1,1,1
35,9,743,158,28,17,1,1,1
36,9,743,157,28,17,1,1,1
37,9,743,157,28,17,1,1,1
38,9,742,156,28,16,1,1,1
39,9,742,156,28,16,1,1,1
40,9,742,156,28,16,1,1,1
41,9,742,156,28,16,1,1,1
42,9,742,157,28,17,1,1,1
43,9,742,158,28,17,1,1,1
44,9,742,160,28,16,1,1,1
45,9,742,160,28,16,1,1,1
46,9,742,164,27,16,1,1,1
47,9,741,173,27,16,1,1,1
48,9,741,178,26,15,1,1,1
49,9,741,182,26,15,1,1,1
50,9,741,182,26,15,1,1,1
51,9,741,185,26,15,1,1,1
52,9,741,189,25,15,1,1,1
53,9,741,191,25,15,1,1,1
54,9,740,193,25,15,1,1,1
55,9,740,193,25,15,1,1,1
56,9,740,195,26,15,1,1,1
57,9,740,197,26,15,1,1,1
58,9,740,199,25,15,1,1,1
59,9,740,200,26,15,1,1,1
60,9,740,200,26,15,1,1,1
61,9,740,201,25,15,1,1,1
62,9,739,201,25,15,1,1,1
63,9,739,201,25,15,1,1,1
64,9,739,201,25,15,1,1,1
65,9,739,201,25,15,1,1,1
66,9,739,200,26,15,1,1,1
67,9,739,199,26,15,1,1,1
68,9,738,194,25,18,1,1,1
69,9,738,193,25,18,1,1,1
70,9,738,193,25,18,1,1,1
71,9,738,190,25,18,1,1,1
72,9,738,189,25,18,1,1,1
73,9,738,187,25,18,1,1,1
74,9,737,186,25,18,1,1,1
75,9,737,186,25,18,1,1,1
76,9,737,185,25,18,1,1,1
77,9,737,183,25,18,1,1,1
78,9,737,182,25,18,1,1,1
79,9,737,182,25,18,1,1,1
80,9,737,182,25,18,1,1,1
81,9,737,182,25,18,1,1,1
82,9,737,182,25,18,1,1,1
83,9,736,181,25,18,1,1,1
84,9,736,181,25,18,1,1,1
85,9,736,181,25,18,1,1,1
86,9,736,181,25,18,1,1,1
87,9,735,181,24,18,1,1,1
88,9,735,182,24,17,1,1,1
89,9,735,181,23,17,1,1,1
90,9,735,181,23,17,1,1,1
91,9,735,181,23,16,1,1,1
92,9,735,180,22,16,1,1,1
93,9,735,180,22,16,1,1,1
94,9,735,179,22,16,1,1,1
95,9,735,179,22,16,1,1,1
96,9,734,178,22,16,1,1,1
97,9,734,177,22,16,1,1,1
98,9,734,175,22,16,1,1,1
99,9,734,174,22,16,1,1,1
100,9,734,174,22,16,1,1,1
101,9,733,172,22,16,1,1,1
102,9,733,171,22,16,1,1,1
103,9,734,169,22,16,1,1,1
104,9,734,168,22,16,1,1,1
105,9,734,168,22,15,1,1,1
106,9,733,166,22,16,1,1,1
107,9,733,166,22,16,1,1,1
108,9,733,166,22,16,1,1,1
109,9,733,167,22,16,1,1,1
110,9,733,167,22,16,1,1,1
111,9,733,168,22,16,1,1,1
112,9,733,171,22,16,1,1,1
113,9,733,176,22,16,1,1,1
114,9,733,183,22,16,1,1,1
115,9,733,183,22,16,1,1,1
116,9,733,186,22,16,1,1,1
117,9,733,193,22,16,1,1,1
118,9,733,196,22,16,1,1,1
119,9,732,200,22,16,1,1,1
120,9,732,200,22,16,1,1,1
