1,1,231,216,41,21,1,1,1
2,1,228,216,41,21,1,1,1
3,1,225,216,41,21,1,1,1
4,1,223,218,39,20,1,1,1
5,1,221,217,39,20,1,1,1
6,1,221,210,39,27,1,1,1
7,1,220,207,40,28,1,1,1
8,1,219,201,39,27,1,1,1
9,1,218,198,39,27,1,1,1
10,1,214,186,38,27,1,1,1
11,1,205,173,37,26,1,1,1
12,1,199,165,38,27,1,1,1
13,1,194,160,38,27,1,1,1
14,1,189,151,38,27,1,1,1
15,1,184,145,38,27,1,1,1
16,1,174,137,37,26,1,1,1
17,1,169,136,35,25,1,1,1
18,1,164,134,36,26,1,1,1
19,1,162,135,36,26,1,1,1
20,1,159,133,38,27,1,1,1
21,1,155,126,38,27,1,1,1
22,1,155,121,38,27,1,1,1
23,1,153,115,38,27,1,1,1
24,1,150,112,38,27,1,1,1
25,1,153,106,38,27,1,1,1
26,1,156,99,38,27,1,1,1
27,1,166,83,38,27,1,1,1
28,1,176,74,38,27,1,1,1
29,1,180,66,37,27,1,1,1
30,1,179,60,37,27,1,1,1
31,1,178,55,37,26,1,1,1
32,1,175,53,37,26,1,1,1
33,1,171,54,37,26,1,1,1
34,1,165,59,37,26,1,1,1
35,1,161,67,37,26,1,1,1
36,1,159,73,36,26,1,1,1
37,1,151,92,36,26,1,1,1
38,1,153,101,36,26,1,1,1
39,1,152,106,36,26,1,1,1
40,1,150,109,36,25,1,1,1
41,1,153,113,36,25,1,1,1
42,1,162,129,34,24,1,1,1
43,1,167,140,34,24,1,1,1
44,1,171,144,40,31,1,1,1
45,1,177,156,41,32,1,1,1
46,1,187,171,37,28,1,1,1
47,1,206,189,32,27,1,1,1
48,1,212,193,32,27,1,1,1
49,1,217,198,32,27,1,1,1
50,1,222,201,32,27,1,1,1
51,1,224,202,31,26,1,1,1
52,1,231,201,31,26,1,1,1
53,1,231,201,32,27,1,1,1
54,1,231,202,31,26,1,1,1
55,1,233,201,31,26,1,1,1
56,1,234,201,31,26,1,1,1
57,1,237,206,31,26,1,1,1
58,1,240,209,31,26,1,1,1
59,1,241,213,31,26,1,1,1
60,1,245,215,30,26,1,1,1
61,1,249,219,30,25,1,1,1
62,1,258,223,30,26,1,1,1
63,1,265,223,30,26,1,1,1
64,1,272,222,30,25,1,1,1
65,1,279,220,30,25,1,1,1
66,1,280,219,30,25,1,1,1
67,1,282,211,30,25,1,1,1
68,1,280,209,30,26,1,1,1
69,1,279,209,30,25,1,1,1
70,1,277,208,30,25,1,1,1
71,1,275,207,30,25,1,1,1
72,1,262,208,31,26,1,1,1
73,1,257,209,31,26,1,1,1
74,1,251,211,31,26,1,1,1
75,1,245,212,31,26,1,1,1
76,1,242,214,31,26,1,1,1
77,1,238,213,31,26,1,1,1
78,1,238,207,31,26,1,1,1
79,1,241,201,31,26,1,1,1
80,1,241,193,31,26,1,1,1
81,1,243,184,31,26,1,1,1
82,1,243,168,31,26,1,1,1
83,1,241,163,31,26,1,1,1
84,1,241,158,31,26,1,1,1
85,1,239,155,31,26,1,1,1
86,1,237,152,31,26,1,1,1
87,1,235,146,31,26,1,1,1
88,1,231,145,31,26,1,1,1
89,1,228,147,31,26,1,1,1
90,1,227,147,31,26,1,1,1
91,1,225,148,31,26,1,1,1
92,1,225,150,31,26,1,1,1
93,1,225,149,31,26,1,1,1
94,1,222,149,31,26,1,1,1
95,1,222,150,31,26,1,1,1
96,1,222,149,31,26,1,1,1
97,1,225,155,31,26,1,1,1
98,1,230,156,31,26,1,1,1
99,1,237,158,30,26,1,1,1
100,1,246,160,30,25,1,1,1
101,1,254,161,30,25,1,1,1
102,1,271,164,30,25,1,1,1
103,1,275,166,30,25,1,1,1
104,1,279,169,30,25,1,1,1
105,1,286,172,30,25,1,1,1
106,1,291,176,30,25,1,1,1
107,1,295,185,30,25,1,1,1
108,1,298,189,30,25,1,1,1
109,1,300,194,29,24,1,1,1
110,1,301,199,29,24,1,1,1
111,1,303,201,30,25,1,1,1
112,1,306,204,29,25,1,1,1
113,1,307,202,29,24,1,1,1
114,1,308,202,29,24,1,1,1
115,1,307,199,29,24,1,1,1
116,1,307,196,30,25,1,1,1
117,1,301,193,29,24,1,1,1
118,1,299,191,29,24,1,1,1
119,1,296,188,29,24,1,1,1
120,1,294,185,29,24,1,1,1
121,1,292,183,29,24,1,1,1
122,1,288,178,29,25,1,1,1
123,1,286,176,29,25,1,1,1
124,1,285,175,29,25,1,1,1
125,1,285,173,29,24,1,1,1
126,1,284,173,29,24,1,1,1
127,1,282,168,29,24,1,1,1
128,1,282,166,29,24,1,1,1
129,1,281,164,29,24,1,1,1
130,1,281,161,29,24,1,1,1
131,1,282,158,29,24,1,1,1
132,1,279,155,29,24,1,1,1
133,1,280,156,29,24,1,1,1
134,1,281,158,29,24,1,1,1
135,1,282,162,29,24,1,1,1
136,1,285,167,29,24,1,1,1
137,1,293,179,29,24,1,1,1
138,1,296,184,29,24,1,1,1
139,1,298,187,29,24,1,1,1
140,1,300,192,29,24,1,1,1
141,1,299,197,28,24,1,1,1
142,1,303,201,28,24,1,1,1
143,1,303,204,29,24,1,1,1
144,1,307,205,28,24,1,1,1
145,1,311,203,28,24,1,1,1
146,1,311,203,28,24,1,1,1
147,1,311,195,29,24,1,1,1
148,1,309,191,28,23,1,1,1
149,1,309,188,29,24,1,1,1
150,1,310,184,29,24,1,1,1
151,1,309,182,28,24,1,1,1
152,1,309,179,28,23,1,1,1
153,1,309,178,29,24,1,1,1
154,1,308,176,29,24,1,1,1
155,1,306,176,28,24,1,1,1
156,1,304,177,28,24,1,1,1
157,1,301,179,28,24,1,1,1
158,1,301,182,28,24,1,1,1
159,1,300,186,28,23,1,1,1
160,1,299,191,28,24,1,1,1
161,1,298,196,29,24,1,1,1
162,1,300,209,28,23,1,1,1
163,1,298,215,28,23,1,1,1
164,1,299,221,28,23,1,1,1
165,1,300,224,28,23,1,1,1
166,1,300,227,28,23,1,1,1
167,1,301,227,28,23,1,1,1
168,1,302,225,27,23,1,1,1
169,1,305,222,27,23,1,1,1
170,1,305,220,28,23,1,1,1
171,1,304,217,27,23,1,1,1
172,1,308,211,27,23,1,1,1
173,1,310,211,27,23,1,1,1
174,1,311,209,28,24,1,1,1
175,1,313,209,27,22,1,1,1
176,1,313,209,27,22,1,1,1
177,1,315,209,27,22,1,1,1
178,1,316,211,27,22,1,1,1
179,1,317,212,27,22,1,1,1
180,1,319,214,27,22,1,1,1
181,1,319,216,27,22,1,1,1
182,1,321,222,27,22,1,1,1
183,1,322,224,27,22,1,1,1
184,1,325,226,27,22,1,1,1
185,1,327,229,27,22,1,1,1
186,1,329,231,27,22,1,1,1
187,1,333,235,26,22,1,1,1
188,1,337,234,27,22,1,1,1
189,1,341,234,26,22,1,1,1
190,1,345,232,26,22,1,1,1
191,1,346,230,26,22,1,1,1
192,1,346,228,26,22,1,1,1
193,1,349,217,26,22,1,1,1
1,2,652,264,35,24,1,1,1
2,2,648,266,35,24,1,1,1
3,2,646,269,34,24,1,1,1
4,2,643,272,33,23,1,1,1
5,2,640,273,33,23,1,1,1
6,2,637,271,33,23,1,1,1
7,2,637,269,31,21,1,1,1
8,2,636,265,31,21,1,1,1
9,2,634,260,31,21,1,1,1
10,2,631,250,31,25,1,1,1
11,2,620,239,31,25,1,1,1
12,2,615,234,30,25,1,1,1
13,2,609,227,31,25,1,1,1
14,2,604,221,31,25,1,1,1
15,2,599,216,31,25,1,1,1
16,2,589,209,31,25,1,1,1
17,2,584,207,31,25,1,1,1
18,2,581,205,30,24,1,1,1
19,2,579,204,30,24,1,1,1
20,2,578,197,28,23,1,1,1
21,2,577,189,28,23,1,1,1
22,2,578,186,27,22,1,1,1
23,2,577,183,26,22,1,1,1
24,2,576,184,26,21,1,1,1
25,2,580,182,26,21,1,1,1
26,2,583,179,26,22,1,1,1
27,2,595,170,27,22,1,1,1
28,2,602,166,35,24,1,1,1
29,2,606,165,35,24,1,1,1
30,2,604,162,36,24,1,1,1
31,2,603,161,37,25,1,1,1
32,2,599,153,36,24,1,1,1
33,2,596,153,36,24,1,1,1
34,2,591,155,36,24,1,1,1
35,2,592,152,36,24,1,1,1
36,2,587,146,36,24,1,1,1
37,2,580,162,36,24,1,1,1
38,2,581,169,36,24,1,1,1
39,2,580,174,36,24,1,1,1
40,2,586,176,36,24,1,1,1
41,2,590,178,36,24,1,1,1
42,2,601,188,36,24,1,1,1
43,2,606,196,36,24,1,1,1
44,2,609,210,36,24,1,1,1
45,2,617,221,36,24,1,1,1
46,2,625,240,37,25,1,1,1
47,2,634,262,36,24,1,1,1
48,2,639,268,36,24,1,1,1
49,2,648,272,36,24,1,1,1
50,2,652,277,36,24,1,1,1
51,2,654,283,36,24,1,1,1
52,2,658,276,35,24,1,1,1
53,2,658,276,34,23,1,1,1
54,2,658,275,35,24,1,1,1
55,2,658,272,34,23,1,1,1
56,2,659,271,34,23,1,1,1
57,2,660,274,34,23,1,1,1
58,2,662,277,32,22,1,1,1
59,2,662,278,34,23,1,1,1
60,2,666,281,34,23,1,1,1
61,2,665,281,34,23,1,1,1
62,2,673,286,33,22,1,1,1
63,2,680,288,33,22,1,1,1
64,2,689,290,33,22,1,1,1
65,2,689,283,33,22,1,1,1
66,2,690,287,32,22,1,1,1
67,2,691,280,32,22,1,1,1
68,2,685,276,32,22,1,1,1
69,2,681,274,32,22,1,1,1
70,2,677,272,32,22,1,1,1
71,2,669,270,35,30,1,1,1
72,2,652,269,35,30,1,1,1
73,2,644,268,35,30,1,1,1
74,2,636,268,35,30,1,1,1
75,2,627,267,35,30,1,1,1
76,2,622,266,35,30,1,1,1
77,2,612,263,35,30,1,1,1
78,2,609,257,35,30,1,1,1
79,2,610,249,35,30,1,1,1
80,2,608,240,34,29,1,1,1
81,2,608,230,34,29,1,1,1
82,2,602,215,34,29,1,1,1
83,2,598,209,34,29,1,1,1
84,2,596,204,34,29,1,1,1
85,2,592,200,33,29,1,1,1
86,2,588,197,33,28,1,1,1
87,2,582,187,33,28,1,1,1
88,2,576,187,33,28,1,1,1
89,2,571,189,33,28,1,1,1
90,2,568,189,32,27,1,1,1
91,2,565,190,31,26,1,1,1
92,2,557,188,31,26,1,1,1
93,2,555,187,31,26,1,1,1
94,2,551,187,31,26,1,1,1
95,2,549,188,30,25,1,1,1
96,2,547,187,31,26,1,1,1
97,2,547,190,30,26,1,1,1
98,2,550,189,33,27,1,1,1
99,2,555,190,33,27,1,1,1
100,2,562,193,33,27,1,1,1
101,2,570,196,33,27,1,1,1
102,2,583,203,33,27,1,1,1
103,2,586,207,33,27,1,1,1
104,2,588,210,33,27,1,1,1
105,2,594,212,33,27,1,1,1
106,2,599,215,33,27,1,1,1
107,2,600,222,33,27,1,1,1
108,2,602,224,33,27,1,1,1
109,2,603,226,32,26,1,1,1
110,2,604,227,32,27,1,1,1
111,2,606,228,32,26,1,1,1
112,2,607,225,32,26,1,1,1
113,2,608,222,32,26,1,1,1
114,2,608,220,32,26,1,1,1
115,2,607,216,32,26,1,1,1
116,2,606,211,32,26,1,1,1
117,2,599,207,32,26,1,1,1
118,2,597,203,32,26,1,1,1
119,2,593,201,32,26,1,1,1
120,2,590,198,31,26,1,1,1
121,2,587,195,32,26,1,1,1
122,2,582,191,32,26,1,1,1
123,2,580,188,31,26,1,1,1
124,2,579,186,31,26,1,1,1
125,2,578,185,31,25,1,1,1
126,2,576,184,32,26,1,1,1
127,2,573,179,31,26,1,1,1
128,2,573,176,31,26,1,1,1
129,2,571,175,31,25,1,1,1
130,2,571,171,32,26,1,1,1
131,2,572,169,31,25,1,1,1
132,2,568,168,31,26,1,1,1
133,2,568,170,31,25,1,1,1
134,2,568,174,31,25,1,1,1
135,2,569,178,31,25,1,1,1
136,2,571,182,31,25,1,1,1
137,2,577,191,32,26,1,1,1
138,2,580,195,31,26,1,1,1
139,2,581,198,31,25,1,1,1
140,2,582,201,31,25,1,1,1
141,2,581,205,31,25,1,1,1
142,2,583,209,30,25,1,1,1
143,2,583,212,30,25,1,1,1
144,2,585,213,30,24,1,1,1
145,2,589,211,30,24,1,1,1
146,2,588,211,30,24,1,1,1
147,2,587,205,30,24,1,1,1
148,2,584,203,29,24,1,1,1
149,2,584,201,29,24,1,1,1
150,2,584,198,30,24,1,1,1
151,2,583,197,29,24,1,1,1
152,2,581,194,30,24,1,1,1
153,2,580,192,29,24,1,1,1
154,2,579,190,29,24,1,1,1
155,2,577,188,29,24,1,1,1
156,2,573,188,29,24,1,1,1
157,2,569,189,29,24,1,1,1
158,2,568,194,29,23,1,1,1
159,2,567,199,28,23,1,1,1
160,2,565,202,28,23,1,1,1
161,2,563,207,29,24,1,1,1
162,2,563,218,29,23,1,1,1
163,2,560,224,28,23,1,1,1
164,2,560,229,28,23,1,1,1
165,2,561,231,28,23,1,1,1
166,2,559,234,28,23,1,1,1
167,2,559,233,28,23,1,1,1
168,2,560,230,28,23,1,1,1
169,2,561,226,28,23,1,1,1
170,2,561,223,28,23,1,1,1
171,2,559,218,28,23,1,1,1
172,2,561,211,28,23,1,1,1
173,2,562,211,28,23,1,1,1
174,2,563,210,28,23,1,1,1
175,2,564,208,28,23,1,1,1
176,2,563,208,28,23,1,1,1
177,2,563,206,28,23,1,1,1
178,2,563,207,28,23,1,1,1
179,2,564,209,27,22,1,1,1
180,2,565,209,28,23,1,1,1
181,2,565,212,28,23,1,1,1
182,2,565,217,28,23,1,1,1
183,2,565,219,28,23,1,1,1
184,2,567,221,27,22,1,1,1
185,2,568,223,27,22,1,1,1
186,2,569,224,28,23,1,1,1
187,2,572,226,27,22,1,1,1
188,2,575,224,27,22,1,1,1
189,2,577,224,27,22,1,1,1
190,2,581,222,27,22,1,1,1
191,2,582,220,27,22,1,1,1
192,2,581,218,27,22,1,1,1
193,2,583,208,27,22,1,1,1
1,3,699,171,26,21,1,1,1
2,3,696,173,26,21,1,1,1
3,3,693,175,26,21,1,1,1
4,3,691,172,25,20,1,1,1
5,3,689,172,25,20,1,1,1
6,3,691,167,24,19,1,1,1
7,3,688,159,30,25,1,1,1
8,3,687,156,30,25,1,1,1
9,3,686,152,30,25,1,1,1
10,3,685,146,30,25,1,1,1
11,3,677,140,30,25,1,1,1
12,3,672,137,30,25,1,1,1
13,3,674,123,29,24,1,1,1
14,3,670,119,29,24,1,1,1
15,3,668,114,29,24,1,1,1
16,3,657,104,32,26,1,1,1
17,3,651,104,32,26,1,1,1
18,3,647,103,32,26,1,1,1
19,3,645,102,32,26,1,1,1
20,3,643,95,32,26,1,1,1
21,3,641,92,32,26,1,1,1
22,3,645,82,32,26,1,1,1
23,3,645,82,32,26,1,1,1
24,3,644,85,31,26,1,1,1
25,3,648,88,31,25,1,1,1
26,3,654,81,31,26,1,1,1
27,3,667,78,31,26,1,1,1
28,3,678,77,31,26,1,1,1
29,3,680,61,30,25,1,1,1
30,3,680,63,30,25,1,1,1
31,3,680,64,30,25,1,1,1
32,3,679,63,30,25,1,1,1
33,3,670,59,30,25,1,1,1
34,3,664,60,29,24,1,1,1
35,3,660,63,30,25,1,1,1
36,3,657,67,30,25,1,1,1
37,3,647,75,30,25,1,1,1
38,3,646,80,30,25,1,1,1
39,3,645,83,29,25,1,1,1
40,3,641,84,30,25,1,1,1
41,3,642,83,30,25,1,1,1
42,3,646,93,30,25,1,1,1
43,3,648,104,30,25,1,1,1
44,3,651,116,31,23,1,1,1
45,3,655,132,31,23,1,1,1
46,3,662,150,31,23,1,1,1
47,3,673,175,31,23,1,1,1
48,3,678,180,31,23,1,1,1
49,3,681,187,31,23,1,1,1
50,3,684,193,31,23,1,1,1
51,3,685,195,32,23,1,1,1
52,3,690,194,31,23,1,1,1
53,3,689,194,31,23,1,1,1
54,3,689,194,31,23,1,1,1
55,3,690,193,30,23,1,1,1
56,3,690,193,31,23,1,1,1
57,3,691,197,31,23,1,1,1
58,3,692,199,31,23,1,1,1
59,3,693,203,31,23,1,1,1
60,3,695,205,30,23,1,1,1
61,3,698,209,30,23,1,1,1
62,3,705,216,31,23,1,1,1
63,3,712,216,30,23,1,1,1
64,3,719,216,30,23,1,1,1
65,3,725,218,31,23,1,1,1
66,3,725,221,31,23,1,1,1
67,3,726,215,31,23,1,1,1
68,3,723,213,31,23,1,1,1
69,3,721,212,31,23,1,1,1
70,3,718,211,30,23,1,1,1
71,3,715,211,30,22,1,1,1
72,3,701,212,30,22,1,1,1
73,3,694,212,30,22,1,1,1
74,3,688,213,30,22,1,1,1
75,3,681,214,30,22,1,1,1
76,3,676,214,30,22,1,1,1
77,3,669,213,30,22,1,1,1
78,3,669,208,30,22,1,1,1
79,3,671,201,29,22,1,1,1
80,3,671,194,29,22,1,1,1
81,3,672,185,29,21,1,1,1
82,3,670,172,29,22,1,1,1
83,3,668,167,29,22,1,1,1
84,3,667,162,29,22,1,1,1
85,3,665,160,28,21,1,1,1
86,3,662,157,29,21,1,1,1
87,3,658,148,29,21,1,1,1
88,3,653,148,29,21,1,1,1
89,3,649,150,29,21,1,1,1
90,3,647,151,29,22,1,1,1
91,3,644,151,29,22,1,1,1
92,3,642,151,29,22,1,1,1
93,3,641,150,29,21,1,1,1
94,3,637,150,29,21,1,1,1
95,3,636,152,29,21,1,1,1
96,3,636,152,29,21,1,1,1
97,3,636,156,28,21,1,1,1
98,3,640,157,28,21,1,1,1
99,3,647,159,28,21,1,1,1
100,3,654,162,28,21,1,1,1
101,3,662,166,28,21,1,1,1
102,3,677,175,28,21,1,1,1
103,3,681,179,28,21,1,1,1
104,3,683,183,28,21,1,1,1
105,3,689,184,28,21,1,1,1
106,3,693,188,28,21,1,1,1
107,3,695,194,28,21,1,1,1
108,3,697,196,28,21,1,1,1
109,3,697,197,28,21,1,1,1
110,3,697,198,28,21,1,1,1
111,3,699,197,28,21,1,1,1
112,3,699,194,28,21,1,1,1
113,3,700,190,28,21,1,1,1
114,3,699,188,28,21,1,1,1
115,3,698,184,28,21,1,1,1
116,3,697,181,28,21,1,1,1
117,3,689,176,28,21,1,1,1
118,3,686,173,28,21,1,1,1
119,3,682,171,28,21,1,1,1
120,3,679,168,28,21,1,1,1
121,3,676,166,28,21,1,1,1
122,3,670,162,28,21,1,1,1
123,3,668,160,28,21,1,1,1
124,3,666,159,28,21,1,1,1
125,3,665,158,28,21,1,1,1
126,3,663,158,27,21,1,1,1
127,3,659,154,28,21,1,1,1
128,3,659,151,28,21,1,1,1
129,3,656,149,28,21,1,1,1
130,3,656,147,28,21,1,1,1
131,3,656,144,28,21,1,1,1
132,3,652,145,28,21,1,1,1
133,3,652,148,28,21,1,1,1
134,3,652,152,28,21,1,1,1
135,3,652,156,28,21,1,1,1
136,3,654,160,28,21,1,1,1
137,3,660,169,27,20,1,1,1
138,3,661,172,28,21,1,1,1
139,3,662,175,28,21,1,1,1
140,3,663,178,27,20,1,1,1
141,3,661,182,27,21,1,1,1
142,3,663,185,28,21,1,1,1
143,3,663,189,28,21,1,1,1
144,3,665,190,28,21,1,1,1
145,3,669,189,28,21,1,1,1
146,3,668,189,27,20,1,1,1
147,3,667,183,28,21,1,1,1
148,3,664,182,28,21,1,1,1
149,3,664,181,28,21,1,1,1
150,3,664,179,28,21,1,1,1
151,3,663,178,28,21,1,1,1
152,3,662,176,27,21,1,1,1
153,3,661,174,27,20,1,1,1
154,3,660,172,27,21,1,1,1
155,3,657,169,28,21,1,1,1
156,3,654,170,27,20,1,1,1
157,3,650,171,27,20,1,1,1
158,3,649,175,27,20,1,1,1
159,3,647,180,27,20,1,1,1
160,3,644,184,27,20,1,1,1
161,3,643,189,27,20,1,1,1
162,3,642,199,28,21,1,1,1
163,3,640,204,27,20,1,1,1
164,3,640,209,27,20,1,1,1
165,3,640,212,27,21,1,1,1
166,3,638,214,28,21,1,1,1
167,3,638,213,28,21,1,1,1
168,3,638,211,27,21,1,1,1
169,3,640,207,27,21,1,1,1
170,3,640,204,27,20,1,1,1
171,3,638,199,27,20,1,1,1
172,3,640,192,27,21,1,1,1
173,3,642,192,27,20,1,1,1
174,3,643,192,27,20,1,1,1
175,3,643,190,28,21,1,1,1
176,3,643,190,27,20,1,1,1
177,3,643,188,28,21,1,1,1
178,3,643,190,27,20,1,1,1
179,3,643,191,28,21,1,1,1
180,3,645,192,28,21,1,1,1
181,3,644,195,27,20,1,1,1
182,3,645,201,27,21,1,1,1
183,3,646,203,27,20,1,1,1
184,3,647,205,28,21,1,1,1
185,3,648,208,27,20,1,1,1
186,3,650,209,28,21,1,1,1
187,3,653,212,27,20,1,1,1
188,3,656,210,27,21,1,1,1
189,3,659,210,27,20,1,1,1
190,3,662,208,27,20,1,1,1
191,3,663,206,28,21,1,1,1
192,3,663,206,27,20,1,1,1
193,3,666,197,27,21,1,1,1
1,4,413,180,29,19,1,1,1
2,4,409,182,30,19,1,1,1
3,4,410,182,29,19,1,1,1
4,4,406,184,29,19,1,1,1
5,4,404,185,30,20,1,1,1
6,4,404,176,29,19,1,1,1
7,4,403,173,29,19,1,1,1
8,4,402,169,29,19,1,1,1
9,4,401,163,29,19,1,1,1
10,4,400,159,29,19,1,1,1
11,4,392,147,29,19,1,1,1
12,4,387,141,29,19,1,1,1
13,4,382,135,29,19,1,1,1
14,4,378,129,29,19,1,1,1
15,4,374,124,29,19,1,1,1
16,4,365,119,30,20,1,1,1
17,4,360,116,31,20,1,1,1
18,4,356,115,31,20,1,1,1
19,4,354,118,31,20,1,1,1
20,4,350,110,31,20,1,1,1
21,4,348,107,31,20,1,1,1
22,4,349,106,31,20,1,1,1
23,4,346,97,32,20,1,1,1
24,4,345,97,33,20,1,1,1
25,4,347,94,35,22,1,1,1
26,4,350,88,32,20,1,1,1
27,4,362,76,31,19,1,1,1
28,4,372,70,31,19,1,1,1
29,4,377,64,31,19,1,1,1
30,4,376,61,31,19,1,1,1
31,4,376,58,31,19,1,1,1
32,4,373,55,30,19,1,1,1
33,4,370,55,30,19,1,1,1
34,4,364,59,30,19,1,1,1
35,4,360,64,30,19,1,1,1
36,4,357,70,30,19,1,1,1
37,4,349,87,30,19,1,1,1
38,4,350,95,30,19,1,1,1
39,4,349,100,29,18,1,1,1
40,4,346,102,29,18,1,1,1
41,4,349,105,29,18,1,1,1
42,4,357,120,29,18,1,1,1
43,4,361,131,29,18,1,1,1
44,4,363,139,32,25,1,1,1
45,4,368,153,32,25,1,1,1
46,4,377,171,32,25,1,1,1
47,4,392,193,32,25,1,1,1
48,4,397,198,32,25,1,1,1
49,4,401,204,32,25,1,1,1
50,4,406,209,31,24,1,1,1
51,4,407,211,31,24,1,1,1
52,4,414,210,31,24,1,1,1
53,4,414,210,31,24,1,1,1
54,4,414,211,31,24,1,1,1
55,4,416,210,31,24,1,1,1
56,4,417,211,31,24,1,1,1
57,4,420,216,31,24,1,1,1
58,4,422,219,31,24,1,1,1
59,4,423,223,31,24,1,1,1
60,4,426,225,31,24,1,1,1
61,4,430,230,31,24,1,1,1
62,4,439,235,31,24,1,1,1
63,4,445,236,31,24,1,1,1
64,4,453,235,31,24,1,1,1
65,4,459,235,31,24,1,1,1
66,4,460,236,31,24,1,1,1
67,4,462,229,31,24,1,1,1
68,4,460,227,31,24,1,1,1
69,4,459,227,31,24,1,1,1
70,4,456,226,31,24,1,1,1
71,4,454,226,31,24,1,1,1
72,4,442,228,31,24,1,1,1
73,4,436,229,31,24,1,1,1
74,4,430,230,31,24,1,1,1
75,4,425,232,31,24,1,1,1
76,4,421,233,31,24,1,1,1
77,4,416,232,31,24,1,1,1
78,4,416,227,31,24,1,1,1
79,4,419,220,31,24,1,1,1
80,4,419,213,31,24,1,1,1
81,4,421,203,31,24,1,1,1
82,4,421,189,31,24,1,1,1
83,4,419,184,31,24,1,1,1
84,4,419,179,31,24,1,1,1
85,4,417,176,31,24,1,1,1
86,4,414,174,31,24,1,1,1
87,4,412,167,31,24,1,1,1
88,4,408,166,31,24,1,1,1
89,4,405,169,31,24,1,1,1
90,4,403,169,31,24,1,1,1
91,4,402,170,31,24,1,1,1
92,4,400,172,31,24,1,1,1
93,4,400,171,31,24,1,1,1
94,4,397,171,31,24,1,1,1
95,4,396,173,30,24,1,1,1
96,4,396,173,30,24,1,1,1
97,4,398,178,30,24,1,1,1
98,4,403,179,30,24,1,1,1
99,4,410,182,30,24,1,1,1
100,4,418,184,30,24,1,1,1
101,4,426,186,30,24,1,1,1
102,4,441,192,30,24,1,1,1
103,4,445,195,30,24,1,1,1
104,4,448,199,29,24,1,1,1
105,4,455,202,29,23,1,1,1
106,4,460,206,29,23,1,1,1
107,4,462,215,29,23,1,1,1
108,4,465,218,30,24,1,1,1
109,4,466,221,29,24,1,1,1
110,4,466,224,29,23,1,1,1
111,4,469,226,30,24,1,1,1
112,4,470,227,30,24,1,1,1
113,4,472,224,29,23,1,1,1
114,4,472,223,29,23,1,1,1
115,4,471,220,29,23,1,1,1
116,4,470,216,29,23,1,1,1
117,4,464,213,29,23,1,1,1
118,4,461,210,29,23,1,1,1
119,4,458,208,28,23,1,1,1
120,4,455,206,28,23,1,1,1
121,4,453,203,28,23,1,1,1
122,4,448,199,28,23,1,1,1
123,4,445,197,29,23,1,1,1
124,4,444,195,29,23,1,1,1
125,4,443,195,28,23,1,1,1
126,4,441,194,29,23,1,1,1
127,4,438,189,29,23,1,1,1
128,4,438,187,29,23,1,1,1
129,4,435,185,29,23,1,1,1
130,4,435,182,29,23,1,1,1
131,4,436,180,29,23,1,1,1
132,4,432,178,28,23,1,1,1
133,4,432,179,28,23,1,1,1
134,4,433,183,28,22,1,1,1
135,4,433,187,28,23,1,1,1
136,4,436,192,28,23,1,1,1
137,4,442,202,29,23,1,1,1
138,4,444,207,28,23,1,1,1
139,4,446,210,28,23,1,1,1
140,4,446,214,28,23,1,1,1
141,4,445,219,28,23,1,1,1
142,4,448,224,28,22,1,1,1
143,4,448,227,28,22,1,1,1
144,4,450,228,28,23,1,1,1
145,4,454,226,28,22,1,1,1
146,4,453,226,28,23,1,1,1
147,4,452,219,28,23,1,1,1
148,4,450,216,28,22,1,1,1
149,4,449,214,28,23,1,1,1
150,4,450,211,27,22,1,1,1
151,4,448,210,27,22,1,1,1
152,4,447,207,27,22,1,1,1
153,4,447,206,27,22,1,1,1
154,4,446,204,27,22,1,1,1
155,4,443,202,28,22,1,1,1
156,4,440,203,27,22,1,1,1
157,4,436,205,27,22,1,1,1
158,4,436,209,27,22,1,1,1
159,4,434,214,27,22,1,1,1
160,4,433,218,27,22,1,1,1
161,4,432,224,27,22,1,1,1
162,4,433,236,27,22,1,1,1
163,4,430,242,27,22,1,1,1
164,4,431,247,27,22,1,1,1
165,4,431,251,27,21,1,1,1
166,4,431,254,27,21,1,1,1
167,4,431,253,27,21,1,1,1
168,4,432,251,27,21,1,1,1
169,4,434,248,27,22,1,1,1
170,4,434,246,27,22,1,1,1
171,4,433,241,27,21,1,1,1
172,4,436,235,27,22,1,1,1
173,4,437,235,27,21,1,1,1
174,4,438,235,27,21,1,1,1
175,4,439,233,27,21,1,1,1
176,4,439,233,27,22,1,1,1
177,4,440,233,27,21,1,1,1
178,4,441,234,27,21,1,1,1
179,4,442,236,26,21,1,1,1
180,4,443,237,27,21,1,1,1
181,4,443,240,26,21,1,1,1
182,4,444,246,27,21,1,1,1
183,4,445,248,26,21,1,1,1
184,4,447,250,27,22,1,1,1
185,4,448,253,27,21,1,1,1
186,4,450,255,27,21,1,1,1
187,4,454,258,27,21,1,1,1
188,4,457,257,26,21,1,1,1
189,4,460,256,26,21,1,1,1
190,4,464,255,26,21,1,1,1
191,4,465,253,26,21,1,1,1
192,4,465,251,26,21,1,1,1
193,4,467,241,26,21,1,1,1
