1,1,204,301,31,19,1,1,1
2,1,204,301,31,19,1,1,1
3,1,204,301,31,19,1,1,1
4,1,204,301,31,19,1,1,1
5,1,204,301,31,19,1,1,1
6,1,204,301,31,19,1,1,1
7,1,204,301,31,19,1,1,1
8,1,205,302,31,19,1,1,1
9,1,205,302,31,19,1,1,1
10,1,206,300,30,18,1,1,1
11,1,207,298,30,19,1,1,1
12,1,208,297,30,18,1,1,1
13,1,208,296,29,18,1,1,1
14,1,208,296,29,18,1,1,1
15,1,208,296,29,18,1,1,1
16,1,211,290,28,17,1,1,1
17,1,210,289,30,18,1,1,1
18,1,216,286,28,17,1,1,1
19,1,216,285,29,18,1,1,1
20,1,220,280,28,17,1,1,1
21,1,220,279,28,17,1,1,1
22,1,220,280,28,17,1,1,1
23,1,224,277,27,17,1,1,1
24,1,225,276,28,17,1,1,1
25,1,227,271,28,17,1,1,1
26,1,228,271,27,17,1,1,1
27,1,234,267,27,17,1,1,1
28,1,236,266,27,17,1,1,1
29,1,239,264,27,17,1,1,1
30,1,240,258,27,17,1,1,1
31,1,240,258,27,17,1,1,1
32,1,240,255,31,21,1,1,1
33,1,245,252,31,21,1,1,1
34,1,245,252,31,21,1,1,1
35,1,244,247,31,21,1,1,1
36,1,250,245,31,21,1,1,1
37,1,250,245,31,21,1,1,1
38,1,254,241,31,21,1,1,1
39,1,256,237,31,21,1,1,1
40,1,256,237,31,21,1,1,1
41,1,261,234,31,21,1,1,1
42,1,261,234,31,21,1,1,1
43,1,260,230,31,21,1,1,1
44,1,260,230,31,21,1,1,1
45,1,260,230,31,21,1,1,1
46,1,260,231,31,21,1,1,1
47,1,265,226,31,21,1,1,1
48,1,271,223,31,21,1,1,1
49,1,270,221,31,21,1,1,1
50,1,272,217,31,21,1,1,1
51,1,272,217,31,21,1,1,1
52,1,275,214,31,21,1,1,1
53,1,278,210,31,21,1,1,1
54,1,278,210,31,21,1,1,1
55,1,276,202,31,21,1,1,1
56,1,276,201,31,21,1,1,1
57,1,277,198,31,21,1,1,1
58,1,278,194,31,21,1,1,1
59,1,278,194,31,21,1,1,1
60,1,283,187,31,21,1,1,1
61,1,283,187,31,21,1,1,1
62,1,287,185,31,21,1,1,1
63,1,287,185,31,21,1,1,1
64,1,287,185,31,21,1,1,1
65,1,286,183,31,21,1,1,1
66,1,286,178,31,21,1,1,1
67,1,286,178,31,21,1,1,1
68,1,286,178,31,21,1,1,1
69,1,286,172,31,22,1,1,1
70,1,286,171,31,22,1,1,1
71,1,286,171,31,22,1,1,1
72,1,286,171,29,16,1,1,1
73,1,286,169,29,16,1,1,1
74,1,286,167,29,16,1,1,1
75,1,286,164,29,16,1,1,1
76,1,285,163,29,16,1,1,1
77,1,285,162,29,16,1,1,1
78,1,285,160,29,16,1,1,1
79,1,285,159,29,16,1,1,1
80,1,284,157,29,16,1,1,1
81,1,284,155,30,16,1,1,1
82,1,284,154,29,16,1,1,1
83,1,283,147,33,22,1,1,1
84,1,283,146,33,22,1,1,1
85,1,282,142,33,22,1,1,1
86,1,281,140,34,22,1,1,1
87,1,281,139,33,22,1,1,1
88,1,280,137,34,22,1,1,1
89,1,279,136,33,22,1,1,1
90,1,279,135,34,22,1,1,1
91,1,277,131,34,23,1,1,1
92,1,277,131,34,23,1,1,1
93,1,276,129,34,23,1,1,1
94,1,275,127,34,23,1,1,1
95,1,273,125,34,23,1,1,1
96,1,272,124,34,23,1,1,1
97,1,271,122,34,23,1,1,1
98,1,269,121,33,23,1,1,1
99,1,269,120,33,23,1,1,1
100,1,267,116,33,22,1,1,1
101,1,266,115,33,22,1,1,1
102,1,265,114,33,22,1,1,1
103,1,264,113,33,22,1,1,1
104,1,263,111,33,22,1,1,1
105,1,260,108,33,22,1,1,1
106,1,259,107,33,22,1,1,1
107,1,258,106,33,22,1,1,1
108,1,256,104,33,22,1,1,1
109,1,255,102,33,22,1,1,1
110,1,252,99,33,22,1,1,1
111,1,251,97,33,22,1,1,1
112,1,250,95,33,22,1,1,1
113,1,249,93,33,22,1,1,1
114,1,248,91,33,22,1,1,1
115,1,246,87,33,22,1,1,1
116,1,244,85,33,22,1,1,1
117,1,243,84,33,22,1,1,1
118,1,241,82,34,22,1,1,1
119,1,240,81,33,22,1,1,1
120,1,238,78,33,22,1,1,1
121,1,237,76,33,22,1,1,1
122,1,236,74,33,22,1,1,1
123,1,235,73,33,22,1,1,1
124,1,234,71,34,22,1,1,1
125,1,231,68,33,22,1,1,1
126,1,230,67,33,22,1,1,1
127,1,229,65,33,22,1,1,1
128,1,228,63,34,22,1,1,1
129,1,227,61,34,22,1,1,1
130,1,224,57,33,22,1,1,1
131,1,223,55,33,22,1,1,1
132,1,222,53,33,22,1,1,1
133,1,221,51,34,22,1,1,1
134,1,220,50,33,22,1,1,1
135,1,218,46,33,22,1,1,1
136,1,217,45,33,22,1,1,1
137,1,215,43,33,22,1,1,1
138,1,215,42,33,22,1,1,1
139,1,214,40,33,22,1,1,1
140,1,211,36,33,22,1,1,1
141,1,210,35,34,22,1,1,1
142,1,209,33,33,22,1,1,1
143,1,208,31,33,22,1,1,1
144,1,207,30,33,22,1,1,1
145,1,205,26,33,22,1,1,1
146,1,205,23,34,22,1,1,1
147,1,204,21,34,22,1,1,1
148,1,203,20,34,22,1,1,1
149,1,202,19,34,22,1,1,1
150,1,202,17,34,22,1,1,1
151,1,200,13,34,22,1,1,1
152,1,198,12,34,23,1,1,1
153,1,198,11,34,22,1,1,1
154,1,198,9,34,23,1,1,1
155,1,197,6,34,23,1,1,1
156,1,196,3,34,23,1,1,1
157,1,196,1,34,23,1,1,1
158,1,195,0,34,23,1,1,1
159,1,194,-2,34,23,1,1,1
160,1,194,-4,34,23,1,1,1
161,1,194,-9,34,23,1,1,1
162,1,194,-10,34,23,1,1,1
163,1,193,-12,34,23,1,1,1
164,1,193,-13,34,23,1,1,1
165,1,193,-13,34,23,1,1,1
1,2,281,306,36,20,1,1,1
2,2,281,306,36,20,1,1,1
3,2,281,306,36,20,1,1,1
4,2,281,306,36,20,1,1,1
5,2,281,306,36,20,1,1,1
6,2,281,306,36,20,1,1,1
7,2,281,307,36,20,1,1,1
8,2,281,307,36,20,1,1,1
9,2,281,308,36,20,1,1,1
10,2,281,308,36,20,1,1,1
11,2,282,308,36,20,1,1,1
12,2,282,307,36,20,1,1,1
13,2,281,307,36,20,1,1,1
14,2,281,308,36,20,1,1,1
15,2,281,308,36,20,1,1,1
16,2,281,308,36,20,1,1,1
17,2,281,308,36,20,1,1,1
18,2,281,308,36,20,1,1,1
19,2,281,309,36,20,1,1,1
20,2,281,309,36,20,1,1,1
21,2,280,309,36,20,1,1,1
22,2,280,309,36,20,1,1,1
23,2,280,310,36,20,1,1,1
24,2,280,310,36,20,1,1,1
25,2,280,310,36,20,1,1,1
26,2,280,310,36,20,1,1,1
27,2,281,310,36,20,1,1,1
28,2,281,310,36,20,1,1,1
29,2,281,310,36,20,1,1,1
30,2,281,310,36,20,1,1,1
31,2,281,310,36,20,1,1,1
32,2,281,310,36,20,1,1,1
33,2,280,310,36,20,1,1,1
34,2,280,310,36,20,1,1,1
35,2,280,311,36,20,1,1,1
36,2,280,311,36,20,1,1,1
37,2,279,311,36,20,1,1,1
38,2,279,311,36,20,1,1,1
39,2,279,311,36,20,1,1,1
40,2,279,311,36,20,1,1,1
41,2,279,311,36,20,1,1,1
42,2,279,311,36,20,1,1,1
43,2,279,312,36,20,1,1,1
44,2,279,312,36,20,1,1,1
45,2,279,312,36,20,1,1,1
46,2,279,312,36,20,1,1,1
47,2,279,313,36,20,1,1,1
48,2,279,313,36,20,1,1,1
49,2,279,313,36,20,1,1,1
50,2,279,312,36,20,1,1,1
51,2,279,313,36,20,1,1,1
52,2,279,312,36,20,1,1,1
53,2,279,312,36,20,1,1,1
54,2,279,311,36,20,1,1,1
55,2,280,311,36,20,1,1,1
56,2,280,310,36,20,1,1,1
57,2,279,310,36,20,1,1,1
58,2,280,310,36,20,1,1,1
59,2,280,310,36,20,1,1,1
60,2,280,310,36,20,1,1,1
61,2,279,310,36,20,1,1,1
62,2,280,310,36,20,1,1,1
63,2,280,310,36,20,1,1,1
64,2,279,310,36,20,1,1,1
65,2,280,310,36,20,1,1,1
66,2,280,310,36,20,1,1,1
67,2,280,310,36,20,1,1,1
68,2,280,310,36,20,1,1,1
69,2,280,310,36,20,1,1,1
70,2,280,310,36,20,1,1,1
71,2,280,310,36,20,1,1,1
72,2,280,309,36,20,1,1,1
73,2,280,309,36,20,1,1,1
74,2,280,309,36,20,1,1,1
75,2,280,309,36,20,1,1,1
76,2,280,310,36,20,1,1,1
77,2,280,310,36,20,1,1,1
78,2,280,310,36,20,1,1,1
79,2,280,310,36,20,1,1,1
80,2,280,311,36,20,1,1,1
81,2,280,311,36,20,1,1,1
82,2,280,311,36,20,1,1,1
83,2,280,312,36,20,1,1,1
84,2,280,312,36,20,1,1,1
85,2,280,312,36,20,1,1,1
86,2,280,312,36,20,1,1,1
87,2,280,311,36,20,1,1,1
88,2,280,311,36,20,1,1,1
89,2,280,312,36,20,1,1,1
90,2,279,312,36,20,1,1,1
91,2,279,313,36,20,1,1,1
92,2,280,313,36,20,1,1,1
93,2,280,313,36,20,1,1,1
94,2,279,313,36,20,1,1,1
95,2,279,314,36,20,1,1,1
96,2,279,314,36,20,1,1,1
97,2,279,314,36,20,1,1,1
98,2,279,315,36,20,1,1,1
99,2,279,315,36,20,1,1,1
100,2,279,314,36,20,1,1,1
101,2,278,315,36,20,1,1,1
102,2,279,315,36,20,1,1,1
103,2,279,315,36,20,1,1,1
104,2,279,315,36,20,1,1,1
105,2,279,315,36,20,1,1,1
106,2,279,316,36,20,1,1,1
107,2,278,316,36,20,1,1,1
108,2,278,315,36,20,1,1,1
109,2,278,315,36,20,1,1,1
110,2,278,315,36,20,1,1,1
111,2,278,315,36,20,1,1,1
112,2,278,315,36,20,1,1,1
113,2,278,314,36,20,1,1,1
114,2,278,314,36,20,1,1,1
115,2,278,313,36,20,1,1,1
116,2,278,313,36,20,1,1,1
117,2,278,313,36,20,1,1,1
118,2,278,313,36,20,1,1,1
119,2,278,313,36,20,1,1,1
120,2,278,313,36,20,1,1,1
121,2,279,313,36,20,1,1,1
122,2,279,313,36,20,1,1,1
123,2,279,313,36,20,1,1,1
124,2,279,313,36,20,1,1,1
125,2,279,313,36,20,1,1,1
126,2,279,313,36,20,1,1,1
127,2,279,313,36,20,1,1,1
128,2,279,313,36,20,1,1,1
129,2,279,312,36,20,1,1,1
130,2,279,312,36,20,1,1,1
131,2,279,312,36,20,1,1,1
132,2,279,312,36,20,1,1,1
133,2,279,312,36,20,1,1,1
134,2,279,312,36,20,1,1,1
135,2,280,312,36,20,1,1,1
136,2,279,313,36,20,1,1,1
137,2,279,313,36,20,1,1,1
138,2,279,313,36,20,1,1,1
139,2,279,313,36,20,1,1,1
140,2,279,313,36,20,1,1,1
141,2,279,314,36,20,1,1,1
142,2,279,314,36,20,1,1,1
143,2,279,314,36,20,1,1,1
144,2,279,314,36,20,1,1,1
145,2,279,314,36,20,1,1,1
146,2,279,314,36,20,1,1,1
147,2,279,314,36,20,1,1,1
148,2,278,314,36,20,1,1,1
149,2,278,315,36,20,1,1,1
150,2,278,315,36,20,1,1,1
151,2,277,316,36,20,1,1,1
152,2,277,317,36,20,1,1,1
153,2,277,317,36,20,1,1,1
154,2,277,317,36,20,1,1,1
155,2,277,317,36,20,1,1,1
156,2,277,318,36,20,1,1,1
157,2,277,318,36,20,1,1,1
158,2,277,318,36,20,1,1,1
159,2,277,318,36,20,1,1,1
160,2,277,318,36,20,1,1,1
161,2,277,318,36,20,1,1,1
162,2,276,319,36,20,1,1,1
163,2,276,319,36,20,1,1,1
164,2,276,320,36,20,1,1,1
165,2,276,320,36,20,1,1,1
166,2,275,320,36,20,1,1,1
1,3,405,294,22,14,1,1,1
2,3,405,293,22,14,1,1,1
3,3,405,294,22,14,1,1,1
4,3,405,294,22,14,1,1,1
5,3,405,294,22,14,1,1,1
6,3,405,294,22,14,1,1,1
7,3,405,295,22,14,1,1,1
8,3,405,295,22,14,1,1,1
9,3,405,295,22,14,1,1,1
10,3,405,296,22,14,1,1,1
11,3,406,295,22,14,1,1,1
12,3,406,295,22,14,1,1,1
13,3,405,295,22,14,1,1,1
14,3,406,295,22,14,1,1,1
15,3,405,296,22,14,1,1,1
16,3,405,295,22,14,1,1,1
17,3,405,295,22,14,1,1,1
18,3,405,296,22,14,1,1,1
19,3,405,296,22,14,1,1,1
20,3,405,296,22,14,1,1,1
21,3,405,296,22,14,1,1,1
22,3,405,296,21,14,1,1,1
23,3,405,295,22,14,1,1,1
24,3,405,293,23,14,1,1,1
25,3,405,291,24,15,1,1,1
26,3,405,291,24,15,1,1,1
27,3,405,291,23,15,1,1,1
28,3,405,292,23,15,1,1,1
29,3,409,286,23,17,1,1,1
30,3,410,285,23,17,1,1,1
31,3,410,284,23,17,1,1,1
32,3,410,285,23,17,1,1,1
33,3,412,280,23,17,1,1,1
34,3,412,280,23,17,1,1,1
35,3,416,277,23,17,1,1,1
36,3,416,277,23,17,1,1,1
37,3,418,273,23,17,1,1,1
38,3,418,272,23,17,1,1,1
39,3,418,271,23,17,1,1,1
40,3,423,269,22,17,1,1,1
41,3,423,268,22,17,1,1,1
42,3,423,267,22,17,1,1,1
43,3,428,266,22,17,1,1,1
44,3,428,265,22,17,1,1,1
45,3,435,262,22,17,1,1,1
46,3,435,262,22,17,1,1,1
47,3,435,262,22,17,1,1,1
48,3,438,259,24,17,1,1,1
49,3,438,259,24,17,1,1,1
50,3,441,255,24,17,1,1,1
51,3,441,255,24,17,1,1,1
52,3,448,251,24,17,1,1,1
53,3,452,248,24,17,1,1,1
54,3,452,248,24,17,1,1,1
55,3,455,244,24,17,1,1,1
56,3,455,243,24,17,1,1,1
57,3,455,243,24,17,1,1,1
58,3,462,241,24,17,1,1,1
59,3,462,241,24,17,1,1,1
60,3,464,237,24,17,1,1,1
61,3,464,237,24,17,1,1,1
62,3,471,234,24,17,1,1,1
63,3,471,234,24,17,1,1,1
64,3,473,229,24,18,1,1,1
65,3,478,225,24,18,1,1,1
66,3,478,225,24,18,1,1,1
67,3,478,225,24,18,1,1,1
68,3,480,221,24,18,1,1,1
69,3,480,221,24,18,1,1,1
70,3,484,216,24,18,1,1,1
71,3,484,216,24,18,1,1,1
72,3,484,215,24,18,1,1,1
73,3,484,215,24,18,1,1,1
74,3,484,215,24,18,1,1,1
75,3,492,213,24,18,1,1,1
76,3,492,213,24,18,1,1,1
77,3,492,213,24,18,1,1,1
78,3,493,212,24,18,1,1,1
79,3,493,212,24,18,1,1,1
80,3,493,208,30,19,1,1,1
81,3,493,208,30,19,1,1,1
82,3,496,208,27,15,1,1,1
83,3,496,208,27,15,1,1,1
84,3,496,208,27,15,1,1,1
85,3,498,201,27,19,1,1,1
86,3,498,201,27,19,1,1,1
87,3,498,201,27,19,1,1,1
88,3,504,199,27,19,1,1,1
89,3,504,199,27,19,1,1,1
90,3,504,199,27,19,1,1,1
91,3,501,195,27,19,1,1,1
92,3,501,195,27,19,1,1,1
93,3,501,195,27,19,1,1,1
94,3,501,195,27,19,1,1,1
95,3,501,196,27,19,1,1,1
96,3,501,196,27,19,1,1,1
97,3,505,189,27,19,1,1,1
98,3,505,189,27,19,1,1,1
99,3,505,189,27,19,1,1,1
100,3,501,186,27,19,1,1,1
101,3,501,186,27,19,1,1,1
102,3,501,186,27,19,1,1,1
103,3,499,183,27,19,1,1,1
104,3,499,183,27,19,1,1,1
105,3,499,180,27,19,1,1,1
106,3,499,180,27,19,1,1,1
107,3,499,180,27,19,1,1,1
108,3,498,180,27,19,1,1,1
109,3,498,180,27,19,1,1,1
110,3,499,175,27,19,1,1,1
111,3,499,175,27,19,1,1,1
112,3,499,174,27,19,1,1,1
113,3,499,174,27,19,1,1,1
114,3,498,170,27,19,1,1,1
115,3,498,170,27,19,1,1,1
116,3,497,166,27,19,1,1,1
117,3,497,166,27,19,1,1,1
118,3,493,161,27,19,1,1,1
119,3,493,161,27,19,1,1,1
120,3,493,161,27,19,1,1,1
121,3,493,161,27,19,1,1,1
122,3,494,161,27,19,1,1,1
123,3,494,157,27,19,1,1,1
124,3,494,157,27,19,1,1,1
125,3,494,157,27,19,1,1,1
126,3,494,157,27,19,1,1,1
127,3,492,153,27,19,1,1,1
128,3,492,153,27,19,1,1,1
129,3,490,150,27,19,1,1,1
130,3,490,149,27,19,1,1,1
131,3,490,149,27,19,1,1,1
132,3,490,149,27,19,1,1,1
133,3,485,144,27,19,1,1,1
134,3,485,144,27,19,1,1,1
135,3,485,144,27,19,1,1,1
136,3,484,141,27,19,1,1,1
137,3,484,141,27,19,1,1,1
138,3,484,141,27,19,1,1,1
139,3,484,141,27,19,1,1,1
140,3,479,139,27,19,1,1,1
141,3,479,139,27,19,1,1,1
142,3,479,139,27,19,1,1,1
143,3,477,136,27,19,1,1,1
144,3,477,136,27,19,1,1,1
145,3,477,136,27,19,1,1,1
146,3,471,133,27,19,1,1,1
147,3,471,133,27,19,1,1,1
148,3,470,133,27,19,1,1,1
149,3,471,134,27,19,1,1,1
150,3,470,131,27,19,1,1,1
151,3,469,131,27,19,1,1,1
152,3,469,132,21,15,1,1,1
153,3,468,132,22,15,1,1,1
154,3,467,130,23,17,1,1,1
155,3,466,129,22,14,1,1,1
156,3,464,128,22,14,1,1,1
157,3,463,127,22,14,1,1,1
158,3,461,127,22,14,1,1,1
159,3,459,126,24,14,1,1,1
160,3,458,125,24,14,1,1,1
161,3,456,123,24,14,1,1,1
162,3,455,123,24,14,1,1,1
163,3,453,122,24,14,1,1,1
164,3,453,121,24,14,1,1,1
165,3,451,120,24,14,1,1,1
166,3,448,118,24,14,1,1,1
1,4,441,298,24,14,1,1,1
2,4,441,298,24,14,1,1,1
3,4,441,298,24,14,1,1,1
4,4,441,298,24,14,1,1,1
5,4,441,298,24,14,1,1,1
6,4,441,298,24,14,1,1,1
7,4,441,299,24,14,1,1,1
8,4,441,299,24,14,1,1,1
9,4,441,300,24,14,1,1,1
10,4,442,300,24,14,1,1,1
11,4,442,299,24,14,1,1,1
12,4,442,299,23,14,1,1,1
13,4,442,298,23,13,1,1,1
14,4,442,297,24,14,1,1,1
15,4,442,295,23,14,1,1,1
16,4,443,294,23,13,1,1,1
17,4,442,293,23,14,1,1,1
18,4,442,290,23,17,1,1,1
19,4,442,290,23,17,1,1,1
20,4,443,286,28,18,1,1,1
21,4,443,286,28,18,1,1,1
22,4,443,286,28,18,1,1,1
23,4,444,281,28,18,1,1,1
24,4,444,281,28,18,1,1,1
25,4,446,276,28,18,1,1,1
26,4,448,273,28,18,1,1,1
27,4,452,274,28,18,1,1,1
28,4,452,273,28,18,1,1,1
29,4,452,271,28,18,1,1,1
30,4,455,268,28,18,1,1,1
31,4,455,267,28,18,1,1,1
32,4,455,268,28,18,1,1,1
33,4,456,263,28,18,1,1,1
34,4,456,263,28,18,1,1,1
35,4,459,261,26,17,1,1,1
36,4,459,260,27,17,1,1,1
37,4,462,258,26,17,1,1,1
38,4,462,257,26,17,1,1,1
39,4,462,255,26,17,1,1,1
40,4,465,251,26,17,1,1,1
41,4,469,252,26,17,1,1,1
42,4,469,251,27,17,1,1,1
43,4,470,247,26,17,1,1,1
44,4,470,247,26,17,1,1,1
45,4,471,244,26,17,1,1,1
46,4,471,244,26,17,1,1,1
47,4,476,241,26,17,1,1,1
48,4,476,242,26,17,1,1,1
49,4,476,242,26,17,1,1,1
50,4,480,235,26,17,1,1,1
51,4,480,235,26,17,1,1,1
52,4,480,235,26,17,1,1,1
53,4,484,230,26,17,1,1,1
54,4,484,229,26,17,1,1,1
55,4,486,224,26,17,1,1,1
56,4,486,223,26,17,1,1,1
57,4,486,223,26,17,1,1,1
58,4,491,219,26,17,1,1,1
59,4,491,219,26,17,1,1,1
60,4,493,214,26,17,1,1,1
61,4,493,214,26,17,1,1,1
62,4,499,214,26,17,1,1,1
63,4,499,214,26,17,1,1,1
64,4,501,209,26,17,1,1,1
65,4,504,206,26,17,1,1,1
66,4,504,206,26,17,1,1,1
67,4,504,206,26,17,1,1,1
68,4,509,203,26,17,1,1,1
69,4,509,203,26,17,1,1,1
70,4,509,196,26,17,1,1,1
71,4,509,196,26,17,1,1,1
72,4,509,195,26,17,1,1,1
73,4,512,191,26,17,1,1,1
74,4,512,191,26,17,1,1,1
75,4,512,191,26,17,1,1,1
76,4,513,187,26,17,1,1,1
77,4,513,186,27,17,1,1,1
78,4,513,185,27,18,1,1,1
79,4,513,186,27,17,1,1,1
80,4,514,180,26,17,1,1,1
81,4,514,179,26,17,1,1,1
82,4,514,177,27,18,1,1,1
83,4,515,176,26,17,1,1,1
84,4,515,175,26,17,1,1,1
85,4,518,172,26,17,1,1,1
86,4,518,171,26,17,1,1,1
87,4,518,169,26,17,1,1,1
88,4,518,167,26,17,1,1,1
89,4,518,166,27,17,1,1,1
90,4,515,165,26,17,1,1,1
91,4,515,165,26,17,1,1,1
92,4,515,164,26,17,1,1,1
93,4,515,162,26,17,1,1,1
94,4,515,160,26,17,1,1,1
95,4,514,158,26,17,1,1,1
96,4,514,157,26,17,1,1,1
97,4,513,156,26,17,1,1,1
98,4,512,154,26,17,1,1,1
99,4,512,153,26,17,1,1,1
100,4,512,149,26,17,1,1,1
101,4,511,148,26,17,1,1,1
102,4,511,147,26,17,1,1,1
103,4,511,145,26,17,1,1,1
104,4,510,144,26,17,1,1,1
105,4,509,141,26,17,1,1,1
106,4,508,140,26,17,1,1,1
107,4,508,139,26,17,1,1,1
108,4,506,137,26,17,1,1,1
109,4,506,136,26,17,1,1,1
110,4,505,133,26,17,1,1,1
111,4,504,131,25,17,1,1,1
112,4,504,130,26,17,1,1,1
113,4,503,128,25,17,1,1,1
114,4,503,126,25,17,1,1,1
115,4,502,123,25,17,1,1,1
116,4,501,121,25,17,1,1,1
117,4,500,119,25,17,1,1,1
118,4,499,118,25,17,1,1,1
119,4,499,116,25,17,1,1,1
120,4,497,113,25,17,1,1,1
121,4,497,112,25,17,1,1,1
122,4,497,110,25,17,1,1,1
123,4,496,109,25,17,1,1,1
124,4,496,108,25,17,1,1,1
125,4,494,105,25,17,1,1,1
126,4,493,103,25,17,1,1,1
127,4,493,102,25,17,1,1,1
128,4,492,100,25,17,1,1,1
129,4,492,98,25,17,1,1,1
130,4,490,95,26,17,1,1,1
131,4,490,93,26,18,1,1,1
132,4,489,91,26,18,1,1,1
133,4,489,90,26,18,1,1,1
134,4,488,89,27,18,1,1,1
135,4,487,86,27,18,1,1,1
136,4,486,84,27,18,1,1,1
137,4,485,83,27,18,1,1,1
138,4,485,82,27,18,1,1,1
139,4,485,80,27,18,1,1,1
140,4,483,77,27,18,1,1,1
141,4,482,77,28,19,1,1,1
142,4,482,75,28,19,1,1,1
143,4,481,70,28,19,1,1,1
144,4,480,69,28,19,1,1,1
145,4,479,65,28,19,1,1,1
146,4,479,63,28,19,1,1,1
147,4,478,62,28,19,1,1,1
148,4,477,61,28,19,1,1,1
149,4,477,61,27,19,1,1,1
150,4,477,61,27,18,1,1,1
151,4,476,58,26,18,1,1,1
152,4,475,58,26,18,1,1,1
153,4,474,57,26,18,1,1,1
154,4,474,56,26,17,1,1,1
155,4,474,54,25,17,1,1,1
156,4,473,52,25,17,1,1,1
157,4,472,51,26,17,1,1,1
158,4,471,49,26,17,1,1,1
159,4,470,48,26,17,1,1,1
160,4,470,46,26,17,1,1,1
161,4,469,41,27,18,1,1,1
162,4,469,40,27,18,1,1,1
163,4,468,39,27,18,1,1,1
164,4,468,38,27,18,1,1,1
165,4,468,37,27,18,1,1,1
166,4,466,34,27,18,1,1,1
1,5,460,303,23,12,1,1,1
2,5,460,303,23,12,1,1,1
3,5,460,303,23,12,1,1,1
4,5,460,303,23,12,1,1,1
5,5,460,303,23,12,1,1,1
6,5,460,303,23,12,1,1,1
7,5,460,304,23,12,1,1,1
8,5,460,304,23,12,1,1,1
9,5,460,305,23,12,1,1,1
10,5,461,304,23,12,1,1,1
11,5,461,303,23,12,1,1,1
12,5,462,301,23,12,1,1,1
13,5,462,300,23,12,1,1,1
14,5,462,298,23,12,1,1,1
15,5,463,295,24,12,1,1,1
16,5,463,293,24,12,1,1,1
17,5,463,292,25,13,1,1,1
18,5,463,289,28,16,1,1,1
19,5,463,288,30,17,1,1,1
20,5,463,281,28,17,1,1,1
21,5,463,280,28,17,1,1,1
22,5,462,277,32,20,1,1,1
23,5,463,274,33,20,1,1,1
24,5,463,273,33,20,1,1,1
25,5,464,268,36,22,1,1,1
26,5,469,267,33,20,1,1,1
27,5,469,267,33,20,1,1,1
28,5,473,264,31,19,1,1,1
29,5,470,260,37,23,1,1,1
30,5,478,260,30,19,1,1,1
31,5,479,259,30,19,1,1,1
32,5,480,256,30,19,1,1,1
33,5,482,255,30,19,1,1,1
34,5,483,255,29,18,1,1,1
35,5,485,249,28,18,1,1,1
36,5,485,249,28,18,1,1,1
37,5,488,246,28,18,1,1,1
38,5,488,246,28,18,1,1,1
39,5,488,243,28,18,1,1,1
40,5,488,243,28,18,1,1,1
41,5,491,242,28,18,1,1,1
42,5,492,236,32,21,1,1,1
43,5,495,233,32,21,1,1,1
44,5,495,233,32,21,1,1,1
45,5,497,227,32,21,1,1,1
46,5,497,227,32,21,1,1,1
47,5,503,223,32,21,1,1,1
48,5,503,224,32,21,1,1,1
49,5,503,224,32,21,1,1,1
50,5,506,214,32,21,1,1,1
51,5,506,214,32,21,1,1,1
52,5,506,214,32,21,1,1,1
53,5,510,210,32,21,1,1,1
54,5,510,210,32,21,1,1,1
55,5,511,205,32,21,1,1,1
56,5,511,204,32,21,1,1,1
57,5,511,204,32,21,1,1,1
58,5,514,195,32,21,1,1,1
59,5,514,195,32,21,1,1,1
60,5,513,190,32,21,1,1,1
61,5,513,190,32,21,1,1,1
62,5,515,186,32,21,1,1,1
63,5,515,186,32,21,1,1,1
64,5,515,186,32,21,1,1,1
65,5,515,180,32,21,1,1,1
66,5,515,180,32,21,1,1,1
67,5,515,180,32,21,1,1,1
68,5,516,174,32,21,1,1,1
69,5,516,173,32,21,1,1,1
70,5,515,168,33,22,1,1,1
71,5,516,166,33,22,1,1,1
72,5,516,164,33,22,1,1,1
73,5,515,163,34,22,1,1,1
74,5,515,161,34,22,1,1,1
75,5,515,161,34,22,1,1,1
76,5,514,154,34,22,1,1,1
77,5,514,152,34,22,1,1,1
78,5,513,151,34,22,1,1,1
79,5,513,149,34,22,1,1,1
80,5,512,146,34,22,1,1,1
81,5,512,145,34,22,1,1,1
82,5,511,143,34,22,1,1,1
83,5,511,142,34,22,1,1,1
84,5,511,141,35,23,1,1,1
85,5,511,137,35,23,1,1,1
86,5,510,135,36,23,1,1,1
87,5,510,133,35,23,1,1,1
88,5,509,131,35,23,1,1,1
89,5,508,130,35,23,1,1,1
90,5,507,126,35,23,1,1,1
91,5,506,125,35,23,1,1,1
92,5,506,124,35,23,1,1,1
93,5,505,122,35,23,1,1,1
94,5,504,121,35,23,1,1,1
95,5,503,118,35,23,1,1,1
96,5,502,117,34,23,1,1,1
97,5,501,115,34,23,1,1,1
98,5,500,114,34,22,1,1,1
99,5,499,112,34,23,1,1,1
100,5,497,108,35,23,1,1,1
101,5,496,107,34,22,1,1,1
102,5,496,106,34,22,1,1,1
103,5,496,105,34,22,1,1,1
104,5,492,100,33,22,1,1,1
105,5,490,97,33,22,1,1,1
106,5,489,95,33,22,1,1,1
107,5,488,94,33,22,1,1,1
108,5,487,92,33,22,1,1,1
109,5,486,90,33,22,1,1,1
110,5,485,87,32,22,1,1,1
111,5,484,85,33,22,1,1,1
112,5,483,83,33,22,1,1,1
113,5,482,80,32,22,1,1,1
114,5,482,78,32,22,1,1,1
115,5,480,74,33,22,1,1,1
116,5,479,72,32,22,1,1,1
117,5,478,70,32,22,1,1,1
118,5,477,68,32,22,1,1,1
119,5,476,67,32,22,1,1,1
120,5,476,65,31,22,1,1,1
121,5,476,64,32,22,1,1,1
122,5,474,63,33,22,1,1,1
123,5,475,58,32,22,1,1,1
124,5,475,57,32,22,1,1,1
125,5,473,53,31,22,1,1,1
126,5,472,52,31,22,1,1,1
127,5,472,50,32,22,1,1,1
128,5,472,49,32,22,1,1,1
129,5,470,47,34,24,1,1,1
130,5,471,41,30,20,1,1,1
131,5,470,39,30,20,1,1,1
132,5,470,37,30,20,1,1,1
133,5,469,35,30,20,1,1,1
134,5,469,34,30,20,1,1,1
135,5,468,30,30,20,1,1,1
136,5,468,28,30,20,1,1,1
137,5,467,27,30,20,1,1,1
138,5,466,25,30,20,1,1,1
139,5,466,23,30,20,1,1,1
140,5,464,19,30,20,1,1,1
141,5,464,17,30,20,1,1,1
142,5,464,15,30,20,1,1,1
143,5,464,14,30,20,1,1,1
144,5,463,12,30,20,1,1,1
145,5,462,8,30,20,1,1,1
146,5,462,5,30,20,1,1,1
147,5,462,3,30,20,1,1,1
148,5,461,2,30,20,1,1,1
149,5,461,1,30,20,1,1,1
150,5,461,-1,30,20,1,1,1
151,5,460,-5,31,20,1,1,1
152,5,459,-6,30,20,1,1,1
153,5,459,-7,31,21,1,1,1
154,5,459,-9,30,20,1,1,1
155,5,459,-9,30,20,1,1,1
156,5,459,-9,30,20,1,1,1
1,6,478,307,31,17,1,1,1
2,6,478,307,31,17,1,1,1
3,6,478,307,31,17,1,1,1
4,6,478,307,31,17,1,1,1
5,6,478,307,31,17,1,1,1
6,6,478,307,31,17,1,1,1
7,6,478,308,31,17,1,1,1
8,6,478,308,31,17,1,1,1
9,6,478,309,31,17,1,1,1
10,6,478,309,31,17,1,1,1
11,6,479,309,31,17,1,1,1
12,6,479,308,31,17,1,1,1
13,6,479,308,31,17,1,1,1
14,6,478,308,31,17,1,1,1
15,6,478,309,31,17,1,1,1
16,6,478,308,31,17,1,1,1
17,6,478,308,31,17,1,1,1
18,6,478,309,31,17,1,1,1
19,6,478,309,31,17,1,1,1
20,6,478,309,31,17,1,1,1
21,6,478,309,31,17,1,1,1
22,6,478,310,31,17,1,1,1
23,6,478,310,31,17,1,1,1
24,6,478,310,31,17,1,1,1
25,6,478,310,31,17,1,1,1
26,6,478,310,31,17,1,1,1
27,6,478,310,31,17,1,1,1
28,6,478,310,31,17,1,1,1
29,6,478,310,31,17,1,1,1
30,6,478,310,31,17,1,1,1
31,6,478,310,31,17,1,1,1
32,6,478,310,31,17,1,1,1
33,6,478,310,31,17,1,1,1
34,6,478,310,31,17,1,1,1
35,6,477,311,30,17,1,1,1
36,6,477,311,31,17,1,1,1
37,6,477,311,31,17,1,1,1
38,6,477,311,31,17,1,1,1
39,6,477,311,31,17,1,1,1
40,6,477,311,31,17,1,1,1
41,6,477,311,31,17,1,1,1
42,6,477,311,30,17,1,1,1
43,6,477,311,31,17,1,1,1
44,6,477,312,30,17,1,1,1
45,6,477,312,31,17,1,1,1
46,6,477,312,30,17,1,1,1
47,6,477,313,30,17,1,1,1
48,6,477,313,31,17,1,1,1
49,6,477,313,31,17,1,1,1
50,6,477,312,31,17,1,1,1
51,6,477,313,31,17,1,1,1
52,6,477,312,31,17,1,1,1
53,6,477,312,30,17,1,1,1
54,6,477,311,30,17,1,1,1
55,6,477,311,30,17,1,1,1
56,6,477,310,30,17,1,1,1
57,6,477,310,30,17,1,1,1
58,6,477,310,30,17,1,1,1
59,6,477,310,30,17,1,1,1
60,6,477,310,30,17,1,1,1
61,6,477,310,30,17,1,1,1
62,6,477,310,30,17,1,1,1
63,6,477,310,30,17,1,1,1
64,6,477,310,30,17,1,1,1
65,6,477,310,30,17,1,1,1
66,6,477,310,30,17,1,1,1
67,6,477,310,30,17,1,1,1
68,6,477,311,30,17,1,1,1
69,6,477,310,30,17,1,1,1
70,6,477,310,30,17,1,1,1
71,6,477,310,30,17,1,1,1
72,6,477,309,30,17,1,1,1
73,6,477,309,30,17,1,1,1
74,6,477,309,30,17,1,1,1
75,6,477,309,30,17,1,1,1
76,6,477,310,30,17,1,1,1
77,6,477,310,30,17,1,1,1
78,6,477,310,30,17,1,1,1
79,6,477,310,30,17,1,1,1
80,6,477,311,30,17,1,1,1
81,6,477,311,30,17,1,1,1
82,6,477,311,30,17,1,1,1
83,6,477,312,30,17,1,1,1
84,6,477,312,30,17,1,1,1
85,6,477,312,30,17,1,1,1
86,6,477,312,30,17,1,1,1
87,6,477,311,30,17,1,1,1
88,6,477,312,30,17,1,1,1
89,6,477,312,30,17,1,1,1
90,6,477,312,30,17,1,1,1
91,6,477,313,30,17,1,1,1
92,6,477,313,30,17,1,1,1
93,6,477,313,30,17,1,1,1
94,6,477,313,30,17,1,1,1
95,6,477,314,30,17,1,1,1
96,6,477,314,30,17,1,1,1
97,6,476,314,30,17,1,1,1
98,6,476,315,30,17,1,1,1
99,6,477,315,30,17,1,1,1
100,6,477,314,30,17,1,1,1
101,6,476,314,30,17,1,1,1
102,6,476,314,30,17,1,1,1
103,6,477,314,30,17,1,1,1
104,6,476,314,30,17,1,1,1
105,6,476,314,30,17,1,1,1
106,6,476,315,30,17,1,1,1
107,6,476,315,30,17,1,1,1
108,6,476,314,30,17,1,1,1
109,6,476,314,30,17,1,1,1
110,6,476,314,30,17,1,1,1
111,6,476,314,30,17,1,1,1
112,6,476,314,30,17,1,1,1
113,6,476,313,30,17,1,1,1
114,6,476,313,30,17,1,1,1
115,6,476,312,30,17,1,1,1
116,6,476,312,30,17,1,1,1
117,6,476,312,30,17,1,1,1
118,6,476,312,30,17,1,1,1
119,6,476,312,30,17,1,1,1
120,6,476,312,30,17,1,1,1
121,6,476,312,30,17,1,1,1
122,6,477,312,30,17,1,1,1
123,6,477,312,30,17,1,1,1
124,6,477,312,30,17,1,1,1
125,6,477,312,30,17,1,1,1
126,6,477,312,30,17,1,1,1
127,6,477,312,30,17,1,1,1
128,6,477,312,30,17,1,1,1
129,6,477,312,30,17,1,1,1
130,6,477,311,30,17,1,1,1
131,6,477,311,30,17,1,1,1
132,6,477,311,30,17,1,1,1
133,6,477,311,30,17,1,1,1
134,6,477,311,30,17,1,1,1
135,6,477,311,30,17,1,1,1
136,6,477,312,30,17,1,1,1
137,6,477,312,30,17,1,1,1
138,6,477,312,30,17,1,1,1
139,6,477,312,30,17,1,1,1
140,6,476,312,30,17,1,1,1
141,6,477,312,30,17,1,1,1
142,6,477,312,30,17,1,1,1
143,6,477,312,30,17,1,1,1
144,6,476,313,30,17,1,1,1
145,6,476,312,30,17,1,1,1
146,6,477,312,30,17,1,1,1
147,6,476,312,30,17,1,1,1
148,6,476,313,30,17,1,1,1
149,6,476,313,30,17,1,1,1
150,6,476,314,30,17,1,1,1
151,6,475,314,30,17,1,1,1
152,6,475,315,30,17,1,1,1
153,6,475,315,30,17,1,1,1
154,6,475,315,30,17,1,1,1
155,6,475,315,30,17,1,1,1
156,6,475,316,30,17,1,1,1
157,6,475,316,30,17,1,1,1
158,6,475,316,30,17,1,1,1
159,6,475,316,30,17,1,1,1
160,6,475,316,30,17,1,1,1
161,6,475,316,30,17,1,1,1
162,6,474,317,30,17,1,1,1
163,6,474,317,30,17,1,1,1
164,6,474,317,30,17,1,1,1
165,6,474,317,30,17,1,1,1
166,6,473,317,30,17,1,1,1
1,7,585,297,26,13,1,1,1
2,7,585,297,26,13,1,1,1
3,7,585,297,26,13,1,1,1
4,7,585,297,26,13,1,1,1
5,7,585,297,26,13,1,1,1
6,7,585,297,26,13,1,1,1
7,7,585,298,26,13,1,1,1
8,7,585,298,26,13,1,1,1
9,7,585,299,26,13,1,1,1
10,7,586,298,25,12,1,1,1
11,7,588,297,24,12,1,1,1
12,7,588,296,23,12,1,1,1
13,7,588,294,24,12,1,1,1
14,7,588,294,24,12,1,1,1
15,7,588,288,23,16,1,1,1
16,7,588,287,23,16,1,1,1
17,7,588,283,23,17,1,1,1
18,7,588,283,23,17,1,1,1
19,7,591,283,23,17,1,1,1
20,7,594,279,23,17,1,1,1
21,7,600,277,23,17,1,1,1
22,7,600,277,23,17,1,1,1
23,7,604,274,23,17,1,1,1
24,7,604,274,23,17,1,1,1
25,7,606,268,23,17,1,1,1
26,7,606,268,23,17,1,1,1
27,7,606,268,23,17,1,1,1
28,7,607,263,27,19,1,1,1
29,7,607,261,29,20,1,1,1
30,7,614,260,27,19,1,1,1
31,7,615,258,27,19,1,1,1
32,7,617,256,27,19,1,1,1
33,7,620,254,27,19,1,1,1
34,7,622,252,27,19,1,1,1
35,7,625,249,27,19,1,1,1
36,7,628,247,26,19,1,1,1
37,7,630,246,26,18,1,1,1
38,7,630,246,27,15,1,1,1
39,7,633,245,26,14,1,1,1
40,7,634,240,23,17,1,1,1
41,7,638,237,30,20,1,1,1
42,7,638,237,30,20,1,1,1
43,7,645,233,30,20,1,1,1
44,7,646,232,33,22,1,1,1
45,7,645,229,33,22,1,1,1
46,7,646,228,35,23,1,1,1
47,7,654,226,23,19,1,1,1
48,7,656,225,23,19,1,1,1
49,7,658,223,23,19,1,1,1
50,7,661,219,23,19,1,1,1
51,7,663,217,23,19,1,1,1
52,7,665,215,23,19,1,1,1
53,7,666,213,23,19,1,1,1
54,7,668,211,23,19,1,1,1
55,7,672,207,24,19,1,1,1
56,7,673,205,23,19,1,1,1
57,7,674,202,23,19,1,1,1
58,7,676,201,23,19,1,1,1
59,7,677,199,23,19,1,1,1
60,7,680,195,23,19,1,1,1
61,7,681,194,23,19,1,1,1
62,7,682,192,23,19,1,1,1
63,7,684,191,22,18,1,1,1
64,7,685,191,22,18,1,1,1
65,7,687,187,22,18,1,1,1
66,7,688,185,22,19,1,1,1
67,7,688,185,22,18,1,1,1
68,7,689,181,22,18,1,1,1
69,7,691,176,24,19,1,1,1
70,7,692,173,26,21,1,1,1
71,7,692,172,26,21,1,1,1
72,7,692,172,26,21,1,1,1
73,7,691,169,28,19,1,1,1
74,7,691,168,28,19,1,1,1
75,7,690,168,28,19,1,1,1
76,7,692,161,28,19,1,1,1
77,7,692,161,27,19,1,1,1
78,7,693,160,27,19,1,1,1
79,7,690,158,29,19,1,1,1
80,7,690,151,31,21,1,1,1
81,7,690,150,31,21,1,1,1
82,7,690,148,31,21,1,1,1
83,7,690,147,31,21,1,1,1
84,7,690,145,31,21,1,1,1
85,7,690,143,31,21,1,1,1
86,7,689,141,32,22,1,1,1
87,7,689,140,32,21,1,1,1
88,7,689,139,32,21,1,1,1
89,7,689,138,31,21,1,1,1
90,7,687,135,30,20,1,1,1
91,7,687,134,30,20,1,1,1
92,7,686,131,29,20,1,1,1
93,7,685,129,29,20,1,1,1
94,7,684,128,29,20,1,1,1
95,7,683,125,29,20,1,1,1
96,7,681,124,29,20,1,1,1
97,7,680,122,29,20,1,1,1
98,7,679,121,29,20,1,1,1
99,7,678,119,29,20,1,1,1
100,7,677,116,29,20,1,1,1
101,7,675,114,29,20,1,1,1
102,7,674,112,29,20,1,1,1
103,7,673,111,29,20,1,1,1
104,7,672,109,29,20,1,1,1
105,7,669,106,30,20,1,1,1
106,7,668,105,29,20,1,1,1
107,7,667,104,30,21,1,1,1
108,7,665,102,30,21,1,1,1
109,7,664,101,30,21,1,1,1
110,7,662,98,30,21,1,1,1
111,7,661,96,30,21,1,1,1
112,7,659,94,30,21,1,1,1
113,7,658,92,31,21,1,1,1
114,7,657,90,31,21,1,1,1
115,7,655,87,31,21,1,1,1
116,7,654,85,31,21,1,1,1
117,7,653,83,31,21,1,1,1
118,7,652,82,31,21,1,1,1
119,7,650,80,31,21,1,1,1
120,7,648,77,31,21,1,1,1
121,7,647,76,31,21,1,1,1
122,7,647,74,31,21,1,1,1
123,7,647,73,31,21,1,1,1
124,7,646,72,31,21,1,1,1
125,7,644,69,30,21,1,1,1
126,7,643,68,30,21,1,1,1
127,7,642,66,30,20,1,1,1
128,7,641,64,30,21,1,1,1
129,7,640,62,31,21,1,1,1
130,7,638,59,31,21,1,1,1
131,7,638,58,29,20,1,1,1
132,7,637,56,30,20,1,1,1
133,7,636,54,30,21,1,1,1
134,7,635,53,30,20,1,1,1
135,7,634,50,31,21,1,1,1
136,7,633,49,31,21,1,1,1
137,7,632,48,30,20,1,1,1
138,7,632,47,30,20,1,1,1
139,7,631,45,30,21,1,1,1
140,7,629,42,30,20,1,1,1
141,7,628,41,30,20,1,1,1
142,7,628,39,30,20,1,1,1
143,7,627,34,30,20,1,1,1
144,7,626,32,30,20,1,1,1
145,7,625,29,30,20,1,1,1
146,7,625,26,30,20,1,1,1
147,7,624,25,30,20,1,1,1
148,7,623,24,30,20,1,1,1
149,7,623,23,30,20,1,1,1
150,7,622,21,30,20,1,1,1
151,7,621,18,30,20,1,1,1
152,7,620,17,30,20,1,1,1
153,7,619,16,30,20,1,1,1
154,7,619,14,30,20,1,1,1
155,7,619,12,30,20,1,1,1
156,7,618,9,30,20,1,1,1
157,7,618,8,30,20,1,1,1
158,7,617,6,30,20,1,1,1
159,7,617,4,30,20,1,1,1
160,7,617,3,30,20,1,1,1
161,7,617,-1,30,20,1,1,1
162,7,616,-2,30,20,1,1,1
163,7,616,-4,30,20,1,1,1
164,7,616,-5,30,20,1,1,1
165,7,616,-7,30,20,1,1,1
166,7,614,-11,31,20,1,1,1
