1,-1,183,72,16,11,1,-1,-1,-1
1,-1,235,99,17,12,1,-1,-1,-1
1,-1,244,228,18,13,1,-1,-1,-1
1,-1,259,267,16,12,1,-1,-1,-1
1,-1,266,96,17,12,1,-1,-1,-1
1,-1,309,238,15,13,1,-1,-1,-1
1,-1,399,145,16,11,1,-1,-1,-1
1,-1,495,290,16,13,1,-1,-1,-1
1,-1,523,250,15,11,1,-1,-1,-1
1,-1,562,277,17,13,1,-1,-1,-1
1,-1,616,199,17,13,1,-1,-1,-1
2,-1,184,71,16,11,1,-1,-1,-1
2,-1,235,99,17,12,1,-1,-1,-1
2,-1,244,227,18,13,1,-1,-1,-1
2,-1,259,266,16,12,1,-1,-1,-1
2,-1,267,95,17,12,1,-1,-1,-1
2,-1,309,237,15,13,1,-1,-1,-1
2,-1,399,144,16,11,1,-1,-1,-1
2,-1,496,289,16,13,1,-1,-1,-1
2,-1,523,250,15,11,1,-1,-1,-1
2,-1,561,277,17,13,1,-1,-1,-1
2,-1,616,199,17,13,1,-1,-1,-1
3,-1,185,70,16,11,1,-1,-1,-1
3,-1,235,98,17,12,1,-1,-1,-1
3,-1,244,226,18,13,1,-1,-1,-1
3,-1,258,266,16,12,1,-1,-1,-1
3,-1,267,94,17,12,1,-1,-1,-1
3,-1,308,237,15,13,1,-1,-1,-1
3,-1,400,143,16,11,1,-1,-1,-1
3,-1,496,288,16,13,1,-1,-1,-1
3,-1,522,250,15,11,1,-1,-1,-1
3,-1,561,276,17,13,1,-1,-1,-1
3,-1,616,199,17,13,1,-1,-1,-1
4,-1,187,70,15,11,1,-1,-1,-1
4,-1,234,98,17,12,1,-1,-1,-1
4,-1,244,225,17,13,1,-1,-1,-1
4,-1,258,266,16,12,1,-1,-1,-1
4,-1,267,94,17,12,1,-1,-1,-1
4,-1,308,237,15,13,1,-1,-1,-1
4,-1,400,142,16,11,1,-1,-1,-1
4,-1,497,287,16,13,1,-1,-1,-1
4,-1,521,250,15,11,1,-1,-1,-1
4,-1,561,276,17,13,1,-1,-1,-1
4,-1,615,199,17,13,1,-1,-1,-1
5,-1,188,69,15,11,1,-1,-1,-1
5,-1,234,97,17,12,1,-1,-1,-1
5,-1,243,224,17,13,1,-1,-1,-1
5,-1,257,266,15,12,1,-1,-1,-1
5,-1,268,93,17,12,1,-1,-1,-1
5,-1,307,237,15,13,1,-1,-1,-1
5,-1,400,142,16,11,1,-1,-1,-1
5,-1,497,286,16,13,1,-1,-1,-1
5,-1,521,250,15,11,1,-1,-1,-1
5,-1,560,276,17,13,1,-1,-1,-1
5,-1,615,198,17,13,1,-1,-1,-1
6,-1,189,68,15,11,1,-1,-1,-1
6,-1,234,97,17,12,1,-1,-1,-1
6,-1,243,224,17,13,1,-1,-1,-1
6,-1,257,265,16,12,1,-1,-1,-1
6,-1,269,92,17,12,1,-1,-1,-1
6,-1,307,237,15,13,1,-1,-1,-1
6,-1,400,141,16,11,1,-1,-1,-1
6,-1,498,285,16,13,1,-1,-1,-1
6,-1,520,250,15,11,1,-1,-1,-1
6,-1,560,276,17,13,1,-1,-1,-1
6,-1,614,198,17,13,1,-1,-1,-1
7,-1,190,66,16,11,1,-1,-1,-1
7,-1,234,96,17,12,1,-1,-1,-1
7,-1,243,222,17,13,1,-1,-1,-1
7,-1,257,264,16,12,1,-1,-1,-1
7,-1,269,91,17,12,1,-1,-1,-1
7,-1,306,236,15,13,1,-1,-1,-1
7,-1,401,139,16,11,1,-1,-1,-1
7,-1,499,284,16,13,1,-1,-1,-1
7,-1,520,250,15,11,1,-1,-1,-1
7,-1,559,275,17,13,1,-1,-1,-1
7,-1,614,198,17,13,1,-1,-1,-1
8,-1,191,65,15,10,1,-1,-1,-1
8,-1,234,95,17,12,1,-1,-1,-1
8,-1,243,221,17,12,1,-1,-1,-1
8,-1,257,263,15,11,1,-1,-1,-1
8,-1,270,90,17,12,1,-1,-1,-1
8,-1,307,236,14,12,1,-1,-1,-1
8,-1,401,138,16,11,1,-1,-1,-1
8,-1,500,283,16,13,1,-1,-1,-1
8,-1,519,250,15,11,1,-1,-1,-1
8,-1,559,275,17,13,1,-1,-1,-1
8,-1,614,197,17,13,1,-1,-1,-1
9,-1,193,63,16,11,1,-1,-1,-1
9,-1,234,94,16,12,1,-1,-1,-1
9,-1,244,219,17,12,1,-1,-1,-1
9,-1,257,262,15,11,1,-1,-1,-1
9,-1,271,89,17,12,1,-1,-1,-1
9,-1,307,235,14,12,1,-1,-1,-1
9,-1,402,137,17,11,1,-1,-1,-1
9,-1,501,281,16,13,1,-1,-1,-1
9,-1,519,249,15,11,1,-1,-1,-1
9,-1,559,274,17,13,1,-1,-1,-1
9,-1,615,197,16,13,1,-1,-1,-1
10,-1,194,62,16,11,1,-1,-1,-1
10,-1,235,93,16,12,1,-1,-1,-1
10,-1,244,218,17,12,1,-1,-1,-1
10,-1,257,261,15,11,1,-1,-1,-1
10,-1,272,88,17,12,1,-1,-1,-1
10,-1,308,234,14,12,1,-1,-1,-1
10,-1,403,135,17,12,1,-1,-1,-1
10,-1,502,280,16,13,1,-1,-1,-1
10,-1,519,249,14,11,1,-1,-1,-1
10,-1,560,273,17,13,1,-1,-1,-1
10,-1,615,196,17,13,1,-1,-1,-1
11,-1,196,61,16,11,1,-1,-1,-1
11,-1,235,93,16,12,1,-1,-1,-1
11,-1,245,217,17,12,1,-1,-1,-1
11,-1,258,260,15,11,1,-1,-1,-1
11,-1,273,87,17,12,1,-1,-1,-1
11,-1,309,234,14,12,1,-1,-1,-1
11,-1,404,134,17,12,1,-1,-1,-1
11,-1,504,279,16,13,1,-1,-1,-1
11,-1,519,249,14,10,1,-1,-1,-1
11,-1,560,273,16,12,1,-1,-1,-1
11,-1,615,196,16,13,1,-1,-1,-1
12,-1,198,60,16,11,1,-1,-1,-1
12,-1,236,92,16,12,1,-1,-1,-1
12,-1,245,216,17,12,1,-1,-1,-1
12,-1,258,259,15,11,1,-1,-1,-1
12,-1,274,86,17,12,1,-1,-1,-1
12,-1,309,233,14,12,1,-1,-1,-1
12,-1,404,133,17,11,1,-1,-1,-1
12,-1,505,278,16,13,1,-1,-1,-1
12,-1,519,249,14,10,1,-1,-1,-1
12,-1,560,273,16,12,1,-1,-1,-1
12,-1,615,196,16,12,1,-1,-1,-1
13,-1,199,59,16,11,1,-1,-1,-1
13,-1,236,92,16,12,1,-1,-1,-1
13,-1,245,215,17,12,1,-1,-1,-1
13,-1,258,259,15,11,1,-1,-1,-1
13,-1,275,86,18,12,1,-1,-1,-1
13,-1,309,233,14,12,1,-1,-1,-1
13,-1,405,133,17,12,1,-1,-1,-1
13,-1,505,278,16,13,1,-1,-1,-1
13,-1,519,249,15,11,1,-1,-1,-1
13,-1,560,273,16,12,1,-1,-1,-1
13,-1,616,196,16,13,1,-1,-1,-1
14,-1,200,58,16,11,1,-1,-1,-1
14,-1,236,92,16,12,1,-1,-1,-1
14,-1,245,214,17,12,1,-1,-1,-1
14,-1,258,258,14,11,1,-1,-1,-1
14,-1,275,85,18,12,1,-1,-1,-1
14,-1,309,232,13,12,1,-1,-1,-1
14,-1,405,132,16,11,1,-1,-1,-1
14,-1,505,277,16,13,1,-1,-1,-1
14,-1,518,249,14,11,1,-1,-1,-1
14,-1,559,273,16,12,1,-1,-1,-1
14,-1,615,196,17,13,1,-1,-1,-1
15,-1,200,57,16,11,1,-1,-1,-1
15,-1,235,91,16,12,1,-1,-1,-1
15,-1,244,213,17,12,1,-1,-1,-1
15,-1,257,256,15,11,1,-1,-1,-1
15,-1,275,84,17,12,1,-1,-1,-1
15,-1,309,231,13,12,1,-1,-1,-1
15,-1,405,131,17,12,1,-1,-1,-1
15,-1,506,276,16,13,1,-1,-1,-1
15,-1,517,249,14,11,1,-1,-1,-1
15,-1,558,272,16,12,1,-1,-1,-1
15,-1,614,195,17,13,1,-1,-1,-1
16,-1,201,56,16,11,1,-1,-1,-1
16,-1,234,90,17,12,1,-1,-1,-1
16,-1,243,212,17,12,1,-1,-1,-1
16,-1,256,255,15,11,1,-1,-1,-1
16,-1,274,83,18,13,1,-1,-1,-1
16,-1,308,230,13,12,1,-1,-1,-1
16,-1,404,129,17,11,1,-1,-1,-1
16,-1,506,275,16,13,1,-1,-1,-1
16,-1,516,249,14,11,1,-1,-1,-1
16,-1,558,272,16,12,1,-1,-1,-1
16,-1,613,195,16,13,1,-1,-1,-1
17,-1,202,54,16,11,1,-1,-1,-1
17,-1,234,89,16,12,1,-1,-1,-1
17,-1,243,211,16,12,1,-1,-1,-1
17,-1,255,254,15,11,1,-1,-1,-1
17,-1,274,82,18,13,1,-1,-1,-1
17,-1,308,229,13,11,1,-1,-1,-1
17,-1,404,128,17,12,1,-1,-1,-1
17,-1,506,274,16,13,1,-1,-1,-1
17,-1,514,249,14,10,1,-1,-1,-1
17,-1,556,271,16,12,1,-1,-1,-1
17,-1,612,194,16,13,1,-1,-1,-1
18,-1,202,53,16,11,1,-1,-1,-1
18,-1,233,89,16,11,1,-1,-1,-1
18,-1,243,209,16,12,1,-1,-1,-1
18,-1,255,253,15,11,1,-1,-1,-1
18,-1,274,82,18,13,1,-1,-1,-1
18,-1,308,228,13,11,1,-1,-1,-1
18,-1,404,127,17,12,1,-1,-1,-1
18,-1,506,273,16,13,1,-1,-1,-1
18,-1,513,248,14,10,1,-1,-1,-1
18,-1,555,271,16,12,1,-1,-1,-1
18,-1,612,194,16,12,1,-1,-1,-1
19,-1,203,52,16,11,1,-1,-1,-1
19,-1,233,88,16,11,1,-1,-1,-1
19,-1,242,208,16,12,1,-1,-1,-1
19,-1,254,251,15,11,1,-1,-1,-1
19,-1,274,81,18,13,1,-1,-1,-1
19,-1,307,227,13,12,1,-1,-1,-1
19,-1,404,126,17,11,1,-1,-1,-1
19,-1,506,272,16,13,1,-1,-1,-1
19,-1,512,248,14,10,1,-1,-1,-1
19,-1,554,270,16,12,1,-1,-1,-1
19,-1,611,193,16,12,1,-1,-1,-1
20,-1,203,50,16,11,1,-1,-1,-1
20,-1,232,87,16,11,1,-1,-1,-1
20,-1,241,207,16,12,1,-1,-1,-1
20,-1,253,250,15,11,1,-1,-1,-1
20,-1,273,80,18,13,1,-1,-1,-1
20,-1,306,225,13,11,1,-1,-1,-1
20,-1,403,125,17,11,1,-1,-1,-1
20,-1,506,271,16,13,1,-1,-1,-1
20,-1,511,248,14,10,1,-1,-1,-1
20,-1,553,270,15,12,1,-1,-1,-1
20,-1,610,193,16,12,1,-1,-1,-1
21,-1,204,49,16,11,1,-1,-1,-1
21,-1,231,86,16,11,1,-1,-1,-1
21,-1,240,205,17,12,1,-1,-1,-1
21,-1,252,249,15,11,1,-1,-1,-1
21,-1,273,79,18,13,1,-1,-1,-1
21,-1,306,224,13,11,1,-1,-1,-1
21,-1,403,124,17,12,1,-1,-1,-1
21,-1,506,270,16,13,1,-1,-1,-1
21,-1,509,247,14,11,1,-1,-1,-1
21,-1,552,269,15,12,1,-1,-1,-1
21,-1,609,193,16,12,1,-1,-1,-1
22,-1,204,48,16,11,1,-1,-1,-1
22,-1,230,85,16,11,1,-1,-1,-1
22,-1,239,204,16,12,1,-1,-1,-1
22,-1,251,247,15,11,1,-1,-1,-1
22,-1,272,78,18,13,1,-1,-1,-1
22,-1,305,223,13,11,1,-1,-1,-1
22,-1,402,123,17,12,1,-1,-1,-1
22,-1,505,269,16,13,1,-1,-1,-1
22,-1,508,247,14,10,1,-1,-1,-1
22,-1,551,269,16,12,1,-1,-1,-1
22,-1,608,192,16,12,1,-1,-1,-1
23,-1,204,47,17,11,1,-1,-1,-1
23,-1,230,85,16,12,1,-1,-1,-1
23,-1,239,204,16,12,1,-1,-1,-1
23,-1,250,247,15,11,1,-1,-1,-1
23,-1,272,78,18,13,1,-1,-1,-1
23,-1,305,222,13,12,1,-1,-1,-1
23,-1,402,122,17,12,1,-1,-1,-1
23,-1,505,269,16,13,1,-1,-1,-1
23,-1,506,248,14,10,1,-1,-1,-1
23,-1,550,269,16,12,1,-1,-1,-1
23,-1,607,192,16,12,1,-1,-1,-1
24,-1,204,46,16,11,1,-1,-1,-1
24,-1,229,84,16,11,1,-1,-1,-1
24,-1,238,203,16,12,1,-1,-1,-1
24,-1,249,246,15,11,1,-1,-1,-1
24,-1,271,78,18,13,1,-1,-1,-1
24,-1,304,221,13,11,1,-1,-1,-1
24,-1,401,122,17,12,1,-1,-1,-1
24,-1,505,248,14,10,1,-1,-1,-1
24,-1,505,269,16,13,1,-1,-1,-1
24,-1,548,270,15,12,1,-1,-1,-1
24,-1,606,192,16,12,1,-1,-1,-1
25,-1,204,46,16,11,1,-1,-1,-1
25,-1,228,84,16,11,1,-1,-1,-1
25,-1,237,203,16,12,1,-1,-1,-1
25,-1,248,245,15,11,1,-1,-1,-1
25,-1,270,77,18,13,1,-1,-1,-1
25,-1,303,220,13,12,1,-1,-1,-1
25,-1,400,121,17,12,1,-1,-1,-1
25,-1,503,248,14,10,1,-1,-1,-1
25,-1,505,268,16,13,1,-1,-1,-1
25,-1,547,270,15,12,1,-1,-1,-1
25,-1,604,192,16,12,1,-1,-1,-1
26,-1,205,45,16,11,1,-1,-1,-1
26,-1,227,83,16,12,1,-1,-1,-1
26,-1,236,202,16,12,1,-1,-1,-1
26,-1,247,244,14,11,1,-1,-1,-1
26,-1,270,77,18,13,1,-1,-1,-1
26,-1,303,219,13,12,1,-1,-1,-1
26,-1,399,121,17,12,1,-1,-1,-1
26,-1,502,248,14,10,1,-1,-1,-1
26,-1,504,268,16,13,1,-1,-1,-1
26,-1,545,270,15,12,1,-1,-1,-1
26,-1,603,192,16,12,1,-1,-1,-1
27,-1,205,44,16,11,1,-1,-1,-1
27,-1,227,82,16,11,1,-1,-1,-1
27,-1,236,201,16,12,1,-1,-1,-1
27,-1,247,243,14,11,1,-1,-1,-1
27,-1,270,77,18,13,1,-1,-1,-1
27,-1,303,218,14,12,1,-1,-1,-1
27,-1,399,120,17,12,1,-1,-1,-1
27,-1,501,248,14,10,1,-1,-1,-1
27,-1,505,267,16,13,1,-1,-1,-1
27,-1,545,270,15,12,1,-1,-1,-1
27,-1,603,192,16,12,1,-1,-1,-1
28,-1,207,43,17,11,1,-1,-1,-1
28,-1,227,82,16,11,1,-1,-1,-1
28,-1,236,200,16,12,1,-1,-1,-1
28,-1,247,242,15,11,1,-1,-1,-1
28,-1,270,76,18,13,1,-1,-1,-1
28,-1,303,216,13,12,1,-1,-1,-1
28,-1,400,119,17,12,1,-1,-1,-1
28,-1,501,248,14,10,1,-1,-1,-1
28,-1,506,267,16,13,1,-1,-1,-1
28,-1,545,270,15,12,1,-1,-1,-1
28,-1,603,192,16,12,1,-1,-1,-1
29,-1,209,42,16,11,1,-1,-1,-1
29,-1,228,82,16,11,1,-1,-1,-1
29,-1,237,199,16,12,1,-1,-1,-1
29,-1,248,242,15,11,1,-1,-1,-1
29,-1,271,76,18,13,1,-1,-1,-1
29,-1,305,215,13,12,1,-1,-1,-1
29,-1,401,119,17,12,1,-1,-1,-1
29,-1,501,248,14,10,1,-1,-1,-1
29,-1,507,267,16,13,1,-1,-1,-1
29,-1,545,271,15,12,1,-1,-1,-1
29,-1,604,192,16,12,1,-1,-1,-1
30,-1,211,42,16,11,1,-1,-1,-1
30,-1,229,81,16,11,1,-1,-1,-1
30,-1,238,199,16,12,1,-1,-1,-1
30,-1,249,241,15,11,1,-1,-1,-1
30,-1,273,76,18,13,1,-1,-1,-1
30,-1,306,214,13,12,1,-1,-1,-1
30,-1,402,118,17,12,1,-1,-1,-1
30,-1,501,249,14,10,1,-1,-1,-1
30,-1,509,267,16,13,1,-1,-1,-1
30,-1,545,271,15,11,1,-1,-1,-1
30,-1,605,192,16,12,1,-1,-1,-1
31,-1,213,41,16,11,1,-1,-1,-1
31,-1,230,80,16,11,1,-1,-1,-1
31,-1,239,198,16,12,1,-1,-1,-1
31,-1,250,240,15,11,1,-1,-1,-1
31,-1,274,75,18,13,1,-1,-1,-1
31,-1,307,213,14,12,1,-1,-1,-1
31,-1,403,118,17,12,1,-1,-1,-1
31,-1,501,249,14,10,1,-1,-1,-1
31,-1,510,266,16,13,1,-1,-1,-1
31,-1,545,271,15,12,1,-1,-1,-1
31,-1,605,191,16,12,1,-1,-1,-1
32,-1,214,40,17,11,1,-1,-1,-1
32,-1,231,79,16,11,1,-1,-1,-1
32,-1,240,197,16,12,1,-1,-1,-1
32,-1,250,239,15,11,1,-1,-1,-1
32,-1,274,75,18,13,1,-1,-1,-1
32,-1,308,212,14,12,1,-1,-1,-1
32,-1,404,117,17,12,1,-1,-1,-1
32,-1,501,249,14,10,1,-1,-1,-1
32,-1,512,266,16,13,1,-1,-1,-1
32,-1,546,271,15,12,1,-1,-1,-1
32,-1,606,191,16,12,1,-1,-1,-1
33,-1,216,39,17,11,1,-1,-1,-1
33,-1,231,79,15,11,1,-1,-1,-1
33,-1,240,196,16,12,1,-1,-1,-1
33,-1,250,238,15,11,1,-1,-1,-1
33,-1,274,75,18,13,1,-1,-1,-1
33,-1,308,210,14,12,1,-1,-1,-1
33,-1,404,117,17,11,1,-1,-1,-1
33,-1,501,249,14,10,1,-1,-1,-1
33,-1,512,265,16,13,1,-1,-1,-1
33,-1,545,271,15,12,1,-1,-1,-1
33,-1,606,191,16,12,1,-1,-1,-1
34,-1,217,38,16,11,1,-1,-1,-1
34,-1,231,78,16,11,1,-1,-1,-1
34,-1,240,195,16,12,1,-1,-1,-1
34,-1,250,237,15,11,1,-1,-1,-1
34,-1,274,74,18,13,1,-1,-1,-1
34,-1,309,209,14,12,1,-1,-1,-1
34,-1,404,116,17,12,1,-1,-1,-1
34,-1,500,249,14,10,1,-1,-1,-1
34,-1,513,265,16,13,1,-1,-1,-1
34,-1,545,272,15,12,1,-1,-1,-1
34,-1,606,190,16,12,1,-1,-1,-1
35,-1,218,38,16,11,1,-1,-1,-1
35,-1,231,78,15,11,1,-1,-1,-1
35,-1,240,194,16,12,1,-1,-1,-1
35,-1,250,236,15,11,1,-1,-1,-1
35,-1,274,74,18,13,1,-1,-1,-1
35,-1,309,207,14,12,1,-1,-1,-1
35,-1,404,115,17,12,1,-1,-1,-1
35,-1,499,249,14,10,1,-1,-1,-1
35,-1,513,265,16,13,1,-1,-1,-1
35,-1,544,272,15,12,1,-1,-1,-1
35,-1,605,190,16,13,1,-1,-1,-1
36,-1,218,36,16,11,1,-1,-1,-1
36,-1,231,77,15,11,1,-1,-1,-1
36,-1,240,193,16,12,1,-1,-1,-1
36,-1,250,235,15,11,1,-1,-1,-1
36,-1,274,74,18,13,1,-1,-1,-1
36,-1,309,206,14,12,1,-1,-1,-1
36,-1,404,114,17,12,1,-1,-1,-1
36,-1,498,249,14,10,1,-1,-1,-1
36,-1,514,265,16,13,1,-1,-1,-1
36,-1,543,272,15,11,1,-1,-1,-1
36,-1,605,190,16,12,1,-1,-1,-1
37,-1,219,35,17,12,1,-1,-1,-1
37,-1,231,75,16,11,1,-1,-1,-1
37,-1,240,192,16,12,1,-1,-1,-1
37,-1,250,233,15,11,1,-1,-1,-1
37,-1,274,73,18,13,1,-1,-1,-1
37,-1,309,204,14,12,1,-1,-1,-1
37,-1,404,114,17,12,1,-1,-1,-1
37,-1,497,249,14,10,1,-1,-1,-1
37,-1,514,264,16,13,1,-1,-1,-1
37,-1,543,272,15,12,1,-1,-1,-1
37,-1,604,189,16,12,1,-1,-1,-1
38,-1,220,34,17,12,1,-1,-1,-1
38,-1,231,74,16,11,1,-1,-1,-1
38,-1,240,191,16,12,1,-1,-1,-1
38,-1,249,232,15,11,1,-1,-1,-1
38,-1,274,72,19,13,1,-1,-1,-1
38,-1,309,203,14,12,1,-1,-1,-1
38,-1,404,113,17,12,1,-1,-1,-1
38,-1,496,249,14,10,1,-1,-1,-1
38,-1,515,264,16,13,1,-1,-1,-1
38,-1,542,272,15,12,1,-1,-1,-1
38,-1,604,189,16,12,1,-1,-1,-1
39,-1,221,33,16,11,1,-1,-1,-1
39,-1,231,73,16,11,1,-1,-1,-1
39,-1,239,190,17,12,1,-1,-1,-1
39,-1,249,230,15,11,1,-1,-1,-1
39,-1,274,72,18,13,1,-1,-1,-1
39,-1,309,201,14,12,1,-1,-1,-1
39,-1,404,112,17,12,1,-1,-1,-1
39,-1,495,248,14,10,1,-1,-1,-1
39,-1,515,263,16,13,1,-1,-1,-1
39,-1,541,272,15,12,1,-1,-1,-1
39,-1,603,188,16,12,1,-1,-1,-1
40,-1,221,32,17,11,1,-1,-1,-1
40,-1,230,72,16,11,1,-1,-1,-1
40,-1,238,189,17,12,1,-1,-1,-1
40,-1,248,229,15,11,1,-1,-1,-1
40,-1,273,71,19,13,1,-1,-1,-1
40,-1,308,200,14,12,1,-1,-1,-1
40,-1,403,111,17,12,1,-1,-1,-1
40,-1,494,248,14,10,1,-1,-1,-1
40,-1,515,263,16,13,1,-1,-1,-1
40,-1,539,272,15,11,1,-1,-1,-1
40,-1,602,188,16,12,1,-1,-1,-1
41,-1,221,31,16,11,1,-1,-1,-1
41,-1,230,71,16,11,1,-1,-1,-1
41,-1,238,188,17,12,1,-1,-1,-1
41,-1,247,228,16,12,1,-1,-1,-1
41,-1,272,71,18,13,1,-1,-1,-1
41,-1,308,198,14,12,1,-1,-1,-1
41,-1,402,110,17,12,1,-1,-1,-1
41,-1,492,248,14,10,1,-1,-1,-1
41,-1,514,263,16,13,1,-1,-1,-1
41,-1,538,273,15,11,1,-1,-1,-1
41,-1,601,187,16,12,1,-1,-1,-1
42,-1,221,30,17,12,1,-1,-1,-1
42,-1,229,70,16,11,1,-1,-1,-1
42,-1,237,187,17,12,1,-1,-1,-1
42,-1,246,226,15,11,1,-1,-1,-1
42,-1,271,71,19,13,1,-1,-1,-1
42,-1,307,197,14,12,1,-1,-1,-1
42,-1,401,110,17,12,1,-1,-1,-1
42,-1,490,248,14,10,1,-1,-1,-1
42,-1,514,262,16,13,1,-1,-1,-1
42,-1,536,272,15,12,1,-1,-1,-1
42,-1,600,187,16,12,1,-1,-1,-1
43,-1,220,29,16,11,1,-1,-1,-1
43,-1,228,69,16,11,1,-1,-1,-1
43,-1,235,186,17,12,1,-1,-1,-1
43,-1,245,226,15,11,1,-1,-1,-1
43,-1,269,70,19,13,1,-1,-1,-1
43,-1,306,196,14,12,1,-1,-1,-1
43,-1,400,109,17,12,1,-1,-1,-1
43,-1,488,248,14,10,1,-1,-1,-1
43,-1,513,262,16,13,1,-1,-1,-1
43,-1,535,273,15,11,1,-1,-1,-1
43,-1,599,187,15,12,1,-1,-1,-1
44,-1,220,29,16,11,1,-1,-1,-1
44,-1,227,68,16,11,1,-1,-1,-1
44,-1,235,185,17,12,1,-1,-1,-1
44,-1,244,224,15,12,1,-1,-1,-1
44,-1,268,70,19,13,1,-1,-1,-1
44,-1,305,194,14,12,1,-1,-1,-1
44,-1,399,108,17,12,1,-1,-1,-1
44,-1,487,248,14,10,1,-1,-1,-1
44,-1,513,262,16,13,1,-1,-1,-1
44,-1,533,273,15,12,1,-1,-1,-1
44,-1,597,187,16,12,1,-1,-1,-1
45,-1,219,27,18,12,1,-1,-1,-1
45,-1,227,67,16,11,1,-1,-1,-1
45,-1,234,184,17,12,1,-1,-1,-1
45,-1,243,223,15,11,1,-1,-1,-1
45,-1,267,69,19,13,1,-1,-1,-1
45,-1,305,193,15,13,1,-1,-1,-1
45,-1,398,108,17,12,1,-1,-1,-1
45,-1,485,248,14,10,1,-1,-1,-1
45,-1,512,262,16,13,1,-1,-1,-1
45,-1,531,273,15,12,1,-1,-1,-1
45,-1,596,186,16,12,1,-1,-1,-1
46,-1,219,26,18,12,1,-1,-1,-1
46,-1,226,66,16,11,1,-1,-1,-1
46,-1,232,183,17,12,1,-1,-1,-1
46,-1,242,221,15,12,1,-1,-1,-1
46,-1,266,69,19,13,1,-1,-1,-1
46,-1,303,192,15,13,1,-1,-1,-1
46,-1,397,107,17,12,1,-1,-1,-1
46,-1,483,248,14,10,1,-1,-1,-1
46,-1,511,261,16,13,1,-1,-1,-1
46,-1,529,273,15,12,1,-1,-1,-1
46,-1,594,186,16,12,1,-1,-1,-1
47,-1,218,25,18,12,1,-1,-1,-1
47,-1,225,65,16,11,1,-1,-1,-1
47,-1,231,183,17,12,1,-1,-1,-1
47,-1,240,220,16,12,1,-1,-1,-1
47,-1,264,69,19,13,1,-1,-1,-1
47,-1,303,190,15,13,1,-1,-1,-1
47,-1,396,107,17,12,1,-1,-1,-1
47,-1,481,248,14,10,1,-1,-1,-1
47,-1,511,261,16,13,1,-1,-1,-1
47,-1,527,274,15,12,1,-1,-1,-1
47,-1,593,186,16,12,1,-1,-1,-1
48,-1,218,24,18,12,1,-1,-1,-1
48,-1,223,64,16,11,1,-1,-1,-1
48,-1,230,182,17,12,1,-1,-1,-1
48,-1,239,219,15,12,1,-1,-1,-1
48,-1,263,69,19,13,1,-1,-1,-1
48,-1,302,189,15,13,1,-1,-1,-1
48,-1,395,106,17,12,1,-1,-1,-1
48,-1,479,248,14,10,1,-1,-1,-1
48,-1,510,261,16,13,1,-1,-1,-1
48,-1,525,274,15,12,1,-1,-1,-1
48,-1,591,186,16,12,1,-1,-1,-1
49,-1,217,23,18,13,1,-1,-1,-1
49,-1,223,63,16,11,1,-1,-1,-1
49,-1,228,181,18,13,1,-1,-1,-1
49,-1,238,218,15,12,1,-1,-1,-1
49,-1,261,69,19,13,1,-1,-1,-1
49,-1,301,188,15,13,1,-1,-1,-1
49,-1,393,106,17,12,1,-1,-1,-1
49,-1,477,248,14,10,1,-1,-1,-1
49,-1,509,261,16,13,1,-1,-1,-1
49,-1,523,274,16,12,1,-1,-1,-1
49,-1,590,186,16,12,1,-1,-1,-1
50,-1,217,23,18,12,1,-1,-1,-1
50,-1,222,62,16,11,1,-1,-1,-1
50,-1,228,181,17,12,1,-1,-1,-1
50,-1,236,217,15,12,1,-1,-1,-1
50,-1,260,68,19,14,1,-1,-1,-1
50,-1,300,187,15,13,1,-1,-1,-1
50,-1,392,106,17,12,1,-1,-1,-1
50,-1,475,248,14,10,1,-1,-1,-1
50,-1,509,261,16,13,1,-1,-1,-1
50,-1,522,274,15,12,1,-1,-1,-1
50,-1,589,186,15,12,1,-1,-1,-1
51,-1,216,22,18,12,1,-1,-1,-1
51,-1,221,61,16,11,1,-1,-1,-1
51,-1,226,180,18,13,1,-1,-1,-1
51,-1,235,216,15,12,1,-1,-1,-1
51,-1,259,68,19,14,1,-1,-1,-1
51,-1,299,186,15,13,1,-1,-1,-1
51,-1,391,105,18,12,1,-1,-1,-1
51,-1,472,248,14,10,1,-1,-1,-1
51,-1,508,261,16,13,1,-1,-1,-1
51,-1,520,274,16,12,1,-1,-1,-1
51,-1,587,186,15,12,1,-1,-1,-1
52,-1,216,21,18,13,1,-1,-1,-1
52,-1,220,60,16,11,1,-1,-1,-1
52,-1,225,180,17,13,1,-1,-1,-1
52,-1,234,215,16,12,1,-1,-1,-1
52,-1,257,68,19,14,1,-1,-1,-1
52,-1,298,185,15,13,1,-1,-1,-1
52,-1,390,105,18,12,1,-1,-1,-1
52,-1,471,248,14,10,1,-1,-1,-1
52,-1,508,262,16,13,1,-1,-1,-1
52,-1,518,274,16,12,1,-1,-1,-1
52,-1,586,185,15,12,1,-1,-1,-1
53,-1,216,21,18,12,1,-1,-1,-1
53,-1,220,59,16,11,1,-1,-1,-1
53,-1,225,179,17,13,1,-1,-1,-1
53,-1,233,214,16,12,1,-1,-1,-1
53,-1,256,68,19,14,1,-1,-1,-1
53,-1,297,184,15,13,1,-1,-1,-1
53,-1,389,105,17,12,1,-1,-1,-1
53,-1,469,248,14,10,1,-1,-1,-1
53,-1,507,262,16,13,1,-1,-1,-1
53,-1,516,274,16,12,1,-1,-1,-1
53,-1,585,185,16,12,1,-1,-1,-1
54,-1,216,20,18,12,1,-1,-1,-1
54,-1,219,58,16,11,1,-1,-1,-1
54,-1,224,179,17,12,1,-1,-1,-1
54,-1,233,214,15,12,1,-1,-1,-1
54,-1,255,67,19,14,1,-1,-1,-1
54,-1,297,183,15,13,1,-1,-1,-1
54,-1,389,104,17,12,1,-1,-1,-1
54,-1,468,248,14,10,1,-1,-1,-1
54,-1,507,262,16,13,1,-1,-1,-1
54,-1,515,275,16,12,1,-1,-1,-1
54,-1,584,185,16,12,1,-1,-1,-1
55,-1,216,19,18,13,1,-1,-1,-1
55,-1,219,57,16,11,1,-1,-1,-1
55,-1,223,179,17,12,1,-1,-1,-1
55,-1,232,212,16,12,1,-1,-1,-1
55,-1,255,67,19,14,1,-1,-1,-1
55,-1,296,182,15,13,1,-1,-1,-1
55,-1,388,104,18,12,1,-1,-1,-1
55,-1,466,249,14,10,1,-1,-1,-1
55,-1,507,262,16,13,1,-1,-1,-1
55,-1,514,275,16,12,1,-1,-1,-1
55,-1,583,185,16,12,1,-1,-1,-1
56,-1,216,19,18,13,1,-1,-1,-1
56,-1,220,56,16,11,1,-1,-1,-1
56,-1,223,178,17,12,1,-1,-1,-1
56,-1,231,212,16,12,1,-1,-1,-1
56,-1,254,67,19,14,1,-1,-1,-1
56,-1,297,181,15,13,1,-1,-1,-1
56,-1,388,104,18,12,1,-1,-1,-1
56,-1,465,249,14,10,1,-1,-1,-1
56,-1,507,263,16,13,1,-1,-1,-1
56,-1,513,275,16,12,1,-1,-1,-1
56,-1,582,185,16,12,1,-1,-1,-1
57,-1,217,18,18,12,1,-1,-1,-1
57,-1,220,55,16,11,1,-1,-1,-1
57,-1,223,178,17,13,1,-1,-1,-1
57,-1,231,211,16,12,1,-1,-1,-1
57,-1,254,67,19,14,1,-1,-1,-1
57,-1,297,180,15,13,1,-1,-1,-1
57,-1,388,104,18,12,1,-1,-1,-1
57,-1,464,249,14,10,1,-1,-1,-1
57,-1,508,263,16,13,1,-1,-1,-1
57,-1,512,275,16,12,1,-1,-1,-1
57,-1,582,185,16,12,1,-1,-1,-1
58,-1,217,18,18,12,1,-1,-1,-1
58,-1,220,54,16,11,1,-1,-1,-1
58,-1,223,178,17,12,1,-1,-1,-1
58,-1,231,210,16,12,1,-1,-1,-1
58,-1,253,67,19,14,1,-1,-1,-1
58,-1,297,179,15,13,1,-1,-1,-1
58,-1,387,104,18,12,1,-1,-1,-1
58,-1,463,249,14,10,1,-1,-1,-1
58,-1,508,263,16,13,1,-1,-1,-1
58,-1,511,275,16,12,1,-1,-1,-1
58,-1,582,185,16,12,1,-1,-1,-1
59,-1,218,17,18,13,1,-1,-1,-1
59,-1,220,53,16,11,1,-1,-1,-1
59,-1,223,177,17,12,1,-1,-1,-1
59,-1,231,209,16,12,1,-1,-1,-1
59,-1,253,67,19,14,1,-1,-1,-1
59,-1,297,179,15,13,1,-1,-1,-1
59,-1,387,104,18,12,1,-1,-1,-1
59,-1,462,250,14,11,1,-1,-1,-1
59,-1,508,264,16,13,1,-1,-1,-1
59,-1,511,275,16,12,1,-1,-1,-1
59,-1,581,185,16,12,1,-1,-1,-1
60,-1,218,17,18,13,1,-1,-1,-1
60,-1,221,52,16,11,1,-1,-1,-1
60,-1,223,177,17,12,1,-1,-1,-1
60,-1,231,209,16,12,1,-1,-1,-1
60,-1,252,67,19,14,1,-1,-1,-1
60,-1,297,178,15,13,1,-1,-1,-1
60,-1,387,104,18,12,1,-1,-1,-1
60,-1,461,250,14,11,1,-1,-1,-1
60,-1,509,265,16,13,1,-1,-1,-1
60,-1,510,276,16,12,1,-1,-1,-1
60,-1,581,185,16,12,1,-1,-1,-1
61,-1,219,16,18,13,1,-1,-1,-1
61,-1,221,51,16,11,1,-1,-1,-1
61,-1,223,177,16,12,1,-1,-1,-1
61,-1,231,208,16,12,1,-1,-1,-1
61,-1,252,67,19,14,1,-1,-1,-1
61,-1,297,177,15,13,1,-1,-1,-1
61,-1,387,104,18,12,1,-1,-1,-1
61,-1,460,250,15,11,1,-1,-1,-1
61,-1,509,266,16,13,1,-1,-1,-1
61,-1,509,276,16,12,1,-1,-1,-1
61,-1,581,185,16,12,1,-1,-1,-1
62,-1,220,16,18,13,1,-1,-1,-1
62,-1,222,50,16,11,1,-1,-1,-1
62,-1,223,176,17,13,1,-1,-1,-1
62,-1,231,207,16,12,1,-1,-1,-1
62,-1,252,67,19,14,1,-1,-1,-1
62,-1,297,176,15,13,1,-1,-1,-1
62,-1,387,104,18,12,1,-1,-1,-1
62,-1,459,250,15,11,1,-1,-1,-1
62,-1,508,276,16,12,1,-1,-1,-1
62,-1,510,266,16,13,1,-1,-1,-1
62,-1,580,184,16,12,1,-1,-1,-1
63,-1,220,15,18,13,1,-1,-1,-1
63,-1,222,49,16,11,1,-1,-1,-1
63,-1,223,176,17,12,1,-1,-1,-1
63,-1,231,206,16,12,1,-1,-1,-1
63,-1,251,67,20,14,1,-1,-1,-1
63,-1,297,175,15,13,1,-1,-1,-1
63,-1,387,104,18,12,1,-1,-1,-1
63,-1,458,250,15,11,1,-1,-1,-1
63,-1,507,277,16,12,1,-1,-1,-1
63,-1,510,267,16,13,1,-1,-1,-1
63,-1,580,184,16,12,1,-1,-1,-1
64,-1,221,15,18,12,1,-1,-1,-1
64,-1,223,48,16,11,1,-1,-1,-1
64,-1,223,176,17,12,1,-1,-1,-1
64,-1,231,206,16,12,1,-1,-1,-1
64,-1,251,67,20,14,1,-1,-1,-1
64,-1,298,174,15,13,1,-1,-1,-1
64,-1,387,104,18,12,1,-1,-1,-1
64,-1,458,250,15,11,1,-1,-1,-1
64,-1,507,277,16,12,1,-1,-1,-1
64,-1,511,268,16,13,1,-1,-1,-1
64,-1,580,184,16,12,1,-1,-1,-1
65,-1,222,15,18,13,1,-1,-1,-1
65,-1,224,176,18,13,1,-1,-1,-1
65,-1,225,47,16,11,1,-1,-1,-1
65,-1,232,205,16,12,1,-1,-1,-1
65,-1,252,68,19,14,1,-1,-1,-1
65,-1,299,174,15,13,1,-1,-1,-1
65,-1,388,104,18,12,1,-1,-1,-1
65,-1,458,251,15,11,1,-1,-1,-1
65,-1,507,278,16,12,1,-1,-1,-1
65,-1,512,269,16,13,1,-1,-1,-1
65,-1,581,184,16,12,1,-1,-1,-1
66,-1,224,14,18,13,1,-1,-1,-1
66,-1,225,176,18,13,1,-1,-1,-1
66,-1,226,47,16,11,1,-1,-1,-1
66,-1,233,205,16,12,1,-1,-1,-1
66,-1,252,68,20,14,1,-1,-1,-1
66,-1,300,173,15,13,1,-1,-1,-1
66,-1,389,104,18,12,1,-1,-1,-1
66,-1,458,251,15,11,1,-1,-1,-1
66,-1,507,279,16,12,1,-1,-1,-1
66,-1,513,270,16,13,1,-1,-1,-1
66,-1,581,184,16,12,1,-1,-1,-1
67,-1,225,14,18,13,1,-1,-1,-1
67,-1,226,175,18,13,1,-1,-1,-1
67,-1,227,46,16,11,1,-1,-1,-1
67,-1,233,204,16,12,1,-1,-1,-1
67,-1,252,68,20,14,1,-1,-1,-1
67,-1,300,172,15,13,1,-1,-1,-1
67,-1,390,104,18,12,1,-1,-1,-1
67,-1,458,251,15,11,1,-1,-1,-1
67,-1,507,279,16,12,1,-1,-1,-1
67,-1,515,270,16,13,1,-1,-1,-1
67,-1,581,184,16,12,1,-1,-1,-1
68,-1,226,13,19,13,1,-1,-1,-1
68,-1,226,175,17,12,1,-1,-1,-1
68,-1,228,45,16,12,1,-1,-1,-1
68,-1,234,203,16,12,1,-1,-1,-1
68,-1,252,68,20,14,1,-1,-1,-1
68,-1,301,172,15,13,1,-1,-1,-1
68,-1,390,104,18,12,1,-1,-1,-1
68,-1,457,251,15,11,1,-1,-1,-1
68,-1,507,280,16,12,1,-1,-1,-1
68,-1,515,271,16,13,1,-1,-1,-1
68,-1,581,184,16,12,1,-1,-1,-1
69,-1,226,13,18,13,1,-1,-1,-1
69,-1,226,175,17,12,1,-1,-1,-1
69,-1,228,44,16,12,1,-1,-1,-1
69,-1,233,203,17,12,1,-1,-1,-1
69,-1,251,68,20,14,1,-1,-1,-1
69,-1,301,171,15,13,1,-1,-1,-1
69,-1,390,104,18,12,1,-1,-1,-1
69,-1,456,251,15,11,1,-1,-1,-1
69,-1,506,280,16,12,1,-1,-1,-1
69,-1,515,272,16,13,1,-1,-1,-1
69,-1,581,184,16,12,1,-1,-1,-1
70,-1,225,175,17,12,1,-1,-1,-1
70,-1,226,13,18,13,1,-1,-1,-1
70,-1,229,43,16,11,1,-1,-1,-1
70,-1,233,202,16,12,1,-1,-1,-1
70,-1,250,68,20,14,1,-1,-1,-1
70,-1,300,170,15,13,1,-1,-1,-1
70,-1,389,104,18,12,1,-1,-1,-1
70,-1,454,251,15,11,1,-1,-1,-1
70,-1,504,281,16,12,1,-1,-1,-1
70,-1,515,272,16,13,1,-1,-1,-1
70,-1,580,184,16,13,1,-1,-1,-1
71,-1,224,175,17,12,1,-1,-1,-1
71,-1,225,13,18,13,1,-1,-1,-1
71,-1,228,41,17,12,1,-1,-1,-1
71,-1,232,201,17,12,1,-1,-1,-1
71,-1,249,68,20,14,1,-1,-1,-1
71,-1,299,169,15,13,1,-1,-1,-1
71,-1,388,104,18,12,1,-1,-1,-1
71,-1,453,252,15,11,1,-1,-1,-1
71,-1,503,281,16,13,1,-1,-1,-1
71,-1,515,273,16,13,1,-1,-1,-1
71,-1,579,184,16,12,1,-1,-1,-1
72,-1,224,175,17,12,1,-1,-1,-1
72,-1,225,12,19,13,1,-1,-1,-1
72,-1,229,40,17,12,1,-1,-1,-1
72,-1,231,201,16,12,1,-1,-1,-1
72,-1,248,68,20,14,1,-1,-1,-1
72,-1,299,169,15,13,1,-1,-1,-1
72,-1,388,104,18,12,1,-1,-1,-1
72,-1,451,252,15,11,1,-1,-1,-1
72,-1,502,282,16,12,1,-1,-1,-1
72,-1,515,274,16,13,1,-1,-1,-1
72,-1,578,184,16,13,1,-1,-1,-1
73,-1,224,175,17,12,1,-1,-1,-1
73,-1,226,12,19,13,1,-1,-1,-1
73,-1,229,40,17,12,1,-1,-1,-1
73,-1,231,201,16,12,1,-1,-1,-1
73,-1,248,69,19,14,1,-1,-1,-1
73,-1,299,168,15,13,1,-1,-1,-1
73,-1,388,104,18,12,1,-1,-1,-1
73,-1,450,252,15,11,1,-1,-1,-1
73,-1,501,282,17,13,1,-1,-1,-1
73,-1,515,275,16,13,1,-1,-1,-1
73,-1,577,184,17,13,1,-1,-1,-1
74,-1,224,174,17,12,1,-1,-1,-1
74,-1,226,12,18,13,1,-1,-1,-1
74,-1,230,38,17,12,1,-1,-1,-1
74,-1,231,200,17,12,1,-1,-1,-1
74,-1,247,68,20,14,1,-1,-1,-1
74,-1,299,168,15,13,1,-1,-1,-1
74,-1,388,104,18,12,1,-1,-1,-1
74,-1,449,253,15,11,1,-1,-1,-1
74,-1,500,283,16,12,1,-1,-1,-1
74,-1,515,276,16,13,1,-1,-1,-1
74,-1,577,184,17,13,1,-1,-1,-1
75,-1,224,174,17,12,1,-1,-1,-1
75,-1,226,12,19,13,1,-1,-1,-1
75,-1,230,37,17,12,1,-1,-1,-1
75,-1,231,200,16,12,1,-1,-1,-1
75,-1,247,69,19,14,1,-1,-1,-1
75,-1,299,167,16,13,1,-1,-1,-1
75,-1,387,104,18,12,1,-1,-1,-1
75,-1,448,253,15,11,1,-1,-1,-1
75,-1,499,283,16,13,1,-1,-1,-1
75,-1,515,277,16,13,1,-1,-1,-1
75,-1,577,184,16,13,1,-1,-1,-1
76,-1,223,174,17,12,1,-1,-1,-1
76,-1,226,11,19,13,1,-1,-1,-1
76,-1,230,36,17,12,1,-1,-1,-1
76,-1,230,199,17,12,1,-1,-1,-1
76,-1,246,69,19,14,1,-1,-1,-1
76,-1,298,166,15,13,1,-1,-1,-1
76,-1,387,104,18,12,1,-1,-1,-1
76,-1,447,253,15,11,1,-1,-1,-1
76,-1,498,284,16,12,1,-1,-1,-1
76,-1,515,277,16,13,1,-1,-1,-1
76,-1,576,184,16,12,1,-1,-1,-1
77,-1,222,174,17,12,1,-1,-1,-1
77,-1,226,11,19,13,1,-1,-1,-1
77,-1,229,198,17,13,1,-1,-1,-1
77,-1,230,35,17,12,1,-1,-1,-1
77,-1,244,69,20,14,1,-1,-1,-1
77,-1,297,166,15,13,1,-1,-1,-1
77,-1,386,104,18,12,1,-1,-1,-1
77,-1,445,253,15,11,1,-1,-1,-1
77,-1,496,284,16,12,1,-1,-1,-1
77,-1,514,278,16,13,1,-1,-1,-1
77,-1,575,184,16,12,1,-1,-1,-1
78,-1,221,174,17,12,1,-1,-1,-1
78,-1,225,11,19,13,1,-1,-1,-1
78,-1,228,198,17,12,1,-1,-1,-1
78,-1,230,34,17,12,1,-1,-1,-1
78,-1,243,69,20,14,1,-1,-1,-1
78,-1,296,165,15,13,1,-1,-1,-1
78,-1,385,104,18,12,1,-1,-1,-1
78,-1,444,253,15,11,1,-1,-1,-1
78,-1,495,284,16,12,1,-1,-1,-1
78,-1,514,279,16,13,1,-1,-1,-1
78,-1,574,184,16,12,1,-1,-1,-1
79,-1,221,173,17,12,1,-1,-1,-1
79,-1,225,11,19,13,1,-1,-1,-1
79,-1,227,197,17,12,1,-1,-1,-1
79,-1,230,33,17,12,1,-1,-1,-1
79,-1,242,69,20,14,1,-1,-1,-1
79,-1,296,164,15,13,1,-1,-1,-1
79,-1,385,104,18,12,1,-1,-1,-1
79,-1,442,253,15,11,1,-1,-1,-1
79,-1,493,285,16,12,1,-1,-1,-1
79,-1,514,280,16,13,1,-1,-1,-1
79,-1,573,184,17,13,1,-1,-1,-1
80,-1,220,173,17,12,1,-1,-1,-1
80,-1,225,11,19,13,1,-1,-1,-1
80,-1,227,197,17,13,1,-1,-1,-1
80,-1,230,33,17,12,1,-1,-1,-1
80,-1,241,69,20,14,1,-1,-1,-1
80,-1,295,164,15,13,1,-1,-1,-1
80,-1,384,104,18,12,1,-1,-1,-1
80,-1,441,254,15,11,1,-1,-1,-1
80,-1,492,285,16,12,1,-1,-1,-1
80,-1,514,281,16,13,1,-1,-1,-1
80,-1,572,184,17,13,1,-1,-1,-1
81,-1,220,173,17,13,1,-1,-1,-1
81,-1,225,10,19,13,1,-1,-1,-1
81,-1,226,197,17,12,1,-1,-1,-1
81,-1,231,32,17,12,1,-1,-1,-1
81,-1,241,69,19,14,1,-1,-1,-1
81,-1,295,163,16,13,1,-1,-1,-1
81,-1,384,104,18,12,1,-1,-1,-1
81,-1,440,254,15,11,1,-1,-1,-1
81,-1,491,285,17,13,1,-1,-1,-1
81,-1,514,281,16,13,1,-1,-1,-1
81,-1,572,184,17,13,1,-1,-1,-1
82,-1,220,173,17,13,1,-1,-1,-1
82,-1,225,10,19,13,1,-1,-1,-1
82,-1,226,196,17,12,1,-1,-1,-1
82,-1,232,31,17,12,1,-1,-1,-1
82,-1,240,69,19,14,1,-1,-1,-1
82,-1,295,163,15,13,1,-1,-1,-1
82,-1,384,104,18,12,1,-1,-1,-1
82,-1,439,254,15,11,1,-1,-1,-1
82,-1,490,285,16,13,1,-1,-1,-1
82,-1,514,282,16,13,1,-1,-1,-1
82,-1,571,184,17,13,1,-1,-1,-1
83,-1,220,173,17,12,1,-1,-1,-1
83,-1,226,10,19,13,1,-1,-1,-1
83,-1,226,196,17,12,1,-1,-1,-1
83,-1,232,30,17,12,1,-1,-1,-1
83,-1,240,70,19,14,1,-1,-1,-1
83,-1,295,162,16,13,1,-1,-1,-1
83,-1,384,105,18,12,1,-1,-1,-1
83,-1,438,254,16,11,1,-1,-1,-1
83,-1,489,286,17,13,1,-1,-1,-1
83,-1,514,283,16,13,1,-1,-1,-1
83,-1,571,184,16,13,1,-1,-1,-1
84,-1,219,173,17,12,1,-1,-1,-1
84,-1,226,10,19,13,1,-1,-1,-1
84,-1,226,195,17,13,1,-1,-1,-1
84,-1,233,29,17,12,1,-1,-1,-1
84,-1,239,70,20,14,1,-1,-1,-1
84,-1,295,162,16,14,1,-1,-1,-1
84,-1,384,105,18,12,1,-1,-1,-1
84,-1,437,255,15,11,1,-1,-1,-1
84,-1,488,286,16,13,1,-1,-1,-1
84,-1,514,284,16,13,1,-1,-1,-1
84,-1,571,184,16,12,1,-1,-1,-1
85,-1,219,173,17,12,1,-1,-1,-1
85,-1,225,195,17,13,1,-1,-1,-1
85,-1,226,10,19,13,1,-1,-1,-1
85,-1,233,28,17,12,1,-1,-1,-1
85,-1,238,70,20,14,1,-1,-1,-1
85,-1,294,161,16,13,1,-1,-1,-1
85,-1,384,105,18,12,1,-1,-1,-1
85,-1,436,255,15,11,1,-1,-1,-1
85,-1,487,286,17,13,1,-1,-1,-1
85,-1,514,284,17,13,1,-1,-1,-1
85,-1,570,184,16,12,1,-1,-1,-1
86,-1,219,173,17,12,1,-1,-1,-1
86,-1,225,195,17,13,1,-1,-1,-1
86,-1,226,10,19,13,1,-1,-1,-1
86,-1,234,27,17,12,1,-1,-1,-1
86,-1,238,70,19,14,1,-1,-1,-1
86,-1,293,161,16,14,1,-1,-1,-1
86,-1,384,105,18,12,1,-1,-1,-1
86,-1,435,255,15,11,1,-1,-1,-1
86,-1,486,286,17,13,1,-1,-1,-1
86,-1,514,285,17,13,1,-1,-1,-1
86,-1,570,184,16,12,1,-1,-1,-1
87,-1,218,173,17,12,1,-1,-1,-1
87,-1,224,194,17,13,1,-1,-1,-1
87,-1,226,10,19,13,1,-1,-1,-1
87,-1,234,26,17,12,1,-1,-1,-1
87,-1,237,71,20,14,1,-1,-1,-1
87,-1,293,160,15,13,1,-1,-1,-1
87,-1,383,106,18,12,1,-1,-1,-1
87,-1,433,256,16,11,1,-1,-1,-1
87,-1,485,287,17,13,1,-1,-1,-1
87,-1,514,286,17,13,1,-1,-1,-1
87,-1,569,184,16,13,1,-1,-1,-1
88,-1,218,173,17,12,1,-1,-1,-1
88,-1,224,194,17,13,1,-1,-1,-1
88,-1,226,10,19,13,1,-1,-1,-1
88,-1,235,25,17,12,1,-1,-1,-1
88,-1,236,71,20,14,1,-1,-1,-1
88,-1,292,160,16,14,1,-1,-1,-1
88,-1,383,106,18,12,1,-1,-1,-1
88,-1,432,256,16,11,1,-1,-1,-1
88,-1,484,287,17,13,1,-1,-1,-1
88,-1,514,287,17,14,1,-1,-1,-1
88,-1,568,184,17,13,1,-1,-1,-1
89,-1,217,173,18,14,1,-1,-1,-1
89,-1,224,194,17,12,1,-1,-1,-1
89,-1,226,10,19,13,1,-1,-1,-1
89,-1,235,24,17,12,1,-1,-1,-1
89,-1,236,71,19,14,1,-1,-1,-1
89,-1,292,159,15,13,1,-1,-1,-1
89,-1,383,106,18,12,1,-1,-1,-1
89,-1,432,256,15,11,1,-1,-1,-1
89,-1,483,287,17,13,1,-1,-1,-1
89,-1,514,287,17,14,1,-1,-1,-1
89,-1,567,184,17,13,1,-1,-1,-1
90,-1,217,173,18,14,1,-1,-1,-1
90,-1,224,194,17,12,1,-1,-1,-1
90,-1,226,10,19,13,1,-1,-1,-1
90,-1,235,71,20,14,1,-1,-1,-1
90,-1,236,24,17,12,1,-1,-1,-1
90,-1,292,159,16,14,1,-1,-1,-1
90,-1,383,106,18,12,1,-1,-1,-1
90,-1,431,257,15,11,1,-1,-1,-1
90,-1,482,288,17,13,1,-1,-1,-1
90,-1,514,288,17,14,1,-1,-1,-1
90,-1,567,184,17,13,1,-1,-1,-1
91,-1,216,173,18,14,1,-1,-1,-1
91,-1,223,194,17,12,1,-1,-1,-1
91,-1,226,10,18,13,1,-1,-1,-1
91,-1,234,72,20,14,1,-1,-1,-1
91,-1,236,23,18,12,1,-1,-1,-1
91,-1,291,159,16,14,1,-1,-1,-1
91,-1,383,107,18,12,1,-1,-1,-1
91,-1,429,257,15,11,1,-1,-1,-1
91,-1,480,288,17,13,1,-1,-1,-1
91,-1,513,289,17,14,1,-1,-1,-1
91,-1,566,184,17,13,1,-1,-1,-1
92,-1,215,173,18,14,1,-1,-1,-1
92,-1,222,194,17,12,1,-1,-1,-1
92,-1,225,11,19,13,1,-1,-1,-1
92,-1,233,72,19,14,1,-1,-1,-1
92,-1,236,22,18,12,1,-1,-1,-1
92,-1,290,158,16,14,1,-1,-1,-1
92,-1,382,107,18,12,1,-1,-1,-1
92,-1,428,258,15,11,1,-1,-1,-1
92,-1,479,289,17,13,1,-1,-1,-1
92,-1,513,290,17,14,1,-1,-1,-1
92,-1,565,184,17,13,1,-1,-1,-1
93,-1,214,174,18,14,1,-1,-1,-1
93,-1,221,194,17,12,1,-1,-1,-1
93,-1,225,11,19,13,1,-1,-1,-1
93,-1,232,73,20,14,1,-1,-1,-1
93,-1,236,22,18,12,1,-1,-1,-1
93,-1,289,158,16,14,1,-1,-1,-1
93,-1,381,108,18,12,1,-1,-1,-1
93,-1,426,258,15,11,1,-1,-1,-1
93,-1,477,290,17,13,1,-1,-1,-1
93,-1,512,291,17,13,1,-1,-1,-1
93,-1,564,185,17,13,1,-1,-1,-1
94,-1,213,174,18,14,1,-1,-1,-1
94,-1,220,194,17,12,1,-1,-1,-1
94,-1,225,11,19,13,1,-1,-1,-1
94,-1,231,74,19,14,1,-1,-1,-1
94,-1,236,21,18,12,1,-1,-1,-1
94,-1,288,158,16,14,1,-1,-1,-1
94,-1,381,108,18,12,1,-1,-1,-1
94,-1,424,259,15,11,1,-1,-1,-1
94,-1,476,290,17,13,1,-1,-1,-1
94,-1,511,293,17,14,1,-1,-1,-1
94,-1,563,185,17,13,1,-1,-1,-1
95,-1,213,174,18,14,1,-1,-1,-1
95,-1,220,194,17,12,1,-1,-1,-1
95,-1,225,12,19,13,1,-1,-1,-1
95,-1,230,74,20,14,1,-1,-1,-1
95,-1,237,21,18,12,1,-1,-1,-1
95,-1,287,158,16,14,1,-1,-1,-1
95,-1,381,109,18,12,1,-1,-1,-1
95,-1,423,259,16,11,1,-1,-1,-1
95,-1,474,291,17,13,1,-1,-1,-1
95,-1,511,294,17,14,1,-1,-1,-1
95,-1,563,186,17,13,1,-1,-1,-1
96,-1,213,175,18,14,1,-1,-1,-1
96,-1,220,194,17,12,1,-1,-1,-1
96,-1,225,12,19,13,1,-1,-1,-1
96,-1,230,75,20,14,1,-1,-1,-1
96,-1,237,20,18,13,1,-1,-1,-1
96,-1,287,158,16,14,1,-1,-1,-1
96,-1,381,110,18,12,1,-1,-1,-1
96,-1,423,260,15,11,1,-1,-1,-1
96,-1,474,292,17,13,1,-1,-1,-1
96,-1,511,295,17,13,1,-1,-1,-1
96,-1,562,186,17,13,1,-1,-1,-1
97,-1,212,175,18,14,1,-1,-1,-1
97,-1,219,195,17,12,1,-1,-1,-1
97,-1,225,13,19,13,1,-1,-1,-1
97,-1,230,76,20,14,1,-1,-1,-1
97,-1,238,20,18,13,1,-1,-1,-1
97,-1,287,158,16,14,1,-1,-1,-1
97,-1,381,110,18,12,1,-1,-1,-1
97,-1,422,261,15,11,1,-1,-1,-1
97,-1,473,292,17,13,1,-1,-1,-1
97,-1,511,297,17,14,1,-1,-1,-1
97,-1,562,187,17,13,1,-1,-1,-1
98,-1,213,176,18,14,1,-1,-1,-1
98,-1,220,195,17,12,1,-1,-1,-1
98,-1,226,14,19,13,1,-1,-1,-1
98,-1,230,77,20,14,1,-1,-1,-1
98,-1,239,20,18,13,1,-1,-1,-1
98,-1,287,158,16,14,1,-1,-1,-1
98,-1,382,111,18,12,1,-1,-1,-1
98,-1,421,261,16,11,1,-1,-1,-1
98,-1,472,293,17,13,1,-1,-1,-1
98,-1,511,298,18,14,1,-1,-1,-1
98,-1,562,187,17,13,1,-1,-1,-1
99,-1,213,176,18,14,1,-1,-1,-1
99,-1,220,196,17,12,1,-1,-1,-1
99,-1,227,15,18,13,1,-1,-1,-1
99,-1,230,78,20,14,1,-1,-1,-1
99,-1,240,20,18,13,1,-1,-1,-1
99,-1,287,159,16,14,1,-1,-1,-1
99,-1,382,112,18,12,1,-1,-1,-1
99,-1,421,262,16,11,1,-1,-1,-1
99,-1,472,294,17,13,1,-1,-1,-1
99,-1,512,299,18,15,1,-1,-1,-1
99,-1,562,188,17,13,1,-1,-1,-1
100,-1,213,177,18,14,1,-1,-1,-1
100,-1,220,196,17,12,1,-1,-1,-1
100,-1,227,15,19,13,1,-1,-1,-1
100,-1,231,79,19,14,1,-1,-1,-1
100,-1,242,20,18,12,1,-1,-1,-1
100,-1,287,158,16,14,1,-1,-1,-1
100,-1,384,112,17,13,1,-1,-1,-1
100,-1,421,263,15,11,1,-1,-1,-1
100,-1,472,295,17,13,1,-1,-1,-1
100,-1,512,300,18,15,1,-1,-1,-1
100,-1,562,188,17,13,1,-1,-1,-1
101,-1,213,177,18,14,1,-1,-1,-1
101,-1,220,196,17,12,1,-1,-1,-1
101,-1,228,16,19,13,1,-1,-1,-1
101,-1,231,79,19,14,1,-1,-1,-1
101,-1,243,19,18,13,1,-1,-1,-1
101,-1,287,159,16,14,1,-1,-1,-1
101,-1,384,113,17,13,1,-1,-1,-1
101,-1,420,263,15,11,1,-1,-1,-1
101,-1,471,296,17,13,1,-1,-1,-1
101,-1,512,301,18,15,1,-1,-1,-1
101,-1,562,189,17,13,1,-1,-1,-1
102,-1,213,178,18,14,1,-1,-1,-1
102,-1,220,196,17,12,1,-1,-1,-1
102,-1,228,16,19,13,1,-1,-1,-1
102,-1,230,80,20,14,1,-1,-1,-1
102,-1,243,19,18,13,1,-1,-1,-1
102,-1,287,159,16,14,1,-1,-1,-1
102,-1,384,113,17,13,1,-1,-1,-1
102,-1,419,264,15,11,1,-1,-1,-1
102,-1,470,296,17,13,1,-1,-1,-1
102,-1,512,302,18,15,1,-1,-1,-1
102,-1,561,189,17,13,1,-1,-1,-1
103,-1,213,178,18,14,1,-1,-1,-1
103,-1,220,196,17,12,1,-1,-1,-1
103,-1,228,17,19,13,1,-1,-1,-1
103,-1,230,81,20,14,1,-1,-1,-1
103,-1,244,18,17,12,1,-1,-1,-1
103,-1,286,158,16,14,1,-1,-1,-1
103,-1,385,114,17,13,1,-1,-1,-1
103,-1,418,264,15,11,1,-1,-1,-1
103,-1,469,296,17,13,1,-1,-1,-1
103,-1,512,303,18,15,1,-1,-1,-1
103,-1,561,189,17,13,1,-1,-1,-1
104,-1,213,179,18,14,1,-1,-1,-1
104,-1,220,197,17,12,1,-1,-1,-1
104,-1,229,18,19,13,1,-1,-1,-1
104,-1,230,82,19,14,1,-1,-1,-1
104,-1,245,18,17,12,1,-1,-1,-1
104,-1,287,158,16,14,1,-1,-1,-1
104,-1,385,114,17,13,1,-1,-1,-1
104,-1,418,265,15,11,1,-1,-1,-1
104,-1,469,297,17,13,1,-1,-1,-1
104,-1,513,304,18,15,1,-1,-1,-1
104,-1,561,190,17,13,1,-1,-1,-1
105,-1,214,179,18,14,1,-1,-1,-1
105,-1,221,197,17,12,1,-1,-1,-1
105,-1,230,19,19,13,1,-1,-1,-1
105,-1,231,82,20,14,1,-1,-1,-1
105,-1,247,18,18,12,1,-1,-1,-1
105,-1,287,159,16,14,1,-1,-1,-1
105,-1,387,115,17,13,1,-1,-1,-1
105,-1,418,266,15,11,1,-1,-1,-1
105,-1,469,298,17,13,1,-1,-1,-1
105,-1,514,305,18,14,1,-1,-1,-1
105,-1,561,190,17,13,1,-1,-1,-1
106,-1,215,180,18,14,1,-1,-1,-1
106,-1,222,198,17,12,1,-1,-1,-1
106,-1,232,20,19,13,1,-1,-1,-1
106,-1,232,83,19,14,1,-1,-1,-1
106,-1,249,18,17,12,1,-1,-1,-1
106,-1,288,159,16,14,1,-1,-1,-1
106,-1,388,116,17,13,1,-1,-1,-1
106,-1,418,267,15,11,1,-1,-1,-1
106,-1,469,298,17,13,1,-1,-1,-1
106,-1,515,307,18,14,1,-1,-1,-1
106,-1,562,191,17,13,1,-1,-1,-1
107,-1,215,181,18,14,1,-1,-1,-1
107,-1,223,198,17,12,1,-1,-1,-1
107,-1,233,20,19,13,1,-1,-1,-1
107,-1,233,85,19,14,1,-1,-1,-1
107,-1,250,18,18,13,1,-1,-1,-1
107,-1,289,160,16,14,1,-1,-1,-1
107,-1,389,117,17,13,1,-1,-1,-1
107,-1,418,268,15,11,1,-1,-1,-1
107,-1,469,299,17,13,1,-1,-1,-1
107,-1,516,308,18,15,1,-1,-1,-1
107,-1,563,192,17,13,1,-1,-1,-1
108,-1,215,181,18,14,1,-1,-1,-1
108,-1,223,198,17,12,1,-1,-1,-1
108,-1,233,21,19,13,1,-1,-1,-1
108,-1,233,85,19,14,1,-1,-1,-1
108,-1,251,17,18,13,1,-1,-1,-1
108,-1,289,160,16,14,1,-1,-1,-1
108,-1,390,118,17,13,1,-1,-1,-1
108,-1,418,268,16,11,1,-1,-1,-1
108,-1,469,299,17,13,1,-1,-1,-1
108,-1,516,309,18,14,1,-1,-1,-1
108,-1,563,192,17,13,1,-1,-1,-1
109,-1,216,182,18,14,1,-1,-1,-1
109,-1,223,199,17,12,1,-1,-1,-1
109,-1,234,22,19,13,1,-1,-1,-1
109,-1,234,86,19,14,1,-1,-1,-1
109,-1,252,17,18,13,1,-1,-1,-1
109,-1,289,160,16,14,1,-1,-1,-1
109,-1,391,118,17,13,1,-1,-1,-1
109,-1,417,269,15,11,1,-1,-1,-1
109,-1,468,300,17,13,1,-1,-1,-1
109,-1,516,310,18,15,1,-1,-1,-1
109,-1,563,192,17,13,1,-1,-1,-1
110,-1,216,182,18,14,1,-1,-1,-1
110,-1,223,199,17,12,1,-1,-1,-1
110,-1,234,23,19,13,1,-1,-1,-1
110,-1,234,87,19,14,1,-1,-1,-1
110,-1,253,17,18,13,1,-1,-1,-1
110,-1,289,160,16,14,1,-1,-1,-1
110,-1,391,119,17,13,1,-1,-1,-1
110,-1,417,269,16,11,1,-1,-1,-1
110,-1,468,300,17,13,1,-1,-1,-1
110,-1,517,311,18,15,1,-1,-1,-1
110,-1,562,193,17,13,1,-1,-1,-1
111,-1,215,183,18,14,1,-1,-1,-1
111,-1,223,200,17,12,1,-1,-1,-1
111,-1,234,88,19,14,1,-1,-1,-1
111,-1,235,24,19,13,1,-1,-1,-1
111,-1,254,17,18,13,1,-1,-1,-1
111,-1,289,160,16,14,1,-1,-1,-1
111,-1,391,120,17,13,1,-1,-1,-1
111,-1,416,270,16,11,1,-1,-1,-1
111,-1,467,301,17,13,1,-1,-1,-1
111,-1,517,312,18,15,1,-1,-1,-1
111,-1,562,193,17,13,1,-1,-1,-1
112,-1,215,183,18,14,1,-1,-1,-1
112,-1,223,200,17,12,1,-1,-1,-1
112,-1,234,89,19,14,1,-1,-1,-1
112,-1,235,24,19,13,1,-1,-1,-1
112,-1,254,17,18,13,1,-1,-1,-1
112,-1,289,161,16,14,1,-1,-1,-1
112,-1,392,121,17,13,1,-1,-1,-1
112,-1,415,271,16,11,1,-1,-1,-1
112,-1,466,302,17,13,1,-1,-1,-1
112,-1,517,313,18,15,1,-1,-1,-1
112,-1,562,194,17,13,1,-1,-1,-1
113,-1,216,184,18,14,1,-1,-1,-1
113,-1,224,201,17,12,1,-1,-1,-1
113,-1,234,90,19,14,1,-1,-1,-1
113,-1,236,25,19,13,1,-1,-1,-1
113,-1,256,17,18,13,1,-1,-1,-1
113,-1,289,161,16,14,1,-1,-1,-1
113,-1,393,122,17,13,1,-1,-1,-1
113,-1,415,271,16,11,1,-1,-1,-1
113,-1,466,302,17,13,1,-1,-1,-1
113,-1,517,314,18,15,1,-1,-1,-1
113,-1,562,194,17,13,1,-1,-1,-1
114,-1,217,185,18,14,1,-1,-1,-1
114,-1,225,202,17,12,1,-1,-1,-1
114,-1,236,91,19,14,1,-1,-1,-1
114,-1,238,27,19,13,1,-1,-1,-1
114,-1,258,17,17,12,1,-1,-1,-1
114,-1,290,162,16,14,1,-1,-1,-1
114,-1,395,123,17,13,1,-1,-1,-1
114,-1,416,272,16,11,1,-1,-1,-1
114,-1,466,304,17,13,1,-1,-1,-1
114,-1,518,315,18,15,1,-1,-1,-1
114,-1,563,195,17,13,1,-1,-1,-1
115,-1,218,186,18,14,1,-1,-1,-1
115,-1,226,203,17,12,1,-1,-1,-1
115,-1,237,93,20,14,1,-1,-1,-1
115,-1,239,28,19,13,1,-1,-1,-1
115,-1,260,18,17,12,1,-1,-1,-1
115,-1,291,163,16,14,1,-1,-1,-1
115,-1,396,124,17,13,1,-1,-1,-1
115,-1,416,273,16,11,1,-1,-1,-1
115,-1,466,305,17,13,1,-1,-1,-1
115,-1,519,317,18,15,1,-1,-1,-1
115,-1,563,196,17,13,1,-1,-1,-1
116,-1,218,187,18,14,1,-1,-1,-1
116,-1,227,204,17,12,1,-1,-1,-1
116,-1,237,94,19,14,1,-1,-1,-1
116,-1,240,29,19,13,1,-1,-1,-1
116,-1,261,18,18,13,1,-1,-1,-1
116,-1,291,163,16,14,1,-1,-1,-1
116,-1,397,126,17,13,1,-1,-1,-1
116,-1,415,274,16,11,1,-1,-1,-1
116,-1,466,306,17,13,1,-1,-1,-1
116,-1,520,318,18,15,1,-1,-1,-1
116,-1,563,197,17,13,1,-1,-1,-1
117,-1,217,187,18,14,1,-1,-1,-1
117,-1,226,204,17,12,1,-1,-1,-1
117,-1,237,95,19,14,1,-1,-1,-1
117,-1,240,30,19,13,1,-1,-1,-1
117,-1,261,18,18,12,1,-1,-1,-1
117,-1,290,163,16,14,1,-1,-1,-1
117,-1,397,126,17,13,1,-1,-1,-1
117,-1,414,275,16,11,1,-1,-1,-1
117,-1,465,307,17,13,1,-1,-1,-1
117,-1,519,319,18,15,1,-1,-1,-1
117,-1,562,197,17,13,1,-1,-1,-1
118,-1,216,187,18,14,1,-1,-1,-1
118,-1,225,204,17,12,1,-1,-1,-1
118,-1,236,95,19,14,1,-1,-1,-1
118,-1,239,31,19,13,1,-1,-1,-1
118,-1,260,17,18,13,1,-1,-1,-1
118,-1,289,163,16,14,1,-1,-1,-1
118,-1,396,127,17,13,1,-1,-1,-1
118,-1,412,275,16,11,1,-1,-1,-1
118,-1,463,307,17,13,1,-1,-1,-1
118,-1,518,320,18,15,1,-1,-1,-1
118,-1,560,198,17,13,1,-1,-1,-1
119,-1,215,187,18,14,1,-1,-1,-1
119,-1,224,204,17,12,1,-1,-1,-1
119,-1,235,96,19,14,1,-1,-1,-1
119,-1,238,31,19,13,1,-1,-1,-1
119,-1,260,16,18,13,1,-1,-1,-1
119,-1,287,163,16,14,1,-1,-1,-1
119,-1,396,127,17,13,1,-1,-1,-1
119,-1,410,275,16,11,1,-1,-1,-1
119,-1,461,307,17,13,1,-1,-1,-1
119,-1,516,320,18,15,1,-1,-1,-1
119,-1,559,198,17,13,1,-1,-1,-1
120,-1,213,187,18,14,1,-1,-1,-1
120,-1,222,204,17,12,1,-1,-1,-1
120,-1,234,96,19,14,1,-1,-1,-1
120,-1,237,31,19,13,1,-1,-1,-1
120,-1,259,15,17,12,1,-1,-1,-1
120,-1,286,163,16,14,1,-1,-1,-1
120,-1,395,127,17,13,1,-1,-1,-1
120,-1,408,275,16,11,1,-1,-1,-1
120,-1,459,307,17,13,1,-1,-1,-1
120,-1,515,321,18,15,1,-1,-1,-1
120,-1,557,197,17,13,1,-1,-1,-1
121,-1,212,187,18,14,1,-1,-1,-1
121,-1,221,204,17,12,1,-1,-1,-1
121,-1,233,96,19,14,1,-1,-1,-1
121,-1,236,31,19,13,1,-1,-1,-1
121,-1,258,15,18,13,1,-1,-1,-1
121,-1,284,163,17,14,1,-1,-1,-1
121,-1,394,128,17,13,1,-1,-1,-1
121,-1,406,275,16,11,1,-1,-1,-1
121,-1,457,307,17,13,1,-1,-1,-1
121,-1,514,321,18,15,1,-1,-1,-1
121,-1,555,197,17,13,1,-1,-1,-1
122,-1,211,188,18,14,1,-1,-1,-1
122,-1,220,204,17,12,1,-1,-1,-1
122,-1,232,97,19,14,1,-1,-1,-1
122,-1,236,32,19,13,1,-1,-1,-1
122,-1,258,14,18,12,1,-1,-1,-1
122,-1,283,163,17,14,1,-1,-1,-1
122,-1,394,128,17,13,1,-1,-1,-1
122,-1,405,276,16,12,1,-1,-1,-1
122,-1,455,308,17,13,1,-1,-1,-1
122,-1,513,322,18,15,1,-1,-1,-1
122,-1,553,198,17,13,1,-1,-1,-1
123,-1,210,188,18,14,1,-1,-1,-1
123,-1,220,205,17,12,1,-1,-1,-1
123,-1,232,98,19,14,1,-1,-1,-1
123,-1,235,33,19,13,1,-1,-1,-1
123,-1,258,14,18,13,1,-1,-1,-1
123,-1,282,163,17,14,1,-1,-1,-1
123,-1,394,129,17,13,1,-1,-1,-1
123,-1,403,276,16,11,1,-1,-1,-1
123,-1,453,308,17,13,1,-1,-1,-1
123,-1,512,323,18,15,1,-1,-1,-1
123,-1,552,198,17,13,1,-1,-1,-1
124,-1,209,189,18,14,1,-1,-1,-1
124,-1,219,205,17,12,1,-1,-1,-1
124,-1,231,99,19,14,1,-1,-1,-1
124,-1,235,34,19,13,1,-1,-1,-1
124,-1,257,14,18,12,1,-1,-1,-1
124,-1,281,164,16,14,1,-1,-1,-1
124,-1,393,130,17,13,1,-1,-1,-1
124,-1,401,277,16,12,1,-1,-1,-1
124,-1,451,309,17,13,1,-1,-1,-1
124,-1,511,324,18,15,1,-1,-1,-1
124,-1,551,199,17,13,1,-1,-1,-1
125,-1,207,189,18,14,1,-1,-1,-1
125,-1,217,206,17,12,1,-1,-1,-1
125,-1,229,101,19,13,1,-1,-1,-1
125,-1,233,35,19,13,1,-1,-1,-1
125,-1,256,14,18,13,1,-1,-1,-1
125,-1,279,164,16,14,1,-1,-1,-1
125,-1,392,131,17,13,1,-1,-1,-1
125,-1,399,278,16,11,1,-1,-1,-1
125,-1,449,310,17,13,1,-1,-1,-1
125,-1,509,325,18,15,1,-1,-1,-1
125,-1,549,199,17,13,1,-1,-1,-1
126,-1,205,190,18,14,1,-1,-1,-1
126,-1,216,206,17,12,1,-1,-1,-1
126,-1,228,102,19,13,1,-1,-1,-1
126,-1,232,36,19,13,1,-1,-1,-1
126,-1,255,14,18,13,1,-1,-1,-1
126,-1,278,165,16,14,1,-1,-1,-1
126,-1,391,132,17,13,1,-1,-1,-1
126,-1,397,278,16,11,1,-1,-1,-1
126,-1,447,311,18,13,1,-1,-1,-1
126,-1,507,327,18,15,1,-1,-1,-1
126,-1,547,200,17,13,1,-1,-1,-1
127,-1,204,191,18,14,1,-1,-1,-1
127,-1,215,207,17,12,1,-1,-1,-1
127,-1,227,103,19,13,1,-1,-1,-1
127,-1,231,37,19,13,1,-1,-1,-1
127,-1,254,15,18,13,1,-1,-1,-1
127,-1,276,165,16,14,1,-1,-1,-1
127,-1,391,133,17,13,1,-1,-1,-1
127,-1,395,279,16,11,1,-1,-1,-1
127,-1,445,312,17,13,1,-1,-1,-1
127,-1,506,328,18,15,1,-1,-1,-1
127,-1,545,200,17,13,1,-1,-1,-1
128,-1,202,192,18,14,1,-1,-1,-1
128,-1,214,208,17,12,1,-1,-1,-1
128,-1,226,104,19,13,1,-1,-1,-1
128,-1,230,38,19,13,1,-1,-1,-1
128,-1,253,15,18,13,1,-1,-1,-1
128,-1,275,166,16,14,1,-1,-1,-1
128,-1,390,134,17,13,1,-1,-1,-1
128,-1,393,280,16,11,1,-1,-1,-1
128,-1,443,313,17,13,1,-1,-1,-1
128,-1,504,329,18,15,1,-1,-1,-1
128,-1,543,201,17,13,1,-1,-1,-1
129,-1,201,193,18,14,1,-1,-1,-1
129,-1,213,209,17,12,1,-1,-1,-1
129,-1,226,106,19,13,1,-1,-1,-1
129,-1,230,40,19,13,1,-1,-1,-1
129,-1,253,15,18,13,1,-1,-1,-1
129,-1,274,167,16,14,1,-1,-1,-1
129,-1,390,135,17,13,1,-1,-1,-1
129,-1,391,281,16,12,1,-1,-1,-1
129,-1,441,314,17,13,1,-1,-1,-1
129,-1,503,331,18,15,1,-1,-1,-1
129,-1,541,202,17,13,1,-1,-1,-1
130,-1,200,194,18,14,1,-1,-1,-1
130,-1,212,210,17,12,1,-1,-1,-1
130,-1,225,107,19,14,1,-1,-1,-1
130,-1,229,41,19,13,1,-1,-1,-1
130,-1,252,16,18,13,1,-1,-1,-1
130,-1,273,168,16,14,1,-1,-1,-1
130,-1,390,137,17,13,1,-1,-1,-1
130,-1,390,282,16,11,1,-1,-1,-1
130,-1,439,315,17,13,1,-1,-1,-1
130,-1,502,332,18,15,1,-1,-1,-1
130,-1,540,203,17,13,1,-1,-1,-1
131,-1,200,195,18,14,1,-1,-1,-1
131,-1,212,211,17,12,1,-1,-1,-1
131,-1,225,109,19,14,1,-1,-1,-1
131,-1,229,43,19,13,1,-1,-1,-1
131,-1,252,16,18,13,1,-1,-1,-1
131,-1,273,169,16,14,1,-1,-1,-1
131,-1,389,283,16,12,1,-1,-1,-1
131,-1,390,138,17,13,1,-1,-1,-1
131,-1,438,316,17,13,1,-1,-1,-1
131,-1,501,334,18,15,1,-1,-1,-1
131,-1,539,205,17,13,1,-1,-1,-1
132,-1,199,196,18,14,1,-1,-1,-1
132,-1,211,212,17,12,1,-1,-1,-1
132,-1,225,111,19,14,1,-1,-1,-1
132,-1,229,45,19,13,1,-1,-1,-1
132,-1,252,17,18,13,1,-1,-1,-1
132,-1,272,170,16,14,1,-1,-1,-1
132,-1,387,285,16,12,1,-1,-1,-1
132,-1,390,140,17,13,1,-1,-1,-1
132,-1,437,317,17,13,1,-1,-1,-1
132,-1,501,335,18,15,1,-1,-1,-1
132,-1,538,206,17,13,1,-1,-1,-1
133,-1,198,197,18,14,1,-1,-1,-1
133,-1,211,213,17,12,1,-1,-1,-1
133,-1,224,112,19,13,1,-1,-1,-1
133,-1,229,46,19,13,1,-1,-1,-1
133,-1,252,17,18,13,1,-1,-1,-1
133,-1,271,171,16,14,1,-1,-1,-1
133,-1,386,286,16,12,1,-1,-1,-1
133,-1,390,141,17,13,1,-1,-1,-1
133,-1,435,318,17,13,1,-1,-1,-1
133,-1,500,336,18,15,1,-1,-1,-1
133,-1,536,207,17,13,1,-1,-1,-1
134,-1,197,197,18,14,1,-1,-1,-1
134,-1,211,214,17,12,1,-1,-1,-1
134,-1,224,113,19,13,1,-1,-1,-1
134,-1,229,47,19,13,1,-1,-1,-1
134,-1,251,17,18,13,1,-1,-1,-1
134,-1,271,171,16,14,1,-1,-1,-1
134,-1,384,286,16,12,1,-1,-1,-1
134,-1,390,142,17,13,1,-1,-1,-1
134,-1,434,318,17,13,1,-1,-1,-1
134,-1,499,337,18,15,1,-1,-1,-1
134,-1,535,207,17,13,1,-1,-1,-1
135,-1,197,198,18,14,1,-1,-1,-1
135,-1,210,214,17,12,1,-1,-1,-1
135,-1,224,114,19,13,1,-1,-1,-1
135,-1,228,48,19,13,1,-1,-1,-1
135,-1,251,17,18,13,1,-1,-1,-1
135,-1,270,172,16,14,1,-1,-1,-1
135,-1,383,287,16,11,1,-1,-1,-1
135,-1,390,142,17,13,1,-1,-1,-1
135,-1,432,319,17,13,1,-1,-1,-1
135,-1,497,338,18,15,1,-1,-1,-1
135,-1,533,207,17,13,1,-1,-1,-1
136,-1,196,198,18,14,1,-1,-1,-1
136,-1,210,214,17,12,1,-1,-1,-1
136,-1,224,114,19,13,1,-1,-1,-1
136,-1,228,48,19,13,1,-1,-1,-1
136,-1,251,17,18,13,1,-1,-1,-1
136,-1,269,172,16,14,1,-1,-1,-1
136,-1,382,287,16,12,1,-1,-1,-1
136,-1,390,143,17,13,1,-1,-1,-1
136,-1,431,319,17,13,1,-1,-1,-1
136,-1,497,338,18,15,1,-1,-1,-1
136,-1,532,207,17,13,1,-1,-1,-1
137,-1,196,198,18,14,1,-1,-1,-1
137,-1,210,214,17,12,1,-1,-1,-1
137,-1,224,115,19,13,1,-1,-1,-1
137,-1,229,49,19,13,1,-1,-1,-1
137,-1,251,16,18,13,1,-1,-1,-1
137,-1,270,172,16,14,1,-1,-1,-1
137,-1,381,287,16,12,1,-1,-1,-1
137,-1,391,143,17,13,1,-1,-1,-1
137,-1,430,319,18,14,1,-1,-1,-1
137,-1,497,339,18,15,1,-1,-1,-1
137,-1,532,207,17,13,1,-1,-1,-1
138,-1,197,199,18,14,1,-1,-1,-1
138,-1,211,215,17,12,1,-1,-1,-1
138,-1,225,116,19,14,1,-1,-1,-1
138,-1,230,50,19,13,1,-1,-1,-1
138,-1,252,16,18,13,1,-1,-1,-1
138,-1,270,172,16,14,1,-1,-1,-1
138,-1,381,287,16,12,1,-1,-1,-1
138,-1,392,144,17,13,1,-1,-1,-1
138,-1,430,319,18,13,1,-1,-1,-1
138,-1,497,339,18,15,1,-1,-1,-1
138,-1,531,208,17,13,1,-1,-1,-1
139,-1,197,198,18,14,1,-1,-1,-1
139,-1,212,215,17,12,1,-1,-1,-1
139,-1,226,117,19,14,1,-1,-1,-1
139,-1,231,50,19,13,1,-1,-1,-1
139,-1,253,16,18,13,1,-1,-1,-1
139,-1,270,172,16,14,1,-1,-1,-1
139,-1,381,287,16,12,1,-1,-1,-1
139,-1,393,144,17,13,1,-1,-1,-1
139,-1,430,319,17,13,1,-1,-1,-1
139,-1,497,340,18,15,1,-1,-1,-1
139,-1,531,208,17,13,1,-1,-1,-1
140,-1,197,198,18,14,1,-1,-1,-1
140,-1,212,214,17,12,1,-1,-1,-1
140,-1,227,117,19,14,1,-1,-1,-1
140,-1,231,50,19,13,1,-1,-1,-1
140,-1,253,15,18,13,1,-1,-1,-1
140,-1,271,172,16,14,1,-1,-1,-1
140,-1,381,287,16,12,1,-1,-1,-1
140,-1,394,144,17,13,1,-1,-1,-1
140,-1,429,319,17,13,1,-1,-1,-1
140,-1,497,340,18,15,1,-1,-1,-1
140,-1,530,207,17,13,1,-1,-1,-1
141,-1,197,198,18,14,1,-1,-1,-1
141,-1,213,214,16,12,1,-1,-1,-1
141,-1,227,117,19,14,1,-1,-1,-1
141,-1,232,51,19,13,1,-1,-1,-1
141,-1,254,14,18,13,1,-1,-1,-1
141,-1,271,172,16,14,1,-1,-1,-1
141,-1,380,287,16,12,1,-1,-1,-1
141,-1,395,144,17,13,1,-1,-1,-1
141,-1,428,319,17,13,1,-1,-1,-1
141,-1,497,340,18,15,1,-1,-1,-1
141,-1,530,207,17,13,1,-1,-1,-1
142,-1,197,198,18,14,1,-1,-1,-1
142,-1,213,214,16,12,1,-1,-1,-1
142,-1,228,118,19,14,1,-1,-1,-1
142,-1,232,51,19,13,1,-1,-1,-1
142,-1,254,14,18,13,1,-1,-1,-1
142,-1,271,172,16,14,1,-1,-1,-1
142,-1,380,287,16,11,1,-1,-1,-1
142,-1,396,144,17,13,1,-1,-1,-1
142,-1,428,319,17,13,1,-1,-1,-1
142,-1,497,340,18,15,1,-1,-1,-1
142,-1,529,207,17,13,1,-1,-1,-1
143,-1,198,198,18,14,1,-1,-1,-1
143,-1,214,214,17,12,1,-1,-1,-1
143,-1,229,118,20,14,1,-1,-1,-1
143,-1,234,51,19,13,1,-1,-1,-1
143,-1,255,13,18,13,1,-1,-1,-1
143,-1,271,172,16,14,1,-1,-1,-1
143,-1,380,287,16,12,1,-1,-1,-1
143,-1,397,145,17,13,1,-1,-1,-1
143,-1,427,319,17,13,1,-1,-1,-1
143,-1,497,340,18,15,1,-1,-1,-1
143,-1,529,207,17,13,1,-1,-1,-1
144,-1,198,198,18,14,1,-1,-1,-1
144,-1,215,214,16,11,1,-1,-1,-1
144,-1,230,119,19,14,1,-1,-1,-1
144,-1,234,52,19,13,1,-1,-1,-1
144,-1,256,13,18,13,1,-1,-1,-1
144,-1,272,172,16,14,1,-1,-1,-1
144,-1,379,287,16,12,1,-1,-1,-1
144,-1,398,145,17,13,1,-1,-1,-1
144,-1,427,319,17,13,1,-1,-1,-1
144,-1,497,341,18,15,1,-1,-1,-1
144,-1,529,207,17,13,1,-1,-1,-1
145,-1,198,198,18,14,1,-1,-1,-1
145,-1,216,214,16,12,1,-1,-1,-1
145,-1,231,120,19,13,1,-1,-1,-1
145,-1,235,52,19,13,1,-1,-1,-1
145,-1,256,12,18,13,1,-1,-1,-1
145,-1,272,172,16,14,1,-1,-1,-1
145,-1,379,287,16,12,1,-1,-1,-1
145,-1,399,145,16,13,1,-1,-1,-1
145,-1,427,319,17,13,1,-1,-1,-1
145,-1,497,341,18,15,1,-1,-1,-1
145,-1,528,207,17,13,1,-1,-1,-1
146,-1,198,198,18,14,1,-1,-1,-1
146,-1,217,214,17,12,1,-1,-1,-1
146,-1,232,120,19,13,1,-1,-1,-1
146,-1,236,53,19,13,1,-1,-1,-1
146,-1,257,12,18,12,1,-1,-1,-1
146,-1,273,172,16,14,1,-1,-1,-1
146,-1,379,287,16,11,1,-1,-1,-1
146,-1,400,145,16,13,1,-1,-1,-1
146,-1,426,319,17,13,1,-1,-1,-1
146,-1,497,341,18,15,1,-1,-1,-1
146,-1,528,207,17,13,1,-1,-1,-1
147,-1,199,199,18,14,1,-1,-1,-1
147,-1,217,214,17,12,1,-1,-1,-1
147,-1,232,121,19,13,1,-1,-1,-1
147,-1,237,53,19,13,1,-1,-1,-1
147,-1,257,12,18,13,1,-1,-1,-1
147,-1,273,172,16,14,1,-1,-1,-1
147,-1,379,287,16,11,1,-1,-1,-1
147,-1,401,146,16,13,1,-1,-1,-1
147,-1,426,319,17,13,1,-1,-1,-1
147,-1,497,342,18,15,1,-1,-1,-1
147,-1,527,207,17,13,1,-1,-1,-1
148,-1,199,199,18,14,1,-1,-1,-1
148,-1,218,215,17,12,1,-1,-1,-1
148,-1,233,122,19,13,1,-1,-1,-1
148,-1,237,54,19,13,1,-1,-1,-1
148,-1,257,12,18,13,1,-1,-1,-1
148,-1,274,172,16,14,1,-1,-1,-1
148,-1,378,286,16,11,1,-1,-1,-1
148,-1,402,146,16,13,1,-1,-1,-1
148,-1,425,319,17,13,1,-1,-1,-1
148,-1,497,342,18,15,1,-1,-1,-1
148,-1,527,207,17,13,1,-1,-1,-1
149,-1,199,199,18,14,1,-1,-1,-1
149,-1,218,214,17,12,1,-1,-1,-1
149,-1,233,122,19,13,1,-1,-1,-1
149,-1,238,54,18,13,1,-1,-1,-1
149,-1,258,11,18,13,1,-1,-1,-1
149,-1,274,172,16,14,1,-1,-1,-1
149,-1,378,286,16,11,1,-1,-1,-1
149,-1,403,146,17,13,1,-1,-1,-1
149,-1,424,319,17,13,1,-1,-1,-1
149,-1,496,342,18,15,1,-1,-1,-1
149,-1,526,207,17,13,1,-1,-1,-1
150,-1,199,199,18,14,1,-1,-1,-1
150,-1,218,214,17,12,1,-1,-1,-1
150,-1,234,123,18,13,1,-1,-1,-1
150,-1,238,55,19,13,1,-1,-1,-1
150,-1,258,11,18,13,1,-1,-1,-1
150,-1,274,172,16,14,1,-1,-1,-1
150,-1,377,286,15,11,1,-1,-1,-1
150,-1,403,146,17,13,1,-1,-1,-1
150,-1,423,319,17,13,1,-1,-1,-1
150,-1,496,343,18,15,1,-1,-1,-1
150,-1,525,206,17,13,1,-1,-1,-1
151,-1,199,199,18,14,1,-1,-1,-1
151,-1,219,215,16,12,1,-1,-1,-1
151,-1,234,123,19,13,1,-1,-1,-1
151,-1,238,55,18,12,1,-1,-1,-1
151,-1,258,10,18,13,1,-1,-1,-1
151,-1,274,172,16,14,1,-1,-1,-1
151,-1,376,286,15,11,1,-1,-1,-1
151,-1,404,147,16,13,1,-1,-1,-1
151,-1,422,319,17,13,1,-1,-1,-1
151,-1,495,343,18,15,1,-1,-1,-1
151,-1,524,206,17,13,1,-1,-1,-1
152,-1,198,199,18,14,1,-1,-1,-1
152,-1,219,215,17,12,1,-1,-1,-1
152,-1,234,124,19,13,1,-1,-1,-1
152,-1,239,55,19,13,1,-1,-1,-1
152,-1,258,10,18,13,1,-1,-1,-1
152,-1,274,172,16,14,1,-1,-1,-1
152,-1,375,286,15,11,1,-1,-1,-1
152,-1,404,147,16,13,1,-1,-1,-1
152,-1,421,319,17,13,1,-1,-1,-1
152,-1,494,343,18,15,1,-1,-1,-1
152,-1,523,206,17,13,1,-1,-1,-1
153,-1,198,199,18,14,1,-1,-1,-1
153,-1,219,215,16,12,1,-1,-1,-1
153,-1,235,124,19,13,1,-1,-1,-1
153,-1,239,56,19,13,1,-1,-1,-1
153,-1,258,10,18,13,1,-1,-1,-1
153,-1,274,172,16,14,1,-1,-1,-1
153,-1,375,285,15,11,1,-1,-1,-1
153,-1,405,147,16,13,1,-1,-1,-1
153,-1,421,319,17,13,1,-1,-1,-1
153,-1,494,343,18,15,1,-1,-1,-1
153,-1,522,206,17,13,1,-1,-1,-1
154,-1,199,199,18,14,1,-1,-1,-1
154,-1,220,215,16,11,1,-1,-1,-1
154,-1,236,125,19,13,1,-1,-1,-1
154,-1,240,56,19,13,1,-1,-1,-1
154,-1,258,9,18,13,1,-1,-1,-1
154,-1,274,172,16,14,1,-1,-1,-1
154,-1,375,285,15,11,1,-1,-1,-1
154,-1,406,148,17,13,1,-1,-1,-1
154,-1,420,319,17,13,1,-1,-1,-1
154,-1,494,343,18,15,1,-1,-1,-1
154,-1,521,206,17,13,1,-1,-1,-1
155,-1,199,199,18,14,1,-1,-1,-1
155,-1,221,215,16,11,1,-1,-1,-1
155,-1,237,126,19,13,1,-1,-1,-1
155,-1,241,57,19,13,1,-1,-1,-1
155,-1,259,9,18,13,1,-1,-1,-1
155,-1,274,172,16,14,1,-1,-1,-1
155,-1,375,285,15,11,1,-1,-1,-1
155,-1,407,148,17,13,1,-1,-1,-1
155,-1,419,318,17,13,1,-1,-1,-1
155,-1,494,344,18,14,1,-1,-1,-1
155,-1,521,206,17,13,1,-1,-1,-1
156,-1,199,199,18,14,1,-1,-1,-1
156,-1,222,215,16,11,1,-1,-1,-1
156,-1,238,126,18,13,1,-1,-1,-1
156,-1,242,57,19,13,1,-1,-1,-1
156,-1,259,9,18,13,1,-1,-1,-1
156,-1,275,172,16,14,1,-1,-1,-1
156,-1,374,284,16,11,1,-1,-1,-1
156,-1,408,148,16,13,1,-1,-1,-1
156,-1,419,318,17,13,1,-1,-1,-1
156,-1,494,344,18,14,1,-1,-1,-1
156,-1,520,205,17,13,1,-1,-1,-1
157,-1,199,199,18,14,1,-1,-1,-1
157,-1,222,215,16,11,1,-1,-1,-1
157,-1,238,127,19,13,1,-1,-1,-1
157,-1,242,57,19,13,1,-1,-1,-1
157,-1,259,8,18,13,1,-1,-1,-1
157,-1,275,172,16,14,1,-1,-1,-1
157,-1,374,284,16,11,1,-1,-1,-1
157,-1,409,148,16,12,1,-1,-1,-1
157,-1,419,318,17,13,1,-1,-1,-1
157,-1,493,344,18,15,1,-1,-1,-1
157,-1,519,205,17,13,1,-1,-1,-1
158,-1,199,199,18,14,1,-1,-1,-1
158,-1,223,215,16,11,1,-1,-1,-1
158,-1,239,127,18,13,1,-1,-1,-1
158,-1,243,58,19,13,1,-1,-1,-1
158,-1,259,8,18,13,1,-1,-1,-1
158,-1,275,172,16,14,1,-1,-1,-1
158,-1,373,283,15,11,1,-1,-1,-1
158,-1,409,149,17,13,1,-1,-1,-1
158,-1,418,318,17,13,1,-1,-1,-1
158,-1,493,344,18,14,1,-1,-1,-1
158,-1,518,205,17,13,1,-1,-1,-1
159,-1,199,200,18,14,1,-1,-1,-1
159,-1,223,216,16,11,1,-1,-1,-1
159,-1,239,128,19,13,1,-1,-1,-1
159,-1,243,59,18,12,1,-1,-1,-1
159,-1,259,8,18,13,1,-1,-1,-1
159,-1,275,173,16,14,1,-1,-1,-1
159,-1,373,283,16,11,1,-1,-1,-1
159,-1,410,149,16,13,1,-1,-1,-1
159,-1,417,318,17,13,1,-1,-1,-1
159,-1,492,344,18,15,1,-1,-1,-1
159,-1,517,205,17,13,1,-1,-1,-1
160,-1,199,200,18,14,1,-1,-1,-1
160,-1,223,216,16,11,1,-1,-1,-1
160,-1,239,129,18,13,1,-1,-1,-1
160,-1,243,59,19,13,1,-1,-1,-1
160,-1,259,8,18,13,1,-1,-1,-1
160,-1,275,173,16,14,1,-1,-1,-1
160,-1,372,283,15,11,1,-1,-1,-1
160,-1,410,150,17,13,1,-1,-1,-1
160,-1,416,318,17,13,1,-1,-1,-1
160,-1,491,344,18,15,1,-1,-1,-1
160,-1,516,205,17,13,1,-1,-1,-1
161,-1,199,200,18,14,1,-1,-1,-1
161,-1,224,216,16,11,1,-1,-1,-1
161,-1,240,130,18,13,1,-1,-1,-1
161,-1,243,60,18,13,1,-1,-1,-1
161,-1,259,8,17,12,1,-1,-1,-1
161,-1,275,173,15,13,1,-1,-1,-1
161,-1,371,283,15,11,1,-1,-1,-1
161,-1,411,150,16,13,1,-1,-1,-1
161,-1,414,318,17,13,1,-1,-1,-1
161,-1,490,345,18,14,1,-1,-1,-1
161,-1,515,205,17,13,1,-1,-1,-1
162,-1,198,201,18,14,1,-1,-1,-1
162,-1,224,216,16,11,1,-1,-1,-1
162,-1,240,130,18,13,1,-1,-1,-1
162,-1,244,61,18,12,1,-1,-1,-1
162,-1,259,8,18,13,1,-1,-1,-1
162,-1,275,174,15,13,1,-1,-1,-1
162,-1,370,282,15,11,1,-1,-1,-1
162,-1,411,151,17,13,1,-1,-1,-1
162,-1,413,318,17,13,1,-1,-1,-1
162,-1,489,345,18,15,1,-1,-1,-1
162,-1,513,205,17,13,1,-1,-1,-1
163,-1,198,201,18,14,1,-1,-1,-1
163,-1,224,217,16,11,1,-1,-1,-1
163,-1,240,131,18,13,1,-1,-1,-1
163,-1,244,61,19,13,1,-1,-1,-1
163,-1,259,8,18,13,1,-1,-1,-1
163,-1,275,174,16,14,1,-1,-1,-1
163,-1,370,282,15,11,1,-1,-1,-1
163,-1,411,151,17,13,1,-1,-1,-1
163,-1,412,318,17,13,1,-1,-1,-1
163,-1,489,345,18,15,1,-1,-1,-1
163,-1,512,205,17,13,1,-1,-1,-1
164,-1,198,201,18,14,1,-1,-1,-1
164,-1,225,217,16,11,1,-1,-1,-1
164,-1,240,132,18,13,1,-1,-1,-1
164,-1,244,62,19,13,1,-1,-1,-1
164,-1,258,7,18,13,1,-1,-1,-1
164,-1,275,174,16,13,1,-1,-1,-1
164,-1,369,282,15,11,1,-1,-1,-1
164,-1,411,318,17,13,1,-1,-1,-1
164,-1,412,152,17,13,1,-1,-1,-1
164,-1,488,345,18,14,1,-1,-1,-1
164,-1,511,205,17,13,1,-1,-1,-1
165,-1,198,201,18,14,1,-1,-1,-1
165,-1,225,217,16,11,1,-1,-1,-1
165,-1,240,133,18,13,1,-1,-1,-1
165,-1,245,62,18,12,1,-1,-1,-1
165,-1,258,7,18,13,1,-1,-1,-1
165,-1,275,174,15,13,1,-1,-1,-1
165,-1,368,282,15,11,1,-1,-1,-1
165,-1,410,318,17,13,1,-1,-1,-1
165,-1,413,153,17,13,1,-1,-1,-1
165,-1,487,345,18,15,1,-1,-1,-1
165,-1,510,205,17,13,1,-1,-1,-1
166,-1,198,202,18,14,1,-1,-1,-1
166,-1,226,218,16,11,1,-1,-1,-1
166,-1,241,134,19,13,1,-1,-1,-1
166,-1,245,63,18,12,1,-1,-1,-1
166,-1,258,7,18,13,1,-1,-1,-1
166,-1,276,175,15,13,1,-1,-1,-1
166,-1,368,282,15,11,1,-1,-1,-1
166,-1,410,318,17,13,1,-1,-1,-1
166,-1,413,153,16,13,1,-1,-1,-1
166,-1,487,346,18,14,1,-1,-1,-1
166,-1,509,205,17,13,1,-1,-1,-1
167,-1,198,202,17,13,1,-1,-1,-1
167,-1,227,218,16,11,1,-1,-1,-1
167,-1,242,135,18,13,1,-1,-1,-1
167,-1,246,64,17,12,1,-1,-1,-1
167,-1,259,8,18,13,1,-1,-1,-1
167,-1,276,175,15,13,1,-1,-1,-1
167,-1,368,282,15,11,1,-1,-1,-1
167,-1,409,318,17,13,1,-1,-1,-1
167,-1,414,154,16,13,1,-1,-1,-1
167,-1,486,346,18,15,1,-1,-1,-1
167,-1,508,205,17,13,1,-1,-1,-1
168,-1,199,203,18,14,1,-1,-1,-1
168,-1,227,219,16,11,1,-1,-1,-1
168,-1,243,136,18,13,1,-1,-1,-1
168,-1,247,65,18,13,1,-1,-1,-1
168,-1,259,8,18,13,1,-1,-1,-1
168,-1,276,176,16,14,1,-1,-1,-1
168,-1,367,282,15,11,1,-1,-1,-1
168,-1,409,318,17,13,1,-1,-1,-1
168,-1,415,155,16,13,1,-1,-1,-1
168,-1,486,347,18,14,1,-1,-1,-1
168,-1,508,205,17,13,1,-1,-1,-1
169,-1,199,203,18,14,1,-1,-1,-1
169,-1,228,219,16,11,1,-1,-1,-1
169,-1,243,137,18,13,1,-1,-1,-1
169,-1,247,65,18,13,1,-1,-1,-1
169,-1,259,8,18,13,1,-1,-1,-1
169,-1,277,176,16,13,1,-1,-1,-1
169,-1,367,283,15,11,1,-1,-1,-1
169,-1,408,319,17,13,1,-1,-1,-1
169,-1,416,156,16,12,1,-1,-1,-1
169,-1,486,347,18,14,1,-1,-1,-1
169,-1,507,205,17,13,1,-1,-1,-1
170,-1,199,204,17,14,1,-1,-1,-1
170,-1,229,220,16,11,1,-1,-1,-1
170,-1,244,137,18,13,1,-1,-1,-1
170,-1,248,66,17,12,1,-1,-1,-1
170,-1,259,8,18,13,1,-1,-1,-1
170,-1,277,177,15,13,1,-1,-1,-1
170,-1,367,283,15,11,1,-1,-1,-1
170,-1,407,319,17,13,1,-1,-1,-1
170,-1,416,157,16,13,1,-1,-1,-1
170,-1,485,347,18,14,1,-1,-1,-1
170,-1,506,206,17,13,1,-1,-1,-1
171,-1,199,204,18,14,1,-1,-1,-1
171,-1,229,220,16,11,1,-1,-1,-1
171,-1,244,138,18,13,1,-1,-1,-1
171,-1,248,67,17,12,1,-1,-1,-1
171,-1,259,8,18,12,1,-1,-1,-1
171,-1,277,177,15,13,1,-1,-1,-1
171,-1,366,283,15,11,1,-1,-1,-1
171,-1,407,319,17,13,1,-1,-1,-1
171,-1,417,158,16,13,1,-1,-1,-1
171,-1,485,348,18,14,1,-1,-1,-1
171,-1,505,206,17,13,1,-1,-1,-1
172,-1,199,204,17,14,1,-1,-1,-1
172,-1,230,221,15,11,1,-1,-1,-1
172,-1,244,139,18,13,1,-1,-1,-1
172,-1,249,68,18,13,1,-1,-1,-1
172,-1,259,8,18,13,1,-1,-1,-1
172,-1,277,177,15,13,1,-1,-1,-1
172,-1,366,283,15,11,1,-1,-1,-1
172,-1,405,319,17,13,1,-1,-1,-1
172,-1,417,159,16,12,1,-1,-1,-1
172,-1,484,348,18,14,1,-1,-1,-1
172,-1,504,206,17,13,1,-1,-1,-1
173,-1,199,205,18,14,1,-1,-1,-1
173,-1,230,221,16,12,1,-1,-1,-1
173,-1,245,140,18,13,1,-1,-1,-1
173,-1,249,68,18,12,1,-1,-1,-1
173,-1,259,9,18,13,1,-1,-1,-1
173,-1,278,178,15,13,1,-1,-1,-1
173,-1,365,283,15,11,1,-1,-1,-1
173,-1,405,319,17,13,1,-1,-1,-1
173,-1,418,159,16,12,1,-1,-1,-1
173,-1,483,348,18,14,1,-1,-1,-1
173,-1,503,206,17,13,1,-1,-1,-1
174,-1,199,205,18,14,1,-1,-1,-1
174,-1,231,221,16,11,1,-1,-1,-1
174,-1,245,141,18,13,1,-1,-1,-1
174,-1,250,69,18,12,1,-1,-1,-1
174,-1,259,9,17,12,1,-1,-1,-1
174,-1,278,179,15,13,1,-1,-1,-1
174,-1,365,283,15,11,1,-1,-1,-1
174,-1,404,319,17,13,1,-1,-1,-1
174,-1,418,161,16,12,1,-1,-1,-1
174,-1,483,349,18,14,1,-1,-1,-1
174,-1,502,206,17,13,1,-1,-1,-1
175,-1,199,206,17,14,1,-1,-1,-1
175,-1,232,222,16,11,1,-1,-1,-1
175,-1,246,142,18,13,1,-1,-1,-1
175,-1,250,70,18,13,1,-1,-1,-1
175,-1,260,9,18,12,1,-1,-1,-1
175,-1,278,179,15,13,1,-1,-1,-1
175,-1,365,283,15,11,1,-1,-1,-1
175,-1,404,319,17,13,1,-1,-1,-1
175,-1,419,162,16,12,1,-1,-1,-1
175,-1,483,349,18,14,1,-1,-1,-1
175,-1,501,206,17,13,1,-1,-1,-1
176,-1,200,206,18,14,1,-1,-1,-1
176,-1,233,222,16,12,1,-1,-1,-1
176,-1,247,143,18,13,1,-1,-1,-1
176,-1,251,71,17,12,1,-1,-1,-1
176,-1,260,9,18,12,1,-1,-1,-1
176,-1,279,180,15,13,1,-1,-1,-1
176,-1,365,283,15,11,1,-1,-1,-1
176,-1,403,320,17,13,1,-1,-1,-1
176,-1,420,163,16,12,1,-1,-1,-1
176,-1,482,349,18,15,1,-1,-1,-1
176,-1,501,206,17,13,1,-1,-1,-1
177,-1,200,207,17,14,1,-1,-1,-1
177,-1,234,223,16,11,1,-1,-1,-1
177,-1,248,143,18,13,1,-1,-1,-1
177,-1,252,72,17,12,1,-1,-1,-1
177,-1,260,9,18,13,1,-1,-1,-1
177,-1,280,180,15,13,1,-1,-1,-1
177,-1,365,283,15,11,1,-1,-1,-1
177,-1,403,320,17,13,1,-1,-1,-1
177,-1,421,163,16,12,1,-1,-1,-1
177,-1,482,350,18,14,1,-1,-1,-1
177,-1,500,207,17,13,1,-1,-1,-1
178,-1,201,207,17,14,1,-1,-1,-1
178,-1,235,224,16,11,1,-1,-1,-1
178,-1,249,144,18,13,1,-1,-1,-1
178,-1,253,72,18,12,1,-1,-1,-1
178,-1,261,10,18,13,1,-1,-1,-1
178,-1,280,181,15,13,1,-1,-1,-1
178,-1,365,283,15,11,1,-1,-1,-1
178,-1,402,320,17,13,1,-1,-1,-1
178,-1,422,165,16,12,1,-1,-1,-1
178,-1,482,350,18,14,1,-1,-1,-1
178,-1,499,207,17,13,1,-1,-1,-1
179,-1,201,207,17,13,1,-1,-1,-1
179,-1,236,224,16,11,1,-1,-1,-1
179,-1,249,145,18,13,1,-1,-1,-1
179,-1,254,73,18,12,1,-1,-1,-1
179,-1,261,10,18,13,1,-1,-1,-1
179,-1,281,181,15,13,1,-1,-1,-1
179,-1,365,283,15,11,1,-1,-1,-1
179,-1,402,320,17,13,1,-1,-1,-1
179,-1,422,166,16,12,1,-1,-1,-1
179,-1,481,350,18,15,1,-1,-1,-1
179,-1,499,207,17,13,1,-1,-1,-1
180,-1,202,208,17,14,1,-1,-1,-1
180,-1,237,225,16,11,1,-1,-1,-1
180,-1,250,146,18,13,1,-1,-1,-1
180,-1,255,74,17,12,1,-1,-1,-1
180,-1,261,10,18,13,1,-1,-1,-1
180,-1,282,182,15,13,1,-1,-1,-1
180,-1,365,283,15,11,1,-1,-1,-1
180,-1,402,319,17,13,1,-1,-1,-1
180,-1,423,167,16,12,1,-1,-1,-1
180,-1,481,351,18,14,1,-1,-1,-1
180,-1,498,207,17,13,1,-1,-1,-1
181,-1,202,209,17,13,1,-1,-1,-1
181,-1,238,225,16,11,1,-1,-1,-1
181,-1,251,147,18,13,1,-1,-1,-1
181,-1,256,75,18,12,1,-1,-1,-1
181,-1,262,10,18,13,1,-1,-1,-1
181,-1,282,183,15,13,1,-1,-1,-1
181,-1,365,282,15,11,1,-1,-1,-1
181,-1,402,320,17,13,1,-1,-1,-1
181,-1,424,168,16,12,1,-1,-1,-1
181,-1,481,351,18,14,1,-1,-1,-1
181,-1,497,207,17,13,1,-1,-1,-1
182,-1,203,209,17,13,1,-1,-1,-1
182,-1,239,225,16,11,1,-1,-1,-1
182,-1,252,148,18,13,1,-1,-1,-1
182,-1,256,75,18,12,1,-1,-1,-1
182,-1,262,10,18,13,1,-1,-1,-1
182,-1,283,183,15,13,1,-1,-1,-1
182,-1,364,282,15,11,1,-1,-1,-1
182,-1,401,319,17,13,1,-1,-1,-1
182,-1,424,169,16,12,1,-1,-1,-1
182,-1,480,351,18,14,1,-1,-1,-1
182,-1,496,207,17,13,1,-1,-1,-1
183,-1,203,209,17,13,1,-1,-1,-1
183,-1,240,226,16,11,1,-1,-1,-1
183,-1,252,148,17,12,1,-1,-1,-1
183,-1,257,76,18,12,1,-1,-1,-1
183,-1,262,11,18,13,1,-1,-1,-1
183,-1,283,184,15,13,1,-1,-1,-1
183,-1,364,282,15,11,1,-1,-1,-1
183,-1,400,319,17,13,1,-1,-1,-1
183,-1,425,170,16,12,1,-1,-1,-1
183,-1,480,352,18,14,1,-1,-1,-1
183,-1,495,207,17,13,1,-1,-1,-1
184,-1,203,210,17,13,1,-1,-1,-1
184,-1,241,226,15,11,1,-1,-1,-1
184,-1,253,149,18,13,1,-1,-1,-1
184,-1,257,77,18,12,1,-1,-1,-1
184,-1,263,11,18,13,1,-1,-1,-1
184,-1,284,184,15,13,1,-1,-1,-1
184,-1,364,282,15,11,1,-1,-1,-1
184,-1,400,319,17,13,1,-1,-1,-1
184,-1,426,171,16,12,1,-1,-1,-1
184,-1,479,352,17,14,1,-1,-1,-1
184,-1,495,207,17,13,1,-1,-1,-1
185,-1,203,210,17,13,1,-1,-1,-1
185,-1,241,227,16,11,1,-1,-1,-1
185,-1,254,150,18,13,1,-1,-1,-1
185,-1,258,78,18,12,1,-1,-1,-1
185,-1,263,11,18,13,1,-1,-1,-1
185,-1,284,185,15,13,1,-1,-1,-1
185,-1,364,282,15,11,1,-1,-1,-1
185,-1,399,319,17,13,1,-1,-1,-1
185,-1,426,172,16,12,1,-1,-1,-1
185,-1,479,352,18,14,1,-1,-1,-1
185,-1,494,208,17,13,1,-1,-1,-1
186,-1,204,211,17,13,1,-1,-1,-1
186,-1,242,227,15,11,1,-1,-1,-1
186,-1,254,151,18,12,1,-1,-1,-1
186,-1,259,78,17,12,1,-1,-1,-1
186,-1,263,12,17,12,1,-1,-1,-1
186,-1,285,185,15,13,1,-1,-1,-1
186,-1,364,281,15,11,1,-1,-1,-1
186,-1,399,319,17,13,1,-1,-1,-1
186,-1,427,174,16,12,1,-1,-1,-1
186,-1,479,353,18,14,1,-1,-1,-1
186,-1,493,208,17,13,1,-1,-1,-1
187,-1,204,212,17,13,1,-1,-1,-1
187,-1,243,228,16,11,1,-1,-1,-1
187,-1,255,152,18,13,1,-1,-1,-1
187,-1,260,79,18,12,1,-1,-1,-1
187,-1,264,12,18,13,1,-1,-1,-1
187,-1,285,186,15,13,1,-1,-1,-1
187,-1,364,281,15,11,1,-1,-1,-1
187,-1,399,320,17,13,1,-1,-1,-1
187,-1,428,175,16,12,1,-1,-1,-1
187,-1,478,353,18,14,1,-1,-1,-1
187,-1,493,208,17,13,1,-1,-1,-1
188,-1,205,213,17,13,1,-1,-1,-1
188,-1,244,229,16,11,1,-1,-1,-1
188,-1,256,153,18,13,1,-1,-1,-1
188,-1,261,81,17,11,1,-1,-1,-1
188,-1,264,13,18,13,1,-1,-1,-1
188,-1,286,187,15,13,1,-1,-1,-1
188,-1,364,281,15,11,1,-1,-1,-1
188,-1,398,320,17,13,1,-1,-1,-1
188,-1,428,176,16,12,1,-1,-1,-1
188,-1,478,354,18,14,1,-1,-1,-1
188,-1,492,209,17,13,1,-1,-1,-1
189,-1,205,213,17,13,1,-1,-1,-1
189,-1,245,230,16,11,1,-1,-1,-1
189,-1,256,154,18,12,1,-1,-1,-1
189,-1,261,81,18,12,1,-1,-1,-1
189,-1,264,13,17,12,1,-1,-1,-1
189,-1,286,188,15,13,1,-1,-1,-1
189,-1,364,281,15,11,1,-1,-1,-1
189,-1,398,320,17,13,1,-1,-1,-1
189,-1,428,178,16,12,1,-1,-1,-1
189,-1,477,355,18,14,1,-1,-1,-1
189,-1,491,209,17,13,1,-1,-1,-1
190,-1,205,214,17,13,1,-1,-1,-1
190,-1,245,230,15,11,1,-1,-1,-1
190,-1,256,154,18,13,1,-1,-1,-1
190,-1,261,83,17,11,1,-1,-1,-1
190,-1,264,14,18,12,1,-1,-1,-1
190,-1,286,188,15,13,1,-1,-1,-1
190,-1,363,281,15,11,1,-1,-1,-1
190,-1,397,321,17,13,1,-1,-1,-1
190,-1,428,179,16,12,1,-1,-1,-1
190,-1,476,355,18,14,1,-1,-1,-1
190,-1,489,210,17,13,1,-1,-1,-1
191,-1,205,215,17,13,1,-1,-1,-1
191,-1,246,231,15,11,1,-1,-1,-1
191,-1,257,155,18,13,1,-1,-1,-1
191,-1,262,84,17,12,1,-1,-1,-1
191,-1,264,14,18,13,1,-1,-1,-1
191,-1,287,189,15,13,1,-1,-1,-1
191,-1,363,281,15,11,1,-1,-1,-1
191,-1,396,321,17,13,1,-1,-1,-1
191,-1,429,181,16,12,1,-1,-1,-1
191,-1,476,356,17,14,1,-1,-1,-1
191,-1,488,210,17,13,1,-1,-1,-1
192,-1,205,215,17,13,1,-1,-1,-1
192,-1,246,232,15,11,1,-1,-1,-1
192,-1,257,156,17,12,1,-1,-1,-1
192,-1,262,85,17,11,1,-1,-1,-1
192,-1,264,15,17,12,1,-1,-1,-1
192,-1,287,190,15,13,1,-1,-1,-1
192,-1,363,281,15,11,1,-1,-1,-1
192,-1,395,321,17,13,1,-1,-1,-1
192,-1,429,182,16,12,1,-1,-1,-1
192,-1,475,356,18,14,1,-1,-1,-1
192,-1,487,211,17,13,1,-1,-1,-1
193,-1,205,216,17,13,1,-1,-1,-1
193,-1,247,232,15,11,1,-1,-1,-1
193,-1,257,157,17,12,1,-1,-1,-1
193,-1,262,85,18,12,1,-1,-1,-1
193,-1,263,15,18,12,1,-1,-1,-1
193,-1,287,190,15,13,1,-1,-1,-1
193,-1,362,281,15,11,1,-1,-1,-1
193,-1,394,321,17,13,1,-1,-1,-1
193,-1,428,183,16,12,1,-1,-1,-1
193,-1,474,357,17,14,1,-1,-1,-1
193,-1,486,211,17,13,1,-1,-1,-1
194,-1,204,216,17,13,1,-1,-1,-1
194,-1,247,233,16,11,1,-1,-1,-1
194,-1,257,158,17,12,1,-1,-1,-1
194,-1,262,86,17,12,1,-1,-1,-1
194,-1,263,15,17,12,1,-1,-1,-1
194,-1,286,191,15,13,1,-1,-1,-1
194,-1,361,280,15,11,1,-1,-1,-1
194,-1,393,320,17,13,1,-1,-1,-1
194,-1,428,184,16,12,1,-1,-1,-1
194,-1,473,357,17,14,1,-1,-1,-1
194,-1,484,211,17,13,1,-1,-1,-1
195,-1,204,217,17,13,1,-1,-1,-1
195,-1,247,233,15,11,1,-1,-1,-1
195,-1,257,158,18,12,1,-1,-1,-1
195,-1,262,87,17,12,1,-1,-1,-1
195,-1,263,16,17,12,1,-1,-1,-1
195,-1,286,192,15,13,1,-1,-1,-1
195,-1,361,280,15,11,1,-1,-1,-1
195,-1,392,321,16,13,1,-1,-1,-1
195,-1,428,186,16,12,1,-1,-1,-1
195,-1,471,358,17,14,1,-1,-1,-1
195,-1,483,212,17,13,1,-1,-1,-1
