1,-1,183.0,72.0,16.0,11.0,1.000000
1,-1,235.0,99.0,17.0,12.0,1.000000
1,-1,244.0,228.0,18.0,13.0,1.000000
1,-1,259.0,267.0,16.0,12.0,1.000000
1,-1,266.0,96.0,17.0,12.0,1.000000
1,-1,309.0,238.0,15.0,13.0,1.000000
1,-1,399.0,145.0,16.0,11.0,1.000000
1,-1,495.0,290.0,16.0,13.0,1.000000
1,-1,523.0,250.0,15.0,11.0,1.000000
1,-1,562.0,277.0,17.0,13.0,1.000000
1,-1,616.0,199.0,17.0,13.0,1.000000
2,-1,184.0,71.0,16.0,11.0,1.000000
2,-1,235.0,99.0,17.0,12.0,1.000000
2,-1,244.0,227.0,18.0,13.0,1.000000
2,-1,259.0,266.0,16.0,12.0,1.000000
2,-1,267.0,95.0,17.0,12.0,1.000000
2,-1,309.0,237.0,15.0,13.0,1.000000
2,-1,399.0,144.0,16.0,11.0,1.000000
2,-1,496.0,289.0,16.0,13.0,1.000000
2,-1,523.0,250.0,15.0,11.0,1.000000
2,-1,561.0,277.0,17.0,13.0,1.000000
2,-1,616.0,199.0,17.0,13.0,1.000000
3,-1,185.0,70.0,16.0,11.0,1.000000
3,-1,235.0,98.0,17.0,12.0,1.000000
3,-1,244.0,226.0,18.0,13.0,1.000000
3,-1,258.0,266.0,16.0,12.0,1.000000
3,-1,267.0,94.0,17.0,12.0,1.000000
3,-1,308.0,237.0,15.0,13.0,1.000000
3,-1,400.0,143.0,16.0,11.0,1.000000
3,-1,496.0,288.0,16.0,13.0,1.000000
3,-1,522.0,250.0,15.0,11.0,1.000000
3,-1,561.0,276.0,17.0,13.0,1.000000
3,-1,616.0,199.0,17.0,13.0,1.000000
4,-1,187.0,70.0,15.0,11.0,1.000000
4,-1,234.0,98.0,17.0,12.0,1.000000
4,-1,244.0,225.0,17.0,13.0,1.000000
4,-1,258.0,266.0,16.0,12.0,1.000000
4,-1,267.0,94.0,17.0,12.0,1.000000
4,-1,308.0,237.0,15.0,13.0,1.000000
4,-1,400.0,142.0,16.0,11.0,1.000000
4,-1,497.0,287.0,16.0,13.0,1.000000
4,-1,521.0,250.0,15.0,11.0,1.000000
4,-1,561.0,276.0,17.0,13.0,1.000000
4,-1,615.0,199.0,17.0,13.0,1.000000
5,-1,188.0,69.0,15.0,11.0,1.000000
5,-1,234.0,97.0,17.0,12.0,1.000000
5,-1,243.0,224.0,17.0,13.0,1.000000
5,-1,257.0,266.0,15.0,12.0,1.000000
5,-1,268.0,93.0,17.0,12.0,1.000000
5,-1,307.0,237.0,15.0,13.0,1.000000
5,-1,400.0,142.0,16.0,11.0,1.000000
5,-1,497.0,286.0,16.0,13.0,1.000000
5,-1,521.0,250.0,15.0,11.0,1.000000
5,-1,560.0,276.0,17.0,13.0,1.000000
5,-1,615.0,198.0,17.0,13.0,1.000000
6,-1,189.0,68.0,15.0,11.0,1.000000
6,-1,234.0,97.0,17.0,12.0,1.000000
6,-1,243.0,224.0,17.0,13.0,1.000000
6,-1,257.0,265.0,16.0,12.0,1.000000
6,-1,269.0,92.0,17.0,12.0,1.000000
6,-1,307.0,237.0,15.0,13.0,1.000000
6,-1,400.0,141.0,16.0,11.0,1.000000
6,-1,498.0,285.0,16.0,13.0,1.000000
6,-1,520.0,250.0,15.0,11.0,1.000000
6,-1,560.0,276.0,17.0,13.0,1.000000
6,-1,614.0,198.0,17.0,13.0,1.000000
7,-1,190.0,66.0,16.0,11.0,1.000000
7,-1,234.0,96.0,17.0,12.0,1.000000
7,-1,243.0,222.0,17.0,13.0,1.000000
7,-1,257.0,264.0,16.0,12.0,1.000000
7,-1,269.0,91.0,17.0,12.0,1.000000
7,-1,306.0,236.0,15.0,13.0,1.000000
7,-1,401.0,139.0,16.0,11.0,1.000000
7,-1,499.0,284.0,16.0,13.0,1.000000
7,-1,520.0,250.0,15.0,11.0,1.000000
7,-1,559.0,275.0,17.0,13.0,1.000000
7,-1,614.0,198.0,17.0,13.0,1.000000
8,-1,191.0,65.0,15.0,10.0,1.000000
8,-1,234.0,95.0,17.0,12.0,1.000000
8,-1,243.0,221.0,17.0,12.0,1.000000
8,-1,257.0,263.0,15.0,11.0,1.000000
8,-1,270.0,90.0,17.0,12.0,1.000000
8,-1,307.0,236.0,14.0,12.0,1.000000
8,-1,401.0,138.0,16.0,11.0,1.000000
8,-1,500.0,283.0,16.0,13.0,1.000000
8,-1,519.0,250.0,15.0,11.0,1.000000
8,-1,559.0,275.0,17.0,13.0,1.000000
8,-1,614.0,197.0,17.0,13.0,1.000000
9,-1,193.0,63.0,16.0,11.0,1.000000
9,-1,234.0,94.0,16.0,12.0,1.000000
9,-1,244.0,219.0,17.0,12.0,1.000000
9,-1,257.0,262.0,15.0,11.0,1.000000
9,-1,271.0,89.0,17.0,12.0,1.000000
9,-1,307.0,235.0,14.0,12.0,1.000000
9,-1,402.0,137.0,17.0,11.0,1.000000
9,-1,501.0,281.0,16.0,13.0,1.000000
9,-1,519.0,249.0,15.0,11.0,1.000000
9,-1,559.0,274.0,17.0,13.0,1.000000
9,-1,615.0,197.0,16.0,13.0,1.000000
10,-1,194.0,62.0,16.0,11.0,1.000000
10,-1,235.0,93.0,16.0,12.0,1.000000
10,-1,244.0,218.0,17.0,12.0,1.000000
10,-1,257.0,261.0,15.0,11.0,1.000000
10,-1,272.0,88.0,17.0,12.0,1.000000
10,-1,308.0,234.0,14.0,12.0,1.000000
10,-1,403.0,135.0,17.0,12.0,1.000000
10,-1,502.0,280.0,16.0,13.0,1.000000
10,-1,519.0,249.0,14.0,11.0,1.000000
10,-1,560.0,273.0,17.0,13.0,1.000000
10,-1,615.0,196.0,17.0,13.0,1.000000
11,-1,196.0,61.0,16.0,11.0,1.000000
11,-1,235.0,93.0,16.0,12.0,1.000000
11,-1,245.0,217.0,17.0,12.0,1.000000
11,-1,258.0,260.0,15.0,11.0,1.000000
11,-1,273.0,87.0,17.0,12.0,1.000000
11,-1,309.0,234.0,14.0,12.0,1.000000
11,-1,404.0,134.0,17.0,12.0,1.000000
11,-1,504.0,279.0,16.0,13.0,1.000000
11,-1,519.0,249.0,14.0,10.0,1.000000
11,-1,560.0,273.0,16.0,12.0,1.000000
11,-1,615.0,196.0,16.0,13.0,1.000000
12,-1,198.0,60.0,16.0,11.0,1.000000
12,-1,236.0,92.0,16.0,12.0,1.000000
12,-1,245.0,216.0,17.0,12.0,1.000000
12,-1,258.0,259.0,15.0,11.0,1.000000
12,-1,274.0,86.0,17.0,12.0,1.000000
12,-1,309.0,233.0,14.0,12.0,1.000000
12,-1,404.0,133.0,17.0,11.0,1.000000
12,-1,505.0,278.0,16.0,13.0,1.000000
12,-1,519.0,249.0,14.0,10.0,1.000000
12,-1,560.0,273.0,16.0,12.0,1.000000
12,-1,615.0,196.0,16.0,12.0,1.000000
13,-1,199.0,59.0,16.0,11.0,1.000000
13,-1,236.0,92.0,16.0,12.0,1.000000
13,-1,245.0,215.0,17.0,12.0,1.000000
13,-1,258.0,259.0,15.0,11.0,1.000000
13,-1,275.0,86.0,18.0,12.0,1.000000
13,-1,309.0,233.0,14.0,12.0,1.000000
13,-1,405.0,133.0,17.0,12.0,1.000000
13,-1,505.0,278.0,16.0,13.0,1.000000
13,-1,519.0,249.0,15.0,11.0,1.000000
13,-1,560.0,273.0,16.0,12.0,1.000000
13,-1,616.0,196.0,16.0,13.0,1.000000
14,-1,200.0,58.0,16.0,11.0,1.000000
14,-1,236.0,92.0,16.0,12.0,1.000000
14,-1,245.0,214.0,17.0,12.0,1.000000
14,-1,258.0,258.0,14.0,11.0,1.000000
14,-1,275.0,85.0,18.0,12.0,1.000000
14,-1,309.0,232.0,13.0,12.0,1.000000
14,-1,405.0,132.0,16.0,11.0,1.000000
14,-1,505.0,277.0,16.0,13.0,1.000000
14,-1,518.0,249.0,14.0,11.0,1.000000
14,-1,559.0,273.0,16.0,12.0,1.000000
14,-1,615.0,196.0,17.0,13.0,1.000000
15,-1,200.0,57.0,16.0,11.0,1.000000
15,-1,235.0,91.0,16.0,12.0,1.000000
15,-1,244.0,213.0,17.0,12.0,1.000000
15,-1,257.0,256.0,15.0,11.0,1.000000
15,-1,275.0,84.0,17.0,12.0,1.000000
15,-1,309.0,231.0,13.0,12.0,1.000000
15,-1,405.0,131.0,17.0,12.0,1.000000
15,-1,506.0,276.0,16.0,13.0,1.000000
15,-1,517.0,249.0,14.0,11.0,1.000000
15,-1,558.0,272.0,16.0,12.0,1.000000
15,-1,614.0,195.0,17.0,13.0,1.000000
16,-1,201.0,56.0,16.0,11.0,1.000000
16,-1,234.0,90.0,17.0,12.0,1.000000
16,-1,243.0,212.0,17.0,12.0,1.000000
16,-1,256.0,255.0,15.0,11.0,1.000000
16,-1,274.0,83.0,18.0,13.0,1.000000
16,-1,308.0,230.0,13.0,12.0,1.000000
16,-1,404.0,129.0,17.0,11.0,1.000000
16,-1,506.0,275.0,16.0,13.0,1.000000
16,-1,516.0,249.0,14.0,11.0,1.000000
16,-1,558.0,272.0,16.0,12.0,1.000000
16,-1,613.0,195.0,16.0,13.0,1.000000
17,-1,202.0,54.0,16.0,11.0,1.000000
17,-1,234.0,89.0,16.0,12.0,1.000000
17,-1,243.0,211.0,16.0,12.0,1.000000
17,-1,255.0,254.0,15.0,11.0,1.000000
17,-1,274.0,82.0,18.0,13.0,1.000000
17,-1,308.0,229.0,13.0,11.0,1.000000
17,-1,404.0,128.0,17.0,12.0,1.000000
17,-1,506.0,274.0,16.0,13.0,1.000000
17,-1,514.0,249.0,14.0,10.0,1.000000
17,-1,556.0,271.0,16.0,12.0,1.000000
17,-1,612.0,194.0,16.0,13.0,1.000000
18,-1,202.0,53.0,16.0,11.0,1.000000
18,-1,233.0,89.0,16.0,11.0,1.000000
18,-1,243.0,209.0,16.0,12.0,1.000000
18,-1,255.0,253.0,15.0,11.0,1.000000
18,-1,274.0,82.0,18.0,13.0,1.000000
18,-1,308.0,228.0,13.0,11.0,1.000000
18,-1,404.0,127.0,17.0,12.0,1.000000
18,-1,506.0,273.0,16.0,13.0,1.000000
18,-1,513.0,248.0,14.0,10.0,1.000000
18,-1,555.0,271.0,16.0,12.0,1.000000
18,-1,612.0,194.0,16.0,12.0,1.000000
19,-1,203.0,52.0,16.0,11.0,1.000000
19,-1,233.0,88.0,16.0,11.0,1.000000
19,-1,242.0,208.0,16.0,12.0,1.000000
19,-1,254.0,251.0,15.0,11.0,1.000000
19,-1,274.0,81.0,18.0,13.0,1.000000
19,-1,307.0,227.0,13.0,12.0,1.000000
19,-1,404.0,126.0,17.0,11.0,1.000000
19,-1,506.0,272.0,16.0,13.0,1.000000
19,-1,512.0,248.0,14.0,10.0,1.000000
19,-1,554.0,270.0,16.0,12.0,1.000000
19,-1,611.0,193.0,16.0,12.0,1.000000
20,-1,203.0,50.0,16.0,11.0,1.000000
20,-1,232.0,87.0,16.0,11.0,1.000000
20,-1,241.0,207.0,16.0,12.0,1.000000
20,-1,253.0,250.0,15.0,11.0,1.000000
20,-1,273.0,80.0,18.0,13.0,1.000000
20,-1,306.0,225.0,13.0,11.0,1.000000
20,-1,403.0,125.0,17.0,11.0,1.000000
20,-1,506.0,271.0,16.0,13.0,1.000000
20,-1,511.0,248.0,14.0,10.0,1.000000
20,-1,553.0,270.0,15.0,12.0,1.000000
20,-1,610.0,193.0,16.0,12.0,1.000000
21,-1,204.0,49.0,16.0,11.0,1.000000
21,-1,231.0,86.0,16.0,11.0,1.000000
21,-1,240.0,205.0,17.0,12.0,1.000000
21,-1,252.0,249.0,15.0,11.0,1.000000
21,-1,273.0,79.0,18.0,13.0,1.000000
21,-1,306.0,224.0,13.0,11.0,1.000000
21,-1,403.0,124.0,17.0,12.0,1.000000
21,-1,506.0,270.0,16.0,13.0,1.000000
21,-1,509.0,247.0,14.0,11.0,1.000000
21,-1,552.0,269.0,15.0,12.0,1.000000
21,-1,609.0,193.0,16.0,12.0,1.000000
22,-1,204.0,48.0,16.0,11.0,1.000000
22,-1,230.0,85.0,16.0,11.0,1.000000
22,-1,239.0,204.0,16.0,12.0,1.000000
22,-1,251.0,247.0,15.0,11.0,1.000000
22,-1,272.0,78.0,18.0,13.0,1.000000
22,-1,305.0,223.0,13.0,11.0,1.000000
22,-1,402.0,123.0,17.0,12.0,1.000000
22,-1,505.0,269.0,16.0,13.0,1.000000
22,-1,508.0,247.0,14.0,10.0,1.000000
22,-1,551.0,269.0,16.0,12.0,1.000000
22,-1,608.0,192.0,16.0,12.0,1.000000
23,-1,204.0,47.0,17.0,11.0,1.000000
23,-1,230.0,85.0,16.0,12.0,1.000000
23,-1,239.0,204.0,16.0,12.0,1.000000
23,-1,250.0,247.0,15.0,11.0,1.000000
23,-1,272.0,78.0,18.0,13.0,1.000000
23,-1,305.0,222.0,13.0,12.0,1.000000
23,-1,402.0,122.0,17.0,12.0,1.000000
23,-1,505.0,269.0,16.0,13.0,1.000000
23,-1,506.0,248.0,14.0,10.0,1.000000
23,-1,550.0,269.0,16.0,12.0,1.000000
23,-1,607.0,192.0,16.0,12.0,1.000000
24,-1,204.0,46.0,16.0,11.0,1.000000
24,-1,229.0,84.0,16.0,11.0,1.000000
24,-1,238.0,203.0,16.0,12.0,1.000000
24,-1,249.0,246.0,15.0,11.0,1.000000
24,-1,271.0,78.0,18.0,13.0,1.000000
24,-1,304.0,221.0,13.0,11.0,1.000000
24,-1,401.0,122.0,17.0,12.0,1.000000
24,-1,505.0,248.0,14.0,10.0,1.000000
24,-1,505.0,269.0,16.0,13.0,1.000000
24,-1,548.0,270.0,15.0,12.0,1.000000
24,-1,606.0,192.0,16.0,12.0,1.000000
25,-1,204.0,46.0,16.0,11.0,1.000000
25,-1,228.0,84.0,16.0,11.0,1.000000
25,-1,237.0,203.0,16.0,12.0,1.000000
25,-1,248.0,245.0,15.0,11.0,1.000000
25,-1,270.0,77.0,18.0,13.0,1.000000
25,-1,303.0,220.0,13.0,12.0,1.000000
25,-1,400.0,121.0,17.0,12.0,1.000000
25,-1,503.0,248.0,14.0,10.0,1.000000
25,-1,505.0,268.0,16.0,13.0,1.000000
25,-1,547.0,270.0,15.0,12.0,1.000000
25,-1,604.0,192.0,16.0,12.0,1.000000
26,-1,205.0,45.0,16.0,11.0,1.000000
26,-1,227.0,83.0,16.0,12.0,1.000000
26,-1,236.0,202.0,16.0,12.0,1.000000
26,-1,247.0,244.0,14.0,11.0,1.000000
26,-1,270.0,77.0,18.0,13.0,1.000000
26,-1,303.0,219.0,13.0,12.0,1.000000
26,-1,399.0,121.0,17.0,12.0,1.000000
26,-1,502.0,248.0,14.0,10.0,1.000000
26,-1,504.0,268.0,16.0,13.0,1.000000
26,-1,545.0,270.0,15.0,12.0,1.000000
26,-1,603.0,192.0,16.0,12.0,1.000000
27,-1,205.0,44.0,16.0,11.0,1.000000
27,-1,227.0,82.0,16.0,11.0,1.000000
27,-1,236.0,201.0,16.0,12.0,1.000000
27,-1,247.0,243.0,14.0,11.0,1.000000
27,-1,270.0,77.0,18.0,13.0,1.000000
27,-1,303.0,218.0,14.0,12.0,1.000000
27,-1,399.0,120.0,17.0,12.0,1.000000
27,-1,501.0,248.0,14.0,10.0,1.000000
27,-1,505.0,267.0,16.0,13.0,1.000000
27,-1,545.0,270.0,15.0,12.0,1.000000
27,-1,603.0,192.0,16.0,12.0,1.000000
28,-1,207.0,43.0,17.0,11.0,1.000000
28,-1,227.0,82.0,16.0,11.0,1.000000
28,-1,236.0,200.0,16.0,12.0,1.000000
28,-1,247.0,242.0,15.0,11.0,1.000000
28,-1,270.0,76.0,18.0,13.0,1.000000
28,-1,303.0,216.0,13.0,12.0,1.000000
28,-1,400.0,119.0,17.0,12.0,1.000000
28,-1,501.0,248.0,14.0,10.0,1.000000
28,-1,506.0,267.0,16.0,13.0,1.000000
28,-1,545.0,270.0,15.0,12.0,1.000000
28,-1,603.0,192.0,16.0,12.0,1.000000
29,-1,209.0,42.0,16.0,11.0,1.000000
29,-1,228.0,82.0,16.0,11.0,1.000000
29,-1,237.0,199.0,16.0,12.0,1.000000
29,-1,248.0,242.0,15.0,11.0,1.000000
29,-1,271.0,76.0,18.0,13.0,1.000000
29,-1,305.0,215.0,13.0,12.0,1.000000
29,-1,401.0,119.0,17.0,12.0,1.000000
29,-1,501.0,248.0,14.0,10.0,1.000000
29,-1,507.0,267.0,16.0,13.0,1.000000
29,-1,545.0,271.0,15.0,12.0,1.000000
29,-1,604.0,192.0,16.0,12.0,1.000000
30,-1,211.0,42.0,16.0,11.0,1.000000
30,-1,229.0,81.0,16.0,11.0,1.000000
30,-1,238.0,199.0,16.0,12.0,1.000000
30,-1,249.0,241.0,15.0,11.0,1.000000
30,-1,273.0,76.0,18.0,13.0,1.000000
30,-1,306.0,214.0,13.0,12.0,1.000000
30,-1,402.0,118.0,17.0,12.0,1.000000
30,-1,501.0,249.0,14.0,10.0,1.000000
30,-1,509.0,267.0,16.0,13.0,1.000000
30,-1,545.0,271.0,15.0,11.0,1.000000
30,-1,605.0,192.0,16.0,12.0,1.000000
31,-1,213.0,41.0,16.0,11.0,1.000000
31,-1,230.0,80.0,16.0,11.0,1.000000
31,-1,239.0,198.0,16.0,12.0,1.000000
31,-1,250.0,240.0,15.0,11.0,1.000000
31,-1,274.0,75.0,18.0,13.0,1.000000
31,-1,307.0,213.0,14.0,12.0,1.000000
31,-1,403.0,118.0,17.0,12.0,1.000000
31,-1,501.0,249.0,14.0,10.0,1.000000
31,-1,510.0,266.0,16.0,13.0,1.000000
31,-1,545.0,271.0,15.0,12.0,1.000000
31,-1,605.0,191.0,16.0,12.0,1.000000
32,-1,214.0,40.0,17.0,11.0,1.000000
32,-1,231.0,79.0,16.0,11.0,1.000000
32,-1,240.0,197.0,16.0,12.0,1.000000
32,-1,250.0,239.0,15.0,11.0,1.000000
32,-1,274.0,75.0,18.0,13.0,1.000000
32,-1,308.0,212.0,14.0,12.0,1.000000
32,-1,404.0,117.0,17.0,12.0,1.000000
32,-1,501.0,249.0,14.0,10.0,1.000000
32,-1,512.0,266.0,16.0,13.0,1.000000
32,-1,546.0,271.0,15.0,12.0,1.000000
32,-1,606.0,191.0,16.0,12.0,1.000000
33,-1,216.0,39.0,17.0,11.0,1.000000
33,-1,231.0,79.0,15.0,11.0,1.000000
33,-1,240.0,196.0,16.0,12.0,1.000000
33,-1,250.0,238.0,15.0,11.0,1.000000
33,-1,274.0,75.0,18.0,13.0,1.000000
33,-1,308.0,210.0,14.0,12.0,1.000000
33,-1,404.0,117.0,17.0,11.0,1.000000
33,-1,501.0,249.0,14.0,10.0,1.000000
33,-1,512.0,265.0,16.0,13.0,1.000000
33,-1,545.0,271.0,15.0,12.0,1.000000
33,-1,606.0,191.0,16.0,12.0,1.000000
34,-1,217.0,38.0,16.0,11.0,1.000000
34,-1,231.0,78.0,16.0,11.0,1.000000
34,-1,240.0,195.0,16.0,12.0,1.000000
34,-1,250.0,237.0,15.0,11.0,1.000000
34,-1,274.0,74.0,18.0,13.0,1.000000
34,-1,309.0,209.0,14.0,12.0,1.000000
34,-1,404.0,116.0,17.0,12.0,1.000000
34,-1,500.0,249.0,14.0,10.0,1.000000
34,-1,513.0,265.0,16.0,13.0,1.000000
34,-1,545.0,272.0,15.0,12.0,1.000000
34,-1,606.0,190.0,16.0,12.0,1.000000
35,-1,218.0,38.0,16.0,11.0,1.000000
35,-1,231.0,78.0,15.0,11.0,1.000000
35,-1,240.0,194.0,16.0,12.0,1.000000
35,-1,250.0,236.0,15.0,11.0,1.000000
35,-1,274.0,74.0,18.0,13.0,1.000000
35,-1,309.0,207.0,14.0,12.0,1.000000
35,-1,404.0,115.0,17.0,12.0,1.000000
35,-1,499.0,249.0,14.0,10.0,1.000000
35,-1,513.0,265.0,16.0,13.0,1.000000
35,-1,544.0,272.0,15.0,12.0,1.000000
35,-1,605.0,190.0,16.0,13.0,1.000000
36,-1,218.0,36.0,16.0,11.0,1.000000
36,-1,231.0,77.0,15.0,11.0,1.000000
36,-1,240.0,193.0,16.0,12.0,1.000000
36,-1,250.0,235.0,15.0,11.0,1.000000
36,-1,274.0,74.0,18.0,13.0,1.000000
36,-1,309.0,206.0,14.0,12.0,1.000000
36,-1,404.0,114.0,17.0,12.0,1.000000
36,-1,498.0,249.0,14.0,10.0,1.000000
36,-1,514.0,265.0,16.0,13.0,1.000000
36,-1,543.0,272.0,15.0,11.0,1.000000
36,-1,605.0,190.0,16.0,12.0,1.000000
37,-1,219.0,35.0,17.0,12.0,1.000000
37,-1,231.0,75.0,16.0,11.0,1.000000
37,-1,240.0,192.0,16.0,12.0,1.000000
37,-1,250.0,233.0,15.0,11.0,1.000000
37,-1,274.0,73.0,18.0,13.0,1.000000
37,-1,309.0,204.0,14.0,12.0,1.000000
37,-1,404.0,114.0,17.0,12.0,1.000000
37,-1,497.0,249.0,14.0,10.0,1.000000
37,-1,514.0,264.0,16.0,13.0,1.000000
37,-1,543.0,272.0,15.0,12.0,1.000000
37,-1,604.0,189.0,16.0,12.0,1.000000
38,-1,220.0,34.0,17.0,12.0,1.000000
38,-1,231.0,74.0,16.0,11.0,1.000000
38,-1,240.0,191.0,16.0,12.0,1.000000
38,-1,249.0,232.0,15.0,11.0,1.000000
38,-1,274.0,72.0,19.0,13.0,1.000000
38,-1,309.0,203.0,14.0,12.0,1.000000
38,-1,404.0,113.0,17.0,12.0,1.000000
38,-1,496.0,249.0,14.0,10.0,1.000000
38,-1,515.0,264.0,16.0,13.0,1.000000
38,-1,542.0,272.0,15.0,12.0,1.000000
38,-1,604.0,189.0,16.0,12.0,1.000000
39,-1,221.0,33.0,16.0,11.0,1.000000
39,-1,231.0,73.0,16.0,11.0,1.000000
39,-1,239.0,190.0,17.0,12.0,1.000000
39,-1,249.0,230.0,15.0,11.0,1.000000
39,-1,274.0,72.0,18.0,13.0,1.000000
39,-1,309.0,201.0,14.0,12.0,1.000000
39,-1,404.0,112.0,17.0,12.0,1.000000
39,-1,495.0,248.0,14.0,10.0,1.000000
39,-1,515.0,263.0,16.0,13.0,1.000000
39,-1,541.0,272.0,15.0,12.0,1.000000
39,-1,603.0,188.0,16.0,12.0,1.000000
40,-1,221.0,32.0,17.0,11.0,1.000000
40,-1,230.0,72.0,16.0,11.0,1.000000
40,-1,238.0,189.0,17.0,12.0,1.000000
40,-1,248.0,229.0,15.0,11.0,1.000000
40,-1,273.0,71.0,19.0,13.0,1.000000
40,-1,308.0,200.0,14.0,12.0,1.000000
40,-1,403.0,111.0,17.0,12.0,1.000000
40,-1,494.0,248.0,14.0,10.0,1.000000
40,-1,515.0,263.0,16.0,13.0,1.000000
40,-1,539.0,272.0,15.0,11.0,1.000000
40,-1,602.0,188.0,16.0,12.0,1.000000
41,-1,221.0,31.0,16.0,11.0,1.000000
41,-1,230.0,71.0,16.0,11.0,1.000000
41,-1,238.0,188.0,17.0,12.0,1.000000
41,-1,247.0,228.0,16.0,12.0,1.000000
41,-1,272.0,71.0,18.0,13.0,1.000000
41,-1,308.0,198.0,14.0,12.0,1.000000
41,-1,402.0,110.0,17.0,12.0,1.000000
41,-1,492.0,248.0,14.0,10.0,1.000000
41,-1,514.0,263.0,16.0,13.0,1.000000
41,-1,538.0,273.0,15.0,11.0,1.000000
41,-1,601.0,187.0,16.0,12.0,1.000000
42,-1,221.0,30.0,17.0,12.0,1.000000
42,-1,229.0,70.0,16.0,11.0,1.000000
42,-1,237.0,187.0,17.0,12.0,1.000000
42,-1,246.0,226.0,15.0,11.0,1.000000
42,-1,271.0,71.0,19.0,13.0,1.000000
42,-1,307.0,197.0,14.0,12.0,1.000000
42,-1,401.0,110.0,17.0,12.0,1.000000
42,-1,490.0,248.0,14.0,10.0,1.000000
42,-1,514.0,262.0,16.0,13.0,1.000000
42,-1,536.0,272.0,15.0,12.0,1.000000
42,-1,600.0,187.0,16.0,12.0,1.000000
43,-1,220.0,29.0,16.0,11.0,1.000000
43,-1,228.0,69.0,16.0,11.0,1.000000
43,-1,235.0,186.0,17.0,12.0,1.000000
43,-1,245.0,226.0,15.0,11.0,1.000000
43,-1,269.0,70.0,19.0,13.0,1.000000
43,-1,306.0,196.0,14.0,12.0,1.000000
43,-1,400.0,109.0,17.0,12.0,1.000000
43,-1,488.0,248.0,14.0,10.0,1.000000
43,-1,513.0,262.0,16.0,13.0,1.000000
43,-1,535.0,273.0,15.0,11.0,1.000000
43,-1,599.0,187.0,15.0,12.0,1.000000
44,-1,220.0,29.0,16.0,11.0,1.000000
44,-1,227.0,68.0,16.0,11.0,1.000000
44,-1,235.0,185.0,17.0,12.0,1.000000
44,-1,244.0,224.0,15.0,12.0,1.000000
44,-1,268.0,70.0,19.0,13.0,1.000000
44,-1,305.0,194.0,14.0,12.0,1.000000
44,-1,399.0,108.0,17.0,12.0,1.000000
44,-1,487.0,248.0,14.0,10.0,1.000000
44,-1,513.0,262.0,16.0,13.0,1.000000
44,-1,533.0,273.0,15.0,12.0,1.000000
44,-1,597.0,187.0,16.0,12.0,1.000000
45,-1,219.0,27.0,18.0,12.0,1.000000
45,-1,227.0,67.0,16.0,11.0,1.000000
45,-1,234.0,184.0,17.0,12.0,1.000000
45,-1,243.0,223.0,15.0,11.0,1.000000
45,-1,267.0,69.0,19.0,13.0,1.000000
45,-1,305.0,193.0,15.0,13.0,1.000000
45,-1,398.0,108.0,17.0,12.0,1.000000
45,-1,485.0,248.0,14.0,10.0,1.000000
45,-1,512.0,262.0,16.0,13.0,1.000000
45,-1,531.0,273.0,15.0,12.0,1.000000
45,-1,596.0,186.0,16.0,12.0,1.000000
46,-1,219.0,26.0,18.0,12.0,1.000000
46,-1,226.0,66.0,16.0,11.0,1.000000
46,-1,232.0,183.0,17.0,12.0,1.000000
46,-1,242.0,221.0,15.0,12.0,1.000000
46,-1,266.0,69.0,19.0,13.0,1.000000
46,-1,303.0,192.0,15.0,13.0,1.000000
46,-1,397.0,107.0,17.0,12.0,1.000000
46,-1,483.0,248.0,14.0,10.0,1.000000
46,-1,511.0,261.0,16.0,13.0,1.000000
46,-1,529.0,273.0,15.0,12.0,1.000000
46,-1,594.0,186.0,16.0,12.0,1.000000
47,-1,218.0,25.0,18.0,12.0,1.000000
47,-1,225.0,65.0,16.0,11.0,1.000000
47,-1,231.0,183.0,17.0,12.0,1.000000
47,-1,240.0,220.0,16.0,12.0,1.000000
47,-1,264.0,69.0,19.0,13.0,1.000000
47,-1,303.0,190.0,15.0,13.0,1.000000
47,-1,396.0,107.0,17.0,12.0,1.000000
47,-1,481.0,248.0,14.0,10.0,1.000000
47,-1,511.0,261.0,16.0,13.0,1.000000
47,-1,527.0,274.0,15.0,12.0,1.000000
47,-1,593.0,186.0,16.0,12.0,1.000000
48,-1,218.0,24.0,18.0,12.0,1.000000
48,-1,223.0,64.0,16.0,11.0,1.000000
48,-1,230.0,182.0,17.0,12.0,1.000000
48,-1,239.0,219.0,15.0,12.0,1.000000
48,-1,263.0,69.0,19.0,13.0,1.000000
48,-1,302.0,189.0,15.0,13.0,1.000000
48,-1,395.0,106.0,17.0,12.0,1.000000
48,-1,479.0,248.0,14.0,10.0,1.000000
48,-1,510.0,261.0,16.0,13.0,1.000000
48,-1,525.0,274.0,15.0,12.0,1.000000
48,-1,591.0,186.0,16.0,12.0,1.000000
49,-1,217.0,23.0,18.0,13.0,1.000000
49,-1,223.0,63.0,16.0,11.0,1.000000
49,-1,228.0,181.0,18.0,13.0,1.000000
49,-1,238.0,218.0,15.0,12.0,1.000000
49,-1,261.0,69.0,19.0,13.0,1.000000
49,-1,301.0,188.0,15.0,13.0,1.000000
49,-1,393.0,106.0,17.0,12.0,1.000000
49,-1,477.0,248.0,14.0,10.0,1.000000
49,-1,509.0,261.0,16.0,13.0,1.000000
49,-1,523.0,274.0,16.0,12.0,1.000000
49,-1,590.0,186.0,16.0,12.0,1.000000
50,-1,217.0,23.0,18.0,12.0,1.000000
50,-1,222.0,62.0,16.0,11.0,1.000000
50,-1,228.0,181.0,17.0,12.0,1.000000
50,-1,236.0,217.0,15.0,12.0,1.000000
50,-1,260.0,68.0,19.0,14.0,1.000000
50,-1,300.0,187.0,15.0,13.0,1.000000
50,-1,392.0,106.0,17.0,12.0,1.000000
50,-1,475.0,248.0,14.0,10.0,1.000000
50,-1,509.0,261.0,16.0,13.0,1.000000
50,-1,522.0,274.0,15.0,12.0,1.000000
50,-1,589.0,186.0,15.0,12.0,1.000000
51,-1,216.0,22.0,18.0,12.0,1.000000
51,-1,221.0,61.0,16.0,11.0,1.000000
51,-1,226.0,180.0,18.0,13.0,1.000000
51,-1,235.0,216.0,15.0,12.0,1.000000
51,-1,259.0,68.0,19.0,14.0,1.000000
51,-1,299.0,186.0,15.0,13.0,1.000000
51,-1,391.0,105.0,18.0,12.0,1.000000
51,-1,472.0,248.0,14.0,10.0,1.000000
51,-1,508.0,261.0,16.0,13.0,1.000000
51,-1,520.0,274.0,16.0,12.0,1.000000
51,-1,587.0,186.0,15.0,12.0,1.000000
52,-1,216.0,21.0,18.0,13.0,1.000000
52,-1,220.0,60.0,16.0,11.0,1.000000
52,-1,225.0,180.0,17.0,13.0,1.000000
52,-1,234.0,215.0,16.0,12.0,1.000000
52,-1,257.0,68.0,19.0,14.0,1.000000
52,-1,298.0,185.0,15.0,13.0,1.000000
52,-1,390.0,105.0,18.0,12.0,1.000000
52,-1,471.0,248.0,14.0,10.0,1.000000
52,-1,508.0,262.0,16.0,13.0,1.000000
52,-1,518.0,274.0,16.0,12.0,1.000000
52,-1,586.0,185.0,15.0,12.0,1.000000
53,-1,216.0,21.0,18.0,12.0,1.000000
53,-1,220.0,59.0,16.0,11.0,1.000000
53,-1,225.0,179.0,17.0,13.0,1.000000
53,-1,233.0,214.0,16.0,12.0,1.000000
53,-1,256.0,68.0,19.0,14.0,1.000000
53,-1,297.0,184.0,15.0,13.0,1.000000
53,-1,389.0,105.0,17.0,12.0,1.000000
53,-1,469.0,248.0,14.0,10.0,1.000000
53,-1,507.0,262.0,16.0,13.0,1.000000
53,-1,516.0,274.0,16.0,12.0,1.000000
53,-1,585.0,185.0,16.0,12.0,1.000000
54,-1,216.0,20.0,18.0,12.0,1.000000
54,-1,219.0,58.0,16.0,11.0,1.000000
54,-1,224.0,179.0,17.0,12.0,1.000000
54,-1,233.0,214.0,15.0,12.0,1.000000
54,-1,255.0,67.0,19.0,14.0,1.000000
54,-1,297.0,183.0,15.0,13.0,1.000000
54,-1,389.0,104.0,17.0,12.0,1.000000
54,-1,468.0,248.0,14.0,10.0,1.000000
54,-1,507.0,262.0,16.0,13.0,1.000000
54,-1,515.0,275.0,16.0,12.0,1.000000
54,-1,584.0,185.0,16.0,12.0,1.000000
55,-1,216.0,19.0,18.0,13.0,1.000000
55,-1,219.0,57.0,16.0,11.0,1.000000
55,-1,223.0,179.0,17.0,12.0,1.000000
55,-1,232.0,212.0,16.0,12.0,1.000000
55,-1,255.0,67.0,19.0,14.0,1.000000
55,-1,296.0,182.0,15.0,13.0,1.000000
55,-1,388.0,104.0,18.0,12.0,1.000000
55,-1,466.0,249.0,14.0,10.0,1.000000
55,-1,507.0,262.0,16.0,13.0,1.000000
55,-1,514.0,275.0,16.0,12.0,1.000000
55,-1,583.0,185.0,16.0,12.0,1.000000
56,-1,216.0,19.0,18.0,13.0,1.000000
56,-1,220.0,56.0,16.0,11.0,1.000000
56,-1,223.0,178.0,17.0,12.0,1.000000
56,-1,231.0,212.0,16.0,12.0,1.000000
56,-1,254.0,67.0,19.0,14.0,1.000000
56,-1,297.0,181.0,15.0,13.0,1.000000
56,-1,388.0,104.0,18.0,12.0,1.000000
56,-1,465.0,249.0,14.0,10.0,1.000000
56,-1,507.0,263.0,16.0,13.0,1.000000
56,-1,513.0,275.0,16.0,12.0,1.000000
56,-1,582.0,185.0,16.0,12.0,1.000000
57,-1,217.0,18.0,18.0,12.0,1.000000
57,-1,220.0,55.0,16.0,11.0,1.000000
57,-1,223.0,178.0,17.0,13.0,1.000000
57,-1,231.0,211.0,16.0,12.0,1.000000
57,-1,254.0,67.0,19.0,14.0,1.000000
57,-1,297.0,180.0,15.0,13.0,1.000000
57,-1,388.0,104.0,18.0,12.0,1.000000
57,-1,464.0,249.0,14.0,10.0,1.000000
57,-1,508.0,263.0,16.0,13.0,1.000000
57,-1,512.0,275.0,16.0,12.0,1.000000
57,-1,582.0,185.0,16.0,12.0,1.000000
58,-1,217.0,18.0,18.0,12.0,1.000000
58,-1,220.0,54.0,16.0,11.0,1.000000
58,-1,223.0,178.0,17.0,12.0,1.000000
58,-1,231.0,210.0,16.0,12.0,1.000000
58,-1,253.0,67.0,19.0,14.0,1.000000
58,-1,297.0,179.0,15.0,13.0,1.000000
58,-1,387.0,104.0,18.0,12.0,1.000000
58,-1,463.0,249.0,14.0,10.0,1.000000
58,-1,508.0,263.0,16.0,13.0,1.000000
58,-1,511.0,275.0,16.0,12.0,1.000000
58,-1,582.0,185.0,16.0,12.0,1.000000
59,-1,218.0,17.0,18.0,13.0,1.000000
59,-1,220.0,53.0,16.0,11.0,1.000000
59,-1,223.0,177.0,17.0,12.0,1.000000
59,-1,231.0,209.0,16.0,12.0,1.000000
59,-1,253.0,67.0,19.0,14.0,1.000000
59,-1,297.0,179.0,15.0,13.0,1.000000
59,-1,387.0,104.0,18.0,12.0,1.000000
59,-1,462.0,250.0,14.0,11.0,1.000000
59,-1,508.0,264.0,16.0,13.0,1.000000
59,-1,511.0,275.0,16.0,12.0,1.000000
59,-1,581.0,185.0,16.0,12.0,1.000000
60,-1,218.0,17.0,18.0,13.0,1.000000
60,-1,221.0,52.0,16.0,11.0,1.000000
60,-1,223.0,177.0,17.0,12.0,1.000000
60,-1,231.0,209.0,16.0,12.0,1.000000
60,-1,252.0,67.0,19.0,14.0,1.000000
60,-1,297.0,178.0,15.0,13.0,1.000000
60,-1,387.0,104.0,18.0,12.0,1.000000
60,-1,461.0,250.0,14.0,11.0,1.000000
60,-1,509.0,265.0,16.0,13.0,1.000000
60,-1,510.0,276.0,16.0,12.0,1.000000
60,-1,581.0,185.0,16.0,12.0,1.000000
61,-1,219.0,16.0,18.0,13.0,1.000000
61,-1,221.0,51.0,16.0,11.0,1.000000
61,-1,223.0,177.0,16.0,12.0,1.000000
61,-1,231.0,208.0,16.0,12.0,1.000000
61,-1,252.0,67.0,19.0,14.0,1.000000
61,-1,297.0,177.0,15.0,13.0,1.000000
61,-1,387.0,104.0,18.0,12.0,1.000000
61,-1,460.0,250.0,15.0,11.0,1.000000
61,-1,509.0,266.0,16.0,13.0,1.000000
61,-1,509.0,276.0,16.0,12.0,1.000000
61,-1,581.0,185.0,16.0,12.0,1.000000
62,-1,220.0,16.0,18.0,13.0,1.000000
62,-1,222.0,50.0,16.0,11.0,1.000000
62,-1,223.0,176.0,17.0,13.0,1.000000
62,-1,231.0,207.0,16.0,12.0,1.000000
62,-1,252.0,67.0,19.0,14.0,1.000000
62,-1,297.0,176.0,15.0,13.0,1.000000
62,-1,387.0,104.0,18.0,12.0,1.000000
62,-1,459.0,250.0,15.0,11.0,1.000000
62,-1,508.0,276.0,16.0,12.0,1.000000
62,-1,510.0,266.0,16.0,13.0,1.000000
62,-1,580.0,184.0,16.0,12.0,1.000000
63,-1,220.0,15.0,18.0,13.0,1.000000
63,-1,222.0,49.0,16.0,11.0,1.000000
63,-1,223.0,176.0,17.0,12.0,1.000000
63,-1,231.0,206.0,16.0,12.0,1.000000
63,-1,251.0,67.0,20.0,14.0,1.000000
63,-1,297.0,175.0,15.0,13.0,1.000000
63,-1,387.0,104.0,18.0,12.0,1.000000
63,-1,458.0,250.0,15.0,11.0,1.000000
63,-1,507.0,277.0,16.0,12.0,1.000000
63,-1,510.0,267.0,16.0,13.0,1.000000
63,-1,580.0,184.0,16.0,12.0,1.000000
64,-1,221.0,15.0,18.0,12.0,1.000000
64,-1,223.0,48.0,16.0,11.0,1.000000
64,-1,223.0,176.0,17.0,12.0,1.000000
64,-1,231.0,206.0,16.0,12.0,1.000000
64,-1,251.0,67.0,20.0,14.0,1.000000
64,-1,298.0,174.0,15.0,13.0,1.000000
64,-1,387.0,104.0,18.0,12.0,1.000000
64,-1,458.0,250.0,15.0,11.0,1.000000
64,-1,507.0,277.0,16.0,12.0,1.000000
64,-1,511.0,268.0,16.0,13.0,1.000000
64,-1,580.0,184.0,16.0,12.0,1.000000
65,-1,222.0,15.0,18.0,13.0,1.000000
65,-1,224.0,176.0,18.0,13.0,1.000000
65,-1,225.0,47.0,16.0,11.0,1.000000
65,-1,232.0,205.0,16.0,12.0,1.000000
65,-1,252.0,68.0,19.0,14.0,1.000000
65,-1,299.0,174.0,15.0,13.0,1.000000
65,-1,388.0,104.0,18.0,12.0,1.000000
65,-1,458.0,251.0,15.0,11.0,1.000000
65,-1,507.0,278.0,16.0,12.0,1.000000
65,-1,512.0,269.0,16.0,13.0,1.000000
65,-1,581.0,184.0,16.0,12.0,1.000000
66,-1,224.0,14.0,18.0,13.0,1.000000
66,-1,225.0,176.0,18.0,13.0,1.000000
66,-1,226.0,47.0,16.0,11.0,1.000000
66,-1,233.0,205.0,16.0,12.0,1.000000
66,-1,252.0,68.0,20.0,14.0,1.000000
66,-1,300.0,173.0,15.0,13.0,1.000000
66,-1,389.0,104.0,18.0,12.0,1.000000
66,-1,458.0,251.0,15.0,11.0,1.000000
66,-1,507.0,279.0,16.0,12.0,1.000000
66,-1,513.0,270.0,16.0,13.0,1.000000
66,-1,581.0,184.0,16.0,12.0,1.000000
67,-1,225.0,14.0,18.0,13.0,1.000000
67,-1,226.0,175.0,18.0,13.0,1.000000
67,-1,227.0,46.0,16.0,11.0,1.000000
67,-1,233.0,204.0,16.0,12.0,1.000000
67,-1,252.0,68.0,20.0,14.0,1.000000
67,-1,300.0,172.0,15.0,13.0,1.000000
67,-1,390.0,104.0,18.0,12.0,1.000000
67,-1,458.0,251.0,15.0,11.0,1.000000
67,-1,507.0,279.0,16.0,12.0,1.000000
67,-1,515.0,270.0,16.0,13.0,1.000000
67,-1,581.0,184.0,16.0,12.0,1.000000
68,-1,226.0,13.0,19.0,13.0,1.000000
68,-1,226.0,175.0,17.0,12.0,1.000000
68,-1,228.0,45.0,16.0,12.0,1.000000
68,-1,234.0,203.0,16.0,12.0,1.000000
68,-1,252.0,68.0,20.0,14.0,1.000000
68,-1,301.0,172.0,15.0,13.0,1.000000
68,-1,390.0,104.0,18.0,12.0,1.000000
68,-1,457.0,251.0,15.0,11.0,1.000000
68,-1,507.0,280.0,16.0,12.0,1.000000
68,-1,515.0,271.0,16.0,13.0,1.000000
68,-1,581.0,184.0,16.0,12.0,1.000000
69,-1,226.0,13.0,18.0,13.0,1.000000
69,-1,226.0,175.0,17.0,12.0,1.000000
69,-1,228.0,44.0,16.0,12.0,1.000000
69,-1,233.0,203.0,17.0,12.0,1.000000
69,-1,251.0,68.0,20.0,14.0,1.000000
69,-1,301.0,171.0,15.0,13.0,1.000000
69,-1,390.0,104.0,18.0,12.0,1.000000
69,-1,456.0,251.0,15.0,11.0,1.000000
69,-1,506.0,280.0,16.0,12.0,1.000000
69,-1,515.0,272.0,16.0,13.0,1.000000
69,-1,581.0,184.0,16.0,12.0,1.000000
70,-1,225.0,175.0,17.0,12.0,1.000000
70,-1,226.0,13.0,18.0,13.0,1.000000
70,-1,229.0,43.0,16.0,11.0,1.000000
70,-1,233.0,202.0,16.0,12.0,1.000000
70,-1,250.0,68.0,20.0,14.0,1.000000
70,-1,300.0,170.0,15.0,13.0,1.000000
70,-1,389.0,104.0,18.0,12.0,1.000000
70,-1,454.0,251.0,15.0,11.0,1.000000
70,-1,504.0,281.0,16.0,12.0,1.000000
70,-1,515.0,272.0,16.0,13.0,1.000000
70,-1,580.0,184.0,16.0,13.0,1.000000
71,-1,224.0,175.0,17.0,12.0,1.000000
71,-1,225.0,13.0,18.0,13.0,1.000000
71,-1,228.0,41.0,17.0,12.0,1.000000
71,-1,232.0,201.0,17.0,12.0,1.000000
71,-1,249.0,68.0,20.0,14.0,1.000000
71,-1,299.0,169.0,15.0,13.0,1.000000
71,-1,388.0,104.0,18.0,12.0,1.000000
71,-1,453.0,252.0,15.0,11.0,1.000000
71,-1,503.0,281.0,16.0,13.0,1.000000
71,-1,515.0,273.0,16.0,13.0,1.000000
71,-1,579.0,184.0,16.0,12.0,1.000000
72,-1,224.0,175.0,17.0,12.0,1.000000
72,-1,225.0,12.0,19.0,13.0,1.000000
72,-1,229.0,40.0,17.0,12.0,1.000000
72,-1,231.0,201.0,16.0,12.0,1.000000
72,-1,248.0,68.0,20.0,14.0,1.000000
72,-1,299.0,169.0,15.0,13.0,1.000000
72,-1,388.0,104.0,18.0,12.0,1.000000
72,-1,451.0,252.0,15.0,11.0,1.000000
72,-1,502.0,282.0,16.0,12.0,1.000000
72,-1,515.0,274.0,16.0,13.0,1.000000
72,-1,578.0,184.0,16.0,13.0,1.000000
73,-1,224.0,175.0,17.0,12.0,1.000000
73,-1,226.0,12.0,19.0,13.0,1.000000
73,-1,229.0,40.0,17.0,12.0,1.000000
73,-1,231.0,201.0,16.0,12.0,1.000000
73,-1,248.0,69.0,19.0,14.0,1.000000
73,-1,299.0,168.0,15.0,13.0,1.000000
73,-1,388.0,104.0,18.0,12.0,1.000000
73,-1,450.0,252.0,15.0,11.0,1.000000
73,-1,501.0,282.0,17.0,13.0,1.000000
73,-1,515.0,275.0,16.0,13.0,1.000000
73,-1,577.0,184.0,17.0,13.0,1.000000
74,-1,224.0,174.0,17.0,12.0,1.000000
74,-1,226.0,12.0,18.0,13.0,1.000000
74,-1,230.0,38.0,17.0,12.0,1.000000
74,-1,231.0,200.0,17.0,12.0,1.000000
74,-1,247.0,68.0,20.0,14.0,1.000000
74,-1,299.0,168.0,15.0,13.0,1.000000
74,-1,388.0,104.0,18.0,12.0,1.000000
74,-1,449.0,253.0,15.0,11.0,1.000000
74,-1,500.0,283.0,16.0,12.0,1.000000
74,-1,515.0,276.0,16.0,13.0,1.000000
74,-1,577.0,184.0,17.0,13.0,1.000000
75,-1,224.0,174.0,17.0,12.0,1.000000
75,-1,226.0,12.0,19.0,13.0,1.000000
75,-1,230.0,37.0,17.0,12.0,1.000000
75,-1,231.0,200.0,16.0,12.0,1.000000
75,-1,247.0,69.0,19.0,14.0,1.000000
75,-1,299.0,167.0,16.0,13.0,1.000000
75,-1,387.0,104.0,18.0,12.0,1.000000
75,-1,448.0,253.0,15.0,11.0,1.000000
75,-1,499.0,283.0,16.0,13.0,1.000000
75,-1,515.0,277.0,16.0,13.0,1.000000
75,-1,577.0,184.0,16.0,13.0,1.000000
76,-1,223.0,174.0,17.0,12.0,1.000000
76,-1,226.0,11.0,19.0,13.0,1.000000
76,-1,230.0,36.0,17.0,12.0,1.000000
76,-1,230.0,199.0,17.0,12.0,1.000000
76,-1,246.0,69.0,19.0,14.0,1.000000
76,-1,298.0,166.0,15.0,13.0,1.000000
76,-1,387.0,104.0,18.0,12.0,1.000000
76,-1,447.0,253.0,15.0,11.0,1.000000
76,-1,498.0,284.0,16.0,12.0,1.000000
76,-1,515.0,277.0,16.0,13.0,1.000000
76,-1,576.0,184.0,16.0,12.0,1.000000
77,-1,222.0,174.0,17.0,12.0,1.000000
77,-1,226.0,11.0,19.0,13.0,1.000000
77,-1,229.0,198.0,17.0,13.0,1.000000
77,-1,230.0,35.0,17.0,12.0,1.000000
77,-1,244.0,69.0,20.0,14.0,1.000000
77,-1,297.0,166.0,15.0,13.0,1.000000
77,-1,386.0,104.0,18.0,12.0,1.000000
77,-1,445.0,253.0,15.0,11.0,1.000000
77,-1,496.0,284.0,16.0,12.0,1.000000
77,-1,514.0,278.0,16.0,13.0,1.000000
77,-1,575.0,184.0,16.0,12.0,1.000000
78,-1,221.0,174.0,17.0,12.0,1.000000
78,-1,225.0,11.0,19.0,13.0,1.000000
78,-1,228.0,198.0,17.0,12.0,1.000000
78,-1,230.0,34.0,17.0,12.0,1.000000
78,-1,243.0,69.0,20.0,14.0,1.000000
78,-1,296.0,165.0,15.0,13.0,1.000000
78,-1,385.0,104.0,18.0,12.0,1.000000
78,-1,444.0,253.0,15.0,11.0,1.000000
78,-1,495.0,284.0,16.0,12.0,1.000000
78,-1,514.0,279.0,16.0,13.0,1.000000
78,-1,574.0,184.0,16.0,12.0,1.000000
79,-1,221.0,173.0,17.0,12.0,1.000000
79,-1,225.0,11.0,19.0,13.0,1.000000
79,-1,227.0,197.0,17.0,12.0,1.000000
79,-1,230.0,33.0,17.0,12.0,1.000000
79,-1,242.0,69.0,20.0,14.0,1.000000
79,-1,296.0,164.0,15.0,13.0,1.000000
79,-1,385.0,104.0,18.0,12.0,1.000000
79,-1,442.0,253.0,15.0,11.0,1.000000
79,-1,493.0,285.0,16.0,12.0,1.000000
79,-1,514.0,280.0,16.0,13.0,1.000000
79,-1,573.0,184.0,17.0,13.0,1.000000
80,-1,220.0,173.0,17.0,12.0,1.000000
80,-1,225.0,11.0,19.0,13.0,1.000000
80,-1,227.0,197.0,17.0,13.0,1.000000
80,-1,230.0,33.0,17.0,12.0,1.000000
80,-1,241.0,69.0,20.0,14.0,1.000000
80,-1,295.0,164.0,15.0,13.0,1.000000
80,-1,384.0,104.0,18.0,12.0,1.000000
80,-1,441.0,254.0,15.0,11.0,1.000000
80,-1,492.0,285.0,16.0,12.0,1.000000
80,-1,514.0,281.0,16.0,13.0,1.000000
80,-1,572.0,184.0,17.0,13.0,1.000000
81,-1,220.0,173.0,17.0,13.0,1.000000
81,-1,225.0,10.0,19.0,13.0,1.000000
81,-1,226.0,197.0,17.0,12.0,1.000000
81,-1,231.0,32.0,17.0,12.0,1.000000
81,-1,241.0,69.0,19.0,14.0,1.000000
81,-1,295.0,163.0,16.0,13.0,1.000000
81,-1,384.0,104.0,18.0,12.0,1.000000
81,-1,440.0,254.0,15.0,11.0,1.000000
81,-1,491.0,285.0,17.0,13.0,1.000000
81,-1,514.0,281.0,16.0,13.0,1.000000
81,-1,572.0,184.0,17.0,13.0,1.000000
82,-1,220.0,173.0,17.0,13.0,1.000000
82,-1,225.0,10.0,19.0,13.0,1.000000
82,-1,226.0,196.0,17.0,12.0,1.000000
82,-1,232.0,31.0,17.0,12.0,1.000000
82,-1,240.0,69.0,19.0,14.0,1.000000
82,-1,295.0,163.0,15.0,13.0,1.000000
82,-1,384.0,104.0,18.0,12.0,1.000000
82,-1,439.0,254.0,15.0,11.0,1.000000
82,-1,490.0,285.0,16.0,13.0,1.000000
82,-1,514.0,282.0,16.0,13.0,1.000000
82,-1,571.0,184.0,17.0,13.0,1.000000
83,-1,220.0,173.0,17.0,12.0,1.000000
83,-1,226.0,10.0,19.0,13.0,1.000000
83,-1,226.0,196.0,17.0,12.0,1.000000
83,-1,232.0,30.0,17.0,12.0,1.000000
83,-1,240.0,70.0,19.0,14.0,1.000000
83,-1,295.0,162.0,16.0,13.0,1.000000
83,-1,384.0,105.0,18.0,12.0,1.000000
83,-1,438.0,254.0,16.0,11.0,1.000000
83,-1,489.0,286.0,17.0,13.0,1.000000
83,-1,514.0,283.0,16.0,13.0,1.000000
83,-1,571.0,184.0,16.0,13.0,1.000000
84,-1,219.0,173.0,17.0,12.0,1.000000
84,-1,226.0,10.0,19.0,13.0,1.000000
84,-1,226.0,195.0,17.0,13.0,1.000000
84,-1,233.0,29.0,17.0,12.0,1.000000
84,-1,239.0,70.0,20.0,14.0,1.000000
84,-1,295.0,162.0,16.0,14.0,1.000000
84,-1,384.0,105.0,18.0,12.0,1.000000
84,-1,437.0,255.0,15.0,11.0,1.000000
84,-1,488.0,286.0,16.0,13.0,1.000000
84,-1,514.0,284.0,16.0,13.0,1.000000
84,-1,571.0,184.0,16.0,12.0,1.000000
85,-1,219.0,173.0,17.0,12.0,1.000000
85,-1,225.0,195.0,17.0,13.0,1.000000
85,-1,226.0,10.0,19.0,13.0,1.000000
85,-1,233.0,28.0,17.0,12.0,1.000000
85,-1,238.0,70.0,20.0,14.0,1.000000
85,-1,294.0,161.0,16.0,13.0,1.000000
85,-1,384.0,105.0,18.0,12.0,1.000000
85,-1,436.0,255.0,15.0,11.0,1.000000
85,-1,487.0,286.0,17.0,13.0,1.000000
85,-1,514.0,284.0,17.0,13.0,1.000000
85,-1,570.0,184.0,16.0,12.0,1.000000
86,-1,219.0,173.0,17.0,12.0,1.000000
86,-1,225.0,195.0,17.0,13.0,1.000000
86,-1,226.0,10.0,19.0,13.0,1.000000
86,-1,234.0,27.0,17.0,12.0,1.000000
86,-1,238.0,70.0,19.0,14.0,1.000000
86,-1,293.0,161.0,16.0,14.0,1.000000
86,-1,384.0,105.0,18.0,12.0,1.000000
86,-1,435.0,255.0,15.0,11.0,1.000000
86,-1,486.0,286.0,17.0,13.0,1.000000
86,-1,514.0,285.0,17.0,13.0,1.000000
86,-1,570.0,184.0,16.0,12.0,1.000000
87,-1,218.0,173.0,17.0,12.0,1.000000
87,-1,224.0,194.0,17.0,13.0,1.000000
87,-1,226.0,10.0,19.0,13.0,1.000000
87,-1,234.0,26.0,17.0,12.0,1.000000
87,-1,237.0,71.0,20.0,14.0,1.000000
87,-1,293.0,160.0,15.0,13.0,1.000000
87,-1,383.0,106.0,18.0,12.0,1.000000
87,-1,433.0,256.0,16.0,11.0,1.000000
87,-1,485.0,287.0,17.0,13.0,1.000000
87,-1,514.0,286.0,17.0,13.0,1.000000
87,-1,569.0,184.0,16.0,13.0,1.000000
88,-1,218.0,173.0,17.0,12.0,1.000000
88,-1,224.0,194.0,17.0,13.0,1.000000
88,-1,226.0,10.0,19.0,13.0,1.000000
88,-1,235.0,25.0,17.0,12.0,1.000000
88,-1,236.0,71.0,20.0,14.0,1.000000
88,-1,292.0,160.0,16.0,14.0,1.000000
88,-1,383.0,106.0,18.0,12.0,1.000000
88,-1,432.0,256.0,16.0,11.0,1.000000
88,-1,484.0,287.0,17.0,13.0,1.000000
88,-1,514.0,287.0,17.0,14.0,1.000000
88,-1,568.0,184.0,17.0,13.0,1.000000
89,-1,217.0,173.0,18.0,14.0,1.000000
89,-1,224.0,194.0,17.0,12.0,1.000000
89,-1,226.0,10.0,19.0,13.0,1.000000
89,-1,235.0,24.0,17.0,12.0,1.000000
89,-1,236.0,71.0,19.0,14.0,1.000000
89,-1,292.0,159.0,15.0,13.0,1.000000
89,-1,383.0,106.0,18.0,12.0,1.000000
89,-1,432.0,256.0,15.0,11.0,1.000000
89,-1,483.0,287.0,17.0,13.0,1.000000
89,-1,514.0,287.0,17.0,14.0,1.000000
89,-1,567.0,184.0,17.0,13.0,1.000000
90,-1,217.0,173.0,18.0,14.0,1.000000
90,-1,224.0,194.0,17.0,12.0,1.000000
90,-1,226.0,10.0,19.0,13.0,1.000000
90,-1,235.0,71.0,20.0,14.0,1.000000
90,-1,236.0,24.0,17.0,12.0,1.000000
90,-1,292.0,159.0,16.0,14.0,1.000000
90,-1,383.0,106.0,18.0,12.0,1.000000
90,-1,431.0,257.0,15.0,11.0,1.000000
90,-1,482.0,288.0,17.0,13.0,1.000000
90,-1,514.0,288.0,17.0,14.0,1.000000
90,-1,567.0,184.0,17.0,13.0,1.000000
91,-1,216.0,173.0,18.0,14.0,1.000000
91,-1,223.0,194.0,17.0,12.0,1.000000
91,-1,226.0,10.0,18.0,13.0,1.000000
91,-1,234.0,72.0,20.0,14.0,1.000000
91,-1,236.0,23.0,18.0,12.0,1.000000
91,-1,291.0,159.0,16.0,14.0,1.000000
91,-1,383.0,107.0,18.0,12.0,1.000000
91,-1,429.0,257.0,15.0,11.0,1.000000
91,-1,480.0,288.0,17.0,13.0,1.000000
91,-1,513.0,289.0,17.0,14.0,1.000000
91,-1,566.0,184.0,17.0,13.0,1.000000
92,-1,215.0,173.0,18.0,14.0,1.000000
92,-1,222.0,194.0,17.0,12.0,1.000000
92,-1,225.0,11.0,19.0,13.0,1.000000
92,-1,233.0,72.0,19.0,14.0,1.000000
92,-1,236.0,22.0,18.0,12.0,1.000000
92,-1,290.0,158.0,16.0,14.0,1.000000
92,-1,382.0,107.0,18.0,12.0,1.000000
92,-1,428.0,258.0,15.0,11.0,1.000000
92,-1,479.0,289.0,17.0,13.0,1.000000
92,-1,513.0,290.0,17.0,14.0,1.000000
92,-1,565.0,184.0,17.0,13.0,1.000000
93,-1,214.0,174.0,18.0,14.0,1.000000
93,-1,221.0,194.0,17.0,12.0,1.000000
93,-1,225.0,11.0,19.0,13.0,1.000000
93,-1,232.0,73.0,20.0,14.0,1.000000
93,-1,236.0,22.0,18.0,12.0,1.000000
93,-1,289.0,158.0,16.0,14.0,1.000000
93,-1,381.0,108.0,18.0,12.0,1.000000
93,-1,426.0,258.0,15.0,11.0,1.000000
93,-1,477.0,290.0,17.0,13.0,1.000000
93,-1,512.0,291.0,17.0,13.0,1.000000
93,-1,564.0,185.0,17.0,13.0,1.000000
94,-1,213.0,174.0,18.0,14.0,1.000000
94,-1,220.0,194.0,17.0,12.0,1.000000
94,-1,225.0,11.0,19.0,13.0,1.000000
94,-1,231.0,74.0,19.0,14.0,1.000000
94,-1,236.0,21.0,18.0,12.0,1.000000
94,-1,288.0,158.0,16.0,14.0,1.000000
94,-1,381.0,108.0,18.0,12.0,1.000000
94,-1,424.0,259.0,15.0,11.0,1.000000
94,-1,476.0,290.0,17.0,13.0,1.000000
94,-1,511.0,293.0,17.0,14.0,1.000000
94,-1,563.0,185.0,17.0,13.0,1.000000
95,-1,213.0,174.0,18.0,14.0,1.000000
95,-1,220.0,194.0,17.0,12.0,1.000000
95,-1,225.0,12.0,19.0,13.0,1.000000
95,-1,230.0,74.0,20.0,14.0,1.000000
95,-1,237.0,21.0,18.0,12.0,1.000000
95,-1,287.0,158.0,16.0,14.0,1.000000
95,-1,381.0,109.0,18.0,12.0,1.000000
95,-1,423.0,259.0,16.0,11.0,1.000000
95,-1,474.0,291.0,17.0,13.0,1.000000
95,-1,511.0,294.0,17.0,14.0,1.000000
95,-1,563.0,186.0,17.0,13.0,1.000000
96,-1,213.0,175.0,18.0,14.0,1.000000
96,-1,220.0,194.0,17.0,12.0,1.000000
96,-1,225.0,12.0,19.0,13.0,1.000000
96,-1,230.0,75.0,20.0,14.0,1.000000
96,-1,237.0,20.0,18.0,13.0,1.000000
96,-1,287.0,158.0,16.0,14.0,1.000000
96,-1,381.0,110.0,18.0,12.0,1.000000
96,-1,423.0,260.0,15.0,11.0,1.000000
96,-1,474.0,292.0,17.0,13.0,1.000000
96,-1,511.0,295.0,17.0,13.0,1.000000
96,-1,562.0,186.0,17.0,13.0,1.000000
97,-1,212.0,175.0,18.0,14.0,1.000000
97,-1,219.0,195.0,17.0,12.0,1.000000
97,-1,225.0,13.0,19.0,13.0,1.000000
97,-1,230.0,76.0,20.0,14.0,1.000000
97,-1,238.0,20.0,18.0,13.0,1.000000
97,-1,287.0,158.0,16.0,14.0,1.000000
97,-1,381.0,110.0,18.0,12.0,1.000000
97,-1,422.0,261.0,15.0,11.0,1.000000
97,-1,473.0,292.0,17.0,13.0,1.000000
97,-1,511.0,297.0,17.0,14.0,1.000000
97,-1,562.0,187.0,17.0,13.0,1.000000
98,-1,213.0,176.0,18.0,14.0,1.000000
98,-1,220.0,195.0,17.0,12.0,1.000000
98,-1,226.0,14.0,19.0,13.0,1.000000
98,-1,230.0,77.0,20.0,14.0,1.000000
98,-1,239.0,20.0,18.0,13.0,1.000000
98,-1,287.0,158.0,16.0,14.0,1.000000
98,-1,382.0,111.0,18.0,12.0,1.000000
98,-1,421.0,261.0,16.0,11.0,1.000000
98,-1,472.0,293.0,17.0,13.0,1.000000
98,-1,511.0,298.0,18.0,14.0,1.000000
98,-1,562.0,187.0,17.0,13.0,1.000000
