1,1,342,386,16,16,1,1,1
2,1,342,386,16,16,1,1,1
3,1,342,380,16,16,1,1,1
4,1,342,377,16,16,1,1,1
5,1,341,370,17,17,1,1,1
6,1,341,364,17,17,1,1,1
7,1,341,364,17,17,1,1,1
8,1,341,361,17,17,1,1,1
9,1,341,354,18,18,1,1,1
10,1,341,351,18,18,1,1,1
11,1,341,345,17,17,1,1,1
12,1,341,345,17,17,1,1,1
13,1,341,343,17,17,1,1,1
14,1,340,336,17,17,1,1,1
15,1,340,334,17,17,1,1,1
16,1,340,328,17,17,1,1,1
17,1,340,328,17,17,1,1,1
18,1,340,322,17,17,1,1,1
19,1,340,319,17,17,1,1,1
20,1,340,313,17,17,1,1,1
21,1,340,310,17,17,1,1,1
22,1,340,310,17,17,1,1,1
23,1,339,304,17,17,1,1,1
24,1,339,301,17,17,1,1,1
25,1,340,296,16,17,1,1,1
26,1,339,288,19,18,1,1,1
27,1,339,288,19,18,1,1,1
28,1,339,285,19,18,1,1,1
29,1,339,279,19,18,1,1,1
30,1,339,276,19,18,1,1,1
31,1,340,270,19,18,1,1,1
32,1,340,270,19,18,1,1,1
33,1,339,267,19,18,1,1,1
34,1,339,261,19,18,1,1,1
35,1,338,255,20,19,1,1,1
36,1,339,252,20,19,1,1,1
37,1,339,252,20,19,1,1,1
38,1,339,246,20,19,1,1,1
39,1,339,243,20,19,1,1,1
40,1,340,237,20,19,1,1,1
41,1,339,234,20,19,1,1,1
42,1,339,234,20,19,1,1,1
43,1,339,228,21,20,1,1,1
44,1,339,221,21,20,1,1,1
45,1,339,221,21,20,1,1,1
46,1,340,212,21,20,1,1,1
47,1,340,212,21,20,1,1,1
48,1,340,209,22,20,1,1,1
49,1,340,203,22,21,1,1,1
50,1,340,199,22,21,1,1,1
51,1,340,193,21,20,1,1,1
52,1,341,193,21,20,1,1,1
53,1,340,187,22,22,1,1,1
54,1,339,183,22,22,1,1,1
55,1,339,177,22,22,1,1,1
56,1,339,174,22,22,1,1,1
57,1,339,174,22,22,1,1,1
58,1,339,169,21,21,1,1,1
59,1,339,165,22,22,1,1,1
60,1,339,158,22,22,1,1,1
61,1,339,152,21,21,1,1,1
62,1,339,152,21,21,1,1,1
63,1,337,150,21,21,1,1,1
64,1,339,141,21,21,1,1,1
65,1,339,141,21,21,1,1,1
66,1,339,133,21,21,1,1,1
67,1,339,133,21,21,1,1,1
68,1,339,133,21,21,1,1,1
69,1,338,123,21,21,1,1,1
70,1,338,116,21,21,1,1,1
71,1,338,116,21,21,1,1,1
72,1,338,116,21,21,1,1,1
73,1,337,107,21,21,1,1,1
74,1,337,102,21,21,1,1,1
75,1,337,95,21,21,1,1,1
76,1,336,92,21,21,1,1,1
77,1,336,92,21,21,1,1,1
78,1,337,85,21,21,1,1,1
79,1,337,79,21,21,1,1,1
80,1,336,76,21,21,1,1,1
81,1,337,69,21,21,1,1,1
82,1,337,69,21,21,1,1,1
83,1,337,69,20,16,1,1,1
84,1,338,60,20,19,1,1,1
85,1,338,57,20,19,1,1,1
86,1,338,51,20,19,1,1,1
87,1,338,51,20,19,1,1,1
88,1,338,44,20,19,1,1,1
89,1,338,40,20,19,1,1,1
90,1,338,31,20,19,1,1,1
91,1,338,31,20,19,1,1,1
92,1,338,31,20,19,1,1,1
93,1,339,23,20,19,1,1,1
94,1,339,20,20,19,1,1,1
95,1,340,11,20,19,1,1,1
96,1,340,7,20,19,1,1,1
97,1,340,7,20,19,1,1,1
98,1,341,0,20,19,1,1,1
99,1,342,-7,19,18,1,1,1
100,1,342,-3,18,10,1,1,1
20,2,245,416,18,14,1,1,1
21,2,246,413,17,15,1,1,1
22,2,246,413,17,15,1,1,1
23,2,246,408,17,16,1,1,1
24,2,246,405,17,16,1,1,1
25,2,246,398,17,16,1,1,1
26,2,244,391,18,18,1,1,1
27,2,244,391,18,18,1,1,1
28,2,244,388,18,18,1,1,1
29,2,245,382,18,19,1,1,1
30,2,245,379,18,19,1,1,1
31,2,245,372,18,19,1,1,1
32,2,245,372,18,19,1,1,1
33,2,245,369,18,19,1,1,1
34,2,245,362,18,19,1,1,1
35,2,245,356,18,19,1,1,1
36,2,245,353,18,19,1,1,1
37,2,245,353,18,19,1,1,1
38,2,245,347,18,19,1,1,1
39,2,246,344,18,19,1,1,1
40,2,246,339,18,19,1,1,1
41,2,246,336,18,19,1,1,1
42,2,246,336,18,19,1,1,1
43,2,246,329,19,20,1,1,1
44,2,246,323,18,19,1,1,1
45,2,246,319,18,19,1,1,1
46,2,246,314,18,19,1,1,1
47,2,246,314,18,19,1,1,1
48,2,246,311,18,19,1,1,1
49,2,247,303,18,19,1,1,1
50,2,247,300,18,19,1,1,1
51,2,247,294,18,18,1,1,1
52,2,247,294,18,18,1,1,1
53,2,247,288,18,18,1,1,1
54,2,247,285,18,18,1,1,1
55,2,247,278,18,18,1,1,1
56,2,247,275,18,18,1,1,1
57,2,247,275,18,18,1,1,1
58,2,248,268,18,18,1,1,1
59,2,248,264,18,18,1,1,1
60,2,248,260,18,18,1,1,1
61,2,249,252,18,18,1,1,1
62,2,249,252,18,18,1,1,1
63,2,250,249,18,18,1,1,1
64,2,249,243,18,18,1,1,1
65,2,249,240,18,18,1,1,1
66,2,250,232,18,18,1,1,1
67,2,250,232,18,18,1,1,1
68,2,250,228,18,18,1,1,1
69,2,250,222,18,18,1,1,1
70,2,250,215,18,18,1,1,1
71,2,250,215,18,18,1,1,1
72,2,250,215,18,18,1,1,1
73,2,249,206,18,18,1,1,1
74,2,249,203,18,18,1,1,1
75,2,249,195,19,19,1,1,1
76,2,249,192,19,19,1,1,1
77,2,249,192,19,19,1,1,1
78,2,249,184,19,19,1,1,1
79,2,250,178,19,19,1,1,1
80,2,250,174,19,19,1,1,1
81,2,250,168,19,19,1,1,1
82,2,250,168,19,19,1,1,1
83,2,250,165,19,19,1,1,1
84,2,251,157,19,19,1,1,1
85,2,251,154,19,19,1,1,1
86,2,251,148,19,19,1,1,1
87,2,251,148,19,19,1,1,1
88,2,250,140,19,19,1,1,1
89,2,250,137,19,19,1,1,1
90,2,253,131,18,18,1,1,1
91,2,253,128,18,18,1,1,1
92,2,253,128,18,18,1,1,1
93,2,254,121,17,18,1,1,1
94,2,254,117,17,18,1,1,1
95,2,255,111,17,18,1,1,1
96,2,255,111,17,18,1,1,1
97,2,255,111,17,18,1,1,1
98,2,256,99,17,18,1,1,1
99,2,258,93,17,18,1,1,1
100,2,258,90,18,19,1,1,1
101,2,258,82,19,21,1,1,1
102,2,258,82,19,21,1,1,1
103,2,259,82,18,16,1,1,1
104,2,259,75,18,16,1,1,1
105,2,259,72,18,16,1,1,1
106,2,260,63,18,16,1,1,1
107,2,260,63,18,16,1,1,1
108,2,260,57,18,16,1,1,1
109,2,260,54,18,16,1,1,1
110,2,261,47,18,16,1,1,1
111,2,262,44,17,15,1,1,1
112,2,262,44,17,15,1,1,1
113,2,263,37,18,16,1,1,1
114,2,263,34,18,16,1,1,1
115,2,264,27,18,16,1,1,1
116,2,264,19,18,16,1,1,1
117,2,264,19,18,16,1,1,1
118,2,264,16,18,16,1,1,1
119,2,265,8,18,16,1,1,1
120,2,265,5,18,16,1,1,1
121,2,265,-1,18,16,1,1,1
122,2,265,-1,18,16,1,1,1
123,2,266,-5,17,15,1,1,1
20,3,449,416,20,14,1,1,1
21,3,450,411,19,17,1,1,1
22,3,450,411,19,17,1,1,1
23,3,450,404,19,17,1,1,1
24,3,450,401,19,17,1,1,1
25,3,450,395,19,17,1,1,1
26,3,450,388,19,17,1,1,1
27,3,450,388,19,17,1,1,1
28,3,450,385,18,16,1,1,1
29,3,450,379,18,16,1,1,1
30,3,450,375,18,17,1,1,1
31,3,450,369,18,16,1,1,1
32,3,450,369,18,16,1,1,1
33,3,450,366,18,16,1,1,1
34,3,450,360,18,16,1,1,1
35,3,450,353,18,16,1,1,1
36,3,450,350,18,16,1,1,1
37,3,450,350,18,16,1,1,1
38,3,450,344,18,16,1,1,1
39,3,451,340,18,16,1,1,1
40,3,451,334,18,16,1,1,1
41,3,451,331,18,16,1,1,1
42,3,451,331,18,16,1,1,1
43,3,451,324,18,16,1,1,1
44,3,452,317,17,15,1,1,1
45,3,452,314,17,16,1,1,1
46,3,452,307,17,15,1,1,1
47,3,452,307,17,15,1,1,1
48,3,452,305,17,15,1,1,1
49,3,452,298,17,15,1,1,1
50,3,453,295,17,15,1,1,1
51,3,453,289,16,15,1,1,1
52,3,453,289,16,15,1,1,1
53,3,453,281,17,15,1,1,1
54,3,453,278,17,15,1,1,1
55,3,453,271,17,15,1,1,1
56,3,453,268,17,15,1,1,1
57,3,453,268,17,15,1,1,1
58,3,453,260,17,15,1,1,1
59,3,453,257,17,15,1,1,1
60,3,453,249,17,15,1,1,1
61,3,452,242,17,15,1,1,1
62,3,452,242,17,15,1,1,1
63,3,452,238,17,15,1,1,1
64,3,453,231,17,15,1,1,1
65,3,453,227,17,15,1,1,1
66,3,453,220,17,15,1,1,1
67,3,453,220,17,15,1,1,1
68,3,453,216,17,15,1,1,1
69,3,453,208,17,15,1,1,1
70,3,453,201,17,15,1,1,1
71,3,453,197,17,15,1,1,1
72,3,453,197,17,15,1,1,1
73,3,453,189,17,15,1,1,1
74,3,453,185,17,15,1,1,1
75,3,453,178,17,15,1,1,1
76,3,453,175,17,15,1,1,1
77,3,453,175,17,15,1,1,1
78,3,454,168,17,15,1,1,1
79,3,454,161,17,15,1,1,1
80,3,454,158,17,15,1,1,1
81,3,455,151,17,15,1,1,1
82,3,455,151,17,15,1,1,1
83,3,455,148,16,14,1,1,1
84,3,455,141,17,15,1,1,1
85,3,455,137,17,15,1,1,1
86,3,455,130,17,15,1,1,1
87,3,455,130,17,15,1,1,1
88,3,456,123,18,15,1,1,1
89,3,455,120,18,16,1,1,1
90,3,456,113,17,15,1,1,1
91,3,456,109,17,15,1,1,1
92,3,456,109,17,15,1,1,1
93,3,457,102,18,16,1,1,1
94,3,457,98,17,15,1,1,1
95,3,458,91,18,16,1,1,1
96,3,458,87,18,16,1,1,1
97,3,458,87,18,16,1,1,1
98,3,459,80,18,16,1,1,1
99,3,459,73,18,16,1,1,1
100,3,459,69,18,16,1,1,1
101,3,459,61,18,17,1,1,1
102,3,459,61,18,17,1,1,1
103,3,459,57,18,17,1,1,1
104,3,461,49,18,17,1,1,1
105,3,460,43,18,17,1,1,1
106,3,461,37,18,17,1,1,1
107,3,461,37,18,17,1,1,1
108,3,460,29,18,17,1,1,1
109,3,460,24,22,22,1,1,1
110,3,459,14,22,22,1,1,1
111,3,460,14,22,22,1,1,1
112,3,460,14,22,22,1,1,1
113,3,460,5,22,22,1,1,1
114,3,460,5,22,22,1,1,1
115,3,462,-10,22,22,1,1,1
44,4,156,417,16,12,1,1,1
45,4,156,414,18,15,1,1,1
46,4,155,408,19,17,1,1,1
47,4,155,408,19,17,1,1,1
48,4,155,405,19,17,1,1,1
49,4,156,399,19,17,1,1,1
50,4,156,396,19,17,1,1,1
51,4,156,389,19,17,1,1,1
52,4,156,389,19,17,1,1,1
53,4,155,383,19,17,1,1,1
54,4,155,380,19,17,1,1,1
55,4,155,373,19,17,1,1,1
56,4,155,369,19,17,1,1,1
57,4,155,369,19,17,1,1,1
58,4,156,363,19,17,1,1,1
59,4,156,360,19,17,1,1,1
60,4,156,353,19,17,1,1,1
61,4,156,346,19,17,1,1,1
62,4,156,346,19,17,1,1,1
63,4,156,342,19,17,1,1,1
64,4,156,335,19,17,1,1,1
65,4,156,331,19,17,1,1,1
66,4,156,323,19,17,1,1,1
67,4,156,323,19,17,1,1,1
68,4,156,320,19,17,1,1,1
69,4,156,312,19,17,1,1,1
70,4,157,306,19,17,1,1,1
71,4,157,302,19,17,1,1,1
72,4,157,302,19,17,1,1,1
73,4,158,295,18,16,1,1,1
74,4,158,292,18,16,1,1,1
75,4,159,285,18,16,1,1,1
76,4,159,282,18,16,1,1,1
77,4,159,282,18,16,1,1,1
78,4,158,274,18,17,1,1,1
79,4,159,268,18,17,1,1,1
80,4,159,265,18,17,1,1,1
81,4,160,258,18,17,1,1,1
82,4,160,258,18,17,1,1,1
83,4,160,254,18,17,1,1,1
84,4,160,248,18,17,1,1,1
85,4,160,245,18,17,1,1,1
86,4,161,236,18,17,1,1,1
87,4,161,236,18,17,1,1,1
88,4,161,229,18,17,1,1,1
89,4,162,226,18,17,1,1,1
90,4,162,219,18,17,1,1,1
91,4,162,215,18,17,1,1,1
92,4,162,215,18,17,1,1,1
93,4,160,208,20,18,1,1,1
94,4,160,204,20,18,1,1,1
95,4,162,199,20,18,1,1,1
96,4,163,195,20,18,1,1,1
97,4,163,195,20,18,1,1,1
98,4,162,186,20,18,1,1,1
99,4,163,179,20,18,1,1,1
100,4,163,175,20,18,1,1,1
101,4,165,168,20,18,1,1,1
102,4,165,168,20,18,1,1,1
103,4,165,164,20,18,1,1,1
104,4,165,157,20,18,1,1,1
105,4,165,153,20,18,1,1,1
106,4,166,146,19,17,1,1,1
107,4,166,146,19,17,1,1,1
108,4,167,138,19,18,1,1,1
109,4,167,134,19,18,1,1,1
110,4,168,127,19,18,1,1,1
111,4,168,123,19,18,1,1,1
112,4,168,123,19,18,1,1,1
113,4,170,117,18,17,1,1,1
114,4,171,113,18,17,1,1,1
115,4,170,105,18,17,1,1,1
116,4,171,99,18,17,1,1,1
117,4,171,99,18,17,1,1,1
118,4,171,95,18,17,1,1,1
119,4,170,87,19,18,1,1,1
120,4,170,83,19,18,1,1,1
121,4,171,77,19,18,1,1,1
122,4,171,77,19,18,1,1,1
123,4,171,73,19,18,1,1,1
124,4,170,65,20,19,1,1,1
125,4,170,58,20,19,1,1,1
126,4,171,53,20,19,1,1,1
127,4,171,53,20,19,1,1,1
128,4,171,46,20,19,1,1,1
129,4,172,43,20,19,1,1,1
130,4,171,36,20,19,1,1,1
131,4,171,32,20,19,1,1,1
132,4,171,32,20,19,1,1,1
133,4,171,26,19,18,1,1,1
134,4,171,18,19,18,1,1,1
135,4,171,15,19,18,1,1,1
136,4,173,10,19,18,1,1,1
137,4,173,10,19,18,1,1,1
138,4,173,7,18,17,1,1,1
139,4,173,1,18,15,1,1,1
140,4,173,-3,18,15,1,1,1
44,5,351,416,18,14,1,1,1
45,5,351,413,19,16,1,1,1
46,5,351,405,19,20,1,1,1
47,5,351,405,19,20,1,1,1
48,5,351,402,19,20,1,1,1
49,5,351,396,19,20,1,1,1
50,5,351,393,19,20,1,1,1
51,5,351,386,19,20,1,1,1
52,5,351,386,19,20,1,1,1
53,5,352,379,19,20,1,1,1
54,5,350,376,22,23,1,1,1
55,5,350,369,23,24,1,1,1
56,5,349,367,23,21,1,1,1
57,5,349,367,23,21,1,1,1
58,5,349,361,23,21,1,1,1
59,5,349,358,23,21,1,1,1
60,5,350,352,22,20,1,1,1
61,5,349,345,23,21,1,1,1
62,5,349,345,23,21,1,1,1
63,5,351,340,23,21,1,1,1
64,5,351,333,23,21,1,1,1
65,5,351,333,23,21,1,1,1
66,5,350,323,23,21,1,1,1
67,5,350,323,23,21,1,1,1
68,5,350,320,23,21,1,1,1
69,5,351,312,23,21,1,1,1
70,5,351,305,23,21,1,1,1
71,5,351,305,23,21,1,1,1
72,5,351,305,23,21,1,1,1
73,5,350,294,23,21,1,1,1
74,5,350,290,23,21,1,1,1
75,5,352,285,23,21,1,1,1
76,5,352,280,23,21,1,1,1
77,5,352,280,23,21,1,1,1
78,5,353,273,23,21,1,1,1
79,5,352,266,23,21,1,1,1
80,5,352,262,23,21,1,1,1
81,5,352,255,23,21,1,1,1
82,5,352,255,23,21,1,1,1
83,5,352,251,24,22,1,1,1
84,5,354,246,21,19,1,1,1
85,5,354,242,21,19,1,1,1
86,5,353,233,24,22,1,1,1
87,5,353,233,24,22,1,1,1
88,5,353,227,24,22,1,1,1
89,5,353,223,25,23,1,1,1
90,5,353,215,25,23,1,1,1
91,5,353,211,26,24,1,1,1
92,5,353,211,26,24,1,1,1
93,5,352,201,26,23,1,1,1
94,5,352,201,26,23,1,1,1
95,5,353,194,25,22,1,1,1
96,5,353,193,25,22,1,1,1
97,5,353,193,25,22,1,1,1
98,5,355,182,26,23,1,1,1
99,5,356,175,25,22,1,1,1
100,5,357,170,25,22,1,1,1
101,5,357,162,26,23,1,1,1
102,5,357,162,26,23,1,1,1
103,5,358,162,25,19,1,1,1
104,5,359,153,25,19,1,1,1
105,5,359,149,25,19,1,1,1
106,5,358,142,25,19,1,1,1
107,5,358,142,25,19,1,1,1
108,5,360,136,24,19,1,1,1
109,5,360,132,24,19,1,1,1
110,5,361,122,24,19,1,1,1
111,5,362,119,24,19,1,1,1
112,5,362,119,24,19,1,1,1
113,5,362,113,24,19,1,1,1
114,5,362,110,24,19,1,1,1
115,5,362,103,24,19,1,1,1
116,5,363,96,24,19,1,1,1
117,5,363,96,24,19,1,1,1
118,5,363,96,24,19,1,1,1
119,5,364,84,24,19,1,1,1
120,5,364,84,24,19,1,1,1
121,5,366,75,24,19,1,1,1
122,5,366,75,24,19,1,1,1
123,5,366,75,24,19,1,1,1
124,5,365,63,24,19,1,1,1
125,5,365,57,24,19,1,1,1
126,5,364,53,24,19,1,1,1
127,5,364,53,24,19,1,1,1
128,5,365,47,24,19,1,1,1
129,5,365,42,24,19,1,1,1
130,5,365,36,24,19,1,1,1
131,5,366,33,24,19,1,1,1
132,5,366,33,24,19,1,1,1
133,5,365,26,24,19,1,1,1
134,5,367,19,24,19,1,1,1
135,5,366,16,24,19,1,1,1
136,5,367,8,23,19,1,1,1
137,5,367,8,23,19,1,1,1
138,5,367,8,23,19,1,1,1
139,5,367,-1,23,22,1,1,1
140,5,367,-4,23,21,1,1,1
56,6,514,418,22,13,1,1,1
57,6,514,418,22,10,1,1,1
58,6,515,411,21,16,1,1,1
59,6,515,408,21,16,1,1,1
60,6,515,400,21,16,1,1,1
61,6,515,393,21,16,1,1,1
62,6,515,393,21,16,1,1,1
63,6,515,390,21,16,1,1,1
64,6,515,383,21,16,1,1,1
65,6,515,379,21,16,1,1,1
66,6,515,372,21,16,1,1,1
67,6,515,372,21,16,1,1,1
68,6,515,369,21,16,1,1,1
69,6,515,362,21,16,1,1,1
70,6,515,355,21,16,1,1,1
71,6,515,352,21,16,1,1,1
72,6,515,351,21,16,1,1,1
73,6,515,345,21,16,1,1,1
74,6,515,341,21,16,1,1,1
75,6,515,334,21,16,1,1,1
76,6,516,331,21,16,1,1,1
77,6,516,331,21,16,1,1,1
78,6,516,324,21,16,1,1,1
79,6,516,317,21,16,1,1,1
80,6,516,313,21,16,1,1,1
81,6,516,306,21,16,1,1,1
82,6,516,306,21,16,1,1,1
83,6,516,303,21,16,1,1,1
84,6,517,296,21,16,1,1,1
85,6,517,293,21,16,1,1,1
86,6,517,286,21,16,1,1,1
87,6,517,286,21,16,1,1,1
88,6,518,279,21,16,1,1,1
89,6,518,275,21,16,1,1,1
90,6,518,268,21,16,1,1,1
91,6,518,265,21,16,1,1,1
92,6,518,265,21,16,1,1,1
93,6,518,258,21,16,1,1,1
94,6,519,254,21,16,1,1,1
95,6,519,247,21,16,1,1,1
96,6,520,244,21,16,1,1,1
97,6,520,244,21,16,1,1,1
98,6,520,236,21,16,1,1,1
99,6,521,230,21,16,1,1,1
100,6,521,226,21,16,1,1,1
101,6,522,219,21,16,1,1,1
102,6,522,219,21,16,1,1,1
103,6,522,215,21,16,1,1,1
104,6,523,208,21,16,1,1,1
105,6,523,205,21,16,1,1,1
106,6,523,198,21,16,1,1,1
107,6,523,198,21,16,1,1,1
108,6,524,191,21,16,1,1,1
109,6,524,187,21,16,1,1,1
110,6,525,180,21,16,1,1,1
111,6,525,177,21,16,1,1,1
112,6,525,177,21,16,1,1,1
113,6,526,170,21,16,1,1,1
114,6,526,166,20,16,1,1,1
115,6,527,159,21,16,1,1,1
116,6,527,152,21,16,1,1,1
117,6,527,152,21,16,1,1,1
118,6,528,148,21,16,1,1,1
119,6,528,141,21,16,1,1,1
120,6,528,137,21,16,1,1,1
121,6,529,130,21,16,1,1,1
122,6,529,130,21,16,1,1,1
123,6,529,127,21,16,1,1,1
124,6,530,120,20,15,1,1,1
125,6,530,113,20,15,1,1,1
126,6,530,109,20,15,1,1,1
127,6,530,109,20,15,1,1,1
128,6,530,102,20,15,1,1,1
129,6,530,98,20,16,1,1,1
130,6,531,91,20,15,1,1,1
131,6,531,88,20,15,1,1,1
132,6,531,88,20,15,1,1,1
133,6,531,81,20,15,1,1,1
134,6,532,74,20,15,1,1,1
135,6,531,69,21,16,1,1,1
136,6,531,62,21,16,1,1,1
137,6,531,62,21,16,1,1,1
138,6,532,59,21,16,1,1,1
139,6,532,52,21,16,1,1,1
140,6,532,49,20,15,1,1,1
141,6,532,42,20,15,1,1,1
142,6,532,42,20,15,1,1,1
143,6,532,34,22,16,1,1,1
144,6,532,31,21,16,1,1,1
145,6,532,24,21,16,1,1,1
146,6,532,21,21,16,1,1,1
147,6,532,21,21,16,1,1,1
148,6,532,14,21,16,1,1,1
149,6,532,11,21,16,1,1,1
150,6,532,5,21,16,1,1,1
60,7,641,418,20,15,1,1,1
61,7,641,411,20,17,1,1,1
62,7,641,411,20,17,1,1,1
63,7,641,408,20,17,1,1,1
64,7,641,400,20,17,1,1,1
65,7,641,396,20,17,1,1,1
66,7,641,389,20,17,1,1,1
67,7,641,389,20,17,1,1,1
68,7,641,386,20,17,1,1,1
69,7,641,379,20,17,1,1,1
70,7,641,372,20,17,1,1,1
71,7,641,369,20,17,1,1,1
72,7,641,369,20,17,1,1,1
73,7,641,362,20,17,1,1,1
74,7,641,358,20,17,1,1,1
75,7,641,351,20,17,1,1,1
76,7,641,348,20,17,1,1,1
77,7,641,348,20,17,1,1,1
78,7,641,342,20,17,1,1,1
79,7,642,335,20,17,1,1,1
80,7,642,332,20,17,1,1,1
81,7,642,325,20,17,1,1,1
82,7,642,325,20,17,1,1,1
83,7,642,322,20,17,1,1,1
84,7,643,315,20,17,1,1,1
85,7,643,312,20,17,1,1,1
86,7,644,306,20,17,1,1,1
87,7,644,306,20,17,1,1,1
88,7,644,299,20,17,1,1,1
89,7,644,295,20,17,1,1,1
90,7,644,289,20,17,1,1,1
91,7,644,286,20,17,1,1,1
92,7,644,286,20,17,1,1,1
93,7,645,279,20,17,1,1,1
94,7,645,276,20,17,1,1,1
95,7,645,268,20,17,1,1,1
96,7,646,265,20,17,1,1,1
97,7,646,265,20,17,1,1,1
98,7,646,258,20,17,1,1,1
99,7,647,251,20,17,1,1,1
100,7,647,247,20,17,1,1,1
101,7,648,240,20,17,1,1,1
102,7,648,240,20,17,1,1,1
103,7,648,237,20,17,1,1,1
104,7,649,230,20,17,1,1,1
105,7,649,226,20,17,1,1,1
106,7,650,219,20,17,1,1,1
107,7,650,219,20,17,1,1,1
108,7,650,212,20,17,1,1,1
109,7,650,208,20,17,1,1,1
110,7,651,201,20,17,1,1,1
111,7,652,198,19,16,1,1,1
112,7,652,198,19,16,1,1,1
113,7,652,191,19,16,1,1,1
114,7,653,187,19,17,1,1,1
115,7,653,179,20,17,1,1,1
116,7,653,172,21,17,1,1,1
117,7,653,172,21,17,1,1,1
118,7,654,168,20,17,1,1,1
119,7,655,161,20,17,1,1,1
120,7,655,158,20,17,1,1,1
121,7,655,150,20,17,1,1,1
122,7,655,150,20,17,1,1,1
123,7,655,146,20,17,1,1,1
124,7,656,139,19,17,1,1,1
125,7,656,132,19,16,1,1,1
126,7,656,128,19,17,1,1,1
127,7,656,128,19,17,1,1,1
128,7,656,120,20,17,1,1,1
129,7,656,117,20,17,1,1,1
130,7,657,110,20,17,1,1,1
131,7,657,106,20,17,1,1,1
132,7,657,106,20,17,1,1,1
133,7,657,99,20,17,1,1,1
134,7,658,92,19,16,1,1,1
135,7,658,89,19,17,1,1,1
136,7,658,81,20,17,1,1,1
137,7,658,81,20,17,1,1,1
138,7,658,78,20,17,1,1,1
139,7,658,71,20,17,1,1,1
140,7,658,67,20,17,1,1,1
141,7,659,61,20,17,1,1,1
142,7,659,61,20,17,1,1,1
143,7,659,55,19,16,1,1,1
144,7,659,51,19,16,1,1,1
145,7,659,45,19,16,1,1,1
146,7,659,41,19,16,1,1,1
147,7,659,41,19,16,1,1,1
148,7,659,35,19,16,1,1,1
149,7,659,32,19,16,1,1,1
150,7,659,25,19,16,1,1,1
70,8,259,414,18,14,1,1,1
71,8,259,410,18,14,1,1,1
72,8,259,410,18,14,1,1,1
73,8,260,405,18,15,1,1,1
74,8,260,401,18,15,1,1,1
75,8,258,393,22,17,1,1,1
76,8,258,390,22,17,1,1,1
77,8,258,390,22,17,1,1,1
78,8,258,383,22,17,1,1,1
79,8,258,375,22,17,1,1,1
80,8,258,371,22,17,1,1,1
81,8,260,365,22,17,1,1,1
82,8,260,365,22,17,1,1,1
83,8,260,362,22,17,1,1,1
84,8,260,353,22,17,1,1,1
85,8,260,349,22,17,1,1,1
86,8,260,343,22,17,1,1,1
87,8,260,343,22,17,1,1,1
88,8,260,336,22,17,1,1,1
89,8,260,332,22,17,1,1,1
90,8,261,325,22,17,1,1,1
91,8,262,322,22,17,1,1,1
92,8,262,322,22,17,1,1,1
93,8,262,314,22,17,1,1,1
94,8,262,310,22,17,1,1,1
95,8,263,304,22,17,1,1,1
96,8,263,300,22,17,1,1,1
97,8,263,300,22,17,1,1,1
98,8,264,292,22,17,1,1,1
99,8,265,285,21,17,1,1,1
100,8,265,282,22,17,1,1,1
101,8,268,275,22,17,1,1,1
102,8,268,275,22,17,1,1,1
103,8,269,271,22,17,1,1,1
104,8,269,262,22,17,1,1,1
105,8,269,260,22,17,1,1,1
106,8,269,252,22,17,1,1,1
107,8,269,252,22,17,1,1,1
108,8,270,243,22,20,1,1,1
109,8,270,243,22,20,1,1,1
110,8,271,231,22,20,1,1,1
111,8,271,231,22,20,1,1,1
112,8,271,231,22,20,1,1,1
113,8,272,220,22,20,1,1,1
114,8,272,216,22,20,1,1,1
115,8,273,209,22,20,1,1,1
116,8,274,202,22,20,1,1,1
117,8,274,202,22,20,1,1,1
118,8,274,202,22,20,1,1,1
119,8,274,191,22,20,1,1,1
120,8,274,191,22,20,1,1,1
121,8,274,179,22,20,1,1,1
122,8,274,179,22,20,1,1,1
123,8,274,175,22,20,1,1,1
124,8,276,170,22,20,1,1,1
125,8,274,163,22,20,1,1,1
126,8,275,158,22,20,1,1,1
127,8,275,158,22,20,1,1,1
128,8,276,151,22,20,1,1,1
129,8,275,147,22,20,1,1,1
130,8,276,140,21,20,1,1,1
131,8,276,137,21,20,1,1,1
132,8,276,137,21,20,1,1,1
133,8,276,129,21,20,1,1,1
134,8,277,122,21,20,1,1,1
135,8,277,118,21,20,1,1,1
136,8,278,112,21,20,1,1,1
137,8,278,112,21,20,1,1,1
138,8,278,112,21,20,1,1,1
139,8,279,102,21,20,1,1,1
140,8,279,98,21,20,1,1,1
141,8,277,91,21,20,1,1,1
142,8,277,91,21,20,1,1,1
143,8,277,83,21,20,1,1,1
144,8,280,82,21,20,1,1,1
145,8,280,72,21,20,1,1,1
146,8,280,69,21,20,1,1,1
147,8,280,69,21,20,1,1,1
148,8,281,64,21,20,1,1,1
149,8,281,59,21,20,1,1,1
150,8,281,53,20,19,1,1,1
73,9,54,413,16,15,1,1,1
74,9,54,409,21,18,1,1,1
75,9,52,403,21,18,1,1,1
76,9,53,399,21,18,1,1,1
77,9,53,399,21,18,1,1,1
78,9,53,391,21,18,1,1,1
79,9,54,384,21,18,1,1,1
80,9,54,381,21,18,1,1,1
81,9,55,374,21,18,1,1,1
82,9,55,374,21,18,1,1,1
83,9,55,370,22,19,1,1,1
84,9,55,361,22,19,1,1,1
85,9,56,358,22,19,1,1,1
86,9,57,352,22,19,1,1,1
87,9,57,352,22,19,1,1,1
88,9,58,344,22,19,1,1,1
89,9,58,340,22,19,1,1,1
90,9,57,333,22,19,1,1,1
91,9,58,330,22,19,1,1,1
92,9,58,330,22,19,1,1,1
93,9,59,321,22,19,1,1,1
94,9,59,317,22,19,1,1,1
95,9,59,310,22,19,1,1,1
96,9,59,306,22,19,1,1,1
97,9,59,306,22,19,1,1,1
98,9,61,299,21,18,1,1,1
99,9,61,292,21,18,1,1,1
100,9,62,288,20,18,1,1,1
101,9,65,281,20,18,1,1,1
102,9,65,281,20,18,1,1,1
103,9,65,277,20,18,1,1,1
104,9,65,269,20,18,1,1,1
105,9,67,265,20,18,1,1,1
106,9,66,258,20,18,1,1,1
107,9,66,258,20,18,1,1,1
108,9,66,250,20,18,1,1,1
109,9,66,246,20,18,1,1,1
110,9,66,239,20,18,1,1,1
111,9,66,235,20,18,1,1,1
112,9,66,235,20,18,1,1,1
113,9,67,228,21,19,1,1,1
114,9,67,224,21,19,1,1,1
115,9,67,217,21,19,1,1,1
116,9,67,210,21,19,1,1,1
117,9,67,210,21,19,1,1,1
118,9,67,207,21,19,1,1,1
119,9,68,198,21,19,1,1,1
120,9,68,194,21,19,1,1,1
121,9,68,188,21,19,1,1,1
122,9,68,188,21,19,1,1,1
123,9,68,184,21,19,1,1,1
124,9,68,177,20,19,1,1,1
125,9,69,170,21,19,1,1,1
126,9,69,166,21,19,1,1,1
127,9,69,166,21,19,1,1,1
128,9,69,157,21,19,1,1,1
129,9,69,154,21,19,1,1,1
130,9,69,146,21,19,1,1,1
131,9,69,142,21,19,1,1,1
132,9,69,142,21,19,1,1,1
133,9,69,136,21,19,1,1,1
134,9,70,128,21,19,1,1,1
135,9,70,125,21,19,1,1,1
136,9,71,119,21,19,1,1,1
137,9,71,119,21,19,1,1,1
138,9,71,115,21,19,1,1,1
139,9,70,108,21,19,1,1,1
140,9,70,103,21,19,1,1,1
141,9,71,97,21,19,1,1,1
142,9,71,97,21,19,1,1,1
143,9,72,90,21,19,1,1,1
144,9,72,86,21,19,1,1,1
145,9,72,79,21,19,1,1,1
146,9,72,76,21,19,1,1,1
147,9,72,76,21,19,1,1,1
148,9,73,69,20,18,1,1,1
149,9,73,66,20,18,1,1,1
150,9,74,59,20,18,1,1,1
76,10,435,416,19,17,1,1,1
77,10,435,416,19,12,1,1,1
78,10,435,409,22,20,1,1,1
79,10,435,402,22,19,1,1,1
80,10,436,399,22,19,1,1,1
81,10,436,392,21,19,1,1,1
82,10,436,392,21,19,1,1,1
83,10,436,389,22,19,1,1,1
84,10,437,382,22,19,1,1,1
85,10,437,379,21,19,1,1,1
86,10,437,372,21,18,1,1,1
87,10,437,372,21,18,1,1,1
88,10,438,365,21,18,1,1,1
89,10,437,361,21,18,1,1,1
90,10,438,354,21,18,1,1,1
91,10,438,351,21,18,1,1,1
92,10,438,351,21,18,1,1,1
93,10,439,344,21,18,1,1,1
94,10,439,341,21,18,1,1,1
95,10,440,334,21,18,1,1,1
96,10,440,330,21,18,1,1,1
97,10,440,330,21,18,1,1,1
98,10,441,324,20,18,1,1,1
99,10,441,317,20,18,1,1,1
100,10,442,313,21,18,1,1,1
101,10,442,306,21,18,1,1,1
102,10,442,306,21,18,1,1,1
103,10,443,303,20,18,1,1,1
104,10,443,296,20,17,1,1,1
105,10,443,293,21,18,1,1,1
106,10,444,286,20,18,1,1,1
107,10,444,286,20,18,1,1,1
108,10,445,279,20,17,1,1,1
109,10,445,276,20,17,1,1,1
110,10,446,269,20,17,1,1,1
111,10,446,265,20,17,1,1,1
112,10,446,265,20,17,1,1,1
113,10,446,258,20,18,1,1,1
114,10,446,255,20,18,1,1,1
115,10,447,249,20,18,1,1,1
116,10,448,241,21,18,1,1,1
117,10,448,242,21,18,1,1,1
118,10,448,238,20,18,1,1,1
119,10,448,231,21,18,1,1,1
120,10,448,228,21,18,1,1,1
121,10,448,221,21,18,1,1,1
122,10,448,221,21,18,1,1,1
123,10,448,217,21,18,1,1,1
124,10,448,211,22,19,1,1,1
125,10,448,204,22,19,1,1,1
126,10,448,200,22,19,1,1,1
127,10,448,200,22,19,1,1,1
128,10,449,193,22,19,1,1,1
129,10,447,189,22,19,1,1,1
130,10,447,182,22,19,1,1,1
131,10,447,179,22,19,1,1,1
132,10,447,179,22,19,1,1,1
133,10,447,172,22,19,1,1,1
134,10,448,165,22,19,1,1,1
135,10,447,162,23,20,1,1,1
136,10,448,155,22,19,1,1,1
137,10,448,155,22,19,1,1,1
138,10,448,152,22,19,1,1,1
139,10,448,145,22,19,1,1,1
140,10,449,142,22,19,1,1,1
141,10,449,135,22,19,1,1,1
142,10,449,135,22,19,1,1,1
143,10,449,127,22,19,1,1,1
144,10,449,124,22,19,1,1,1
145,10,450,118,22,19,1,1,1
146,10,449,113,23,19,1,1,1
147,10,449,113,23,19,1,1,1
148,10,450,106,23,19,1,1,1
149,10,452,103,23,19,1,1,1
150,10,451,96,23,19,1,1,1
83,11,551,419,19,13,1,1,1
84,11,551,412,20,16,1,1,1
85,11,551,409,20,16,1,1,1
86,11,551,402,20,16,1,1,1
87,11,551,402,20,16,1,1,1
88,11,552,395,20,16,1,1,1
89,11,551,392,20,16,1,1,1
90,11,552,385,20,16,1,1,1
91,11,552,381,20,16,1,1,1
92,11,552,381,20,16,1,1,1
93,11,552,375,20,16,1,1,1
94,11,552,371,20,16,1,1,1
95,11,553,364,20,16,1,1,1
96,11,553,361,20,16,1,1,1
97,11,553,361,20,16,1,1,1
98,11,554,354,20,16,1,1,1
99,11,554,347,20,16,1,1,1
100,11,555,344,20,16,1,1,1
101,11,555,337,20,16,1,1,1
102,11,555,337,20,16,1,1,1
103,11,555,333,20,16,1,1,1
104,11,556,326,20,16,1,1,1
105,11,556,323,20,16,1,1,1
106,11,556,316,20,16,1,1,1
107,11,556,316,20,16,1,1,1
108,11,556,309,20,16,1,1,1
109,11,557,305,19,15,1,1,1
110,11,557,298,19,15,1,1,1
111,11,557,295,19,15,1,1,1
112,11,557,295,19,15,1,1,1
113,11,558,288,19,15,1,1,1
114,11,558,284,19,15,1,1,1
115,11,558,277,19,15,1,1,1
116,11,559,270,20,16,1,1,1
117,11,559,270,20,16,1,1,1
118,11,559,266,20,16,1,1,1
119,11,559,259,20,16,1,1,1
120,11,559,255,20,16,1,1,1
121,11,560,248,19,16,1,1,1
122,11,560,248,20,16,1,1,1
123,11,560,245,20,16,1,1,1
124,11,560,238,20,16,1,1,1
125,11,561,231,20,16,1,1,1
126,11,561,227,20,16,1,1,1
127,11,561,227,20,16,1,1,1
128,11,561,220,20,16,1,1,1
129,11,561,216,20,16,1,1,1
130,11,561,209,20,16,1,1,1
131,11,562,205,20,16,1,1,1
132,11,562,205,20,16,1,1,1
133,11,562,198,20,16,1,1,1
134,11,562,191,20,16,1,1,1
135,11,563,188,20,16,1,1,1
136,11,563,181,20,16,1,1,1
137,11,563,181,20,16,1,1,1
138,11,564,177,20,16,1,1,1
139,11,564,171,20,16,1,1,1
140,11,564,167,20,16,1,1,1
141,11,565,160,20,16,1,1,1
142,11,565,160,20,16,1,1,1
143,11,566,153,20,16,1,1,1
144,11,566,149,20,16,1,1,1
145,11,566,142,20,16,1,1,1
146,11,566,139,20,16,1,1,1
147,11,566,139,20,16,1,1,1
148,11,567,131,20,16,1,1,1
149,11,567,128,20,16,1,1,1
150,11,568,121,20,16,1,1,1
84,12,742,413,18,15,1,1,1
85,12,742,410,18,15,1,1,1
86,12,742,403,18,15,1,1,1
87,12,742,403,18,15,1,1,1
88,12,742,395,18,15,1,1,1
89,12,743,392,18,15,1,1,1
90,12,743,385,18,15,1,1,1
91,12,743,381,18,15,1,1,1
92,12,743,381,18,15,1,1,1
93,12,743,374,18,15,1,1,1
94,12,744,371,18,15,1,1,1
95,12,744,364,18,15,1,1,1
96,12,744,360,18,15,1,1,1
97,12,744,360,18,15,1,1,1
98,12,745,353,18,15,1,1,1
99,12,746,346,18,15,1,1,1
100,12,746,342,19,15,1,1,1
101,12,747,335,18,15,1,1,1
102,12,747,335,18,15,1,1,1
103,12,747,331,18,15,1,1,1
104,12,747,324,18,15,1,1,1
105,12,748,320,18,15,1,1,1
106,12,748,313,18,15,1,1,1
107,12,748,313,18,15,1,1,1
108,12,749,306,18,15,1,1,1
109,12,749,302,18,15,1,1,1
110,12,749,294,19,18,1,1,1
111,12,749,290,19,18,1,1,1
112,12,749,290,19,18,1,1,1
113,12,750,283,19,18,1,1,1
114,12,750,279,19,18,1,1,1
115,12,751,273,19,18,1,1,1
116,12,752,265,18,17,1,1,1
117,12,752,265,18,17,1,1,1
118,12,753,262,18,17,1,1,1
119,12,754,254,16,17,1,1,1
120,12,754,250,16,17,1,1,1
121,12,754,244,16,17,1,1,1
122,12,754,244,16,17,1,1,1
123,12,754,240,16,17,1,1,1
124,12,753,232,20,17,1,1,1
125,12,753,225,20,17,1,1,1
126,12,754,222,20,17,1,1,1
127,12,754,222,20,17,1,1,1
128,12,754,215,20,17,1,1,1
129,12,755,211,20,17,1,1,1
130,12,755,204,19,16,1,1,1
131,12,755,200,19,16,1,1,1
132,12,755,200,19,16,1,1,1
133,12,756,193,19,16,1,1,1
134,12,756,186,19,16,1,1,1
135,12,756,183,19,16,1,1,1
136,12,757,176,19,16,1,1,1
137,12,757,176,19,16,1,1,1
138,12,757,173,19,16,1,1,1
139,12,757,166,19,16,1,1,1
140,12,757,162,19,17,1,1,1
141,12,758,156,19,16,1,1,1
142,12,758,156,19,16,1,1,1
143,12,758,149,18,15,1,1,1
144,12,758,146,18,16,1,1,1
145,12,758,139,18,16,1,1,1
146,12,758,136,18,16,1,1,1
147,12,758,136,18,16,1,1,1
148,12,759,129,18,15,1,1,1
149,12,759,126,18,16,1,1,1
150,12,759,120,18,16,1,1,1
88,13,369,411,21,17,1,1,1
89,13,369,407,21,17,1,1,1
90,13,370,400,20,21,1,1,1
91,13,370,396,20,21,1,1,1
92,13,370,396,20,21,1,1,1
93,13,371,389,20,21,1,1,1
94,13,371,389,21,22,1,1,1
95,13,372,379,20,21,1,1,1
96,13,372,375,20,21,1,1,1
97,13,372,375,20,21,1,1,1
98,13,373,368,20,21,1,1,1
99,13,374,361,19,20,1,1,1
100,13,374,358,19,20,1,1,1
101,13,374,351,19,20,1,1,1
102,13,374,351,19,20,1,1,1
103,13,375,347,19,20,1,1,1
104,13,376,340,19,20,1,1,1
105,13,376,336,18,19,1,1,1
106,13,376,329,19,20,1,1,1
107,13,376,329,19,20,1,1,1
108,13,377,321,20,21,1,1,1
109,13,377,318,19,20,1,1,1
110,13,378,310,19,20,1,1,1
111,13,379,307,19,20,1,1,1
112,13,379,307,19,20,1,1,1
113,13,379,300,18,19,1,1,1
114,13,380,297,19,19,1,1,1
115,13,381,290,18,19,1,1,1
116,13,382,283,18,18,1,1,1
117,13,382,283,18,18,1,1,1
118,13,382,279,18,19,1,1,1
119,13,383,273,17,18,1,1,1
120,13,384,269,17,18,1,1,1
121,13,384,262,18,18,1,1,1
122,13,384,262,18,18,1,1,1
123,13,384,259,17,18,1,1,1
124,13,385,252,18,18,1,1,1
125,13,386,245,17,18,1,1,1
126,13,386,242,17,18,1,1,1
127,13,386,242,17,18,1,1,1
128,13,385,234,17,18,1,1,1
129,13,385,230,17,18,1,1,1
130,13,386,224,17,18,1,1,1
131,13,386,220,16,17,1,1,1
132,13,386,220,16,17,1,1,1
133,13,386,214,16,17,1,1,1
134,13,387,206,16,17,1,1,1
135,13,387,203,16,17,1,1,1
136,13,387,196,16,17,1,1,1
137,13,387,196,16,17,1,1,1
138,13,388,193,16,17,1,1,1
139,13,388,185,17,18,1,1,1
140,13,388,182,17,18,1,1,1
141,13,388,174,17,18,1,1,1
142,13,388,174,17,18,1,1,1
143,13,388,167,18,19,1,1,1
144,13,388,161,18,19,1,1,1
145,13,388,153,18,19,1,1,1
146,13,388,150,18,19,1,1,1
147,13,388,150,18,19,1,1,1
148,13,387,145,18,19,1,1,1
149,13,387,141,18,19,1,1,1
150,13,387,134,18,19,1,1,1
88,14,177,413,17,15,1,1,1
89,14,177,409,18,16,1,1,1
90,14,178,403,20,16,1,1,1
91,14,178,399,21,17,1,1,1
92,14,178,399,21,17,1,1,1
93,14,178,395,20,16,1,1,1
94,14,178,389,21,17,1,1,1
95,14,178,381,21,17,1,1,1
96,14,181,378,21,17,1,1,1
97,14,181,378,21,17,1,1,1
98,14,180,372,21,17,1,1,1
99,14,181,364,21,17,1,1,1
100,14,181,361,21,17,1,1,1
101,14,181,352,21,21,1,1,1
102,14,181,352,21,21,1,1,1
103,14,182,348,21,21,1,1,1
104,14,183,341,21,21,1,1,1
105,14,183,337,21,21,1,1,1
106,14,183,329,21,21,1,1,1
107,14,183,329,21,21,1,1,1
108,14,182,323,21,21,1,1,1
109,14,183,319,20,20,1,1,1
110,14,183,312,20,20,1,1,1
111,14,183,311,20,20,1,1,1
112,14,183,311,20,20,1,1,1
113,14,183,300,20,20,1,1,1
114,14,183,296,20,20,1,1,1
115,14,186,292,20,20,1,1,1
116,14,185,283,20,20,1,1,1
117,14,185,283,20,20,1,1,1
118,14,185,279,20,20,1,1,1
119,14,185,273,20,20,1,1,1
120,14,185,273,20,20,1,1,1
121,14,185,262,20,20,1,1,1
122,14,185,262,20,20,1,1,1
123,14,185,262,20,20,1,1,1
124,14,188,253,20,20,1,1,1
125,14,185,245,20,20,1,1,1
126,14,186,241,20,19,1,1,1
127,14,186,241,20,19,1,1,1
128,14,187,234,20,19,1,1,1
129,14,187,234,20,19,1,1,1
130,14,187,225,20,19,1,1,1
131,14,188,221,20,19,1,1,1
132,14,188,221,20,19,1,1,1
133,14,188,214,20,19,1,1,1
134,14,188,208,20,19,1,1,1
135,14,188,202,20,19,1,1,1
136,14,189,198,20,19,1,1,1
137,14,189,198,20,19,1,1,1
138,14,189,198,20,19,1,1,1
139,14,190,188,20,19,1,1,1
140,14,190,185,20,19,1,1,1
141,14,190,177,20,19,1,1,1
142,14,190,177,20,19,1,1,1
143,14,190,170,20,19,1,1,1
144,14,191,166,20,19,1,1,1
145,14,191,159,20,19,1,1,1
146,14,191,159,20,19,1,1,1
147,14,191,159,20,19,1,1,1
148,14,191,151,20,19,1,1,1
149,14,191,148,20,19,1,1,1
150,14,191,142,20,19,1,1,1
105,15,653,416,19,13,1,1,1
106,15,653,409,21,19,1,1,1
107,15,653,409,21,19,1,1,1
108,15,654,402,21,19,1,1,1
109,15,654,399,21,19,1,1,1
110,15,654,391,21,19,1,1,1
111,15,654,387,22,20,1,1,1
112,15,654,387,22,20,1,1,1
113,15,655,381,21,19,1,1,1
114,15,655,377,21,19,1,1,1
115,15,656,371,21,19,1,1,1
116,15,656,363,21,19,1,1,1
117,15,656,363,21,19,1,1,1
118,15,657,360,21,19,1,1,1
119,15,657,353,21,19,1,1,1
120,15,657,349,21,19,1,1,1
121,15,657,342,21,19,1,1,1
122,15,657,342,21,19,1,1,1
123,15,657,339,21,19,1,1,1
124,15,657,332,21,19,1,1,1
125,15,658,325,21,19,1,1,1
126,15,658,321,21,19,1,1,1
127,15,658,321,21,19,1,1,1
128,15,658,314,21,19,1,1,1
129,15,658,311,21,19,1,1,1
130,15,658,304,21,19,1,1,1
131,15,658,300,21,19,1,1,1
132,15,658,300,21,19,1,1,1
133,15,658,293,21,19,1,1,1
134,15,658,286,21,19,1,1,1
135,15,659,283,21,19,1,1,1
136,15,659,276,20,18,1,1,1
137,15,659,276,20,18,1,1,1
138,15,659,273,20,18,1,1,1
139,15,660,266,20,18,1,1,1
140,15,660,262,20,18,1,1,1
141,15,660,255,20,18,1,1,1
142,15,660,255,20,18,1,1,1
143,15,661,249,19,18,1,1,1
144,15,661,245,19,17,1,1,1
145,15,661,238,19,18,1,1,1
146,15,661,234,19,18,1,1,1
147,15,661,234,19,18,1,1,1
148,15,662,227,19,18,1,1,1
149,15,662,224,19,17,1,1,1
150,15,663,217,19,17,1,1,1
106,16,485,415,18,16,1,1,1
107,16,485,415,18,13,1,1,1
108,16,486,408,18,16,1,1,1
109,16,486,404,18,16,1,1,1
110,16,487,397,18,16,1,1,1
111,16,487,393,18,16,1,1,1
112,16,487,393,18,16,1,1,1
113,16,488,386,18,16,1,1,1
114,16,489,383,18,16,1,1,1
115,16,489,375,18,16,1,1,1
116,16,490,368,18,16,1,1,1
117,16,490,368,18,16,1,1,1
118,16,490,365,18,16,1,1,1
119,16,490,357,17,15,1,1,1
120,16,491,354,17,15,1,1,1
121,16,491,347,17,15,1,1,1
122,16,491,347,17,15,1,1,1
123,16,491,343,17,15,1,1,1
124,16,491,336,17,15,1,1,1
125,16,491,329,17,15,1,1,1
126,16,491,326,17,15,1,1,1
127,16,491,326,17,15,1,1,1
128,16,491,319,17,15,1,1,1
129,16,491,315,17,15,1,1,1
130,16,492,308,17,15,1,1,1
131,16,492,305,17,15,1,1,1
132,16,492,305,17,15,1,1,1
133,16,492,298,17,15,1,1,1
134,16,492,291,17,15,1,1,1
135,16,493,288,17,15,1,1,1
136,16,493,282,17,15,1,1,1
137,16,493,282,17,15,1,1,1
138,16,493,278,17,15,1,1,1
139,16,493,272,17,15,1,1,1
140,16,494,268,17,15,1,1,1
141,16,493,261,18,16,1,1,1
142,16,493,261,18,16,1,1,1
143,16,494,254,18,16,1,1,1
144,16,494,251,18,16,1,1,1
145,16,494,244,18,16,1,1,1
146,16,494,240,18,16,1,1,1
147,16,494,240,18,16,1,1,1
148,16,495,234,17,15,1,1,1
149,16,495,230,17,15,1,1,1
150,16,495,223,17,15,1,1,1
111,17,278,418,14,13,1,1,1
112,17,278,418,14,10,1,1,1
113,17,275,408,22,19,1,1,1
114,17,276,404,22,19,1,1,1
115,17,277,397,21,18,1,1,1
116,17,277,391,20,18,1,1,1
117,17,277,391,20,18,1,1,1
118,17,278,387,20,18,1,1,1
119,17,278,380,20,18,1,1,1
120,17,279,374,20,18,1,1,1
121,17,280,367,20,18,1,1,1
122,17,280,367,20,18,1,1,1
123,17,280,363,19,17,1,1,1
124,17,281,356,20,18,1,1,1
125,17,281,348,20,18,1,1,1
126,17,281,344,20,18,1,1,1
127,17,281,344,20,18,1,1,1
128,17,282,337,20,18,1,1,1
129,17,283,333,20,18,1,1,1
130,17,283,326,20,18,1,1,1
131,17,283,323,20,18,1,1,1
132,17,283,323,20,18,1,1,1
133,17,284,316,19,17,1,1,1
134,17,286,309,19,17,1,1,1
135,17,286,308,20,18,1,1,1
136,17,285,301,21,19,1,1,1
137,17,285,301,21,19,1,1,1
138,17,285,301,21,19,1,1,1
139,17,285,287,21,19,1,1,1
140,17,285,284,21,19,1,1,1
141,17,286,276,21,19,1,1,1
142,17,286,276,21,19,1,1,1
143,17,286,269,22,19,1,1,1
144,17,288,266,21,19,1,1,1
145,17,288,258,21,19,1,1,1
146,17,288,255,21,19,1,1,1
147,17,288,255,21,19,1,1,1
148,17,288,246,23,21,1,1,1
149,17,288,246,23,21,1,1,1
150,17,288,236,23,21,1,1,1
125,18,574,415,18,14,1,1,1
126,18,574,412,19,19,1,1,1
127,18,574,412,19,16,1,1,1
128,18,574,405,19,19,1,1,1
129,18,574,401,19,19,1,1,1
130,18,574,395,19,19,1,1,1
131,18,574,391,19,19,1,1,1
132,18,574,391,19,19,1,1,1
133,18,574,384,19,19,1,1,1
134,18,575,378,19,19,1,1,1
135,18,575,374,19,19,1,1,1
136,18,575,368,19,19,1,1,1
137,18,575,368,19,19,1,1,1
138,18,575,364,19,19,1,1,1
139,18,575,357,19,19,1,1,1
140,18,575,354,19,19,1,1,1
141,18,575,347,19,19,1,1,1
142,18,575,347,19,19,1,1,1
143,18,575,340,19,19,1,1,1
144,18,575,337,19,19,1,1,1
145,18,575,330,18,18,1,1,1
146,18,575,326,19,19,1,1,1
147,18,575,326,19,19,1,1,1
148,18,575,319,19,19,1,1,1
149,18,575,316,19,19,1,1,1
150,18,575,309,19,19,1,1,1
130,19,383,414,18,19,1,1,1
131,19,386,410,15,19,1,1,1
132,19,386,410,15,18,1,1,1
133,19,385,405,18,18,1,1,1
134,19,384,398,18,18,1,1,1
135,19,384,394,18,18,1,1,1
136,19,385,387,18,18,1,1,1
137,19,385,387,18,18,1,1,1
138,19,385,384,18,18,1,1,1
139,19,386,376,18,18,1,1,1
140,19,386,373,18,18,1,1,1
141,19,386,366,18,18,1,1,1
142,19,386,366,18,18,1,1,1
143,19,387,359,18,18,1,1,1
144,19,387,355,18,18,1,1,1
145,19,387,348,18,18,1,1,1
146,19,387,345,18,18,1,1,1
147,19,387,345,18,18,1,1,1
148,19,388,338,17,17,1,1,1
149,19,388,335,17,17,1,1,1
150,19,388,328,17,17,1,1,1
150,20,488,415,20,14,1,1,1
