1,1,183,573,80,45,1,1,1
2,1,177,579,80,45,1,1,1
3,1,170,585,80,39,1,1,1
4,1,163,593,80,39,1,1,1
5,1,159,600,78,38,1,1,1
6,1,159,600,78,38,1,1,1
1,2,201,412,57,36,1,1,1
2,2,195,418,57,36,1,1,1
3,2,188,424,57,36,1,1,1
4,2,181,432,57,36,1,1,1
5,2,173,437,57,36,1,1,1
6,2,166,443,57,36,1,1,1
7,2,159,448,57,36,1,1,1
8,2,151,452,57,36,1,1,1
9,2,143,458,57,36,1,1,1
10,2,135,462,58,36,1,1,1
11,2,128,467,58,36,1,1,1
12,2,121,471,58,36,1,1,1
13,2,115,476,58,36,1,1,1
14,2,108,481,58,36,1,1,1
15,2,102,486,58,36,1,1,1
16,2,96,490,58,36,1,1,1
17,2,91,493,58,36,1,1,1
18,2,86,499,58,36,1,1,1
19,2,80,503,59,36,1,1,1
20,2,75,507,58,36,1,1,1
21,2,71,513,59,36,1,1,1
22,2,66,518,59,36,1,1,1
23,2,62,522,59,36,1,1,1
24,2,57,527,59,36,1,1,1
25,2,52,532,59,36,1,1,1
26,2,48,535,59,36,1,1,1
27,2,44,541,59,36,1,1,1
28,2,40,546,59,36,1,1,1
29,2,35,551,59,36,1,1,1
30,2,31,556,59,36,1,1,1
31,2,27,561,59,36,1,1,1
32,2,23,565,59,36,1,1,1
33,2,19,570,59,36,1,1,1
34,2,15,575,59,36,1,1,1
35,2,11,580,59,36,1,1,1
36,2,7,584,59,36,1,1,1
37,2,3,589,60,36,1,1,1
38,2,-1,594,59,36,1,1,1
39,2,-5,598,60,36,1,1,1
40,2,-8,604,58,35,1,1,1
41,2,-8,604,58,35,1,1,1
1,3,0,484,36,40,1,1,1
2,3,-6,490,36,40,1,1,1
3,3,-7,496,30,40,1,1,1
4,3,-15,504,31,41,1,1,1
1,4,434,358,55,34,1,1,1
2,4,428,364,55,34,1,1,1
3,4,422,370,55,34,1,1,1
4,4,414,377,55,34,1,1,1
5,4,407,383,55,34,1,1,1
6,4,400,388,55,34,1,1,1
7,4,393,393,55,34,1,1,1
8,4,386,397,55,34,1,1,1
9,4,378,404,55,34,1,1,1
10,4,370,407,55,34,1,1,1
11,4,363,412,55,34,1,1,1
12,4,356,416,55,34,1,1,1
13,4,351,421,55,34,1,1,1
14,4,343,425,56,34,1,1,1
15,4,337,430,55,34,1,1,1
16,4,332,434,55,34,1,1,1
17,4,327,437,55,34,1,1,1
18,4,322,442,55,34,1,1,1
19,4,317,446,55,34,1,1,1
20,4,312,451,55,34,1,1,1
21,4,307,457,55,34,1,1,1
22,4,303,461,55,34,1,1,1
23,4,298,466,55,34,1,1,1
24,4,293,470,55,34,1,1,1
25,4,288,475,55,34,1,1,1
26,4,284,479,55,34,1,1,1
27,4,280,485,55,34,1,1,1
28,4,276,489,55,34,1,1,1
29,4,272,494,55,34,1,1,1
30,4,268,499,56,34,1,1,1
31,4,264,504,55,34,1,1,1
32,4,260,508,55,34,1,1,1
33,4,256,513,56,34,1,1,1
34,4,253,517,55,34,1,1,1
35,4,249,523,56,34,1,1,1
36,4,245,527,55,34,1,1,1
37,4,241,531,55,34,1,1,1
38,4,237,536,55,34,1,1,1
39,4,233,540,55,34,1,1,1
40,4,229,545,55,34,1,1,1
41,4,225,549,55,34,1,1,1
42,4,221,553,55,34,1,1,1
43,4,217,558,55,34,1,1,1
44,4,213,562,55,34,1,1,1
45,4,209,566,56,34,1,1,1
46,4,206,570,56,34,1,1,1
47,4,203,574,56,34,1,1,1
48,4,201,578,56,34,1,1,1
49,4,198,582,56,34,1,1,1
50,4,195,587,56,34,1,1,1
51,4,193,591,56,34,1,1,1
52,4,191,596,56,34,1,1,1
53,4,188,600,56,34,1,1,1
54,4,188,600,56,34,1,1,1
1,5,623,320,48,27,1,1,1
2,5,617,325,48,27,1,1,1
3,5,610,331,48,27,1,1,1
4,5,603,338,48,27,1,1,1
5,5,596,344,48,27,1,1,1
6,5,589,349,48,27,1,1,1
7,5,582,354,48,27,1,1,1
8,5,575,358,48,27,1,1,1
9,5,567,364,48,27,1,1,1
10,5,559,368,48,27,1,1,1
11,5,553,373,48,27,1,1,1
12,5,547,377,48,27,1,1,1
13,5,541,382,48,27,1,1,1
14,5,534,386,48,27,1,1,1
15,5,528,391,48,27,1,1,1
16,5,522,395,48,27,1,1,1
17,5,518,398,48,27,1,1,1
18,5,513,403,48,27,1,1,1
19,5,507,407,48,27,1,1,1
20,5,503,411,48,27,1,1,1
21,5,498,417,48,27,1,1,1
22,5,494,421,48,27,1,1,1
23,5,490,426,48,27,1,1,1
24,5,485,430,48,27,1,1,1
25,5,480,435,48,27,1,1,1
26,5,476,439,48,27,1,1,1
27,5,473,444,48,27,1,1,1
28,5,469,449,48,27,1,1,1
29,5,465,454,48,27,1,1,1
30,5,460,458,48,27,1,1,1
31,5,456,463,48,27,1,1,1
32,5,453,467,48,27,1,1,1
33,5,449,472,48,27,1,1,1
34,5,446,476,48,27,1,1,1
35,5,442,482,48,27,1,1,1
36,5,438,486,48,27,1,1,1
37,5,434,490,48,27,1,1,1
38,5,430,495,48,27,1,1,1
39,5,426,499,48,27,1,1,1
40,5,422,504,48,27,1,1,1
41,5,418,508,48,27,1,1,1
42,5,414,512,48,27,1,1,1
43,5,410,516,48,27,1,1,1
44,5,406,520,48,27,1,1,1
45,5,403,524,48,27,1,1,1
46,5,400,528,48,27,1,1,1
47,5,397,532,48,27,1,1,1
48,5,395,536,48,27,1,1,1
49,5,392,540,48,27,1,1,1
50,5,389,544,48,27,1,1,1
51,5,387,549,48,27,1,1,1
52,5,385,553,48,27,1,1,1
53,5,382,558,48,27,1,1,1
54,5,380,562,48,27,1,1,1
55,5,378,567,48,27,1,1,1
56,5,376,572,48,27,1,1,1
57,5,373,578,48,27,1,1,1
58,5,371,583,48,27,1,1,1
59,5,369,588,48,27,1,1,1
60,5,366,594,48,27,1,1,1
61,5,364,599,48,27,1,1,1
62,5,361,603,49,27,1,1,1
1,6,847,286,44,28,1,1,1
2,6,841,292,44,28,1,1,1
3,6,834,298,44,28,1,1,1
4,6,827,305,44,28,1,1,1
5,6,820,311,44,28,1,1,1
6,6,813,316,44,28,1,1,1
7,6,806,321,44,28,1,1,1
8,6,798,325,44,28,1,1,1
9,6,790,331,44,28,1,1,1
10,6,783,334,44,28,1,1,1
11,6,776,339,44,28,1,1,1
12,6,769,343,44,28,1,1,1
13,6,763,348,44,28,1,1,1
14,6,757,352,44,28,1,1,1
15,6,750,356,44,28,1,1,1
16,6,744,360,44,28,1,1,1
17,6,740,363,44,28,1,1,1
18,6,735,368,44,28,1,1,1
19,6,730,372,44,28,1,1,1
20,6,725,376,44,28,1,1,1
21,6,720,382,44,28,1,1,1
22,6,716,386,44,28,1,1,1
23,6,712,390,44,28,1,1,1
24,6,707,394,44,28,1,1,1
25,6,703,399,44,28,1,1,1
26,6,698,402,44,28,1,1,1
27,6,695,408,44,28,1,1,1
28,6,691,412,44,28,1,1,1
29,6,686,417,44,28,1,1,1
30,6,682,422,44,28,1,1,1
31,6,679,427,44,28,1,1,1
32,6,675,431,44,28,1,1,1
33,6,671,435,44,28,1,1,1
34,6,668,440,44,28,1,1,1
35,6,664,445,44,28,1,1,1
36,6,660,449,44,28,1,1,1
37,6,657,453,44,28,1,1,1
38,6,653,458,44,28,1,1,1
39,6,649,462,44,28,1,1,1
40,6,645,467,44,28,1,1,1
41,6,641,470,44,28,1,1,1
42,6,637,475,44,28,1,1,1
43,6,633,479,44,28,1,1,1
44,6,629,483,44,28,1,1,1
45,6,626,487,44,28,1,1,1
46,6,623,491,44,28,1,1,1
47,6,620,495,44,28,1,1,1
48,6,618,499,44,28,1,1,1
49,6,615,503,44,28,1,1,1
50,6,613,507,44,28,1,1,1
51,6,610,511,44,28,1,1,1
52,6,608,516,44,28,1,1,1
53,6,606,520,44,28,1,1,1
54,6,603,525,44,28,1,1,1
55,6,601,530,44,28,1,1,1
56,6,599,535,44,28,1,1,1
57,6,597,541,44,28,1,1,1
58,6,595,546,44,28,1,1,1
59,6,592,551,44,28,1,1,1
60,6,590,556,44,28,1,1,1
61,6,587,561,44,28,1,1,1
62,6,585,565,44,28,1,1,1
63,6,583,571,44,28,1,1,1
64,6,581,576,44,28,1,1,1
65,6,580,581,44,28,1,1,1
66,6,578,586,44,28,1,1,1
67,6,576,590,45,28,1,1,1
68,6,576,590,45,28,1,1,1
69,6,575,594,44,28,1,1,1
70,6,574,599,44,28,1,1,1
71,6,573,603,45,29,1,1,1
1,7,1002,251,38,26,1,1,1
2,7,996,256,38,26,1,1,1
3,7,989,262,38,26,1,1,1
4,7,982,269,38,26,1,1,1
5,7,975,275,38,26,1,1,1
6,7,967,280,38,26,1,1,1
7,7,961,284,38,26,1,1,1
8,7,953,289,38,26,1,1,1
9,7,945,295,38,26,1,1,1
10,7,937,298,38,26,1,1,1
11,7,930,303,38,26,1,1,1
12,7,924,307,38,26,1,1,1
13,7,917,312,38,26,1,1,1
14,7,910,316,38,26,1,1,1
15,7,904,320,38,26,1,1,1
16,7,898,324,38,26,1,1,1
17,7,893,327,38,26,1,1,1
18,7,888,332,38,26,1,1,1
19,7,883,335,38,26,1,1,1
20,7,878,340,38,26,1,1,1
21,7,874,345,38,26,1,1,1
22,7,869,350,38,26,1,1,1
23,7,865,354,38,26,1,1,1
24,7,860,359,38,26,1,1,1
25,7,856,363,38,26,1,1,1
26,7,851,366,38,26,1,1,1
27,7,847,372,38,26,1,1,1
28,7,844,376,38,26,1,1,1
29,7,839,381,38,26,1,1,1
30,7,835,386,38,26,1,1,1
31,7,832,391,38,26,1,1,1
32,7,828,394,38,26,1,1,1
33,7,824,399,38,26,1,1,1
34,7,821,403,38,26,1,1,1
35,7,817,409,38,26,1,1,1
36,7,813,412,38,26,1,1,1
37,7,809,417,38,26,1,1,1
38,7,805,421,38,26,1,1,1
39,7,801,426,38,26,1,1,1
40,7,797,430,38,26,1,1,1
41,7,793,434,38,26,1,1,1
42,7,789,438,38,26,1,1,1
43,7,785,442,38,26,1,1,1
44,7,781,446,38,26,1,1,1
45,7,778,450,38,26,1,1,1
46,7,775,454,38,26,1,1,1
47,7,772,458,38,26,1,1,1
48,7,770,462,38,26,1,1,1
49,7,767,466,38,26,1,1,1
50,7,765,470,38,26,1,1,1
51,7,762,474,38,26,1,1,1
52,7,760,478,38,26,1,1,1
53,7,758,483,38,26,1,1,1
54,7,756,488,38,26,1,1,1
55,7,753,492,38,26,1,1,1
56,7,751,497,38,26,1,1,1
57,7,749,503,38,26,1,1,1
58,7,747,508,38,26,1,1,1
59,7,744,513,38,26,1,1,1
60,7,742,518,38,26,1,1,1
61,7,739,524,38,26,1,1,1
62,7,737,528,38,26,1,1,1
63,7,736,534,38,26,1,1,1
64,7,734,539,38,26,1,1,1
65,7,732,544,38,26,1,1,1
66,7,730,549,38,26,1,1,1
67,7,728,553,38,26,1,1,1
68,7,728,553,38,26,1,1,1
69,7,728,557,38,26,1,1,1
70,7,726,562,38,26,1,1,1
71,7,726,566,38,26,1,1,1
72,7,725,572,38,26,1,1,1
73,7,724,577,38,26,1,1,1
74,7,723,580,38,26,1,1,1
75,7,722,585,38,26,1,1,1
76,7,721,589,38,26,1,1,1
77,7,720,594,38,26,1,1,1
78,7,719,600,38,26,1,1,1
79,7,718,605,38,26,1,1,1
1,8,1023,101,33,20,1,1,1
2,8,1018,103,32,19,1,1,1
3,8,1012,105,32,19,1,1,1
4,8,1005,108,32,19,1,1,1
5,8,998,109,31,18,1,1,1
6,8,991,110,31,18,1,1,1
7,8,985,111,30,18,1,1,1
8,8,977,111,30,18,1,1,1
9,8,969,112,30,18,1,1,1
10,8,962,112,30,18,1,1,1
11,8,956,113,30,18,1,1,1
12,8,950,113,30,18,1,1,1
13,8,944,113,30,18,1,1,1
14,8,937,113,29,18,1,1,1
15,8,932,113,28,17,1,1,1
16,8,926,113,28,17,1,1,1
17,8,917,107,33,22,1,1,1
18,8,912,108,33,22,1,1,1
19,8,907,107,32,21,1,1,1
20,8,902,107,32,21,1,1,1
21,8,898,108,33,22,1,1,1
22,8,893,108,33,22,1,1,1
23,8,889,108,33,22,1,1,1
24,8,884,108,33,22,1,1,1
25,8,879,108,33,22,1,1,1
26,8,875,107,33,22,1,1,1
27,8,871,108,33,22,1,1,1
28,8,867,108,33,22,1,1,1
29,8,862,108,33,22,1,1,1
30,8,858,108,36,24,1,1,1
31,8,854,108,37,24,1,1,1
32,8,850,107,36,24,1,1,1
33,8,847,108,36,24,1,1,1
34,8,843,108,35,24,1,1,1
35,8,839,109,36,24,1,1,1
36,8,835,108,36,24,1,1,1
37,8,831,108,36,24,1,1,1
38,8,827,107,35,24,1,1,1
39,8,823,107,36,24,1,1,1
40,8,819,107,36,24,1,1,1
41,8,814,106,36,24,1,1,1
42,8,810,105,37,24,1,1,1
43,8,806,104,37,25,1,1,1
44,8,802,104,37,25,1,1,1
45,8,797,104,38,25,1,1,1
46,8,793,103,38,25,1,1,1
47,8,791,103,38,25,1,1,1
48,8,788,100,38,25,1,1,1
49,8,785,99,37,25,1,1,1
50,8,781,101,37,24,1,1,1
51,8,777,100,39,25,1,1,1
52,8,775,99,38,25,1,1,1
53,8,773,99,38,24,1,1,1
54,8,771,99,37,24,1,1,1
55,8,772,97,38,25,1,1,1
56,8,767,98,38,25,1,1,1
57,8,764,99,38,25,1,1,1
58,8,762,100,38,25,1,1,1
59,8,759,98,38,25,1,1,1
60,8,756,99,38,25,1,1,1
61,8,753,99,38,25,1,1,1
62,8,752,98,38,25,1,1,1
63,8,749,99,38,25,1,1,1
64,8,747,104,38,25,1,1,1
65,8,747,101,38,25,1,1,1
66,8,741,100,38,25,1,1,1
67,8,740,96,38,25,1,1,1
68,8,740,96,38,25,1,1,1
69,8,738,100,38,25,1,1,1
70,8,735,100,38,25,1,1,1
71,8,734,104,38,25,1,1,1
72,8,732,100,38,25,1,1,1
73,8,731,100,38,25,1,1,1
74,8,729,98,38,25,1,1,1
75,8,727,98,38,25,1,1,1
76,8,726,97,38,25,1,1,1
77,8,725,97,38,25,1,1,1
78,8,724,98,38,25,1,1,1
79,8,722,98,38,25,1,1,1
80,8,721,98,38,25,1,1,1
81,8,719,98,39,26,1,1,1
82,8,718,98,39,25,1,1,1
83,8,716,100,39,26,1,1,1
84,8,715,101,39,26,1,1,1
85,8,713,101,39,26,1,1,1
86,8,711,102,39,26,1,1,1
87,8,710,103,39,25,1,1,1
88,8,708,105,38,25,1,1,1
89,8,706,104,39,25,1,1,1
90,8,704,106,39,26,1,1,1
91,8,702,106,39,26,1,1,1
92,8,700,107,39,26,1,1,1
93,8,698,107,39,26,1,1,1
94,8,697,108,39,25,1,1,1
95,8,695,108,38,25,1,1,1
96,8,693,109,39,25,1,1,1
97,8,691,108,39,25,1,1,1
98,8,689,108,38,25,1,1,1
99,8,687,108,38,25,1,1,1
100,8,684,108,37,25,1,1,1
101,8,682,108,37,24,1,1,1
102,8,679,109,37,24,1,1,1
103,8,677,109,36,24,1,1,1
104,8,674,108,36,24,1,1,1
105,8,671,108,36,24,1,1,1
106,8,668,107,36,24,1,1,1
107,8,666,106,36,23,1,1,1
108,8,664,106,35,23,1,1,1
109,8,661,106,35,23,1,1,1
110,8,659,105,35,23,1,1,1
111,8,657,104,35,23,1,1,1
112,8,655,104,35,23,1,1,1
113,8,652,103,35,23,1,1,1
114,8,650,102,35,23,1,1,1
115,8,648,102,35,23,1,1,1
116,8,646,101,35,23,1,1,1
117,8,644,100,34,23,1,1,1
118,8,642,99,34,23,1,1,1
119,8,639,98,34,23,1,1,1
120,8,637,98,34,22,1,1,1
121,8,635,97,34,23,1,1,1
122,8,633,96,34,22,1,1,1
123,8,631,95,34,22,1,1,1
124,8,629,94,34,22,1,1,1
125,8,626,94,34,22,1,1,1
126,8,624,94,34,22,1,1,1
127,8,621,93,33,22,1,1,1
128,8,619,93,33,22,1,1,1
129,8,617,91,33,22,1,1,1
130,8,614,91,33,22,1,1,1
131,8,612,92,33,21,1,1,1
132,8,609,90,32,21,1,1,1
133,8,607,90,32,21,1,1,1
134,8,605,90,32,21,1,1,1
135,8,602,91,32,21,1,1,1
136,8,600,91,32,21,1,1,1
137,8,598,91,32,21,1,1,1
138,8,596,92,32,21,1,1,1
139,8,594,92,32,21,1,1,1
140,8,592,92,32,21,1,1,1
141,8,590,93,32,21,1,1,1
142,8,589,93,32,21,1,1,1
143,8,587,95,32,21,1,1,1
144,8,586,96,32,21,1,1,1
145,8,584,96,32,21,1,1,1
146,8,582,97,32,21,1,1,1
147,8,581,97,32,21,1,1,1
148,8,580,98,32,21,1,1,1
149,8,578,100,32,21,1,1,1
150,8,577,100,32,21,1,1,1
151,8,576,101,32,21,1,1,1
152,8,575,103,32,21,1,1,1
153,8,574,104,32,21,1,1,1
154,8,573,106,32,21,1,1,1
155,8,572,108,32,21,1,1,1
156,8,571,109,33,21,1,1,1
157,8,571,111,32,21,1,1,1
158,8,570,113,33,21,1,1,1
159,8,569,117,32,21,1,1,1
160,8,568,118,33,22,1,1,1
161,8,568,120,33,21,1,1,1
162,8,567,122,33,21,1,1,1
163,8,567,124,32,21,1,1,1
164,8,566,126,33,21,1,1,1
165,8,566,128,33,21,1,1,1
166,8,565,130,33,21,1,1,1
167,8,564,132,33,21,1,1,1
168,8,564,134,33,22,1,1,1
169,8,563,135,33,21,1,1,1
170,8,562,137,33,21,1,1,1
171,8,561,138,32,21,1,1,1
172,8,560,140,32,21,1,1,1
173,8,559,141,32,21,1,1,1
174,8,557,142,32,21,1,1,1
175,8,556,142,32,21,1,1,1
176,8,555,143,32,21,1,1,1
177,8,553,144,32,21,1,1,1
178,8,552,143,32,21,1,1,1
179,8,550,145,32,21,1,1,1
180,8,549,145,32,21,1,1,1
181,8,547,144,32,21,1,1,1
182,8,546,145,32,21,1,1,1
183,8,544,144,32,21,1,1,1
184,8,542,144,32,21,1,1,1
185,8,540,144,32,21,1,1,1
186,8,539,144,32,21,1,1,1
187,8,537,144,32,21,1,1,1
188,8,535,144,32,21,1,1,1
189,8,533,144,32,21,1,1,1
190,8,532,143,32,21,1,1,1
191,8,530,143,32,21,1,1,1
192,8,528,144,32,21,1,1,1
193,8,527,143,32,21,1,1,1
194,8,525,143,32,21,1,1,1
195,8,524,144,31,21,1,1,1
196,8,523,143,32,21,1,1,1
197,8,522,143,32,21,1,1,1
198,8,521,143,32,21,1,1,1
199,8,520,144,32,21,1,1,1
200,8,519,145,32,21,1,1,1
201,8,518,146,32,21,1,1,1
202,8,517,147,32,21,1,1,1
203,8,517,148,32,21,1,1,1
204,8,516,149,32,21,1,1,1
205,8,516,150,32,21,1,1,1
206,8,515,151,32,21,1,1,1
207,8,515,152,32,21,1,1,1
208,8,515,152,32,21,1,1,1
209,8,514,153,32,21,1,1,1
210,8,514,153,32,21,1,1,1
211,8,514,153,32,21,1,1,1
212,8,514,153,32,21,1,1,1
213,8,513,153,32,21,1,1,1
214,8,513,148,34,26,1,1,1
215,8,513,147,34,26,1,1,1
216,8,513,147,34,26,1,1,1
217,8,513,146,34,26,1,1,1
218,8,512,145,34,26,1,1,1
219,8,512,145,34,26,1,1,1
220,8,512,144,34,26,1,1,1
221,8,512,143,34,26,1,1,1
222,8,512,141,34,26,1,1,1
223,8,512,140,34,26,1,1,1
224,8,511,138,34,26,1,1,1
225,8,511,137,34,26,1,1,1
226,8,511,135,34,26,1,1,1
227,8,511,133,34,26,1,1,1
228,8,511,131,34,26,1,1,1
229,8,511,129,34,26,1,1,1
230,8,511,127,34,26,1,1,1
231,8,511,125,34,26,1,1,1
232,8,511,123,34,26,1,1,1
233,8,511,121,34,26,1,1,1
234,8,511,119,34,26,1,1,1
1,9,1163,91,31,19,1,1,1
2,9,1157,93,31,19,1,1,1
3,9,1150,96,31,19,1,1,1
4,9,1143,99,31,19,1,1,1
5,9,1135,105,30,19,1,1,1
6,9,1127,104,30,18,1,1,1
7,9,1120,106,29,17,1,1,1
8,9,1113,110,29,17,1,1,1
9,9,1105,108,28,17,1,1,1
10,9,1097,110,29,18,1,1,1
11,9,1090,112,27,16,1,1,1
12,9,1083,113,27,16,1,1,1
13,9,1077,114,26,15,1,1,1
14,9,1063,112,33,23,1,1,1
15,9,1056,113,33,23,1,1,1
16,9,1050,114,32,23,1,1,1
17,9,1046,114,31,22,1,1,1
18,9,1040,115,32,22,1,1,1
19,9,1035,115,31,22,1,1,1
20,9,1029,117,31,22,1,1,1
21,9,1024,119,31,22,1,1,1
22,9,1020,120,30,21,1,1,1
23,9,1015,124,31,22,1,1,1
24,9,1010,125,30,21,1,1,1
25,9,1000,121,37,22,1,1,1
26,9,996,121,36,22,1,1,1
27,9,991,123,37,22,1,1,1
28,9,986,123,38,23,1,1,1
29,9,982,128,38,23,1,1,1
30,9,976,127,38,23,1,1,1
31,9,972,128,38,23,1,1,1
32,9,968,125,38,23,1,1,1
33,9,964,127,38,23,1,1,1
34,9,960,126,39,23,1,1,1
35,9,955,128,40,24,1,1,1
36,9,951,127,41,25,1,1,1
37,9,947,128,41,25,1,1,1
38,9,943,128,41,25,1,1,1
39,9,938,129,41,25,1,1,1
40,9,934,131,41,25,1,1,1
41,9,930,130,40,25,1,1,1
42,9,925,130,41,25,1,1,1
43,9,921,132,41,25,1,1,1
44,9,916,130,42,26,1,1,1
45,9,912,130,42,25,1,1,1
46,9,908,131,31,23,1,1,1
47,9,905,131,31,23,1,1,1
48,9,902,130,31,23,1,1,1
49,9,900,132,30,22,1,1,1
50,9,898,132,29,21,1,1,1
51,9,894,132,30,22,1,1,1
52,9,891,132,31,22,1,1,1
53,9,890,131,31,22,1,1,1
54,9,889,133,31,22,1,1,1
55,9,887,134,30,21,1,1,1
56,9,884,134,31,22,1,1,1
57,9,880,134,31,22,1,1,1
58,9,878,135,31,22,1,1,1
59,9,875,135,31,22,1,1,1
60,9,873,136,31,22,1,1,1
61,9,870,137,31,22,1,1,1
62,9,868,136,31,22,1,1,1
63,9,865,138,32,23,1,1,1
64,9,863,143,31,22,1,1,1
65,9,861,138,32,23,1,1,1
66,9,859,143,32,23,1,1,1
67,9,860,135,33,24,1,1,1
68,9,860,135,33,24,1,1,1
69,9,859,140,33,24,1,1,1
70,9,857,140,30,22,1,1,1
71,9,855,141,30,22,1,1,1
72,9,856,140,30,22,1,1,1
73,9,854,139,30,22,1,1,1
74,9,853,142,30,22,1,1,1
75,9,853,137,30,22,1,1,1
76,9,852,142,30,22,1,1,1
77,9,851,138,30,22,1,1,1
78,9,850,140,30,22,1,1,1
79,9,849,143,30,22,1,1,1
80,9,848,144,30,22,1,1,1
81,9,847,145,30,22,1,1,1
82,9,846,146,29,22,1,1,1
83,9,844,149,29,21,1,1,1
84,9,843,151,29,21,1,1,1
85,9,841,156,29,21,1,1,1
86,9,841,151,28,21,1,1,1
87,9,841,151,28,21,1,1,1
88,9,831,153,35,26,1,1,1
89,9,830,154,34,25,1,1,1
90,9,828,156,34,26,1,1,1
91,9,826,157,34,26,1,1,1
92,9,824,158,35,26,1,1,1
93,9,822,159,35,26,1,1,1
94,9,821,161,35,26,1,1,1
95,9,819,161,35,26,1,1,1
96,9,817,162,35,26,1,1,1
97,9,814,161,36,27,1,1,1
98,9,811,162,37,27,1,1,1
99,9,809,162,37,27,1,1,1
100,9,807,163,36,27,1,1,1
101,9,805,163,36,27,1,1,1
102,9,802,165,36,27,1,1,1
103,9,800,165,36,27,1,1,1
104,9,797,165,36,27,1,1,1
105,9,795,165,36,27,1,1,1
106,9,793,165,35,27,1,1,1
107,9,791,165,35,27,1,1,1
108,9,788,165,35,27,1,1,1
109,9,786,165,35,26,1,1,1
110,9,784,165,35,26,1,1,1
111,9,782,165,35,26,1,1,1
112,9,780,165,35,26,1,1,1
113,9,779,165,35,26,1,1,1
114,9,777,165,34,26,1,1,1
115,9,775,166,34,26,1,1,1
116,9,773,165,34,25,1,1,1
117,9,771,165,34,25,1,1,1
118,9,769,165,34,25,1,1,1
119,9,767,164,34,25,1,1,1
120,9,769,163,31,26,1,1,1
121,9,767,163,31,26,1,1,1
122,9,764,163,31,26,1,1,1
123,9,762,162,31,26,1,1,1
124,9,759,162,31,26,1,1,1
125,9,757,162,31,26,1,1,1
126,9,754,162,31,26,1,1,1
127,9,751,163,30,26,1,1,1
128,9,748,163,31,26,1,1,1
129,9,745,162,30,25,1,1,1
130,9,742,162,30,25,1,1,1
131,9,739,163,30,25,1,1,1
132,9,736,162,30,25,1,1,1
133,9,733,163,30,25,1,1,1
134,9,730,164,30,25,1,1,1
135,9,727,165,30,25,1,1,1
136,9,725,166,30,25,1,1,1
137,9,722,167,30,25,1,1,1
138,9,719,168,30,25,1,1,1
139,9,717,169,30,25,1,1,1
140,9,714,170,30,25,1,1,1
141,9,712,171,29,25,1,1,1
142,9,709,172,30,25,1,1,1
143,9,707,175,29,25,1,1,1
144,9,705,177,29,25,1,1,1
145,9,702,178,29,25,1,1,1
146,9,700,180,29,25,1,1,1
147,9,698,181,29,25,1,1,1
148,9,696,182,29,25,1,1,1
149,9,694,185,30,25,1,1,1
150,9,692,186,30,25,1,1,1
151,9,690,188,30,25,1,1,1
152,9,689,191,29,25,1,1,1
153,9,687,194,29,25,1,1,1
154,9,685,196,29,25,1,1,1
155,9,684,199,29,25,1,1,1
156,9,682,202,29,25,1,1,1
157,9,681,205,29,25,1,1,1
158,9,680,208,29,25,1,1,1
159,9,679,213,29,25,1,1,1
160,9,677,215,29,25,1,1,1
161,9,677,219,29,25,1,1,1
162,9,675,222,29,25,1,1,1
163,9,674,225,29,25,1,1,1
164,9,673,229,29,25,1,1,1
165,9,672,233,29,24,1,1,1
166,9,671,236,29,24,1,1,1
167,9,670,240,29,24,1,1,1
168,9,669,243,29,25,1,1,1
169,9,668,247,29,24,1,1,1
170,9,666,250,29,25,1,1,1
171,9,665,253,29,25,1,1,1
172,9,664,256,29,24,1,1,1
173,9,662,259,29,24,1,1,1
174,9,661,262,29,24,1,1,1
175,9,659,265,29,24,1,1,1
176,9,658,268,29,24,1,1,1
177,9,656,271,29,24,1,1,1
178,9,654,273,29,24,1,1,1
179,9,652,276,29,24,1,1,1
180,9,651,279,29,24,1,1,1
181,9,649,281,29,24,1,1,1
182,9,647,284,29,24,1,1,1
183,9,645,286,29,24,1,1,1
184,9,643,288,29,24,1,1,1
185,9,641,291,29,24,1,1,1
186,9,639,294,29,24,1,1,1
187,9,637,296,29,24,1,1,1
188,9,635,299,29,24,1,1,1
189,9,633,302,29,24,1,1,1
190,9,631,304,29,24,1,1,1
191,9,630,307,29,24,1,1,1
192,9,628,311,29,24,1,1,1
193,9,626,313,29,24,1,1,1
194,9,625,317,29,24,1,1,1
195,9,623,321,29,24,1,1,1
196,9,622,324,29,24,1,1,1
197,9,621,327,29,24,1,1,1
198,9,620,331,29,24,1,1,1
199,9,619,335,29,24,1,1,1
200,9,618,340,29,24,1,1,1
201,9,617,344,29,24,1,1,1
202,9,616,349,29,24,1,1,1
203,9,615,354,29,24,1,1,1
204,9,615,359,29,24,1,1,1
205,9,614,364,29,24,1,1,1
206,9,614,369,29,24,1,1,1
207,9,613,374,29,25,1,1,1
208,9,613,378,29,24,1,1,1
209,9,612,383,29,25,1,1,1
210,9,612,387,29,24,1,1,1
211,9,612,391,29,25,1,1,1
212,9,612,396,29,24,1,1,1
213,9,612,400,29,24,1,1,1
214,9,611,404,29,25,1,1,1
215,9,611,408,29,25,1,1,1
216,9,611,411,30,25,1,1,1
217,9,611,415,29,25,1,1,1
218,9,611,419,29,25,1,1,1
219,9,611,422,29,25,1,1,1
220,9,611,426,29,25,1,1,1
221,9,611,429,30,25,1,1,1
222,9,611,433,30,25,1,1,1
223,9,611,436,30,25,1,1,1
224,9,611,439,30,25,1,1,1
225,9,611,442,30,25,1,1,1
226,9,611,444,30,25,1,1,1
227,9,611,447,30,25,1,1,1
228,9,611,450,30,25,1,1,1
229,9,611,453,30,25,1,1,1
230,9,611,455,30,25,1,1,1
231,9,611,458,30,25,1,1,1
232,9,611,460,30,25,1,1,1
233,9,611,463,30,25,1,1,1
234,9,612,466,29,25,1,1,1
1,10,1218,81,32,22,1,1,1
2,10,1212,85,32,22,1,1,1
3,10,1206,87,32,22,1,1,1
4,10,1196,89,32,22,1,1,1
5,10,1187,90,35,25,1,1,1
6,10,1181,91,35,25,1,1,1
7,10,1172,93,36,25,1,1,1
8,10,1163,92,37,26,1,1,1
9,10,1154,93,37,26,1,1,1
10,10,1146,90,37,26,1,1,1
11,10,1139,91,36,26,1,1,1
12,10,1132,91,36,26,1,1,1
13,10,1124,90,38,27,1,1,1
14,10,1116,92,37,27,1,1,1
15,10,1109,92,38,28,1,1,1
16,10,1103,92,39,28,1,1,1
17,10,1097,90,38,28,1,1,1
18,10,1092,91,38,28,1,1,1
19,10,1086,90,38,28,1,1,1
20,10,1080,91,37,27,1,1,1
21,10,1075,91,38,28,1,1,1
22,10,1070,91,38,28,1,1,1
23,10,1065,91,38,28,1,1,1
24,10,1059,91,38,28,1,1,1
25,10,1055,91,38,28,1,1,1
26,10,1049,90,38,28,1,1,1
27,10,1045,91,38,28,1,1,1
28,10,1041,91,38,28,1,1,1
29,10,1037,91,38,28,1,1,1
30,10,1032,91,37,28,1,1,1
31,10,1028,91,38,28,1,1,1
32,10,1024,90,38,28,1,1,1
33,10,1020,90,38,28,1,1,1
34,10,1016,90,37,27,1,1,1
35,10,1012,91,37,27,1,1,1
36,10,1008,90,37,28,1,1,1
37,10,1004,90,37,28,1,1,1
38,10,999,89,38,28,1,1,1
39,10,995,91,37,27,1,1,1
40,10,991,91,37,27,1,1,1
41,10,986,90,37,27,1,1,1
42,10,983,87,37,27,1,1,1
43,10,979,91,37,27,1,1,1
44,10,975,87,37,27,1,1,1
45,10,972,87,36,26,1,1,1
46,10,972,87,36,26,1,1,1
47,10,966,86,35,25,1,1,1
48,10,963,84,36,26,1,1,1
49,10,960,84,36,26,1,1,1
50,10,958,83,35,26,1,1,1
51,10,956,82,35,25,1,1,1
52,10,954,83,34,25,1,1,1
53,10,951,83,33,24,1,1,1
54,10,948,81,33,24,1,1,1
55,10,945,82,33,24,1,1,1
56,10,942,82,33,24,1,1,1
57,10,940,80,33,24,1,1,1
58,10,937,82,33,24,1,1,1
59,10,934,81,33,24,1,1,1
60,10,931,86,33,24,1,1,1
61,10,929,82,33,24,1,1,1
62,10,927,81,33,24,1,1,1
63,10,923,83,36,26,1,1,1
64,10,921,83,36,26,1,1,1
65,10,919,83,36,26,1,1,1
66,10,917,83,36,26,1,1,1
67,10,915,82,36,26,1,1,1
68,10,915,82,36,26,1,1,1
69,10,913,81,36,26,1,1,1
70,10,912,81,36,26,1,1,1
71,10,911,80,36,26,1,1,1
72,10,909,81,36,26,1,1,1
73,10,908,81,36,26,1,1,1
74,10,906,79,36,26,1,1,1
75,10,905,79,36,26,1,1,1
76,10,904,78,36,26,1,1,1
77,10,902,77,36,26,1,1,1
78,10,901,79,36,26,1,1,1
79,10,899,79,36,26,1,1,1
80,10,898,79,36,26,1,1,1
81,10,896,79,36,26,1,1,1
82,10,894,79,36,26,1,1,1
83,10,892,81,36,26,1,1,1
84,10,890,82,36,26,1,1,1
85,10,887,81,37,26,1,1,1
86,10,885,82,37,26,1,1,1
87,10,882,83,37,26,1,1,1
88,10,880,85,36,26,1,1,1
89,10,878,85,37,26,1,1,1
90,10,876,87,36,26,1,1,1
91,10,873,87,36,26,1,1,1
92,10,871,87,36,26,1,1,1
93,10,869,88,36,26,1,1,1
94,10,867,89,36,26,1,1,1
95,10,865,88,36,26,1,1,1
96,10,863,89,36,26,1,1,1
97,10,860,89,36,26,1,1,1
98,10,858,88,36,26,1,1,1
99,10,856,89,36,26,1,1,1
100,10,853,89,35,26,1,1,1
101,10,851,89,35,25,1,1,1
102,10,848,89,35,25,1,1,1
103,10,845,89,35,25,1,1,1
104,10,843,89,34,25,1,1,1
105,10,840,88,34,25,1,1,1
106,10,837,87,35,25,1,1,1
107,10,835,87,35,25,1,1,1
108,10,832,86,34,25,1,1,1
109,10,830,86,34,25,1,1,1
110,10,828,85,34,25,1,1,1
111,10,825,85,34,25,1,1,1
112,10,823,84,34,25,1,1,1
113,10,821,84,34,25,1,1,1
114,10,819,83,34,25,1,1,1
115,10,817,83,34,25,1,1,1
116,10,815,82,34,25,1,1,1
117,10,813,81,34,25,1,1,1
118,10,811,80,34,24,1,1,1
119,10,809,80,34,24,1,1,1
120,10,810,77,33,25,1,1,1
121,10,808,76,33,25,1,1,1
122,10,806,75,33,25,1,1,1
123,10,804,75,33,25,1,1,1
124,10,801,74,33,25,1,1,1
125,10,799,73,33,25,1,1,1
126,10,797,73,33,25,1,1,1
127,10,794,72,33,25,1,1,1
128,10,792,72,33,25,1,1,1
129,10,789,70,33,25,1,1,1
130,10,787,70,33,25,1,1,1
131,10,784,71,33,25,1,1,1
132,10,782,69,33,25,1,1,1
133,10,779,69,33,25,1,1,1
134,10,777,69,33,25,1,1,1
135,10,774,69,32,25,1,1,1
136,10,772,70,33,25,1,1,1
137,10,770,70,32,24,1,1,1
138,10,767,70,32,24,1,1,1
139,10,765,70,32,24,1,1,1
140,10,763,71,32,24,1,1,1
141,10,761,71,32,24,1,1,1
142,10,759,71,32,24,1,1,1
143,10,758,73,32,24,1,1,1
144,10,756,74,32,24,1,1,1
145,10,754,74,32,25,1,1,1
146,10,752,75,32,24,1,1,1
147,10,751,75,32,24,1,1,1
148,10,749,75,33,25,1,1,1
149,10,748,77,32,24,1,1,1
150,10,746,77,32,24,1,1,1
151,10,745,78,32,24,1,1,1
152,10,744,80,32,24,1,1,1
153,10,742,82,32,24,1,1,1
154,10,742,83,32,24,1,1,1
155,10,741,85,32,24,1,1,1
156,10,740,86,32,24,1,1,1
157,10,739,89,32,24,1,1,1
158,10,738,91,31,24,1,1,1
159,10,737,94,31,24,1,1,1
160,10,736,95,31,24,1,1,1
161,10,735,97,31,24,1,1,1
162,10,735,99,31,24,1,1,1
163,10,734,101,32,24,1,1,1
164,10,734,104,32,24,1,1,1
165,10,733,106,31,24,1,1,1
166,10,732,108,32,24,1,1,1
167,10,732,110,32,24,1,1,1
168,10,731,112,32,24,1,1,1
169,10,730,114,32,24,1,1,1
170,10,729,116,32,24,1,1,1
171,10,728,117,32,24,1,1,1
172,10,727,119,32,24,1,1,1
173,10,726,120,32,24,1,1,1
174,10,725,121,32,24,1,1,1
175,10,723,122,32,24,1,1,1
176,10,722,123,32,24,1,1,1
177,10,721,125,32,24,1,1,1
178,10,719,124,32,24,1,1,1
179,10,718,126,32,24,1,1,1
180,10,716,126,32,24,1,1,1
181,10,714,126,32,24,1,1,1
182,10,713,127,32,24,1,1,1
183,10,711,126,32,24,1,1,1
184,10,709,126,32,24,1,1,1
185,10,707,126,32,24,1,1,1
186,10,706,127,32,24,1,1,1
187,10,704,127,32,24,1,1,1
188,10,702,127,32,24,1,1,1
189,10,700,127,32,24,1,1,1
190,10,698,127,32,24,1,1,1
191,10,696,127,32,24,1,1,1
192,10,695,128,32,24,1,1,1
193,10,693,127,32,24,1,1,1
194,10,691,128,32,24,1,1,1
195,10,690,129,32,24,1,1,1
196,10,688,129,32,24,1,1,1
197,10,687,129,32,24,1,1,1
198,10,685,130,32,24,1,1,1
199,10,684,131,32,24,1,1,1
200,10,683,132,32,24,1,1,1
201,10,682,134,32,24,1,1,1
202,10,681,135,32,24,1,1,1
203,10,680,137,32,24,1,1,1
204,10,679,139,32,24,1,1,1
205,10,678,140,32,24,1,1,1
206,10,677,142,32,24,1,1,1
207,10,677,143,32,24,1,1,1
208,10,676,144,32,24,1,1,1
209,10,675,145,32,24,1,1,1
210,10,675,146,32,24,1,1,1
211,10,675,147,32,24,1,1,1
212,10,674,147,32,24,1,1,1
213,10,674,147,32,24,1,1,1
214,10,673,147,32,24,1,1,1
215,10,673,147,32,24,1,1,1
216,10,673,147,32,24,1,1,1
217,10,672,147,32,24,1,1,1
218,10,672,146,32,24,1,1,1
219,10,672,146,32,24,1,1,1
220,10,671,145,32,24,1,1,1
221,10,671,144,32,24,1,1,1
222,10,671,143,32,24,1,1,1
223,10,671,142,32,24,1,1,1
224,10,670,141,32,24,1,1,1
225,10,670,139,32,24,1,1,1
226,10,670,138,32,24,1,1,1
227,10,670,136,32,24,1,1,1
228,10,669,134,32,24,1,1,1
229,10,669,133,32,24,1,1,1
230,10,669,131,32,24,1,1,1
231,10,669,129,32,24,1,1,1
232,10,669,127,32,24,1,1,1
233,10,669,125,32,24,1,1,1
234,10,669,123,32,24,1,1,1
17,11,1262,70,17,24,1,1,1
18,11,1255,71,24,22,1,1,1
19,11,1249,71,24,22,1,1,1
20,11,1243,71,24,22,1,1,1
21,11,1238,73,24,22,1,1,1
22,11,1233,73,24,22,1,1,1
23,11,1228,73,26,23,1,1,1
24,11,1220,72,28,24,1,1,1
25,11,1218,73,30,22,1,1,1
26,11,1214,76,30,22,1,1,1
27,11,1208,71,30,22,1,1,1
28,11,1203,71,30,22,1,1,1
29,11,1202,72,30,22,1,1,1
30,11,1196,74,30,22,1,1,1
31,11,1195,74,30,22,1,1,1
32,11,1190,74,30,22,1,1,1
37,11,1167,78,28,19,1,1,1
38,11,1161,77,28,19,1,1,1
39,11,1156,77,28,19,1,1,1
40,11,1151,76,28,19,1,1,1
41,11,1146,76,29,25,1,1,1
42,11,1141,75,29,25,1,1,1
43,11,1135,74,29,25,1,1,1
44,11,1130,74,29,25,1,1,1
45,11,1124,74,29,25,1,1,1
46,11,1121,74,29,25,1,1,1
47,11,1117,73,29,25,1,1,1
48,11,1114,72,29,25,1,1,1
49,11,1112,72,29,25,1,1,1
50,11,1109,71,30,26,1,1,1
51,11,1107,71,29,25,1,1,1
52,11,1102,70,30,26,1,1,1
53,11,1099,71,30,26,1,1,1
54,11,1095,69,30,26,1,1,1
55,11,1090,69,30,26,1,1,1
56,11,1091,69,30,26,1,1,1
57,11,1087,69,30,26,1,1,1
58,11,1085,72,30,26,1,1,1
59,11,1080,67,30,26,1,1,1
60,11,1082,70,30,26,1,1,1
61,11,1079,72,30,26,1,1,1
62,11,1077,70,30,26,1,1,1
63,11,1074,73,30,26,1,1,1
64,11,1072,73,30,26,1,1,1
65,11,1070,73,30,26,1,1,1
66,11,1068,73,30,26,1,1,1
67,11,1066,72,30,26,1,1,1
68,11,1066,72,30,26,1,1,1
69,11,1065,72,29,25,1,1,1
70,11,1064,71,30,26,1,1,1
71,11,1063,71,30,26,1,1,1
72,11,1062,71,30,26,1,1,1
73,11,1061,71,30,26,1,1,1
74,11,1060,70,30,26,1,1,1
75,11,1059,69,33,24,1,1,1
76,11,1058,69,33,24,1,1,1
77,11,1057,68,33,24,1,1,1
78,11,1056,70,33,24,1,1,1
79,11,1055,70,34,24,1,1,1
80,11,1054,71,33,24,1,1,1
81,11,1053,71,33,24,1,1,1
82,11,1052,72,33,24,1,1,1
83,11,1050,74,33,24,1,1,1
84,11,1049,75,33,24,1,1,1
85,11,1047,75,33,24,1,1,1
86,11,1045,77,33,24,1,1,1
87,11,1044,78,33,24,1,1,1
88,11,1042,80,33,24,1,1,1
89,11,1040,81,33,24,1,1,1
90,11,1039,83,33,24,1,1,1
91,11,1037,84,33,24,1,1,1
92,11,1036,85,33,24,1,1,1
93,11,1035,86,33,24,1,1,1
94,11,1033,87,33,24,1,1,1
95,11,1032,87,33,24,1,1,1
96,11,1031,89,33,24,1,1,1
97,11,1030,89,33,24,1,1,1
98,11,1028,89,33,24,1,1,1
99,11,1026,90,33,24,1,1,1
100,11,1025,90,33,24,1,1,1
101,11,1023,91,33,24,1,1,1
102,11,1021,92,33,24,1,1,1
103,11,1019,92,33,24,1,1,1
104,11,1017,92,33,24,1,1,1
105,11,1015,92,33,24,1,1,1
106,11,1013,92,33,24,1,1,1
107,11,1011,92,32,23,1,1,1
108,11,1009,92,32,23,1,1,1
109,11,1007,92,32,23,1,1,1
110,11,1005,92,32,23,1,1,1
111,11,1004,92,31,23,1,1,1
112,11,1002,92,31,23,1,1,1
113,11,1000,92,31,23,1,1,1
114,11,998,91,31,23,1,1,1
115,11,996,92,31,22,1,1,1
116,11,994,92,31,22,1,1,1
117,11,993,91,31,22,1,1,1
118,11,991,91,31,22,1,1,1
119,11,989,90,30,22,1,1,1
120,11,983,91,37,22,1,1,1
121,11,981,91,37,22,1,1,1
122,11,979,90,37,22,1,1,1
123,11,977,90,37,22,1,1,1
124,11,974,89,37,22,1,1,1
125,11,972,89,37,22,1,1,1
126,11,969,88,37,22,1,1,1
127,11,967,88,37,22,1,1,1
128,11,964,88,37,22,1,1,1
129,11,961,86,37,22,1,1,1
130,11,958,86,37,22,1,1,1
131,11,955,87,37,22,1,1,1
132,11,952,86,38,22,1,1,1
133,11,949,86,37,22,1,1,1
134,11,946,87,38,22,1,1,1
135,11,944,87,37,22,1,1,1
136,11,941,88,37,22,1,1,1
137,11,938,89,37,22,1,1,1
138,11,936,89,37,22,1,1,1
139,11,933,90,37,22,1,1,1
140,11,930,90,37,22,1,1,1
141,11,928,91,37,22,1,1,1
142,11,925,92,37,22,1,1,1
143,11,923,94,37,22,1,1,1
144,11,921,95,37,22,1,1,1
145,11,919,96,37,22,1,1,1
146,11,917,97,37,22,1,1,1
147,11,914,97,37,22,1,1,1
148,11,912,98,37,22,1,1,1
149,11,910,101,37,22,1,1,1
150,11,909,101,37,22,1,1,1
151,11,907,102,37,22,1,1,1
152,11,905,104,37,22,1,1,1
153,11,904,106,37,22,1,1,1
154,11,902,108,37,22,1,1,1
155,11,901,110,37,22,1,1,1
156,11,899,111,37,22,1,1,1
157,11,898,113,36,22,1,1,1
158,11,897,116,37,22,1,1,1
159,11,896,119,36,22,1,1,1
160,11,894,121,36,22,1,1,1
161,11,893,123,36,22,1,1,1
162,11,892,125,36,21,1,1,1
163,11,891,127,36,21,1,1,1
164,11,890,129,36,21,1,1,1
165,11,889,132,36,21,1,1,1
166,11,887,134,36,22,1,1,1
167,11,886,136,36,21,1,1,1
168,11,885,138,36,22,1,1,1
169,11,884,140,36,22,1,1,1
170,11,882,142,36,21,1,1,1
171,11,881,144,36,21,1,1,1
172,11,879,145,36,22,1,1,1
173,11,878,147,36,21,1,1,1
174,11,876,148,36,21,1,1,1
175,11,874,149,37,22,1,1,1
176,11,872,150,36,22,1,1,1
177,11,870,152,36,22,1,1,1
178,11,868,151,36,22,1,1,1
179,11,866,153,36,21,1,1,1
180,11,864,154,36,22,1,1,1
181,11,862,154,36,22,1,1,1
182,11,860,155,36,22,1,1,1
183,11,858,154,37,22,1,1,1
184,11,855,155,36,22,1,1,1
185,11,853,155,36,21,1,1,1
186,11,851,156,36,21,1,1,1
187,11,849,156,36,22,1,1,1
188,11,846,157,36,22,1,1,1
189,11,844,157,36,22,1,1,1
190,11,842,157,36,22,1,1,1
191,11,840,157,36,21,1,1,1
192,11,838,159,36,22,1,1,1
193,11,836,158,36,21,1,1,1
194,11,834,159,36,22,1,1,1
195,11,832,161,36,21,1,1,1
196,11,830,160,36,21,1,1,1
197,11,829,161,36,22,1,1,1
198,11,827,162,36,21,1,1,1
199,11,826,163,36,21,1,1,1
200,11,824,165,36,21,1,1,1
201,11,823,166,36,21,1,1,1
202,11,822,168,36,21,1,1,1
203,11,821,170,36,21,1,1,1
204,11,820,172,36,21,1,1,1
205,11,819,174,36,21,1,1,1
206,11,819,176,36,21,1,1,1
207,11,818,177,36,21,1,1,1
208,11,817,179,36,21,1,1,1
209,11,817,180,36,21,1,1,1
210,11,816,182,36,21,1,1,1
211,11,816,183,36,21,1,1,1
212,11,815,184,36,21,1,1,1
213,11,815,184,36,21,1,1,1
214,11,814,185,36,21,1,1,1
215,11,814,185,36,21,1,1,1
216,11,814,186,36,21,1,1,1
217,11,813,186,36,21,1,1,1
218,11,813,186,36,21,1,1,1
219,11,813,186,36,22,1,1,1
220,11,813,186,36,21,1,1,1
221,11,812,185,36,21,1,1,1
222,11,812,185,36,21,1,1,1
223,11,812,184,36,21,1,1,1
224,11,812,183,36,21,1,1,1
225,11,812,183,36,21,1,1,1
226,11,811,181,36,21,1,1,1
227,11,811,180,36,21,1,1,1
228,11,811,179,36,21,1,1,1
229,11,811,178,36,21,1,1,1
230,11,811,177,36,21,1,1,1
231,11,811,175,36,21,1,1,1
232,11,811,174,36,21,1,1,1
233,11,811,172,36,21,1,1,1
234,11,811,171,36,21,1,1,1
45,12,1262,42,17,22,1,1,1
46,12,1259,41,19,21,1,1,1
47,12,1256,40,21,21,1,1,1
48,12,1251,40,27,23,1,1,1
49,12,1246,43,29,24,1,1,1
50,12,1245,40,29,24,1,1,1
51,12,1242,37,29,24,1,1,1
52,12,1240,36,29,24,1,1,1
53,12,1236,38,29,24,1,1,1
54,12,1236,37,29,24,1,1,1
55,12,1230,37,29,24,1,1,1
56,12,1230,35,29,24,1,1,1
57,12,1233,38,29,24,1,1,1
58,12,1230,37,29,24,1,1,1
59,12,1222,37,29,24,1,1,1
60,12,1224,37,29,24,1,1,1
61,12,1222,37,29,24,1,1,1
62,12,1220,37,29,24,1,1,1
63,12,1219,38,28,23,1,1,1
64,12,1217,38,29,24,1,1,1
65,12,1215,39,29,24,1,1,1
66,12,1214,39,29,24,1,1,1
67,12,1213,38,29,24,1,1,1
68,12,1213,38,29,24,1,1,1
69,12,1211,38,29,24,1,1,1
70,12,1211,38,29,24,1,1,1
71,12,1210,37,29,24,1,1,1
72,12,1209,38,30,25,1,1,1
73,12,1208,38,30,25,1,1,1
74,12,1207,37,30,25,1,1,1
75,12,1200,36,37,26,1,1,1
76,12,1199,36,37,26,1,1,1
77,12,1198,36,37,26,1,1,1
78,12,1197,37,37,26,1,1,1
79,12,1197,37,37,26,1,1,1
80,12,1195,38,37,26,1,1,1
81,12,1194,39,37,26,1,1,1
82,12,1193,39,37,26,1,1,1
83,12,1191,41,37,26,1,1,1
84,12,1190,43,37,26,1,1,1
85,12,1188,43,37,26,1,1,1
86,12,1186,44,37,26,1,1,1
87,12,1184,45,37,26,1,1,1
88,12,1182,47,37,26,1,1,1
89,12,1179,47,37,26,1,1,1
90,12,1177,50,37,26,1,1,1
91,12,1175,50,37,26,1,1,1
92,12,1173,51,37,26,1,1,1
93,12,1170,52,37,26,1,1,1
94,12,1168,54,37,26,1,1,1
95,12,1166,53,37,26,1,1,1
96,12,1164,55,37,26,1,1,1
97,12,1161,55,37,26,1,1,1
98,12,1158,56,37,26,1,1,1
99,12,1156,56,37,26,1,1,1
100,12,1153,57,37,26,1,1,1
101,12,1150,57,37,26,1,1,1
102,12,1147,59,37,26,1,1,1
103,12,1144,59,37,26,1,1,1
104,12,1141,59,37,26,1,1,1
105,12,1138,59,37,26,1,1,1
106,12,1136,59,36,25,1,1,1
107,12,1133,59,36,25,1,1,1
108,12,1130,60,36,25,1,1,1
109,12,1127,60,36,25,1,1,1
110,12,1125,60,36,25,1,1,1
111,12,1122,60,35,25,1,1,1
112,12,1120,60,35,25,1,1,1
113,12,1117,60,35,25,1,1,1
114,12,1115,60,35,25,1,1,1
115,12,1113,61,35,25,1,1,1
116,12,1110,60,35,25,1,1,1
117,12,1108,60,35,24,1,1,1
118,12,1106,60,35,24,1,1,1
119,12,1103,60,35,24,1,1,1
120,12,1101,60,34,24,1,1,1
121,12,1099,59,34,24,1,1,1
122,12,1096,59,34,24,1,1,1
123,12,1094,59,34,24,1,1,1
124,12,1091,59,34,24,1,1,1
125,12,1088,59,34,24,1,1,1
126,12,1086,59,34,24,1,1,1
127,12,1083,59,34,24,1,1,1
128,12,1080,59,34,24,1,1,1
129,12,1077,58,34,24,1,1,1
130,12,1074,58,34,24,1,1,1
131,12,1071,60,34,24,1,1,1
132,12,1068,59,34,24,1,1,1
133,12,1065,60,34,24,1,1,1
134,12,1062,60,34,24,1,1,1
135,12,1059,61,34,24,1,1,1
136,12,1056,62,34,24,1,1,1
137,12,1053,63,34,24,1,1,1
138,12,1050,64,34,24,1,1,1
139,12,1048,65,34,24,1,1,1
140,12,1046,66,34,24,1,1,1
141,12,1043,67,34,24,1,1,1
142,12,1041,68,34,24,1,1,1
143,12,1039,70,33,23,1,1,1
144,12,1036,72,33,24,1,1,1
145,12,1034,73,33,23,1,1,1
146,12,1032,74,33,23,1,1,1
147,12,1030,75,33,23,1,1,1
148,12,1028,76,33,23,1,1,1
149,12,1026,79,33,23,1,1,1
150,12,1024,79,33,23,1,1,1
151,12,1023,81,33,23,1,1,1
152,12,1021,84,33,23,1,1,1
153,12,1020,86,33,23,1,1,1
154,12,1018,88,33,23,1,1,1
155,12,1017,90,33,23,1,1,1
156,12,1015,92,33,23,1,1,1
157,12,1014,95,33,23,1,1,1
158,12,1013,98,33,23,1,1,1
159,12,1012,102,33,23,1,1,1
160,12,1011,103,33,23,1,1,1
161,12,1010,106,33,23,1,1,1
162,12,1009,109,33,23,1,1,1
163,12,1008,112,33,23,1,1,1
164,12,1007,114,33,23,1,1,1
165,12,1006,117,33,23,1,1,1
166,12,1005,120,33,23,1,1,1
167,12,1004,123,33,23,1,1,1
168,12,1003,125,33,23,1,1,1
169,12,1002,128,33,23,1,1,1
170,12,1001,130,33,23,1,1,1
171,12,999,132,33,23,1,1,1
172,12,998,134,33,23,1,1,1
173,12,997,136,33,23,1,1,1
174,12,995,138,33,23,1,1,1
175,12,993,140,33,23,1,1,1
176,12,992,141,33,23,1,1,1
177,12,990,143,33,23,1,1,1
178,12,988,143,33,24,1,1,1
179,12,986,145,34,24,1,1,1
180,12,985,147,33,24,1,1,1
181,12,983,147,33,23,1,1,1
182,12,981,149,33,23,1,1,1
183,12,979,148,33,23,1,1,1
184,12,977,149,33,23,1,1,1
185,12,975,150,33,23,1,1,1
186,12,973,151,33,23,1,1,1
187,12,971,152,33,23,1,1,1
188,12,969,153,33,23,1,1,1
189,12,967,154,33,23,1,1,1
190,12,965,155,33,23,1,1,1
191,12,963,155,33,23,1,1,1
192,12,961,158,32,23,1,1,1
193,12,959,158,33,23,1,1,1
194,12,958,159,33,23,1,1,1
195,12,956,161,33,23,1,1,1
196,12,955,162,33,23,1,1,1
197,12,953,163,32,23,1,1,1
198,12,952,165,32,23,1,1,1
199,12,951,167,32,23,1,1,1
200,12,950,169,32,23,1,1,1
201,12,949,171,32,23,1,1,1
202,12,948,174,32,23,1,1,1
203,12,947,176,32,23,1,1,1
204,12,946,178,32,23,1,1,1
205,12,945,181,32,23,1,1,1
206,12,944,183,32,23,1,1,1
207,12,943,185,32,23,1,1,1
208,12,943,187,32,23,1,1,1
209,12,942,189,32,23,1,1,1
210,12,942,190,32,23,1,1,1
211,12,941,192,33,23,1,1,1
212,12,941,193,32,22,1,1,1
213,12,941,194,32,23,1,1,1
214,12,940,195,32,23,1,1,1
215,12,940,196,32,23,1,1,1
216,12,939,197,32,23,1,1,1
217,12,939,198,32,23,1,1,1
218,12,939,198,32,23,1,1,1
219,12,939,199,32,22,1,1,1
220,12,938,199,32,23,1,1,1
221,12,938,199,33,23,1,1,1
222,12,938,199,32,23,1,1,1
223,12,937,199,32,23,1,1,1
224,12,937,199,32,23,1,1,1
225,12,937,198,32,23,1,1,1
226,12,936,197,33,23,1,1,1
227,12,936,197,32,23,1,1,1
228,12,936,196,33,23,1,1,1
229,12,936,196,33,23,1,1,1
230,12,936,195,32,23,1,1,1
231,12,936,194,32,23,1,1,1
232,12,936,193,32,23,1,1,1
233,12,936,193,32,23,1,1,1
234,12,936,192,32,22,1,1,1
