1,1,464,212,29,20,1,1,1
2,1,464,211,29,20,1,1,1
3,1,464,209,29,20,1,1,1
4,1,464,207,29,20,1,1,1
5,1,464,206,29,20,1,1,1
6,1,463,204,29,20,1,1,1
7,1,463,203,29,20,1,1,1
8,1,464,202,29,20,1,1,1
9,1,463,199,29,20,1,1,1
10,1,464,198,29,20,1,1,1
11,1,463,197,29,20,1,1,1
12,1,464,196,28,19,1,1,1
13,1,464,195,29,20,1,1,1
14,1,463,194,28,19,1,1,1
15,1,463,192,28,20,1,1,1
16,1,462,191,29,20,1,1,1
17,1,462,191,28,20,1,1,1
18,1,462,190,28,19,1,1,1
19,1,463,188,28,19,1,1,1
20,1,463,188,27,19,1,1,1
21,1,462,187,28,19,1,1,1
22,1,462,186,28,19,1,1,1
23,1,462,185,28,20,1,1,1
24,1,461,184,29,20,1,1,1
25,1,461,184,29,20,1,1,1
26,1,461,183,28,19,1,1,1
27,1,461,182,28,20,1,1,1
28,1,461,182,28,19,1,1,1
29,1,461,181,28,19,1,1,1
30,1,460,180,29,20,1,1,1
31,1,460,179,29,20,1,1,1
32,1,460,179,29,20,1,1,1
33,1,460,179,28,19,1,1,1
34,1,460,178,28,19,1,1,1
35,1,459,178,29,20,1,1,1
36,1,459,178,29,20,1,1,1
37,1,459,177,29,20,1,1,1
38,1,460,177,28,19,1,1,1
39,1,459,177,29,20,1,1,1
40,1,459,176,29,20,1,1,1
41,1,459,176,29,20,1,1,1
42,1,459,176,29,20,1,1,1
43,1,458,176,29,20,1,1,1
44,1,458,176,29,20,1,1,1
45,1,458,176,28,19,1,1,1
46,1,458,176,29,20,1,1,1
47,1,458,176,29,20,1,1,1
48,1,458,176,29,20,1,1,1
49,1,457,176,29,20,1,1,1
50,1,457,176,29,20,1,1,1
51,1,457,176,28,20,1,1,1
52,1,457,176,29,20,1,1,1
53,1,457,176,29,20,1,1,1
54,1,456,177,28,19,1,1,1
55,1,456,177,29,20,1,1,1
56,1,456,178,28,19,1,1,1
57,1,456,178,28,19,1,1,1
58,1,456,178,28,19,1,1,1
59,1,456,179,27,19,1,1,1
60,1,456,180,27,19,1,1,1
61,1,456,180,27,19,1,1,1
62,1,456,180,27,19,1,1,1
63,1,456,180,27,19,1,1,1
64,1,456,180,28,19,1,1,1
65,1,457,181,27,19,1,1,1
66,1,457,181,27,18,1,1,1
67,1,457,181,27,19,1,1,1
68,1,457,182,27,18,1,1,1
69,1,457,182,27,19,1,1,1
70,1,458,183,27,18,1,1,1
71,1,458,184,27,19,1,1,1
72,1,459,184,27,18,1,1,1
73,1,458,184,28,19,1,1,1
74,1,458,185,28,20,1,1,1
75,1,459,186,27,19,1,1,1
76,1,459,186,28,19,1,1,1
77,1,459,186,28,19,1,1,1
78,1,460,187,28,19,1,1,1
79,1,460,187,28,19,1,1,1
80,1,460,189,27,19,1,1,1
81,1,460,189,28,19,1,1,1
82,1,460,190,28,19,1,1,1
83,1,460,191,27,19,1,1,1
84,1,460,191,28,19,1,1,1
85,1,460,193,27,19,1,1,1
86,1,460,193,28,19,1,1,1
87,1,460,194,27,19,1,1,1
88,1,460,195,27,18,1,1,1
89,1,460,196,26,18,1,1,1
90,1,460,197,26,18,1,1,1
91,1,460,198,26,18,1,1,1
92,1,460,199,26,18,1,1,1
93,1,460,200,26,18,1,1,1
94,1,460,200,26,18,1,1,1
95,1,460,202,25,17,1,1,1
96,1,459,202,26,18,1,1,1
97,1,459,203,26,18,1,1,1
98,1,459,204,26,18,1,1,1
99,1,459,204,26,18,1,1,1
100,1,458,207,26,18,1,1,1
101,1,458,207,26,18,1,1,1
102,1,458,208,26,18,1,1,1
103,1,458,209,26,18,1,1,1
104,1,458,209,26,18,1,1,1
105,1,457,212,25,17,1,1,1
106,1,457,213,25,17,1,1,1
107,1,457,213,25,17,1,1,1
108,1,457,214,25,17,1,1,1
109,1,456,215,26,18,1,1,1
110,1,456,216,26,18,1,1,1
111,1,455,217,26,18,1,1,1
112,1,456,218,26,18,1,1,1
113,1,456,219,25,17,1,1,1
114,1,456,220,25,17,1,1,1
115,1,455,221,26,18,1,1,1
116,1,455,222,25,18,1,1,1
117,1,455,223,26,18,1,1,1
118,1,455,224,25,18,1,1,1
119,1,455,225,25,18,1,1,1
120,1,455,226,25,17,1,1,1
121,1,455,227,25,17,1,1,1
122,1,455,228,25,17,1,1,1
123,1,455,229,25,17,1,1,1
124,1,456,231,24,16,1,1,1
125,1,456,232,24,17,1,1,1
126,1,455,232,25,17,1,1,1
127,1,455,233,25,17,1,1,1
128,1,455,234,25,17,1,1,1
129,1,456,236,25,17,1,1,1
130,1,456,237,24,17,1,1,1
131,1,456,238,24,17,1,1,1
132,1,456,239,25,17,1,1,1
133,1,456,240,24,17,1,1,1
134,1,456,241,24,17,1,1,1
135,1,456,243,25,17,1,1,1
136,1,457,244,23,16,1,1,1
137,1,457,245,23,16,1,1,1
138,1,457,246,23,16,1,1,1
139,1,457,247,23,16,1,1,1
140,1,457,249,23,16,1,1,1
141,1,457,249,23,16,1,1,1
142,1,457,250,23,16,1,1,1
143,1,457,251,24,16,1,1,1
144,1,457,252,23,16,1,1,1
145,1,457,253,23,16,1,1,1
146,1,458,254,22,15,1,1,1
147,1,458,255,22,15,1,1,1
148,1,458,256,22,15,1,1,1
149,1,458,256,23,16,1,1,1
150,1,458,257,23,16,1,1,1
151,1,458,258,24,16,1,1,1
152,1,458,259,24,16,1,1,1
153,1,458,259,24,16,1,1,1
154,1,458,260,24,16,1,1,1
155,1,458,261,24,16,1,1,1
156,1,459,262,23,16,1,1,1
157,1,459,262,23,16,1,1,1
158,1,459,262,24,16,1,1,1
159,1,459,263,24,16,1,1,1
160,1,459,263,24,16,1,1,1
161,1,459,264,23,16,1,1,1
162,1,459,265,24,16,1,1,1
163,1,460,265,23,16,1,1,1
164,1,460,266,24,16,1,1,1
165,1,461,266,24,16,1,1,1
166,1,461,266,24,16,1,1,1
167,1,461,267,24,16,1,1,1
168,1,461,267,24,16,1,1,1
169,1,462,267,24,16,1,1,1
170,1,462,268,24,16,1,1,1
171,1,462,269,24,16,1,1,1
172,1,462,269,24,16,1,1,1
173,1,463,269,24,16,1,1,1
174,1,463,269,24,16,1,1,1
175,1,463,269,24,16,1,1,1
176,1,463,270,23,16,1,1,1
177,1,463,270,23,16,1,1,1
178,1,463,270,23,16,1,1,1
179,1,463,270,23,16,1,1,1
180,1,463,271,23,16,1,1,1
181,1,463,271,22,15,1,1,1
182,1,463,272,22,15,1,1,1
183,1,463,272,22,15,1,1,1
184,1,463,272,22,15,1,1,1
185,1,463,272,22,15,1,1,1
186,1,462,272,23,16,1,1,1
187,1,462,272,23,16,1,1,1
188,1,462,272,23,16,1,1,1
189,1,462,272,23,16,1,1,1
190,1,462,272,24,16,1,1,1
191,1,462,273,23,16,1,1,1
192,1,462,273,23,16,1,1,1
193,1,462,273,23,16,1,1,1
194,1,462,273,23,16,1,1,1
195,1,462,273,23,16,1,1,1
196,1,462,273,23,16,1,1,1
197,1,462,273,23,16,1,1,1
198,1,462,273,23,16,1,1,1
199,1,462,273,23,16,1,1,1
200,1,462,273,23,16,1,1,1
201,1,462,274,23,16,1,1,1
202,1,462,274,23,16,1,1,1
203,1,462,274,23,16,1,1,1
204,1,462,274,23,16,1,1,1
205,1,462,274,24,16,1,1,1
206,1,462,274,23,16,1,1,1
207,1,462,274,23,16,1,1,1
208,1,462,274,23,16,1,1,1
209,1,462,274,23,16,1,1,1
210,1,463,274,23,16,1,1,1
211,1,463,274,23,16,1,1,1
212,1,463,274,23,16,1,1,1
213,1,463,274,23,16,1,1,1
214,1,463,274,23,16,1,1,1
215,1,463,275,23,16,1,1,1
216,1,463,275,23,16,1,1,1
217,1,463,275,23,16,1,1,1
218,1,463,275,23,16,1,1,1
219,1,463,275,23,16,1,1,1
1,2,684,302,23,15,1,1,1
2,2,684,301,23,15,1,1,1
3,2,684,299,23,15,1,1,1
4,2,684,296,23,15,1,1,1
5,2,684,295,23,15,1,1,1
6,2,684,294,23,15,1,1,1
7,2,684,293,23,15,1,1,1
8,2,684,291,23,15,1,1,1
9,2,684,289,23,15,1,1,1
10,2,684,288,23,15,1,1,1
11,2,684,286,24,15,1,1,1
12,2,684,285,23,15,1,1,1
13,2,684,284,24,15,1,1,1
14,2,683,282,24,16,1,1,1
15,2,683,281,25,16,1,1,1
16,2,683,280,24,16,1,1,1
17,2,683,279,24,15,1,1,1
18,2,683,278,24,15,1,1,1
19,2,682,275,25,16,1,1,1
20,2,682,274,25,16,1,1,1
21,2,682,273,25,16,1,1,1
22,2,682,272,25,16,1,1,1
23,2,682,271,25,16,1,1,1
24,2,682,270,25,16,1,1,1
25,2,683,269,25,16,1,1,1
26,2,683,268,25,16,1,1,1
27,2,682,267,25,17,1,1,1
28,2,682,266,25,17,1,1,1
29,2,683,264,25,16,1,1,1
30,2,683,263,26,17,1,1,1
31,2,683,261,25,16,1,1,1
32,2,683,261,26,17,1,1,1
33,2,683,260,26,17,1,1,1
34,2,683,259,25,16,1,1,1
35,2,683,258,25,16,1,1,1
36,2,683,257,25,16,1,1,1
37,2,683,256,25,16,1,1,1
38,2,683,255,26,17,1,1,1
39,2,683,253,26,17,1,1,1
40,2,683,252,26,17,1,1,1
41,2,683,252,26,17,1,1,1
42,2,683,250,26,17,1,1,1
43,2,683,250,26,17,1,1,1
44,2,683,249,26,17,1,1,1
45,2,683,248,26,17,1,1,1
46,2,683,248,26,17,1,1,1
47,2,683,247,26,17,1,1,1
48,2,682,246,26,17,1,1,1
49,2,682,245,26,17,1,1,1
50,2,682,244,27,18,1,1,1
51,2,682,243,26,17,1,1,1
52,2,681,242,26,17,1,1,1
53,2,681,242,26,17,1,1,1
54,2,681,242,26,17,1,1,1
55,2,680,241,27,17,1,1,1
56,2,681,240,26,17,1,1,1
57,2,681,239,26,17,1,1,1
58,2,681,239,26,17,1,1,1
59,2,681,239,26,17,1,1,1
60,2,681,238,26,17,1,1,1
61,2,681,238,26,17,1,1,1
62,2,681,237,26,17,1,1,1
63,2,681,236,27,17,1,1,1
64,2,681,236,26,17,1,1,1
65,2,681,235,26,17,1,1,1
66,2,681,234,26,17,1,1,1
67,2,681,234,26,17,1,1,1
68,2,682,234,26,17,1,1,1
69,2,682,233,25,17,1,1,1
70,2,682,233,25,17,1,1,1
71,2,683,233,26,17,1,1,1
72,2,683,232,26,17,1,1,1
73,2,683,232,26,17,1,1,1
74,2,683,232,26,17,1,1,1
75,2,683,231,26,17,1,1,1
76,2,683,231,26,17,1,1,1
77,2,683,231,26,17,1,1,1
78,2,683,230,26,17,1,1,1
79,2,683,230,26,17,1,1,1
80,2,683,230,26,17,1,1,1
81,2,683,230,26,17,1,1,1
82,2,683,230,27,17,1,1,1
83,2,682,230,27,17,1,1,1
84,2,682,229,26,17,1,1,1
85,2,682,229,27,17,1,1,1
86,2,682,229,27,17,1,1,1
87,2,682,229,27,17,1,1,1
88,2,682,229,27,18,1,1,1
89,2,681,229,27,18,1,1,1
90,2,681,229,27,18,1,1,1
91,2,681,229,27,18,1,1,1
92,2,681,229,27,18,1,1,1
93,2,681,229,27,18,1,1,1
94,2,681,229,27,18,1,1,1
95,2,681,229,27,18,1,1,1
96,2,680,229,27,18,1,1,1
97,2,680,229,27,18,1,1,1
98,2,679,229,27,18,1,1,1
99,2,679,229,27,17,1,1,1
100,2,679,230,27,17,1,1,1
101,2,679,230,27,17,1,1,1
102,2,679,230,26,17,1,1,1
103,2,679,230,26,17,1,1,1
104,2,678,231,26,17,1,1,1
105,2,678,231,26,17,1,1,1
106,2,678,231,26,17,1,1,1
107,2,678,231,26,17,1,1,1
108,2,678,231,26,17,1,1,1
109,2,677,232,27,17,1,1,1
110,2,677,232,27,18,1,1,1
111,2,677,232,27,18,1,1,1
112,2,677,233,27,18,1,1,1
113,2,677,233,27,18,1,1,1
114,2,677,233,27,18,1,1,1
115,2,677,234,28,18,1,1,1
116,2,677,234,28,18,1,1,1
117,2,677,235,28,18,1,1,1
118,2,677,235,28,18,1,1,1
119,2,677,235,28,18,1,1,1
120,2,677,236,28,18,1,1,1
121,2,677,236,28,18,1,1,1
122,2,677,236,28,18,1,1,1
123,2,679,237,28,18,1,1,1
124,2,679,237,28,18,1,1,1
125,2,679,238,28,18,1,1,1
126,2,679,239,28,18,1,1,1
127,2,679,239,28,18,1,1,1
128,2,679,239,28,18,1,1,1
129,2,679,241,27,18,1,1,1
130,2,680,242,27,18,1,1,1
131,2,680,242,27,18,1,1,1
132,2,680,242,28,18,1,1,1
133,2,680,243,27,18,1,1,1
134,2,680,244,27,18,1,1,1
135,2,680,244,28,18,1,1,1
136,2,680,245,27,17,1,1,1
137,2,680,246,27,17,1,1,1
138,2,680,246,27,17,1,1,1
139,2,680,247,26,17,1,1,1
140,2,680,248,27,17,1,1,1
141,2,681,248,26,17,1,1,1
142,2,680,249,27,17,1,1,1
143,2,680,250,27,18,1,1,1
144,2,680,250,27,18,1,1,1
145,2,680,251,27,18,1,1,1
146,2,681,252,26,17,1,1,1
147,2,681,252,27,17,1,1,1
148,2,681,253,27,17,1,1,1
149,2,681,253,27,18,1,1,1
150,2,681,254,27,18,1,1,1
151,2,682,255,26,17,1,1,1
152,2,682,256,26,17,1,1,1
153,2,682,256,27,18,1,1,1
154,2,682,257,26,17,1,1,1
155,2,683,257,26,17,1,1,1
156,2,683,258,26,17,1,1,1
157,2,683,259,26,17,1,1,1
158,2,684,259,25,17,1,1,1
159,2,684,260,26,17,1,1,1
160,2,684,260,26,17,1,1,1
161,2,684,260,27,18,1,1,1
162,2,684,261,27,18,1,1,1
163,2,685,261,27,18,1,1,1
164,2,685,262,26,17,1,1,1
165,2,685,263,26,17,1,1,1
166,2,686,263,26,17,1,1,1
167,2,686,264,27,17,1,1,1
168,2,686,264,26,17,1,1,1
169,2,687,265,27,17,1,1,1
170,2,687,265,27,18,1,1,1
171,2,687,266,27,17,1,1,1
172,2,688,266,26,17,1,1,1
173,2,689,267,26,17,1,1,1
174,2,689,267,26,17,1,1,1
175,2,689,268,27,17,1,1,1
176,2,689,268,27,17,1,1,1
177,2,689,269,27,17,1,1,1
178,2,689,269,27,17,1,1,1
179,2,689,269,27,17,1,1,1
180,2,689,270,27,17,1,1,1
181,2,689,270,27,17,1,1,1
182,2,689,271,27,17,1,1,1
183,2,689,271,27,17,1,1,1
184,2,689,272,27,17,1,1,1
185,2,689,272,27,17,1,1,1
186,2,689,273,27,17,1,1,1
187,2,689,273,26,17,1,1,1
188,2,689,274,26,17,1,1,1
189,2,689,274,26,17,1,1,1
190,2,689,275,27,17,1,1,1
191,2,689,275,27,18,1,1,1
192,2,689,275,27,18,1,1,1
193,2,689,275,27,18,1,1,1
194,2,689,276,27,18,1,1,1
195,2,689,276,27,18,1,1,1
196,2,689,277,27,18,1,1,1
197,2,689,277,27,18,1,1,1
198,2,689,277,27,18,1,1,1
199,2,689,278,27,18,1,1,1
200,2,689,278,27,18,1,1,1
201,2,689,279,26,18,1,1,1
202,2,689,279,27,18,1,1,1
203,2,689,279,27,18,1,1,1
204,2,689,280,26,18,1,1,1
205,2,689,281,26,18,1,1,1
206,2,689,281,27,18,1,1,1
207,2,689,281,27,18,1,1,1
208,2,689,281,27,18,1,1,1
209,2,690,282,27,18,1,1,1
210,2,690,283,27,18,1,1,1
211,2,690,283,27,18,1,1,1
212,2,690,283,27,18,1,1,1
213,2,690,283,27,18,1,1,1
214,2,690,284,26,18,1,1,1
215,2,690,284,27,18,1,1,1
216,2,690,285,27,18,1,1,1
217,2,690,285,27,18,1,1,1
218,2,690,285,27,18,1,1,1
219,2,690,285,27,18,1,1,1
1,3,896,168,23,16,1,1,1
2,3,896,167,23,16,1,1,1
3,3,895,165,23,16,1,1,1
4,3,894,163,23,16,1,1,1
5,3,893,162,23,16,1,1,1
6,3,892,161,23,16,1,1,1
7,3,892,159,23,16,1,1,1
8,3,890,158,23,16,1,1,1
9,3,891,157,23,16,1,1,1
10,3,890,156,22,15,1,1,1
11,3,889,155,23,16,1,1,1
12,3,888,154,22,15,1,1,1
13,3,888,154,22,16,1,1,1
14,3,886,151,23,16,1,1,1
15,3,886,150,22,16,1,1,1
16,3,885,150,23,16,1,1,1
17,3,884,149,23,16,1,1,1
18,3,884,148,23,16,1,1,1
19,3,882,147,23,16,1,1,1
20,3,881,146,23,16,1,1,1
21,3,881,146,23,16,1,1,1
22,3,881,145,23,16,1,1,1
23,3,881,145,22,16,1,1,1
24,3,880,145,22,15,1,1,1
25,3,879,143,23,16,1,1,1
26,3,878,143,23,16,1,1,1
27,3,877,142,23,16,1,1,1
28,3,877,142,23,16,1,1,1
29,3,876,141,22,16,1,1,1
30,3,875,141,23,16,1,1,1
31,3,875,140,23,16,1,1,1
32,3,874,140,23,16,1,1,1
33,3,873,140,23,16,1,1,1
34,3,872,139,23,16,1,1,1
35,3,872,139,23,16,1,1,1
36,3,871,138,23,16,1,1,1
37,3,871,138,23,16,1,1,1
38,3,870,138,22,16,1,1,1
39,3,869,137,23,16,1,1,1
40,3,869,137,23,16,1,1,1
41,3,868,137,23,16,1,1,1
42,3,867,136,24,16,1,1,1
43,3,866,136,24,17,1,1,1
44,3,865,136,24,16,1,1,1
45,3,865,136,24,16,1,1,1
46,3,864,136,24,17,1,1,1
47,3,864,136,24,17,1,1,1
48,3,863,137,24,17,1,1,1
49,3,862,136,23,16,1,1,1
50,3,862,136,24,17,1,1,1
51,3,862,136,24,17,1,1,1
52,3,862,137,23,16,1,1,1
53,3,860,136,24,16,1,1,1
54,3,860,137,24,17,1,1,1
55,3,859,137,23,16,1,1,1
56,3,858,137,24,16,1,1,1
57,3,858,137,24,16,1,1,1
58,3,857,138,24,16,1,1,1
59,3,857,138,23,16,1,1,1
60,3,856,139,24,16,1,1,1
61,3,856,139,24,16,1,1,1
62,3,856,139,23,16,1,1,1
63,3,855,139,23,16,1,1,1
64,3,855,139,23,16,1,1,1
65,3,855,139,23,16,1,1,1
66,3,854,139,23,16,1,1,1
67,3,854,140,23,16,1,1,1
68,3,854,141,23,16,1,1,1
69,3,854,140,23,16,1,1,1
70,3,854,141,23,16,1,1,1
71,3,854,141,23,16,1,1,1
72,3,855,142,22,15,1,1,1
73,3,854,142,23,16,1,1,1
74,3,854,142,23,16,1,1,1
75,3,855,143,23,16,1,1,1
76,3,855,144,22,16,1,1,1
77,3,855,144,23,16,1,1,1
78,3,854,145,23,16,1,1,1
79,3,854,145,23,16,1,1,1
80,3,853,145,23,16,1,1,1
81,3,853,146,23,16,1,1,1
82,3,853,146,23,16,1,1,1
83,3,853,147,23,16,1,1,1
84,3,852,148,23,16,1,1,1
85,3,852,149,23,16,1,1,1
86,3,852,149,23,16,1,1,1
87,3,852,149,23,16,1,1,1
88,3,851,150,23,16,1,1,1
89,3,851,150,23,16,1,1,1
90,3,851,150,23,16,1,1,1
91,3,851,151,23,16,1,1,1
92,3,850,152,23,16,1,1,1
93,3,850,152,23,16,1,1,1
94,3,850,153,23,16,1,1,1
95,3,850,153,23,16,1,1,1
96,3,849,154,23,16,1,1,1
97,3,849,155,23,16,1,1,1
98,3,848,155,23,16,1,1,1
99,3,848,155,23,16,1,1,1
100,3,848,156,23,16,1,1,1
101,3,847,157,23,16,1,1,1
102,3,846,157,23,16,1,1,1
103,3,846,158,23,16,1,1,1
104,3,845,158,23,16,1,1,1
105,3,845,159,23,16,1,1,1
106,3,845,160,23,16,1,1,1
107,3,845,160,23,16,1,1,1
108,3,844,160,23,16,1,1,1
109,3,844,161,23,16,1,1,1
110,3,843,162,23,16,1,1,1
111,3,843,162,23,16,1,1,1
112,3,843,163,23,16,1,1,1
113,3,841,163,23,16,1,1,1
114,3,841,164,23,16,1,1,1
115,3,841,165,23,16,1,1,1
116,3,840,165,23,16,1,1,1
117,3,840,165,23,16,1,1,1
118,3,839,166,23,16,1,1,1
119,3,839,166,23,16,1,1,1
120,3,838,167,23,16,1,1,1
121,3,838,168,23,16,1,1,1
122,3,838,168,23,16,1,1,1
123,3,837,169,23,16,1,1,1
124,3,837,169,23,16,1,1,1
125,3,837,170,23,16,1,1,1
126,3,837,170,23,16,1,1,1
127,3,837,171,23,16,1,1,1
128,3,836,171,23,16,1,1,1
129,3,836,172,22,15,1,1,1
130,3,836,174,21,15,1,1,1
131,3,836,174,22,15,1,1,1
132,3,836,174,22,15,1,1,1
133,3,836,174,21,15,1,1,1
134,3,836,174,21,15,1,1,1
135,3,835,175,22,15,1,1,1
136,3,834,175,22,15,1,1,1
137,3,834,176,22,16,1,1,1
138,3,833,176,23,16,1,1,1
139,3,833,177,23,16,1,1,1
140,3,832,178,23,16,1,1,1
141,3,832,178,22,16,1,1,1
142,3,832,178,22,15,1,1,1
143,3,832,179,22,15,1,1,1
144,3,832,179,22,15,1,1,1
145,3,832,179,22,15,1,1,1
146,3,832,180,22,15,1,1,1
147,3,832,181,22,15,1,1,1
148,3,832,181,22,15,1,1,1
149,3,832,181,22,15,1,1,1
150,3,832,181,22,15,1,1,1
151,3,832,181,22,15,1,1,1
152,3,832,182,22,15,1,1,1
153,3,832,182,22,15,1,1,1
154,3,832,182,22,15,1,1,1
155,3,832,182,22,16,1,1,1
156,3,832,182,22,16,1,1,1
157,3,832,182,22,16,1,1,1
158,3,832,182,22,16,1,1,1
159,3,832,182,23,16,1,1,1
160,3,832,182,23,16,1,1,1
161,3,832,182,23,16,1,1,1
162,3,832,182,23,16,1,1,1
163,3,832,182,23,16,1,1,1
164,3,832,182,23,16,1,1,1
165,3,832,182,23,16,1,1,1
166,3,832,182,23,16,1,1,1
167,3,833,182,23,16,1,1,1
168,3,833,183,23,16,1,1,1
169,3,833,183,23,16,1,1,1
170,3,834,183,23,16,1,1,1
171,3,834,183,23,16,1,1,1
172,3,834,183,23,16,1,1,1
173,3,834,183,23,16,1,1,1
174,3,834,183,23,16,1,1,1
175,3,834,183,23,16,1,1,1
176,3,834,183,22,16,1,1,1
177,3,834,183,22,16,1,1,1
178,3,834,183,22,16,1,1,1
179,3,834,183,22,16,1,1,1
180,3,834,182,23,16,1,1,1
181,3,834,182,23,16,1,1,1
182,3,834,182,23,16,1,1,1
183,3,834,182,22,16,1,1,1
184,3,834,182,22,16,1,1,1
185,3,834,182,22,16,1,1,1
186,3,834,182,23,16,1,1,1
187,3,834,182,23,16,1,1,1
188,3,834,182,23,16,1,1,1
189,3,834,181,23,16,1,1,1
190,3,834,181,23,16,1,1,1
191,3,834,181,23,16,1,1,1
192,3,833,181,23,16,1,1,1
193,3,833,180,23,16,1,1,1
194,3,833,180,23,16,1,1,1
195,3,833,180,23,16,1,1,1
196,3,833,180,23,16,1,1,1
197,3,833,180,23,16,1,1,1
198,3,833,180,23,16,1,1,1
199,3,833,180,23,16,1,1,1
200,3,833,179,23,16,1,1,1
201,3,832,179,23,16,1,1,1
202,3,832,179,23,16,1,1,1
203,3,831,178,23,16,1,1,1
204,3,831,178,23,16,1,1,1
205,3,831,178,23,16,1,1,1
206,3,831,177,23,16,1,1,1
207,3,831,177,23,16,1,1,1
208,3,831,177,23,16,1,1,1
209,3,831,177,24,17,1,1,1
210,3,830,176,24,17,1,1,1
211,3,830,176,24,17,1,1,1
212,3,830,176,24,17,1,1,1
213,3,830,175,24,17,1,1,1
214,3,829,175,24,16,1,1,1
215,3,829,175,23,16,1,1,1
216,3,829,175,23,16,1,1,1
217,3,829,175,24,17,1,1,1
218,3,828,174,24,17,1,1,1
219,3,828,174,24,17,1,1,1
1,4,635,120,22,17,1,1,1
2,4,635,120,22,17,1,1,1
3,4,635,119,22,17,1,1,1
4,4,635,118,22,17,1,1,1
5,4,635,118,22,17,1,1,1
6,4,635,117,22,17,1,1,1
7,4,635,117,22,17,1,1,1
8,4,635,116,22,17,1,1,1
9,4,635,116,22,17,1,1,1
10,4,635,116,22,17,1,1,1
11,4,635,116,22,17,1,1,1
12,4,635,116,22,17,1,1,1
13,4,635,115,22,17,1,1,1
14,4,635,115,22,17,1,1,1
15,4,635,115,22,17,1,1,1
16,4,635,115,22,17,1,1,1
17,4,636,115,22,17,1,1,1
18,4,635,115,22,17,1,1,1
19,4,635,115,22,17,1,1,1
20,4,635,115,22,17,1,1,1
21,4,635,115,22,17,1,1,1
22,4,635,115,22,17,1,1,1
23,4,635,115,22,17,1,1,1
24,4,636,116,22,17,1,1,1
25,4,636,116,22,17,1,1,1
26,4,636,117,22,17,1,1,1
27,4,636,117,22,17,1,1,1
28,4,636,117,22,17,1,1,1
29,4,636,118,21,17,1,1,1
30,4,636,118,21,17,1,1,1
31,4,636,118,21,17,1,1,1
32,4,636,118,21,16,1,1,1
33,4,636,119,21,17,1,1,1
34,4,636,119,22,17,1,1,1
35,4,636,119,21,17,1,1,1
36,4,636,120,21,16,1,1,1
37,4,636,120,21,16,1,1,1
38,4,636,121,21,16,1,1,1
39,4,635,122,21,16,1,1,1
40,4,635,121,21,16,1,1,1
41,4,635,122,21,16,1,1,1
42,4,635,122,21,16,1,1,1
43,4,634,123,21,17,1,1,1
44,4,634,123,22,17,1,1,1
45,4,634,124,22,17,1,1,1
46,4,634,124,22,17,1,1,1
47,4,633,125,21,17,1,1,1
48,4,633,126,21,16,1,1,1
49,4,633,126,21,16,1,1,1
50,4,633,127,21,16,1,1,1
51,4,633,126,21,16,1,1,1
52,4,632,127,21,16,1,1,1
53,4,632,127,21,16,1,1,1
54,4,632,128,20,15,1,1,1
55,4,631,130,20,16,1,1,1
56,4,631,130,20,16,1,1,1
57,4,631,130,20,16,1,1,1
58,4,630,131,21,16,1,1,1
59,4,630,131,21,16,1,1,1
60,4,630,133,20,16,1,1,1
61,4,630,132,21,16,1,1,1
62,4,630,133,21,16,1,1,1
63,4,630,133,21,16,1,1,1
64,4,630,133,20,16,1,1,1
65,4,630,134,21,16,1,1,1
66,4,630,134,20,16,1,1,1
67,4,631,135,20,16,1,1,1
68,4,631,135,20,15,1,1,1
69,4,631,136,19,15,1,1,1
70,4,631,136,20,15,1,1,1
71,4,632,137,20,15,1,1,1
72,4,632,137,20,16,1,1,1
73,4,633,138,19,15,1,1,1
74,4,633,138,19,15,1,1,1
75,4,632,138,20,15,1,1,1
76,4,633,139,19,15,1,1,1
77,4,632,139,19,15,1,1,1
78,4,632,139,19,15,1,1,1
79,4,633,140,19,15,1,1,1
80,4,632,140,20,15,1,1,1
81,4,632,141,20,15,1,1,1
82,4,632,141,19,15,1,1,1
83,4,632,141,19,15,1,1,1
84,4,632,142,20,15,1,1,1
85,4,631,142,20,16,1,1,1
86,4,631,143,20,15,1,1,1
87,4,631,143,19,15,1,1,1
88,4,630,143,20,16,1,1,1
89,4,630,144,20,16,1,1,1
90,4,630,144,20,16,1,1,1
91,4,630,145,20,16,1,1,1
92,4,630,145,20,16,1,1,1
93,4,630,146,20,15,1,1,1
94,4,630,146,20,15,1,1,1
95,4,629,146,20,15,1,1,1
96,4,628,147,20,16,1,1,1
97,4,628,147,20,16,1,1,1
98,4,628,148,20,16,1,1,1
99,4,628,148,20,16,1,1,1
100,4,627,149,20,16,1,1,1
101,4,627,150,20,15,1,1,1
102,4,627,150,19,15,1,1,1
103,4,627,151,19,15,1,1,1
104,4,626,151,19,15,1,1,1
105,4,625,153,19,14,1,1,1
106,4,625,153,19,15,1,1,1
107,4,624,153,19,15,1,1,1
108,4,625,154,19,14,1,1,1
109,4,624,154,19,15,1,1,1
110,4,624,154,19,15,1,1,1
111,4,623,155,19,15,1,1,1
112,4,623,155,19,15,1,1,1
113,4,623,156,19,15,1,1,1
114,4,623,156,19,15,1,1,1
115,4,623,156,19,15,1,1,1
116,4,623,157,19,15,1,1,1
117,4,623,157,20,15,1,1,1
118,4,623,158,20,16,1,1,1
119,4,623,157,20,16,1,1,1
120,4,623,158,20,16,1,1,1
121,4,623,158,20,16,1,1,1
122,4,623,159,20,16,1,1,1
123,4,623,159,20,16,1,1,1
124,4,624,159,21,16,1,1,1
125,4,624,160,20,16,1,1,1
126,4,624,160,20,16,1,1,1
127,4,624,161,20,16,1,1,1
128,4,624,161,21,16,1,1,1
129,4,624,161,20,16,1,1,1
130,4,624,162,20,16,1,1,1
131,4,625,163,20,16,1,1,1
132,4,625,163,20,16,1,1,1
133,4,625,163,20,16,1,1,1
134,4,625,163,21,16,1,1,1
135,4,625,163,21,16,1,1,1
136,4,625,164,20,16,1,1,1
137,4,625,164,20,16,1,1,1
138,4,625,165,20,16,1,1,1
139,4,625,165,20,16,1,1,1
140,4,625,165,20,16,1,1,1
141,4,625,166,20,16,1,1,1
142,4,625,166,20,16,1,1,1
143,4,625,166,20,16,1,1,1
144,4,625,166,20,16,1,1,1
145,4,624,166,20,16,1,1,1
146,4,625,166,20,16,1,1,1
147,4,624,166,20,16,1,1,1
148,4,625,167,20,16,1,1,1
149,4,624,167,20,16,1,1,1
150,4,625,167,20,16,1,1,1
151,4,625,167,20,15,1,1,1
152,4,625,167,20,15,1,1,1
153,4,625,167,20,15,1,1,1
154,4,625,167,20,15,1,1,1
155,4,625,167,20,15,1,1,1
156,4,625,167,20,15,1,1,1
157,4,625,167,20,16,1,1,1
158,4,625,167,20,16,1,1,1
159,4,625,167,20,16,1,1,1
160,4,626,167,20,16,1,1,1
161,4,626,167,21,16,1,1,1
162,4,626,167,21,16,1,1,1
163,4,626,167,21,16,1,1,1
164,4,626,167,21,16,1,1,1
165,4,627,167,21,16,1,1,1
166,4,627,167,21,16,1,1,1
167,4,627,167,21,16,1,1,1
168,4,627,167,21,16,1,1,1
169,4,628,167,21,16,1,1,1
170,4,628,167,21,16,1,1,1
171,4,628,167,21,16,1,1,1
172,4,628,167,20,16,1,1,1
173,4,629,167,20,16,1,1,1
174,4,629,166,20,16,1,1,1
175,4,629,166,20,16,1,1,1
176,4,629,166,20,16,1,1,1
177,4,629,166,20,16,1,1,1
178,4,629,166,20,16,1,1,1
179,4,629,166,20,16,1,1,1
180,4,629,165,20,16,1,1,1
181,4,629,165,21,16,1,1,1
182,4,629,165,21,16,1,1,1
183,4,629,165,21,16,1,1,1
184,4,629,164,20,16,1,1,1
185,4,628,164,21,16,1,1,1
186,4,628,164,21,16,1,1,1
187,4,628,164,21,16,1,1,1
188,4,628,164,20,16,1,1,1
189,4,628,163,21,16,1,1,1
190,4,628,163,21,16,1,1,1
191,4,628,163,21,16,1,1,1
192,4,628,163,21,16,1,1,1
193,4,628,162,20,16,1,1,1
194,4,627,162,21,16,1,1,1
195,4,627,162,21,16,1,1,1
196,4,627,162,21,16,1,1,1
197,4,627,161,21,16,1,1,1
198,4,627,161,21,16,1,1,1
199,4,627,161,21,16,1,1,1
200,4,627,161,21,16,1,1,1
201,4,626,161,21,16,1,1,1
202,4,626,160,21,16,1,1,1
203,4,626,160,21,16,1,1,1
204,4,626,160,21,16,1,1,1
205,4,625,159,21,16,1,1,1
206,4,625,159,21,16,1,1,1
207,4,625,159,21,16,1,1,1
208,4,625,158,21,16,1,1,1
209,4,625,158,21,16,1,1,1
210,4,625,158,21,16,1,1,1
211,4,625,158,21,16,1,1,1
212,4,625,157,21,16,1,1,1
213,4,625,157,21,16,1,1,1
214,4,625,157,21,16,1,1,1
215,4,625,157,21,16,1,1,1
216,4,625,156,21,16,1,1,1
217,4,625,156,22,16,1,1,1
218,4,625,156,22,17,1,1,1
219,4,625,155,22,17,1,1,1
1,5,531,105,21,15,1,1,1
2,5,531,105,21,15,1,1,1
3,5,531,105,21,15,1,1,1
4,5,531,104,21,15,1,1,1
5,5,531,104,21,15,1,1,1
6,5,531,104,21,15,1,1,1
7,5,531,104,21,15,1,1,1
8,5,531,103,21,15,1,1,1
9,5,531,103,21,15,1,1,1
10,5,531,103,21,15,1,1,1
11,5,531,103,21,15,1,1,1
12,5,531,103,21,15,1,1,1
13,5,531,103,21,15,1,1,1
14,5,531,103,21,15,1,1,1
15,5,531,103,21,15,1,1,1
16,5,531,103,21,15,1,1,1
17,5,531,102,21,15,1,1,1
18,5,531,102,21,15,1,1,1
19,5,531,102,21,15,1,1,1
20,5,531,102,21,15,1,1,1
21,5,531,102,21,15,1,1,1
22,5,531,102,21,15,1,1,1
23,5,531,102,21,15,1,1,1
24,5,532,102,21,15,1,1,1
25,5,531,102,21,15,1,1,1
26,5,532,102,21,15,1,1,1
27,5,532,102,21,15,1,1,1
28,5,532,102,21,15,1,1,1
29,5,532,102,21,15,1,1,1
30,5,532,102,21,15,1,1,1
31,5,533,102,20,15,1,1,1
32,5,533,102,20,15,1,1,1
33,5,533,102,20,15,1,1,1
34,5,533,101,21,15,1,1,1
35,5,533,101,21,15,1,1,1
36,5,533,101,20,15,1,1,1
37,5,533,101,20,15,1,1,1
38,5,533,101,20,15,1,1,1
39,5,533,101,20,15,1,1,1
40,5,533,100,21,15,1,1,1
41,5,533,100,21,15,1,1,1
42,5,533,100,21,15,1,1,1
43,5,533,100,21,15,1,1,1
44,5,533,100,21,15,1,1,1
45,5,533,100,21,15,1,1,1
46,5,532,100,21,15,1,1,1
47,5,532,100,20,15,1,1,1
48,5,532,100,21,15,1,1,1
49,5,532,99,20,15,1,1,1
50,5,532,99,21,15,1,1,1
51,5,532,99,21,15,1,1,1
52,5,532,98,20,15,1,1,1
53,5,532,98,20,15,1,1,1
54,5,531,98,20,15,1,1,1
55,5,531,98,20,15,1,1,1
56,5,530,98,20,14,1,1,1
57,5,530,98,20,14,1,1,1
58,5,530,98,20,15,1,1,1
59,5,530,97,20,15,1,1,1
60,5,530,97,21,15,1,1,1
61,5,530,97,21,15,1,1,1
62,5,530,97,20,15,1,1,1
63,5,530,97,20,15,1,1,1
64,5,530,96,21,15,1,1,1
65,5,530,95,20,15,1,1,1
66,5,530,95,20,15,1,1,1
67,5,530,95,20,15,1,1,1
68,5,531,95,20,15,1,1,1
69,5,531,95,21,15,1,1,1
70,5,531,94,20,15,1,1,1
71,5,531,94,20,15,1,1,1
72,5,531,94,20,15,1,1,1
73,5,531,93,21,15,1,1,1
74,5,532,93,21,15,1,1,1
75,5,532,92,20,15,1,1,1
76,5,532,92,20,15,1,1,1
77,5,532,91,20,15,1,1,1
78,5,532,91,20,15,1,1,1
79,5,532,91,20,15,1,1,1
80,5,532,90,20,14,1,1,1
81,5,532,90,20,15,1,1,1
82,5,532,90,20,15,1,1,1
83,5,532,89,20,15,1,1,1
84,5,532,89,20,15,1,1,1
85,5,532,88,20,15,1,1,1
86,5,532,88,20,14,1,1,1
87,5,532,88,20,14,1,1,1
88,5,533,87,20,14,1,1,1
89,5,533,86,20,14,1,1,1
90,5,533,86,20,14,1,1,1
91,5,533,86,20,14,1,1,1
92,5,533,85,20,14,1,1,1
93,5,533,84,20,14,1,1,1
94,5,533,84,21,15,1,1,1
95,5,533,83,21,15,1,1,1
96,5,533,82,21,15,1,1,1
97,5,533,82,21,15,1,1,1
98,5,533,82,21,15,1,1,1
99,5,533,81,21,15,1,1,1
100,5,532,81,21,15,1,1,1
101,5,532,80,21,15,1,1,1
102,5,532,80,21,15,1,1,1
103,5,532,79,21,15,1,1,1
104,5,532,79,21,15,1,1,1
105,5,531,77,21,15,1,1,1
106,5,531,77,21,15,1,1,1
107,5,531,76,21,15,1,1,1
108,5,531,76,21,15,1,1,1
109,5,531,75,21,15,1,1,1
110,5,530,75,21,15,1,1,1
111,5,530,74,21,15,1,1,1
112,5,530,74,21,15,1,1,1
113,5,530,73,21,15,1,1,1
114,5,530,73,21,15,1,1,1
115,5,530,72,21,15,1,1,1
116,5,529,71,21,15,1,1,1
117,5,529,71,21,15,1,1,1
118,5,529,70,21,15,1,1,1
119,5,529,70,21,15,1,1,1
120,5,529,69,21,15,1,1,1
121,5,529,69,21,15,1,1,1
122,5,529,68,21,15,1,1,1
123,5,529,68,21,15,1,1,1
124,5,529,67,21,15,1,1,1
125,5,528,66,21,15,1,1,1
126,5,528,65,21,15,1,1,1
127,5,528,65,21,15,1,1,1
128,5,527,65,21,15,1,1,1
129,5,527,65,21,15,1,1,1
130,5,527,63,21,15,1,1,1
131,5,527,63,21,15,1,1,1
132,5,526,63,21,15,1,1,1
133,5,526,63,21,15,1,1,1
134,5,526,62,21,15,1,1,1
135,5,526,61,21,15,1,1,1
136,5,525,61,21,15,1,1,1
137,5,525,60,21,15,1,1,1
138,5,525,60,21,15,1,1,1
139,5,525,59,21,15,1,1,1
140,5,524,58,21,15,1,1,1
141,5,524,58,21,15,1,1,1
142,5,524,57,21,15,1,1,1
143,5,524,57,21,15,1,1,1
144,5,523,57,21,15,1,1,1
145,5,523,56,21,15,1,1,1
146,5,523,55,21,15,1,1,1
147,5,523,55,21,15,1,1,1
148,5,523,54,21,15,1,1,1
149,5,523,54,21,15,1,1,1
150,5,523,53,21,15,1,1,1
151,5,523,52,21,15,1,1,1
152,5,523,52,21,15,1,1,1
153,5,523,51,21,15,1,1,1
154,5,523,51,21,15,1,1,1
155,5,524,50,22,15,1,1,1
156,5,524,49,21,15,1,1,1
157,5,524,48,22,15,1,1,1
158,5,524,48,21,15,1,1,1
159,5,524,47,22,15,1,1,1
160,5,525,46,22,16,1,1,1
161,5,525,45,22,16,1,1,1
162,5,525,45,22,15,1,1,1
163,5,526,44,22,16,1,1,1
164,5,526,44,22,16,1,1,1
165,5,526,43,22,16,1,1,1
166,5,526,42,22,16,1,1,1
167,5,526,42,22,16,1,1,1
168,5,528,41,22,16,1,1,1
169,5,528,40,22,16,1,1,1
170,5,528,39,22,16,1,1,1
171,5,528,39,22,16,1,1,1
172,5,529,38,22,16,1,1,1
173,5,529,38,22,16,1,1,1
174,5,530,37,22,16,1,1,1
175,5,530,37,22,16,1,1,1
176,5,530,36,22,16,1,1,1
177,5,530,35,22,16,1,1,1
178,5,530,34,22,16,1,1,1
179,5,530,34,22,16,1,1,1
180,5,531,33,22,16,1,1,1
181,5,531,32,22,16,1,1,1
182,5,531,31,22,16,1,1,1
183,5,531,31,22,16,1,1,1
184,5,531,30,22,16,1,1,1
185,5,531,29,22,16,1,1,1
186,5,531,28,22,16,1,1,1
187,5,531,28,22,16,1,1,1
188,5,531,28,22,16,1,1,1
189,5,532,27,21,15,1,1,1
190,5,532,26,21,15,1,1,1
191,5,532,26,22,15,1,1,1
192,5,531,25,22,16,1,1,1
193,5,531,25,22,15,1,1,1
194,5,531,24,22,16,1,1,1
195,5,531,23,22,16,1,1,1
196,5,531,23,22,16,1,1,1
197,5,531,22,22,16,1,1,1
198,5,531,22,22,16,1,1,1
199,5,530,21,22,16,1,1,1
200,5,530,21,22,16,1,1,1
201,5,530,20,22,16,1,1,1
202,5,530,19,22,16,1,1,1
203,5,531,19,22,16,1,1,1
204,5,531,18,22,16,1,1,1
205,5,530,17,22,16,1,1,1
206,5,529,16,23,17,1,1,1
207,5,529,16,23,17,1,1,1
208,5,529,15,23,17,1,1,1
209,5,529,15,23,17,1,1,1
210,5,528,14,23,17,1,1,1
211,5,528,13,23,17,1,1,1
212,5,528,13,23,17,1,1,1
213,5,528,13,23,17,1,1,1
214,5,528,12,23,17,1,1,1
215,5,527,11,23,17,1,1,1
216,5,527,10,23,17,1,1,1
217,5,527,10,23,17,1,1,1
218,5,527,10,23,17,1,1,1
219,5,527,9,23,17,1,1,1
1,6,405,34,22,17,1,1,1
2,6,405,34,22,17,1,1,1
3,6,405,33,22,17,1,1,1
4,6,405,32,22,17,1,1,1
5,6,405,31,22,17,1,1,1
6,6,405,31,22,17,1,1,1
7,6,405,30,22,17,1,1,1
8,6,405,29,22,17,1,1,1
9,6,405,29,22,17,1,1,1
10,6,405,29,22,17,1,1,1
11,6,405,28,22,17,1,1,1
12,6,405,28,22,17,1,1,1
13,6,405,28,22,17,1,1,1
14,6,405,27,21,16,1,1,1
15,6,405,27,21,17,1,1,1
16,6,405,26,22,17,1,1,1
17,6,405,26,21,16,1,1,1
18,6,404,26,22,17,1,1,1
19,6,404,25,22,17,1,1,1
20,6,404,25,21,17,1,1,1
21,6,404,25,21,17,1,1,1
22,6,404,25,22,17,1,1,1
23,6,404,25,21,17,1,1,1
24,6,404,24,21,17,1,1,1
25,6,404,24,21,16,1,1,1
26,6,404,24,21,17,1,1,1
27,6,404,24,21,16,1,1,1
28,6,404,24,21,16,1,1,1
29,6,404,23,21,17,1,1,1
30,6,404,23,21,16,1,1,1
31,6,404,23,22,17,1,1,1
32,6,404,23,22,17,1,1,1
33,6,404,22,21,16,1,1,1
34,6,403,22,21,17,1,1,1
35,6,403,22,21,17,1,1,1
36,6,403,22,22,17,1,1,1
37,6,403,21,22,17,1,1,1
38,6,403,21,22,17,1,1,1
39,6,403,21,22,17,1,1,1
40,6,403,21,22,17,1,1,1
41,6,403,21,22,17,1,1,1
42,6,403,21,21,17,1,1,1
43,6,402,20,22,17,1,1,1
44,6,402,20,22,17,1,1,1
45,6,402,20,22,17,1,1,1
46,6,402,20,22,17,1,1,1
47,6,402,20,22,17,1,1,1
48,6,401,20,22,17,1,1,1
49,6,401,20,22,17,1,1,1
50,6,401,20,22,17,1,1,1
51,6,401,19,22,17,1,1,1
52,6,400,19,22,17,1,1,1
53,6,399,19,22,17,1,1,1
54,6,400,19,21,17,1,1,1
55,6,400,19,22,17,1,1,1
56,6,399,19,22,17,1,1,1
57,6,399,19,22,17,1,1,1
58,6,400,19,21,17,1,1,1
59,6,399,19,22,17,1,1,1
60,6,399,19,22,17,1,1,1
61,6,400,19,21,16,1,1,1
62,6,400,19,21,17,1,1,1
63,6,400,19,21,17,1,1,1
64,6,400,19,21,17,1,1,1
65,6,401,18,21,17,1,1,1
66,6,401,18,21,16,1,1,1
67,6,400,17,22,17,1,1,1
68,6,401,17,21,16,1,1,1
69,6,401,17,21,17,1,1,1
70,6,402,17,21,17,1,1,1
71,6,402,16,22,17,1,1,1
72,6,403,16,21,16,1,1,1
73,6,402,16,21,16,1,1,1
74,6,403,16,21,16,1,1,1
75,6,402,16,21,16,1,1,1
76,6,402,15,22,17,1,1,1
77,6,403,15,21,16,1,1,1
78,6,402,15,22,17,1,1,1
79,6,402,15,22,17,1,1,1
80,6,402,14,22,17,1,1,1
81,6,402,14,22,17,1,1,1
82,6,402,14,22,17,1,1,1
83,6,402,14,22,17,1,1,1
84,6,403,13,21,16,1,1,1
85,6,402,13,22,17,1,1,1
86,6,402,13,22,17,1,1,1
87,6,403,13,21,16,1,1,1
88,6,403,12,21,16,1,1,1
89,6,402,12,22,17,1,1,1
90,6,402,12,22,17,1,1,1
91,6,402,11,22,17,1,1,1
92,6,402,11,21,17,1,1,1
93,6,402,11,22,17,1,1,1
94,6,402,11,22,17,1,1,1
95,6,402,10,22,17,1,1,1
96,6,403,10,21,17,1,1,1
97,6,403,10,21,17,1,1,1
98,6,403,10,21,17,1,1,1
99,6,403,10,21,17,1,1,1
100,6,402,10,21,16,1,1,1
101,6,402,9,22,17,1,1,1
102,6,401,9,22,17,1,1,1
103,6,401,9,22,17,1,1,1
104,6,401,9,22,17,1,1,1
105,6,401,8,22,17,1,1,1
106,6,400,8,22,17,1,1,1
107,6,400,8,22,17,1,1,1
108,6,400,8,21,17,1,1,1
109,6,400,7,22,17,1,1,1
110,6,400,7,22,17,1,1,1
111,6,399,7,22,17,1,1,1
112,6,399,7,22,17,1,1,1
113,6,399,6,22,17,1,1,1
114,6,399,6,23,18,1,1,1
115,6,399,6,22,17,1,1,1
116,6,398,6,23,17,1,1,1
117,6,398,5,23,18,1,1,1
118,6,398,5,23,18,1,1,1
119,6,398,5,23,18,1,1,1
120,6,398,5,22,17,1,1,1
121,6,398,5,23,18,1,1,1
122,6,398,4,22,17,1,1,1
123,6,398,4,23,18,1,1,1
124,6,398,4,22,17,1,1,1
125,6,398,4,23,18,1,1,1
126,6,397,3,23,18,1,1,1
127,6,397,3,23,18,1,1,1
128,6,397,3,23,18,1,1,1
129,6,397,3,22,17,1,1,1
130,6,397,3,23,18,1,1,1
131,6,397,3,23,18,1,1,1
132,6,397,3,23,17,1,1,1
133,6,397,3,22,17,1,1,1
134,6,396,2,23,18,1,1,1
135,6,396,2,23,18,1,1,1
136,6,397,2,22,17,1,1,1
137,6,397,2,22,17,1,1,1
138,6,396,1,23,18,1,1,1
139,6,397,1,22,17,1,1,1
140,6,397,1,22,17,1,1,1
141,6,396,1,23,18,1,1,1
142,6,396,1,23,18,1,1,1
143,6,396,0,23,18,1,1,1
144,6,396,0,23,18,1,1,1
145,6,396,0,22,17,1,1,1
146,6,396,0,22,17,1,1,1
147,6,396,0,22,17,1,1,1
148,6,396,0,23,17,1,1,1
149,6,396,0,22,17,1,1,1
150,6,396,0,22,17,1,1,1
151,6,396,-1,23,18,1,1,1
152,6,396,-1,23,18,1,1,1
153,6,396,-1,22,17,1,1,1
154,6,396,-2,23,18,1,1,1
155,6,396,-2,23,18,1,1,1
156,6,396,-3,23,18,1,1,1
157,6,396,-3,23,18,1,1,1
158,6,396,-4,24,19,1,1,1
159,6,396,-4,24,18,1,1,1
160,6,396,-4,23,18,1,1,1
161,6,397,-4,22,17,1,1,1
162,6,397,-4,22,17,1,1,1
163,6,397,-4,23,17,1,1,1
164,6,398,-4,22,17,1,1,1
165,6,398,-4,21,16,1,1,1
166,6,398,-4,21,17,1,1,1
167,6,399,-4,21,16,1,1,1
168,6,399,-4,21,16,1,1,1
169,6,399,-5,21,16,1,1,1
170,6,400,-5,20,16,1,1,1
171,6,400,-5,20,16,1,1,1
172,6,400,-5,20,15,1,1,1
173,6,401,-5,20,15,1,1,1
174,6,401,-6,20,15,1,1,1
175,6,401,-5,19,15,1,1,1
176,6,402,-5,18,14,1,1,1
177,6,402,-6,18,14,1,1,1
178,6,402,-6,18,14,1,1,1
179,6,402,-6,18,14,1,1,1
180,6,402,-6,18,14,1,1,1
181,6,402,-6,18,14,1,1,1
1,7,443,28,19,16,1,1,1
2,7,443,28,19,16,1,1,1
3,7,443,27,19,16,1,1,1
4,7,443,25,19,16,1,1,1
5,7,443,24,19,16,1,1,1
6,7,443,23,19,16,1,1,1
7,7,443,22,19,16,1,1,1
8,7,443,21,20,17,1,1,1
9,7,442,20,20,17,1,1,1
10,7,442,19,20,16,1,1,1
11,7,442,19,20,16,1,1,1
12,7,442,18,20,17,1,1,1
13,7,442,17,20,17,1,1,1
14,7,442,16,20,16,1,1,1
15,7,442,15,20,17,1,1,1
16,7,441,15,20,17,1,1,1
17,7,441,14,20,16,1,1,1
18,7,441,14,20,17,1,1,1
19,7,441,12,20,17,1,1,1
20,7,441,12,20,17,1,1,1
21,7,441,11,20,17,1,1,1
22,7,441,11,20,17,1,1,1
23,7,441,10,20,17,1,1,1
24,7,441,9,20,17,1,1,1
25,7,441,8,20,17,1,1,1
26,7,441,8,20,17,1,1,1
27,7,441,7,20,17,1,1,1
28,7,441,7,20,17,1,1,1
29,7,441,6,20,17,1,1,1
30,7,441,5,20,17,1,1,1
31,7,441,5,20,17,1,1,1
32,7,441,4,20,17,1,1,1
33,7,441,3,20,17,1,1,1
34,7,441,2,20,17,1,1,1
35,7,441,2,20,17,1,1,1
36,7,441,1,20,17,1,1,1
37,7,441,0,20,17,1,1,1
38,7,441,0,20,17,1,1,1
39,7,440,-1,20,17,1,1,1
40,7,440,-2,20,17,1,1,1
41,7,440,-3,20,17,1,1,1
42,7,440,-3,20,17,1,1,1
43,7,440,-4,20,17,1,1,1
44,7,440,-5,20,17,1,1,1
45,7,440,-5,20,17,1,1,1
46,7,440,-6,20,17,1,1,1
47,7,440,-6,20,17,1,1,1
48,7,439,-7,20,17,1,1,1
49,7,438,-9,20,17,1,1,1
50,7,438,-10,22,18,1,1,1
51,7,438,-10,20,17,1,1,1
52,7,438,-9,19,16,1,1,1
53,7,439,-8,16,14,1,1,1
54,7,439,-8,15,13,1,1,1
55,7,438,-7,14,12,1,1,1
56,7,438,-7,14,12,1,1,1
1,8,748,93,18,14,1,1,1
2,8,748,92,18,14,1,1,1
3,8,748,91,18,14,1,1,1
4,8,748,88,20,15,1,1,1
5,8,749,88,19,15,1,1,1
6,8,749,88,19,14,1,1,1
7,8,749,86,19,14,1,1,1
8,8,749,86,18,14,1,1,1
9,8,749,85,19,15,1,1,1
10,8,749,83,20,15,1,1,1
11,8,748,83,20,15,1,1,1
12,8,748,82,19,15,1,1,1
13,8,749,82,19,15,1,1,1
14,8,749,81,19,15,1,1,1
15,8,749,80,19,15,1,1,1
16,8,749,80,19,15,1,1,1
17,8,749,79,19,15,1,1,1
18,8,749,79,19,15,1,1,1
19,8,749,78,19,15,1,1,1
20,8,749,77,19,14,1,1,1
21,8,749,77,19,14,1,1,1
22,8,749,76,19,14,1,1,1
23,8,749,76,19,15,1,1,1
24,8,749,75,19,15,1,1,1
25,8,749,75,19,15,1,1,1
26,8,749,74,19,15,1,1,1
27,8,749,73,19,15,1,1,1
28,8,749,73,19,15,1,1,1
29,8,749,73,19,14,1,1,1
30,8,748,72,19,15,1,1,1
31,8,749,71,19,15,1,1,1
32,8,749,71,19,15,1,1,1
33,8,749,71,19,15,1,1,1
34,8,748,69,18,14,1,1,1
35,8,748,69,18,14,1,1,1
36,8,748,69,19,14,1,1,1
37,8,748,68,18,14,1,1,1
38,8,748,68,19,14,1,1,1
39,8,748,67,19,15,1,1,1
40,8,748,66,19,15,1,1,1
41,8,748,66,19,14,1,1,1
42,8,748,65,19,15,1,1,1
43,8,748,65,19,15,1,1,1
44,8,748,64,19,15,1,1,1
45,8,748,64,19,15,1,1,1
46,8,748,64,19,15,1,1,1
47,8,748,64,19,15,1,1,1
48,8,747,63,20,15,1,1,1
49,8,747,62,19,15,1,1,1
50,8,746,62,18,14,1,1,1
51,8,746,62,18,14,1,1,1
52,8,746,60,18,14,1,1,1
53,8,746,60,18,14,1,1,1
54,8,746,60,18,14,1,1,1
55,8,745,60,19,14,1,1,1
56,8,744,58,19,15,1,1,1
57,8,744,58,19,15,1,1,1
58,8,744,58,19,15,1,1,1
59,8,744,58,19,15,1,1,1
60,8,743,57,19,14,1,1,1
61,8,743,57,19,15,1,1,1
62,8,744,57,18,14,1,1,1
63,8,743,57,18,14,1,1,1
64,8,744,56,17,14,1,1,1
65,8,743,54,18,14,1,1,1
66,8,743,54,18,14,1,1,1
67,8,743,54,19,14,1,1,1
68,8,743,54,19,14,1,1,1
69,8,743,54,19,15,1,1,1
70,8,743,53,19,14,1,1,1
71,8,744,52,19,15,1,1,1
72,8,744,51,19,15,1,1,1
73,8,744,50,19,15,1,1,1
74,8,743,50,19,15,1,1,1
75,8,744,50,19,15,1,1,1
76,8,744,49,19,15,1,1,1
77,8,744,49,19,15,1,1,1
78,8,744,49,19,15,1,1,1
79,8,744,48,19,15,1,1,1
80,8,744,48,19,14,1,1,1
81,8,743,47,18,14,1,1,1
82,8,743,47,18,14,1,1,1
83,8,743,47,18,14,1,1,1
84,8,743,46,18,14,1,1,1
85,8,743,46,18,14,1,1,1
86,8,743,45,18,14,1,1,1
87,8,743,45,18,14,1,1,1
88,8,743,44,19,15,1,1,1
89,8,743,43,19,15,1,1,1
90,8,743,43,19,15,1,1,1
91,8,743,42,19,15,1,1,1
92,8,743,42,19,15,1,1,1
93,8,743,42,19,15,1,1,1
94,8,743,42,19,15,1,1,1
95,8,743,41,19,15,1,1,1
96,8,743,40,19,15,1,1,1
97,8,743,40,19,15,1,1,1
98,8,743,39,19,15,1,1,1
99,8,743,39,19,15,1,1,1
100,8,743,38,19,15,1,1,1
101,8,743,38,19,15,1,1,1
102,8,743,38,19,15,1,1,1
103,8,743,37,19,15,1,1,1
104,8,743,37,19,15,1,1,1
105,8,742,37,19,15,1,1,1
106,8,742,36,19,15,1,1,1
107,8,742,36,19,15,1,1,1
108,8,742,36,19,15,1,1,1
109,8,742,36,19,15,1,1,1
110,8,741,35,19,15,1,1,1
111,8,741,35,19,15,1,1,1
112,8,741,34,19,15,1,1,1
113,8,741,34,19,15,1,1,1
114,8,741,34,19,15,1,1,1
115,8,741,33,19,15,1,1,1
116,8,741,33,19,15,1,1,1
117,8,741,33,19,15,1,1,1
118,8,741,32,19,15,1,1,1
119,8,741,32,20,15,1,1,1
120,8,741,32,20,15,1,1,1
121,8,740,31,20,16,1,1,1
122,8,740,31,20,16,1,1,1
123,8,740,30,20,16,1,1,1
124,8,740,30,21,16,1,1,1
125,8,740,30,20,16,1,1,1
126,8,740,30,20,16,1,1,1
127,8,740,30,20,16,1,1,1
128,8,740,29,20,16,1,1,1
129,8,740,29,20,16,1,1,1
130,8,740,29,20,16,1,1,1
131,8,740,29,20,16,1,1,1
132,8,740,28,21,16,1,1,1
133,8,740,28,21,16,1,1,1
134,8,740,28,21,16,1,1,1
135,8,740,27,21,16,1,1,1
136,8,741,27,20,16,1,1,1
137,8,740,27,20,16,1,1,1
138,8,740,27,20,16,1,1,1
139,8,740,27,20,16,1,1,1
140,8,740,27,20,16,1,1,1
141,8,740,27,20,15,1,1,1
142,8,739,27,20,15,1,1,1
143,8,739,26,20,15,1,1,1
144,8,739,26,20,15,1,1,1
145,8,739,26,20,15,1,1,1
146,8,739,26,20,16,1,1,1
147,8,739,25,20,16,1,1,1
148,8,739,25,20,16,1,1,1
149,8,739,25,20,16,1,1,1
150,8,739,25,20,16,1,1,1
151,8,739,24,20,16,1,1,1
152,8,739,24,20,16,1,1,1
153,8,739,24,20,16,1,1,1
154,8,739,24,20,16,1,1,1
155,8,739,23,20,16,1,1,1
156,8,739,23,20,16,1,1,1
157,8,739,22,20,16,1,1,1
158,8,739,22,20,16,1,1,1
159,8,739,22,20,16,1,1,1
160,8,739,21,20,16,1,1,1
161,8,739,21,21,16,1,1,1
162,8,738,21,21,16,1,1,1
163,8,739,20,21,16,1,1,1
164,8,739,20,21,16,1,1,1
165,8,738,20,21,16,1,1,1
166,8,739,19,21,16,1,1,1
167,8,739,19,21,16,1,1,1
168,8,739,19,21,16,1,1,1
169,8,739,19,21,16,1,1,1
170,8,739,18,21,16,1,1,1
171,8,740,17,21,16,1,1,1
172,8,740,17,21,16,1,1,1
173,8,740,17,20,16,1,1,1
174,8,740,16,21,16,1,1,1
175,8,740,16,21,16,1,1,1
176,8,740,16,21,16,1,1,1
177,8,740,16,21,16,1,1,1
178,8,740,15,21,16,1,1,1
179,8,740,15,21,16,1,1,1
180,8,740,14,21,16,1,1,1
181,8,740,14,21,16,1,1,1
182,8,740,13,21,16,1,1,1
183,8,740,13,21,16,1,1,1
184,8,740,13,21,16,1,1,1
185,8,740,13,21,16,1,1,1
186,8,740,12,21,16,1,1,1
187,8,740,12,21,16,1,1,1
188,8,740,12,21,16,1,1,1
189,8,740,12,21,16,1,1,1
190,8,740,12,21,16,1,1,1
191,8,740,13,21,16,1,1,1
192,8,740,13,21,16,1,1,1
193,8,740,13,21,16,1,1,1
194,8,740,13,21,16,1,1,1
195,8,740,14,21,16,1,1,1
196,8,740,15,21,16,1,1,1
197,8,740,16,21,16,1,1,1
198,8,740,17,21,16,1,1,1
199,8,740,18,21,16,1,1,1
200,8,740,21,20,15,1,1,1
201,8,741,24,20,15,1,1,1
202,8,740,25,20,16,1,1,1
203,8,740,27,20,15,1,1,1
204,8,740,28,20,15,1,1,1
205,8,740,33,20,15,1,1,1
206,8,740,34,20,15,1,1,1
207,8,741,36,20,15,1,1,1
208,8,740,38,21,16,1,1,1
209,8,740,39,21,16,1,1,1
210,8,740,43,21,16,1,1,1
211,8,740,44,21,16,1,1,1
212,8,740,46,21,16,1,1,1
213,8,740,47,21,16,1,1,1
214,8,740,49,21,16,1,1,1
215,8,740,51,21,16,1,1,1
216,8,740,53,21,16,1,1,1
217,8,740,54,21,16,1,1,1
218,8,741,56,20,15,1,1,1
219,8,741,57,21,16,1,1,1
1,9,850,114,21,16,1,1,1
2,9,850,114,21,16,1,1,1
3,9,850,113,21,16,1,1,1
4,9,850,113,21,16,1,1,1
5,9,850,113,21,16,1,1,1
6,9,849,112,22,17,1,1,1
7,9,849,111,22,17,1,1,1
8,9,850,112,21,16,1,1,1
9,9,849,112,22,17,1,1,1
10,9,849,112,22,17,1,1,1
11,9,849,112,22,17,1,1,1
12,9,849,111,22,17,1,1,1
13,9,849,111,22,17,1,1,1
14,9,849,111,22,17,1,1,1
15,9,849,111,22,17,1,1,1
16,9,849,110,22,17,1,1,1
17,9,849,110,22,17,1,1,1
18,9,849,110,23,17,1,1,1
19,9,848,110,22,17,1,1,1
20,9,848,110,22,17,1,1,1
21,9,848,110,22,17,1,1,1
22,9,848,110,22,17,1,1,1
23,9,847,110,22,17,1,1,1
24,9,847,109,22,17,1,1,1
25,9,847,109,22,17,1,1,1
26,9,847,109,22,17,1,1,1
27,9,847,109,22,17,1,1,1
28,9,847,109,22,17,1,1,1
29,9,847,108,22,17,1,1,1
30,9,847,108,22,17,1,1,1
31,9,846,107,23,17,1,1,1
32,9,847,107,23,17,1,1,1
33,9,847,107,23,17,1,1,1
34,9,846,106,23,17,1,1,1
35,9,846,105,23,17,1,1,1
36,9,846,105,23,17,1,1,1
37,9,846,105,23,17,1,1,1
38,9,846,104,23,17,1,1,1
39,9,846,104,23,17,1,1,1
40,9,847,103,23,17,1,1,1
41,9,846,103,23,17,1,1,1
42,9,846,102,23,17,1,1,1
43,9,846,102,23,17,1,1,1
44,9,846,101,23,17,1,1,1
45,9,846,101,23,17,1,1,1
46,9,846,100,23,17,1,1,1
47,9,847,101,23,17,1,1,1
48,9,847,100,23,17,1,1,1
49,9,847,99,23,17,1,1,1
50,9,847,98,23,17,1,1,1
51,9,846,97,23,17,1,1,1
52,9,846,97,23,17,1,1,1
53,9,846,96,23,17,1,1,1
54,9,846,96,23,17,1,1,1
55,9,846,95,23,17,1,1,1
56,9,846,95,23,17,1,1,1
57,9,846,94,23,17,1,1,1
58,9,846,94,23,17,1,1,1
59,9,846,93,23,17,1,1,1
60,9,846,92,23,17,1,1,1
61,9,846,92,23,17,1,1,1
62,9,847,91,22,17,1,1,1
63,9,848,90,22,17,1,1,1
64,9,848,89,22,17,1,1,1
65,9,848,88,23,17,1,1,1
66,9,848,87,23,17,1,1,1
67,9,849,86,22,17,1,1,1
68,9,849,86,22,17,1,1,1
69,9,849,85,23,17,1,1,1
70,9,850,84,22,17,1,1,1
71,9,850,83,22,17,1,1,1
72,9,850,83,22,17,1,1,1
73,9,852,82,21,16,1,1,1
74,9,851,81,22,17,1,1,1
75,9,851,81,21,16,1,1,1
76,9,851,80,22,17,1,1,1
77,9,851,78,22,17,1,1,1
78,9,851,78,22,17,1,1,1
79,9,851,78,22,17,1,1,1
80,9,852,76,22,17,1,1,1
81,9,852,75,21,16,1,1,1
82,9,852,74,22,17,1,1,1
83,9,852,74,22,16,1,1,1
84,9,852,73,22,16,1,1,1
85,9,852,71,22,17,1,1,1
86,9,852,71,22,17,1,1,1
87,9,852,70,21,16,1,1,1
88,9,852,69,22,17,1,1,1
89,9,852,68,22,17,1,1,1
90,9,852,67,22,16,1,1,1
91,9,852,67,22,16,1,1,1
92,9,852,66,22,17,1,1,1
93,9,852,64,22,17,1,1,1
94,9,852,64,22,17,1,1,1
95,9,852,62,22,17,1,1,1
96,9,851,62,21,16,1,1,1
97,9,852,62,21,16,1,1,1
98,9,851,61,22,16,1,1,1
99,9,851,60,22,17,1,1,1
100,9,851,58,22,17,1,1,1
101,9,851,58,22,17,1,1,1
102,9,850,57,22,17,1,1,1
103,9,851,56,22,16,1,1,1
104,9,850,56,21,16,1,1,1
105,9,849,54,22,17,1,1,1
106,9,849,53,21,16,1,1,1
107,9,849,52,22,16,1,1,1
108,9,849,52,21,16,1,1,1
109,9,849,52,21,16,1,1,1
110,9,848,50,22,16,1,1,1
111,9,848,49,22,17,1,1,1
112,9,848,49,21,16,1,1,1
113,9,848,48,22,17,1,1,1
114,9,848,47,22,17,1,1,1
115,9,846,45,23,17,1,1,1
116,9,846,44,23,18,1,1,1
117,9,845,44,23,17,1,1,1
118,9,845,43,23,17,1,1,1
119,9,845,42,23,18,1,1,1
120,9,845,42,23,18,1,1,1
121,9,844,41,23,18,1,1,1
122,9,844,40,23,18,1,1,1
123,9,844,39,23,17,1,1,1
124,9,844,38,23,18,1,1,1
125,9,844,37,23,18,1,1,1
126,9,844,36,23,18,1,1,1
127,9,844,36,23,18,1,1,1
128,9,844,35,23,18,1,1,1
129,9,844,34,23,17,1,1,1
130,9,844,33,23,17,1,1,1
131,9,844,32,23,17,1,1,1
132,9,844,32,23,18,1,1,1
133,9,844,32,23,18,1,1,1
134,9,844,31,23,17,1,1,1
135,9,844,29,23,18,1,1,1
136,9,843,28,24,18,1,1,1
137,9,843,28,24,18,1,1,1
138,9,844,27,23,18,1,1,1
139,9,844,26,23,18,1,1,1
140,9,844,26,23,17,1,1,1
141,9,844,25,23,18,1,1,1
142,9,843,23,24,18,1,1,1
143,9,844,23,23,18,1,1,1
144,9,843,22,24,18,1,1,1
145,9,843,20,24,18,1,1,1
146,9,844,20,23,18,1,1,1
147,9,844,19,24,18,1,1,1
148,9,844,18,24,18,1,1,1
149,9,844,18,24,18,1,1,1
150,9,844,17,24,18,1,1,1
151,9,845,15,24,19,1,1,1
152,9,845,15,24,18,1,1,1
153,9,845,14,24,18,1,1,1
154,9,845,13,24,18,1,1,1
155,9,845,12,24,18,1,1,1
156,9,845,10,24,19,1,1,1
157,9,845,10,24,19,1,1,1
158,9,846,9,24,18,1,1,1
159,9,847,8,24,18,1,1,1
160,9,847,7,24,18,1,1,1
161,9,847,6,24,18,1,1,1
162,9,847,6,24,18,1,1,1
163,9,847,5,24,19,1,1,1
164,9,848,4,24,18,1,1,1
165,9,848,2,24,18,1,1,1
166,9,848,1,24,18,1,1,1
167,9,849,1,24,18,1,1,1
168,9,849,0,24,18,1,1,1
169,9,850,-1,24,18,1,1,1
170,9,850,-2,24,19,1,1,1
171,9,851,-3,24,18,1,1,1
172,9,851,-4,23,18,1,1,1
173,9,852,-5,24,18,1,1,1
174,9,852,-5,24,18,1,1,1
175,9,852,-7,24,18,1,1,1
176,9,852,-7,23,18,1,1,1
177,9,852,-9,24,18,1,1,1
178,9,852,-9,23,18,1,1,1
179,9,853,-8,21,16,1,1,1
180,9,853,-8,21,16,1,1,1
181,9,853,-8,21,16,1,1,1
11,10,634,302,19,17,1,1,1
12,10,634,302,20,17,1,1,1
13,10,634,302,20,18,1,1,1
14,10,634,304,18,17,1,1,1
15,10,634,303,20,17,1,1,1
16,10,634,302,20,18,1,1,1
17,10,634,301,19,13,1,1,1
18,10,634,301,19,13,1,1,1
19,10,634,299,19,13,1,1,1
20,10,634,299,18,12,1,1,1
21,10,634,298,18,12,1,1,1
22,10,634,297,17,12,1,1,1
23,10,634,296,17,12,1,1,1
24,10,634,296,17,12,1,1,1
25,10,634,296,17,11,1,1,1
26,10,634,295,17,11,1,1,1
27,10,634,293,16,11,1,1,1
28,10,634,294,16,11,1,1,1
29,10,634,293,16,11,1,1,1
30,10,634,292,17,11,1,1,1
31,10,635,291,15,10,1,1,1
32,10,635,291,16,11,1,1,1
33,10,634,290,16,11,1,1,1
34,10,634,289,16,11,1,1,1
35,10,634,289,16,11,1,1,1
36,10,634,288,16,11,1,1,1
37,10,633,288,16,11,1,1,1
38,10,633,288,16,11,1,1,1
39,10,633,286,16,11,1,1,1
40,10,633,286,16,11,1,1,1
41,10,633,286,16,11,1,1,1
42,10,633,285,16,11,1,1,1
43,10,633,285,16,11,1,1,1
44,10,630,282,19,13,1,1,1
45,10,630,282,19,13,1,1,1
46,10,630,282,19,13,1,1,1
47,10,630,282,19,13,1,1,1
48,10,630,282,19,13,1,1,1
49,10,630,281,19,13,1,1,1
50,10,630,281,19,13,1,1,1
51,10,630,280,19,13,1,1,1
52,10,631,280,19,13,1,1,1
53,10,631,280,19,13,1,1,1
54,10,631,280,19,13,1,1,1
55,10,631,280,19,13,1,1,1
56,10,631,280,19,13,1,1,1
57,10,631,280,19,13,1,1,1
58,10,631,280,19,13,1,1,1
59,10,631,280,19,13,1,1,1
60,10,631,280,19,13,1,1,1
61,10,631,280,19,13,1,1,1
62,10,631,280,19,13,1,1,1
63,10,631,280,19,13,1,1,1
64,10,631,280,19,13,1,1,1
65,10,631,280,20,13,1,1,1
66,10,632,280,19,13,1,1,1
67,10,632,281,19,13,1,1,1
68,10,632,281,19,13,1,1,1
69,10,632,281,19,13,1,1,1
70,10,633,282,19,13,1,1,1
71,10,634,282,18,13,1,1,1
72,10,634,282,19,13,1,1,1
73,10,634,283,19,13,1,1,1
74,10,634,283,19,13,1,1,1
75,10,634,283,19,13,1,1,1
76,10,634,284,19,13,1,1,1
77,10,634,284,19,13,1,1,1
78,10,634,284,19,13,1,1,1
79,10,634,284,18,13,1,1,1
80,10,634,285,19,13,1,1,1
81,10,634,286,19,13,1,1,1
82,10,634,286,19,13,1,1,1
83,10,635,286,18,13,1,1,1
84,10,635,287,19,13,1,1,1
85,10,635,287,18,13,1,1,1
86,10,635,288,19,13,1,1,1
87,10,635,288,18,12,1,1,1
88,10,635,289,19,13,1,1,1
89,10,635,289,20,13,1,1,1
90,10,635,290,19,13,1,1,1
91,10,635,290,19,13,1,1,1
92,10,635,290,18,13,1,1,1
93,10,635,291,19,13,1,1,1
94,10,635,292,19,13,1,1,1
95,10,635,292,19,13,1,1,1
96,10,635,293,19,13,1,1,1
97,10,635,293,19,13,1,1,1
98,10,635,294,19,13,1,1,1
99,10,635,294,19,13,1,1,1
100,10,635,295,19,13,1,1,1
101,10,636,296,18,13,1,1,1
102,10,635,296,19,13,1,1,1
103,10,635,297,19,13,1,1,1
104,10,635,297,19,13,1,1,1
105,10,635,299,19,13,1,1,1
106,10,635,299,19,13,1,1,1
107,10,635,300,19,13,1,1,1
108,10,635,300,19,13,1,1,1
109,10,635,300,19,13,1,1,1
110,10,634,301,19,13,1,1,1
111,10,634,302,19,13,1,1,1
112,10,634,303,19,13,1,1,1
113,10,634,303,19,13,1,1,1
114,10,634,304,19,13,1,1,1
115,10,634,304,19,13,1,1,1
116,10,634,305,19,13,1,1,1
117,10,634,305,19,13,1,1,1
118,10,634,306,19,13,1,1,1
119,10,634,305,19,13,1,1,1
120,10,634,307,19,13,1,1,1
121,10,634,308,19,13,1,1,1
122,10,634,308,19,13,1,1,1
123,10,634,309,19,13,1,1,1
124,10,634,309,19,13,1,1,1
125,10,634,309,19,13,1,1,1
126,10,634,310,19,13,1,1,1
127,10,634,311,19,13,1,1,1
128,10,634,312,19,13,1,1,1
129,10,634,313,19,13,1,1,1
130,10,634,313,19,13,1,1,1
131,10,634,314,19,13,1,1,1
132,10,634,314,19,13,1,1,1
133,10,634,315,18,13,1,1,1
134,10,634,315,19,13,1,1,1
135,10,634,316,18,13,1,1,1
136,10,633,317,18,12,1,1,1
137,10,633,317,18,12,1,1,1
138,10,633,318,18,12,1,1,1
139,10,633,318,18,13,1,1,1
140,10,632,319,19,13,1,1,1
141,10,632,319,18,12,1,1,1
142,10,632,320,18,12,1,1,1
143,10,632,321,18,12,1,1,1
144,10,632,321,18,12,1,1,1
145,10,632,321,18,13,1,1,1
146,10,632,321,18,12,1,1,1
147,10,632,322,18,12,1,1,1
148,10,631,323,19,13,1,1,1
149,10,631,323,19,13,1,1,1
150,10,631,323,19,13,1,1,1
151,10,631,323,19,13,1,1,1
152,10,631,323,19,13,1,1,1
153,10,631,324,19,13,1,1,1
154,10,632,324,19,13,1,1,1
155,10,632,324,19,13,1,1,1
156,10,632,325,19,13,1,1,1
157,10,632,325,19,13,1,1,1
158,10,632,325,19,13,1,1,1
159,10,632,325,19,13,1,1,1
160,10,632,325,19,13,1,1,1
161,10,632,325,19,13,1,1,1
162,10,632,326,19,13,1,1,1
163,10,632,326,19,13,1,1,1
164,10,633,326,19,13,1,1,1
165,10,632,326,19,13,1,1,1
166,10,633,326,19,13,1,1,1
167,10,633,327,19,13,1,1,1
168,10,633,327,19,13,1,1,1
169,10,633,327,19,13,1,1,1
170,10,633,327,19,13,1,1,1
171,10,633,327,19,13,1,1,1
172,10,634,327,19,13,1,1,1
173,10,634,327,19,13,1,1,1
174,10,634,327,19,13,1,1,1
175,10,634,327,19,13,1,1,1
176,10,634,328,19,13,1,1,1
177,10,635,328,19,13,1,1,1
178,10,634,328,19,13,1,1,1
179,10,634,328,19,13,1,1,1
180,10,634,328,19,13,1,1,1
181,10,634,328,19,13,1,1,1
182,10,634,328,19,13,1,1,1
183,10,634,328,19,13,1,1,1
184,10,634,328,19,13,1,1,1
185,10,635,328,19,13,1,1,1
186,10,635,328,19,13,1,1,1
187,10,635,328,19,13,1,1,1
188,10,635,328,19,13,1,1,1
189,10,635,329,19,13,1,1,1
190,10,635,329,19,13,1,1,1
191,10,635,329,19,13,1,1,1
192,10,635,329,19,13,1,1,1
193,10,635,329,19,13,1,1,1
194,10,635,328,19,13,1,1,1
195,10,635,328,19,13,1,1,1
196,10,635,328,19,13,1,1,1
197,10,635,328,19,13,1,1,1
198,10,635,328,19,13,1,1,1
199,10,635,328,19,13,1,1,1
200,10,635,328,19,13,1,1,1
201,10,635,328,19,13,1,1,1
202,10,635,328,19,13,1,1,1
203,10,635,328,19,13,1,1,1
204,10,635,327,19,13,1,1,1
205,10,635,327,19,13,1,1,1
206,10,635,327,19,13,1,1,1
207,10,635,327,19,13,1,1,1
208,10,635,327,19,13,1,1,1
209,10,635,327,19,13,1,1,1
210,10,635,327,19,13,1,1,1
211,10,635,327,19,13,1,1,1
212,10,635,326,19,13,1,1,1
213,10,635,326,19,13,1,1,1
214,10,635,326,19,13,1,1,1
215,10,635,326,19,13,1,1,1
216,10,635,326,19,13,1,1,1
217,10,635,326,19,13,1,1,1
218,10,635,326,19,13,1,1,1
219,10,635,326,19,13,1,1,1
194,11,782,337,19,16,1,1,1
195,11,782,337,19,16,1,1,1
196,11,782,337,19,16,1,1,1
197,11,782,337,19,16,1,1,1
198,11,782,337,19,16,1,1,1
199,11,782,337,19,16,1,1,1
200,11,782,336,20,16,1,1,1
201,11,782,337,19,16,1,1,1
202,11,782,336,20,16,1,1,1
203,11,783,336,19,16,1,1,1
204,11,783,336,19,16,1,1,1
205,11,783,337,18,15,1,1,1
206,11,783,337,18,15,1,1,1
207,11,783,334,19,17,1,1,1
208,11,783,334,19,17,1,1,1
209,11,783,334,19,17,1,1,1
210,11,783,334,19,17,1,1,1
211,11,784,333,19,17,1,1,1
212,11,783,333,20,18,1,1,1
213,11,783,333,20,18,1,1,1
214,11,784,333,19,17,1,1,1
215,11,784,334,19,17,1,1,1
216,11,783,330,19,17,1,1,1
217,11,783,330,19,17,1,1,1
218,11,783,330,19,17,1,1,1
219,11,783,330,19,17,1,1,1
