1,-1,29.0,113.0,16.0,15.0,1.000000
1,-1,95.0,81.0,22.0,17.0,1.000000
1,-1,111.0,210.0,15.0,14.0,1.000000
1,-1,173.0,281.0,16.0,14.0,1.000000
1,-1,178.0,221.0,13.0,13.0,1.000000
1,-1,182.0,180.0,14.0,13.0,1.000000
1,-1,242.0,242.0,14.0,14.0,1.000000
1,-1,242.0,285.0,14.0,15.0,1.000000
1,-1,249.0,353.0,14.0,13.0,1.000000
1,-1,262.0,108.0,20.0,18.0,1.000000
1,-1,292.0,282.0,13.0,12.0,1.000000
1,-1,320.0,317.0,13.0,12.0,1.000000
1,-1,328.0,189.0,14.0,14.0,1.000000
1,-1,366.0,263.0,13.0,14.0,1.000000
1,-1,397.0,304.0,12.0,13.0,1.000000
1,-1,434.0,127.0,17.0,17.0,1.000000
1,-1,455.0,211.0,15.0,13.0,1.000000
1,-1,486.0,256.0,12.0,12.0,1.000000
1,-1,576.0,179.0,14.0,12.0,1.000000
1,-1,579.0,220.0,14.0,13.0,1.000000
1,-1,697.0,183.0,17.0,15.0,1.000000
2,-1,28.0,114.0,16.0,15.0,1.000000
2,-1,94.0,82.0,22.0,17.0,1.000000
2,-1,111.0,211.0,15.0,14.0,1.000000
2,-1,173.0,281.0,16.0,14.0,1.000000
2,-1,178.0,221.0,13.0,13.0,1.000000
2,-1,181.0,180.0,14.0,13.0,1.000000
2,-1,242.0,242.0,14.0,14.0,1.000000
2,-1,242.0,285.0,14.0,15.0,1.000000
2,-1,249.0,353.0,14.0,13.0,1.000000
2,-1,261.0,108.0,20.0,18.0,1.000000
2,-1,292.0,282.0,13.0,12.0,1.000000
2,-1,321.0,317.0,13.0,12.0,1.000000
2,-1,327.0,189.0,14.0,14.0,1.000000
2,-1,366.0,263.0,13.0,14.0,1.000000
2,-1,397.0,304.0,12.0,13.0,1.000000
2,-1,433.0,126.0,17.0,17.0,1.000000
2,-1,455.0,211.0,15.0,13.0,1.000000
2,-1,486.0,256.0,12.0,12.0,1.000000
2,-1,575.0,178.0,14.0,12.0,1.000000
2,-1,579.0,220.0,14.0,13.0,1.000000
2,-1,697.0,182.0,17.0,15.0,1.000000
3,-1,27.0,115.0,16.0,15.0,1.000000
3,-1,91.0,84.0,22.0,17.0,1.000000
3,-1,110.0,212.0,15.0,14.0,1.000000
3,-1,173.0,283.0,16.0,14.0,1.000000
3,-1,177.0,222.0,13.0,13.0,1.000000
3,-1,180.0,182.0,14.0,13.0,1.000000
3,-1,241.0,244.0,14.0,14.0,1.000000
3,-1,242.0,286.0,14.0,15.0,1.000000
3,-1,250.0,355.0,14.0,13.0,1.000000
3,-1,259.0,109.0,20.0,18.0,1.000000
3,-1,292.0,283.0,13.0,12.0,1.000000
3,-1,321.0,318.0,13.0,12.0,1.000000
3,-1,326.0,190.0,14.0,14.0,1.000000
3,-1,365.0,264.0,13.0,14.0,1.000000
3,-1,397.0,305.0,12.0,13.0,1.000000
3,-1,431.0,127.0,17.0,17.0,1.000000
3,-1,454.0,211.0,15.0,13.0,1.000000
3,-1,486.0,256.0,12.0,12.0,1.000000
3,-1,574.0,178.0,14.0,12.0,1.000000
3,-1,578.0,220.0,14.0,13.0,1.000000
3,-1,696.0,181.0,17.0,15.0,1.000000
4,-1,28.0,119.0,16.0,15.0,1.000000
4,-1,91.0,87.0,22.0,17.0,1.000000
4,-1,112.0,215.0,15.0,14.0,1.000000
4,-1,176.0,285.0,16.0,14.0,1.000000
4,-1,180.0,184.0,14.0,13.0,1.000000
4,-1,180.0,224.0,13.0,13.0,1.000000
4,-1,243.0,245.0,14.0,14.0,1.000000
4,-1,246.0,287.0,14.0,15.0,1.000000
4,-1,254.0,356.0,14.0,13.0,1.000000
4,-1,257.0,111.0,20.0,18.0,1.000000
4,-1,295.0,285.0,13.0,12.0,1.000000
4,-1,325.0,320.0,13.0,12.0,1.000000
4,-1,327.0,192.0,14.0,14.0,1.000000
4,-1,367.0,266.0,13.0,14.0,1.000000
4,-1,400.0,306.0,12.0,13.0,1.000000
4,-1,431.0,128.0,17.0,17.0,1.000000
4,-1,455.0,213.0,15.0,13.0,1.000000
4,-1,488.0,257.0,12.0,12.0,1.000000
4,-1,575.0,179.0,14.0,12.0,1.000000
4,-1,580.0,220.0,14.0,13.0,1.000000
4,-1,698.0,181.0,17.0,15.0,1.000000
5,-1,28.0,119.0,16.0,15.0,1.000000
5,-1,91.0,87.0,21.0,17.0,1.000000
5,-1,112.0,215.0,15.0,14.0,1.000000
5,-1,176.0,285.0,16.0,14.0,1.000000
5,-1,180.0,184.0,14.0,13.0,1.000000
5,-1,180.0,224.0,13.0,13.0,1.000000
5,-1,243.0,245.0,14.0,14.0,1.000000
5,-1,246.0,287.0,14.0,15.0,1.000000
5,-1,254.0,356.0,14.0,13.0,1.000000
5,-1,257.0,111.0,20.0,18.0,1.000000
5,-1,295.0,285.0,13.0,12.0,1.000000
5,-1,325.0,320.0,13.0,12.0,1.000000
5,-1,327.0,192.0,14.0,14.0,1.000000
5,-1,367.0,266.0,13.0,14.0,1.000000
5,-1,400.0,306.0,12.0,13.0,1.000000
5,-1,431.0,128.0,17.0,17.0,1.000000
5,-1,455.0,213.0,15.0,13.0,1.000000
5,-1,488.0,257.0,12.0,12.0,1.000000
5,-1,575.0,179.0,14.0,12.0,1.000000
5,-1,580.0,220.0,14.0,13.0,1.000000
5,-1,698.0,181.0,17.0,15.0,1.000000
6,-1,28.0,120.0,16.0,15.0,1.000000
6,-1,90.0,88.0,21.0,16.0,1.000000
6,-1,113.0,215.0,14.0,13.0,1.000000
6,-1,178.0,286.0,16.0,14.0,1.000000
6,-1,180.0,225.0,13.0,13.0,1.000000
6,-1,181.0,185.0,14.0,13.0,1.000000
6,-1,244.0,246.0,14.0,14.0,1.000000
6,-1,248.0,287.0,14.0,15.0,1.000000
6,-1,256.0,357.0,14.0,13.0,1.000000
6,-1,257.0,111.0,20.0,18.0,1.000000
6,-1,296.0,285.0,13.0,12.0,1.000000
6,-1,327.0,192.0,14.0,14.0,1.000000
6,-1,327.0,320.0,13.0,12.0,1.000000
6,-1,368.0,266.0,13.0,14.0,1.000000
6,-1,401.0,306.0,12.0,13.0,1.000000
6,-1,430.0,127.0,17.0,17.0,1.000000
6,-1,455.0,212.0,15.0,13.0,1.000000
6,-1,489.0,257.0,12.0,12.0,1.000000
6,-1,575.0,179.0,14.0,12.0,1.000000
6,-1,581.0,220.0,14.0,13.0,1.000000
6,-1,699.0,180.0,17.0,15.0,1.000000
7,-1,29.0,121.0,16.0,15.0,1.000000
7,-1,90.0,89.0,21.0,16.0,1.000000
7,-1,114.0,216.0,15.0,14.0,1.000000
7,-1,179.0,287.0,16.0,14.0,1.000000
7,-1,181.0,185.0,14.0,13.0,1.000000
7,-1,182.0,225.0,13.0,13.0,1.000000
7,-1,245.0,247.0,14.0,14.0,1.000000
7,-1,250.0,287.0,14.0,15.0,1.000000
7,-1,256.0,111.0,20.0,18.0,1.000000
7,-1,258.0,358.0,14.0,13.0,1.000000
7,-1,298.0,286.0,13.0,12.0,1.000000
7,-1,327.0,192.0,14.0,14.0,1.000000
7,-1,329.0,320.0,13.0,12.0,1.000000
7,-1,369.0,266.0,13.0,14.0,1.000000
7,-1,403.0,306.0,12.0,13.0,1.000000
7,-1,430.0,127.0,17.0,17.0,1.000000
7,-1,456.0,212.0,15.0,13.0,1.000000
7,-1,491.0,256.0,12.0,12.0,1.000000
7,-1,575.0,178.0,14.0,12.0,1.000000
7,-1,583.0,220.0,14.0,13.0,1.000000
7,-1,701.0,179.0,17.0,15.0,1.000000
8,-1,30.0,123.0,16.0,15.0,1.000000
8,-1,89.0,91.0,22.0,17.0,1.000000
8,-1,115.0,218.0,15.0,14.0,1.000000
8,-1,181.0,288.0,16.0,14.0,1.000000
8,-1,182.0,187.0,14.0,13.0,1.000000
8,-1,182.0,227.0,13.0,13.0,1.000000
8,-1,246.0,248.0,14.0,14.0,1.000000
8,-1,252.0,288.0,14.0,15.0,1.000000
8,-1,256.0,112.0,20.0,18.0,1.000000
8,-1,260.0,359.0,14.0,13.0,1.000000
8,-1,299.0,287.0,13.0,12.0,1.000000
8,-1,328.0,193.0,14.0,14.0,1.000000
8,-1,331.0,321.0,13.0,12.0,1.000000
8,-1,370.0,267.0,13.0,14.0,1.000000
8,-1,405.0,307.0,12.0,13.0,1.000000
8,-1,430.0,127.0,17.0,17.0,1.000000
8,-1,457.0,213.0,15.0,13.0,1.000000
8,-1,492.0,257.0,12.0,12.0,1.000000
8,-1,576.0,178.0,14.0,12.0,1.000000
8,-1,583.0,220.0,14.0,13.0,1.000000
8,-1,702.0,178.0,17.0,15.0,1.000000
9,-1,33.0,127.0,16.0,15.0,1.000000
9,-1,91.0,95.0,22.0,17.0,1.000000
9,-1,120.0,220.0,15.0,14.0,1.000000
9,-1,184.0,189.0,14.0,13.0,1.000000
9,-1,186.0,290.0,16.0,14.0,1.000000
9,-1,187.0,228.0,12.0,12.0,1.000000
9,-1,250.0,250.0,14.0,14.0,1.000000
9,-1,257.0,114.0,20.0,18.0,1.000000
9,-1,257.0,289.0,14.0,15.0,1.000000
9,-1,266.0,360.0,14.0,13.0,1.000000
9,-1,304.0,288.0,13.0,12.0,1.000000
9,-1,331.0,195.0,13.0,13.0,1.000000
9,-1,337.0,322.0,13.0,12.0,1.000000
9,-1,374.0,268.0,13.0,13.0,1.000000
9,-1,410.0,308.0,12.0,13.0,1.000000
9,-1,431.0,128.0,17.0,17.0,1.000000
9,-1,459.0,214.0,15.0,13.0,1.000000
9,-1,496.0,257.0,12.0,12.0,1.000000
9,-1,578.0,178.0,14.0,12.0,1.000000
9,-1,587.0,220.0,14.0,13.0,1.000000
9,-1,705.0,177.0,17.0,15.0,1.000000
10,-1,33.0,127.0,16.0,15.0,1.000000
10,-1,91.0,95.0,22.0,17.0,1.000000
10,-1,120.0,220.0,15.0,14.0,1.000000
10,-1,184.0,189.0,14.0,13.0,1.000000
10,-1,186.0,290.0,16.0,14.0,1.000000
10,-1,187.0,228.0,12.0,12.0,1.000000
10,-1,250.0,250.0,14.0,14.0,1.000000
10,-1,257.0,114.0,20.0,18.0,1.000000
10,-1,257.0,289.0,14.0,15.0,1.000000
10,-1,266.0,360.0,14.0,13.0,1.000000
10,-1,304.0,288.0,13.0,12.0,1.000000
10,-1,331.0,195.0,13.0,13.0,1.000000
10,-1,337.0,322.0,13.0,12.0,1.000000
10,-1,374.0,268.0,12.0,13.0,1.000000
10,-1,410.0,308.0,12.0,13.0,1.000000
10,-1,431.0,128.0,17.0,17.0,1.000000
10,-1,459.0,214.0,15.0,13.0,1.000000
10,-1,496.0,257.0,12.0,12.0,1.000000
10,-1,578.0,178.0,14.0,12.0,1.000000
10,-1,587.0,220.0,14.0,13.0,1.000000
10,-1,705.0,177.0,17.0,15.0,1.000000
11,-1,35.0,127.0,16.0,15.0,1.000000
11,-1,92.0,96.0,21.0,16.0,1.000000
11,-1,122.0,220.0,15.0,14.0,1.000000
11,-1,186.0,189.0,14.0,13.0,1.000000
11,-1,189.0,228.0,13.0,13.0,1.000000
11,-1,189.0,290.0,16.0,14.0,1.000000
11,-1,252.0,250.0,14.0,14.0,1.000000
11,-1,257.0,114.0,21.0,19.0,1.000000
11,-1,259.0,288.0,14.0,15.0,1.000000
11,-1,269.0,360.0,14.0,13.0,1.000000
11,-1,306.0,288.0,13.0,12.0,1.000000
11,-1,332.0,195.0,13.0,13.0,1.000000
11,-1,340.0,321.0,13.0,12.0,1.000000
11,-1,376.0,268.0,13.0,14.0,1.000000
11,-1,411.0,307.0,12.0,13.0,1.000000
11,-1,431.0,127.0,17.0,17.0,1.000000
11,-1,461.0,213.0,15.0,13.0,1.000000
11,-1,498.0,257.0,12.0,12.0,1.000000
11,-1,579.0,177.0,14.0,12.0,1.000000
11,-1,589.0,219.0,14.0,13.0,1.000000
11,-1,708.0,176.0,17.0,15.0,1.000000
12,-1,35.0,129.0,16.0,15.0,1.000000
12,-1,90.0,97.0,22.0,17.0,1.000000
12,-1,122.0,221.0,15.0,14.0,1.000000
12,-1,185.0,190.0,14.0,13.0,1.000000
12,-1,189.0,231.0,11.0,11.0,1.000000
12,-1,189.0,291.0,16.0,14.0,1.000000
12,-1,252.0,250.0,14.0,14.0,1.000000
12,-1,256.0,114.0,21.0,19.0,1.000000
12,-1,260.0,288.0,14.0,15.0,1.000000
12,-1,270.0,361.0,14.0,13.0,1.000000
12,-1,306.0,288.0,13.0,12.0,1.000000
12,-1,331.0,195.0,13.0,13.0,1.000000
12,-1,340.0,321.0,13.0,12.0,1.000000
12,-1,376.0,268.0,13.0,14.0,1.000000
12,-1,412.0,307.0,12.0,13.0,1.000000
12,-1,430.0,127.0,17.0,17.0,1.000000
12,-1,460.0,213.0,15.0,13.0,1.000000
12,-1,498.0,256.0,12.0,12.0,1.000000
12,-1,579.0,177.0,14.0,12.0,1.000000
12,-1,589.0,218.0,14.0,13.0,1.000000
12,-1,708.0,175.0,17.0,15.0,1.000000
13,-1,33.0,129.0,16.0,15.0,1.000000
13,-1,88.0,97.0,22.0,17.0,1.000000
13,-1,121.0,222.0,15.0,14.0,1.000000
13,-1,184.0,190.0,14.0,13.0,1.000000
13,-1,189.0,291.0,16.0,14.0,1.000000
13,-1,190.0,229.0,12.0,12.0,1.000000
13,-1,251.0,250.0,14.0,14.0,1.000000
13,-1,254.0,114.0,20.0,18.0,1.000000
13,-1,260.0,288.0,14.0,15.0,1.000000
13,-1,270.0,361.0,14.0,13.0,1.000000
13,-1,306.0,288.0,13.0,12.0,1.000000
13,-1,330.0,195.0,13.0,13.0,1.000000
13,-1,340.0,321.0,13.0,12.0,1.000000
13,-1,375.0,267.0,13.0,14.0,1.000000
13,-1,412.0,307.0,12.0,13.0,1.000000
13,-1,428.0,126.0,17.0,17.0,1.000000
13,-1,459.0,212.0,15.0,13.0,1.000000
13,-1,498.0,255.0,12.0,12.0,1.000000
13,-1,577.0,176.0,14.0,12.0,1.000000
13,-1,589.0,217.0,14.0,13.0,1.000000
13,-1,706.0,173.0,17.0,15.0,1.000000
14,-1,33.0,131.0,16.0,15.0,1.000000
14,-1,86.0,98.0,21.0,17.0,1.000000
14,-1,122.0,222.0,15.0,14.0,1.000000
14,-1,183.0,191.0,14.0,13.0,1.000000
14,-1,190.0,230.0,12.0,12.0,1.000000
14,-1,191.0,291.0,16.0,14.0,1.000000
14,-1,252.0,114.0,20.0,18.0,1.000000
14,-1,252.0,250.0,14.0,14.0,1.000000
14,-1,263.0,287.0,14.0,15.0,1.000000
14,-1,274.0,361.0,14.0,13.0,1.000000
14,-1,308.0,288.0,13.0,12.0,1.000000
14,-1,330.0,194.0,13.0,13.0,1.000000
14,-1,344.0,321.0,13.0,12.0,1.000000
14,-1,376.0,267.0,13.0,14.0,1.000000
14,-1,414.0,306.0,12.0,13.0,1.000000
14,-1,427.0,125.0,17.0,17.0,1.000000
14,-1,460.0,211.0,15.0,13.0,1.000000
14,-1,499.0,254.0,12.0,12.0,1.000000
14,-1,577.0,174.0,14.0,12.0,1.000000
14,-1,590.0,216.0,14.0,13.0,1.000000
14,-1,707.0,170.0,17.0,15.0,1.000000
15,-1,33.0,131.0,16.0,15.0,1.000000
15,-1,86.0,98.0,21.0,17.0,1.000000
15,-1,122.0,222.0,15.0,14.0,1.000000
15,-1,183.0,191.0,14.0,13.0,1.000000
15,-1,190.0,230.0,12.0,12.0,1.000000
15,-1,191.0,291.0,16.0,14.0,1.000000
15,-1,252.0,114.0,20.0,18.0,1.000000
15,-1,252.0,250.0,14.0,14.0,1.000000
15,-1,263.0,287.0,14.0,15.0,1.000000
15,-1,274.0,361.0,14.0,13.0,1.000000
15,-1,308.0,288.0,13.0,12.0,1.000000
15,-1,330.0,194.0,13.0,13.0,1.000000
15,-1,344.0,321.0,13.0,12.0,1.000000
15,-1,377.0,267.0,13.0,14.0,1.000000
15,-1,414.0,306.0,12.0,13.0,1.000000
15,-1,427.0,125.0,17.0,17.0,1.000000
15,-1,460.0,211.0,15.0,13.0,1.000000
15,-1,499.0,254.0,12.0,12.0,1.000000
15,-1,577.0,174.0,14.0,12.0,1.000000
15,-1,590.0,216.0,14.0,13.0,1.000000
15,-1,707.0,170.0,17.0,15.0,1.000000
16,-1,35.0,132.0,16.0,15.0,1.000000
16,-1,86.0,100.0,22.0,17.0,1.000000
16,-1,124.0,223.0,15.0,14.0,1.000000
16,-1,184.0,191.0,14.0,13.0,1.000000
16,-1,193.0,230.0,12.0,12.0,1.000000
16,-1,193.0,292.0,16.0,14.0,1.000000
16,-1,251.0,115.0,20.0,18.0,1.000000
16,-1,253.0,251.0,14.0,14.0,1.000000
16,-1,265.0,288.0,14.0,15.0,1.000000
16,-1,276.0,361.0,14.0,13.0,1.000000
16,-1,310.0,288.0,13.0,12.0,1.000000
16,-1,331.0,195.0,13.0,13.0,1.000000
16,-1,346.0,321.0,13.0,12.0,1.000000
16,-1,378.0,267.0,13.0,14.0,1.000000
16,-1,416.0,306.0,12.0,13.0,1.000000
16,-1,427.0,125.0,17.0,17.0,1.000000
16,-1,460.0,211.0,15.0,13.0,1.000000
16,-1,501.0,254.0,12.0,12.0,1.000000
16,-1,577.0,174.0,14.0,12.0,1.000000
16,-1,591.0,216.0,14.0,13.0,1.000000
16,-1,709.0,169.0,18.0,16.0,1.000000
17,-1,34.0,133.0,16.0,15.0,1.000000
17,-1,85.0,101.0,22.0,17.0,1.000000
17,-1,124.0,224.0,15.0,14.0,1.000000
17,-1,184.0,192.0,14.0,13.0,1.000000
17,-1,192.0,231.0,12.0,12.0,1.000000
17,-1,193.0,293.0,16.0,14.0,1.000000
17,-1,250.0,115.0,20.0,18.0,1.000000
17,-1,253.0,251.0,14.0,14.0,1.000000
17,-1,265.0,288.0,14.0,15.0,1.000000
17,-1,277.0,362.0,14.0,13.0,1.000000
17,-1,310.0,289.0,13.0,12.0,1.000000
17,-1,330.0,195.0,14.0,14.0,1.000000
17,-1,346.0,321.0,13.0,12.0,1.000000
17,-1,378.0,268.0,13.0,14.0,1.000000
17,-1,416.0,307.0,12.0,13.0,1.000000
17,-1,425.0,125.0,17.0,17.0,1.000000
17,-1,460.0,211.0,15.0,13.0,1.000000
17,-1,500.0,254.0,12.0,12.0,1.000000
17,-1,576.0,173.0,14.0,12.0,1.000000
17,-1,590.0,215.0,14.0,13.0,1.000000
17,-1,708.0,168.0,18.0,16.0,1.000000
18,-1,32.0,134.0,16.0,15.0,1.000000
18,-1,82.0,102.0,22.0,17.0,1.000000
18,-1,122.0,225.0,15.0,14.0,1.000000
18,-1,181.0,193.0,14.0,13.0,1.000000
18,-1,191.0,231.0,12.0,12.0,1.000000
18,-1,192.0,293.0,16.0,14.0,1.000000
18,-1,247.0,116.0,20.0,18.0,1.000000
18,-1,252.0,252.0,14.0,14.0,1.000000
18,-1,265.0,288.0,14.0,15.0,1.000000
18,-1,277.0,363.0,14.0,13.0,1.000000
18,-1,309.0,289.0,13.0,12.0,1.000000
18,-1,328.0,195.0,14.0,14.0,1.000000
18,-1,346.0,321.0,13.0,12.0,1.000000
18,-1,377.0,268.0,13.0,14.0,1.000000
18,-1,415.0,307.0,12.0,13.0,1.000000
18,-1,423.0,125.0,17.0,17.0,1.000000
18,-1,458.0,211.0,15.0,13.0,1.000000
18,-1,500.0,254.0,12.0,12.0,1.000000
18,-1,574.0,173.0,14.0,12.0,1.000000
18,-1,589.0,215.0,14.0,13.0,1.000000
18,-1,707.0,168.0,18.0,16.0,1.000000
19,-1,32.0,136.0,16.0,15.0,1.000000
19,-1,80.0,104.0,22.0,17.0,1.000000
19,-1,124.0,226.0,15.0,14.0,1.000000
19,-1,181.0,194.0,14.0,13.0,1.000000
19,-1,192.0,232.0,12.0,12.0,1.000000
19,-1,194.0,294.0,16.0,14.0,1.000000
19,-1,245.0,116.0,20.0,18.0,1.000000
19,-1,253.0,252.0,14.0,14.0,1.000000
19,-1,267.0,288.0,14.0,15.0,1.000000
19,-1,280.0,363.0,14.0,13.0,1.000000
19,-1,311.0,289.0,13.0,12.0,1.000000
19,-1,328.0,195.0,14.0,14.0,1.000000
19,-1,349.0,321.0,13.0,12.0,1.000000
19,-1,378.0,268.0,13.0,14.0,1.000000
19,-1,417.0,307.0,12.0,13.0,1.000000
19,-1,421.0,124.0,17.0,17.0,1.000000
19,-1,458.0,211.0,15.0,13.0,1.000000
19,-1,501.0,253.0,12.0,12.0,1.000000
19,-1,574.0,172.0,14.0,12.0,1.000000
19,-1,590.0,214.0,14.0,13.0,1.000000
19,-1,707.0,166.0,18.0,16.0,1.000000
20,-1,32.0,136.0,16.0,15.0,1.000000
20,-1,80.0,104.0,22.0,17.0,1.000000
20,-1,124.0,226.0,15.0,14.0,1.000000
20,-1,181.0,194.0,14.0,13.0,1.000000
20,-1,192.0,232.0,12.0,12.0,1.000000
20,-1,194.0,294.0,16.0,14.0,1.000000
20,-1,245.0,116.0,20.0,18.0,1.000000
20,-1,253.0,252.0,14.0,14.0,1.000000
20,-1,267.0,288.0,14.0,15.0,1.000000
20,-1,280.0,363.0,14.0,13.0,1.000000
20,-1,311.0,289.0,13.0,12.0,1.000000
20,-1,328.0,195.0,14.0,14.0,1.000000
20,-1,349.0,321.0,13.0,12.0,1.000000
20,-1,378.0,268.0,13.0,14.0,1.000000
20,-1,417.0,307.0,12.0,13.0,1.000000
20,-1,421.0,124.0,17.0,17.0,1.000000
20,-1,458.0,211.0,15.0,13.0,1.000000
20,-1,501.0,253.0,12.0,12.0,1.000000
20,-1,574.0,172.0,14.0,12.0,1.000000
20,-1,590.0,214.0,14.0,13.0,1.000000
20,-1,707.0,166.0,18.0,16.0,1.000000
21,-1,32.0,137.0,16.0,15.0,1.000000
21,-1,79.0,105.0,21.0,17.0,1.000000
21,-1,124.0,227.0,15.0,14.0,1.000000
21,-1,181.0,194.0,14.0,13.0,1.000000
21,-1,192.0,232.0,12.0,12.0,1.000000
21,-1,194.0,294.0,16.0,14.0,1.000000
21,-1,244.0,117.0,20.0,18.0,1.000000
21,-1,253.0,253.0,14.0,14.0,1.000000
21,-1,268.0,288.0,14.0,15.0,1.000000
21,-1,281.0,363.0,14.0,13.0,1.000000
21,-1,311.0,289.0,13.0,12.0,1.000000
21,-1,327.0,195.0,13.0,13.0,1.000000
21,-1,350.0,321.0,13.0,12.0,1.000000
21,-1,378.0,268.0,13.0,14.0,1.000000
21,-1,418.0,307.0,12.0,13.0,1.000000
21,-1,420.0,124.0,17.0,17.0,1.000000
21,-1,458.0,211.0,15.0,13.0,1.000000
21,-1,501.0,253.0,12.0,12.0,1.000000
21,-1,573.0,172.0,14.0,12.0,1.000000
21,-1,590.0,214.0,14.0,13.0,1.000000
21,-1,707.0,165.0,18.0,16.0,1.000000
22,-1,30.0,138.0,16.0,15.0,1.000000
22,-1,77.0,106.0,21.0,16.0,1.000000
22,-1,122.0,228.0,15.0,14.0,1.000000
22,-1,179.0,195.0,14.0,13.0,1.000000
22,-1,191.0,233.0,12.0,12.0,1.000000
22,-1,193.0,295.0,16.0,14.0,1.000000
22,-1,241.0,117.0,21.0,18.0,1.000000
22,-1,251.0,254.0,14.0,14.0,1.000000
22,-1,267.0,289.0,14.0,15.0,1.000000
22,-1,281.0,365.0,14.0,13.0,1.000000
22,-1,310.0,290.0,13.0,12.0,1.000000
22,-1,325.0,196.0,14.0,14.0,1.000000
22,-1,349.0,322.0,13.0,12.0,1.000000
22,-1,376.0,269.0,13.0,14.0,1.000000
22,-1,416.0,307.0,12.0,13.0,1.000000
22,-1,417.0,124.0,17.0,17.0,1.000000
22,-1,456.0,211.0,15.0,13.0,1.000000
22,-1,500.0,253.0,12.0,12.0,1.000000
22,-1,570.0,172.0,14.0,12.0,1.000000
22,-1,588.0,214.0,14.0,13.0,1.000000
22,-1,705.0,164.0,18.0,16.0,1.000000
23,-1,28.0,140.0,16.0,15.0,1.000000
23,-1,74.0,107.0,21.0,16.0,1.000000
23,-1,121.0,229.0,15.0,14.0,1.000000
23,-1,177.0,196.0,14.0,13.0,1.000000
23,-1,190.0,234.0,12.0,12.0,1.000000
23,-1,193.0,296.0,16.0,14.0,1.000000
23,-1,238.0,118.0,20.0,18.0,1.000000
23,-1,250.0,255.0,14.0,14.0,1.000000
23,-1,267.0,290.0,14.0,15.0,1.000000
23,-1,281.0,365.0,14.0,13.0,1.000000
23,-1,309.0,291.0,13.0,12.0,1.000000
23,-1,323.0,197.0,14.0,14.0,1.000000
23,-1,349.0,322.0,13.0,12.0,1.000000
23,-1,375.0,269.0,13.0,14.0,1.000000
23,-1,415.0,124.0,17.0,17.0,1.000000
23,-1,416.0,308.0,12.0,13.0,1.000000
23,-1,454.0,212.0,15.0,13.0,1.000000
23,-1,499.0,254.0,12.0,12.0,1.000000
23,-1,568.0,172.0,14.0,12.0,1.000000
23,-1,587.0,214.0,14.0,13.0,1.000000
23,-1,703.0,164.0,18.0,16.0,1.000000
24,-1,31.0,142.0,16.0,15.0,1.000000
24,-1,75.0,109.0,21.0,16.0,1.000000
24,-1,125.0,230.0,15.0,14.0,1.000000
24,-1,179.0,197.0,14.0,13.0,1.000000
24,-1,193.0,235.0,12.0,12.0,1.000000
24,-1,197.0,297.0,16.0,14.0,1.000000
24,-1,238.0,119.0,21.0,19.0,1.000000
24,-1,253.0,255.0,14.0,14.0,1.000000
24,-1,271.0,290.0,14.0,15.0,1.000000
24,-1,286.0,366.0,14.0,13.0,1.000000
24,-1,313.0,292.0,13.0,12.0,1.000000
24,-1,325.0,198.0,14.0,14.0,1.000000
24,-1,354.0,323.0,13.0,12.0,1.000000
24,-1,378.0,270.0,13.0,14.0,1.000000
24,-1,415.0,124.0,17.0,17.0,1.000000
24,-1,420.0,308.0,12.0,13.0,1.000000
24,-1,456.0,212.0,15.0,13.0,1.000000
24,-1,502.0,254.0,12.0,12.0,1.000000
24,-1,570.0,171.0,14.0,12.0,1.000000
24,-1,590.0,214.0,14.0,13.0,1.000000
24,-1,706.0,163.0,18.0,16.0,1.000000
25,-1,31.0,142.0,16.0,15.0,1.000000
25,-1,75.0,109.0,21.0,16.0,1.000000
25,-1,125.0,230.0,15.0,14.0,1.000000
25,-1,179.0,197.0,14.0,13.0,1.000000
25,-1,193.0,235.0,12.0,12.0,1.000000
25,-1,197.0,297.0,16.0,14.0,1.000000
25,-1,238.0,119.0,20.0,18.0,1.000000
25,-1,253.0,255.0,14.0,14.0,1.000000
25,-1,271.0,290.0,14.0,15.0,1.000000
25,-1,286.0,366.0,14.0,13.0,1.000000
25,-1,313.0,292.0,13.0,12.0,1.000000
25,-1,325.0,198.0,14.0,14.0,1.000000
25,-1,354.0,323.0,13.0,12.0,1.000000
25,-1,378.0,270.0,13.0,14.0,1.000000
25,-1,415.0,124.0,17.0,17.0,1.000000
25,-1,420.0,308.0,12.0,13.0,1.000000
25,-1,456.0,212.0,15.0,13.0,1.000000
25,-1,502.0,254.0,12.0,12.0,1.000000
25,-1,570.0,171.0,14.0,12.0,1.000000
25,-1,590.0,214.0,14.0,13.0,1.000000
25,-1,706.0,163.0,18.0,16.0,1.000000
26,-1,31.0,144.0,15.0,14.0,1.000000
26,-1,74.0,111.0,21.0,16.0,1.000000
26,-1,125.0,231.0,15.0,14.0,1.000000
26,-1,178.0,198.0,14.0,13.0,1.000000
26,-1,193.0,235.0,12.0,12.0,1.000000
26,-1,197.0,298.0,16.0,14.0,1.000000
26,-1,237.0,120.0,20.0,18.0,1.000000
26,-1,252.0,256.0,14.0,14.0,1.000000
26,-1,272.0,290.0,14.0,15.0,1.000000
26,-1,287.0,367.0,14.0,13.0,1.000000
26,-1,313.0,292.0,13.0,12.0,1.000000
26,-1,325.0,198.0,14.0,14.0,1.000000
26,-1,354.0,324.0,13.0,12.0,1.000000
26,-1,378.0,270.0,13.0,14.0,1.000000
26,-1,414.0,124.0,17.0,17.0,1.000000
26,-1,420.0,308.0,12.0,13.0,1.000000
26,-1,456.0,212.0,15.0,13.0,1.000000
26,-1,502.0,254.0,12.0,12.0,1.000000
26,-1,569.0,171.0,14.0,12.0,1.000000
26,-1,589.0,214.0,14.0,13.0,1.000000
26,-1,706.0,162.0,18.0,16.0,1.000000
27,-1,29.0,145.0,15.0,14.0,1.000000
27,-1,71.0,112.0,21.0,16.0,1.000000
27,-1,123.0,232.0,15.0,14.0,1.000000
27,-1,176.0,199.0,14.0,13.0,1.000000
27,-1,192.0,236.0,12.0,12.0,1.000000
27,-1,196.0,299.0,16.0,14.0,1.000000
27,-1,234.0,121.0,20.0,18.0,1.000000
27,-1,251.0,257.0,14.0,14.0,1.000000
27,-1,271.0,290.0,14.0,15.0,1.000000
27,-1,286.0,367.0,14.0,13.0,1.000000
27,-1,312.0,293.0,13.0,12.0,1.000000
27,-1,323.0,198.0,14.0,14.0,1.000000
27,-1,354.0,324.0,13.0,12.0,1.000000
27,-1,376.0,271.0,13.0,14.0,1.000000
27,-1,411.0,124.0,17.0,17.0,1.000000
27,-1,419.0,308.0,12.0,13.0,1.000000
27,-1,454.0,212.0,15.0,13.0,1.000000
27,-1,501.0,254.0,12.0,12.0,1.000000
27,-1,566.0,171.0,14.0,12.0,1.000000
27,-1,588.0,214.0,14.0,13.0,1.000000
27,-1,704.0,162.0,18.0,16.0,1.000000
28,-1,28.0,145.0,16.0,15.0,1.000000
28,-1,69.0,112.0,21.0,17.0,1.000000
28,-1,123.0,232.0,15.0,14.0,1.000000
28,-1,175.0,199.0,14.0,13.0,1.000000
28,-1,192.0,236.0,12.0,12.0,1.000000
28,-1,196.0,299.0,15.0,13.0,1.000000
28,-1,232.0,121.0,21.0,19.0,1.000000
28,-1,250.0,257.0,13.0,13.0,1.000000
28,-1,271.0,291.0,14.0,15.0,1.000000
28,-1,287.0,368.0,14.0,13.0,1.000000
28,-1,312.0,293.0,13.0,12.0,1.000000
28,-1,322.0,199.0,14.0,14.0,1.000000
28,-1,355.0,324.0,13.0,12.0,1.000000
28,-1,376.0,271.0,13.0,14.0,1.000000
28,-1,410.0,124.0,17.0,17.0,1.000000
28,-1,419.0,309.0,12.0,13.0,1.000000
28,-1,453.0,212.0,15.0,13.0,1.000000
28,-1,501.0,254.0,12.0,12.0,1.000000
28,-1,565.0,171.0,14.0,12.0,1.000000
28,-1,587.0,214.0,14.0,13.0,1.000000
28,-1,703.0,161.0,18.0,16.0,1.000000
29,-1,30.0,146.0,16.0,15.0,1.000000
29,-1,69.0,113.0,22.0,17.0,1.000000
29,-1,125.0,233.0,15.0,14.0,1.000000
29,-1,176.0,200.0,14.0,13.0,1.000000
29,-1,193.0,237.0,11.0,11.0,1.000000
29,-1,199.0,299.0,16.0,14.0,1.000000
29,-1,232.0,121.0,20.0,18.0,1.000000
29,-1,252.0,257.0,14.0,14.0,1.000000
29,-1,274.0,290.0,14.0,15.0,1.000000
29,-1,291.0,368.0,14.0,13.0,1.000000
29,-1,314.0,293.0,13.0,12.0,1.000000
29,-1,322.0,199.0,14.0,14.0,1.000000
29,-1,357.0,324.0,13.0,12.0,1.000000
29,-1,377.0,271.0,13.0,14.0,1.000000
29,-1,408.0,124.0,17.0,17.0,1.000000
29,-1,421.0,308.0,12.0,13.0,1.000000
29,-1,453.0,212.0,15.0,13.0,1.000000
29,-1,502.0,254.0,12.0,12.0,1.000000
29,-1,565.0,170.0,14.0,12.0,1.000000
29,-1,588.0,213.0,14.0,13.0,1.000000
29,-1,704.0,159.0,18.0,16.0,1.000000
30,-1,30.0,146.0,16.0,15.0,1.000000
30,-1,69.0,113.0,22.0,17.0,1.000000
30,-1,125.0,233.0,15.0,14.0,1.000000
30,-1,176.0,200.0,14.0,13.0,1.000000
30,-1,193.0,237.0,11.0,11.0,1.000000
30,-1,199.0,299.0,16.0,14.0,1.000000
30,-1,232.0,121.0,20.0,18.0,1.000000
30,-1,252.0,257.0,14.0,14.0,1.000000
30,-1,274.0,290.0,14.0,15.0,1.000000
30,-1,291.0,368.0,14.0,13.0,1.000000
30,-1,314.0,293.0,13.0,12.0,1.000000
30,-1,322.0,199.0,14.0,14.0,1.000000
30,-1,357.0,324.0,13.0,12.0,1.000000
30,-1,377.0,271.0,13.0,14.0,1.000000
30,-1,409.0,124.0,17.0,17.0,1.000000
30,-1,421.0,308.0,12.0,13.0,1.000000
30,-1,453.0,212.0,15.0,13.0,1.000000
30,-1,502.0,254.0,12.0,12.0,1.000000
30,-1,565.0,170.0,14.0,12.0,1.000000
30,-1,588.0,213.0,14.0,13.0,1.000000
30,-1,704.0,159.0,18.0,16.0,1.000000
31,-1,28.0,147.0,15.0,14.0,1.000000
31,-1,67.0,114.0,22.0,17.0,1.000000
31,-1,124.0,233.0,15.0,14.0,1.000000
31,-1,174.0,200.0,14.0,13.0,1.000000
31,-1,191.0,236.0,12.0,12.0,1.000000
31,-1,198.0,299.0,16.0,14.0,1.000000
31,-1,229.0,121.0,20.0,18.0,1.000000
31,-1,251.0,257.0,13.0,13.0,1.000000
31,-1,274.0,290.0,14.0,15.0,1.000000
31,-1,291.0,368.0,14.0,13.0,1.000000
31,-1,314.0,293.0,13.0,12.0,1.000000
31,-1,320.0,199.0,14.0,14.0,1.000000
31,-1,357.0,324.0,13.0,12.0,1.000000
31,-1,376.0,271.0,13.0,14.0,1.000000
31,-1,407.0,123.0,17.0,17.0,1.000000
31,-1,421.0,308.0,12.0,13.0,1.000000
31,-1,452.0,212.0,15.0,13.0,1.000000
31,-1,502.0,253.0,12.0,12.0,1.000000
31,-1,563.0,169.0,14.0,12.0,1.000000
31,-1,587.0,212.0,14.0,13.0,1.000000
31,-1,703.0,158.0,18.0,16.0,1.000000
32,-1,27.0,148.0,16.0,15.0,1.000000
32,-1,65.0,115.0,21.0,17.0,1.000000
32,-1,123.0,233.0,15.0,14.0,1.000000
32,-1,173.0,200.0,14.0,13.0,1.000000
32,-1,191.0,236.0,12.0,12.0,1.000000
32,-1,198.0,300.0,16.0,14.0,1.000000
32,-1,227.0,122.0,21.0,19.0,1.000000
32,-1,251.0,258.0,14.0,14.0,1.000000
32,-1,274.0,290.0,14.0,15.0,1.000000
32,-1,292.0,369.0,14.0,13.0,1.000000
32,-1,314.0,293.0,13.0,12.0,1.000000
32,-1,319.0,199.0,14.0,14.0,1.000000
32,-1,358.0,324.0,13.0,12.0,1.000000
32,-1,376.0,271.0,13.0,14.0,1.000000
32,-1,405.0,123.0,17.0,17.0,1.000000
32,-1,421.0,308.0,12.0,13.0,1.000000
32,-1,451.0,212.0,15.0,13.0,1.000000
32,-1,502.0,253.0,12.0,12.0,1.000000
32,-1,561.0,169.0,14.0,12.0,1.000000
32,-1,587.0,212.0,14.0,13.0,1.000000
32,-1,702.0,157.0,18.0,16.0,1.000000
33,-1,29.0,150.0,15.0,15.0,1.000000
33,-1,65.0,117.0,21.0,16.0,1.000000
33,-1,125.0,235.0,15.0,14.0,1.000000
33,-1,174.0,202.0,14.0,13.0,1.000000
33,-1,192.0,238.0,12.0,12.0,1.000000
33,-1,200.0,301.0,16.0,14.0,1.000000
33,-1,227.0,123.0,20.0,18.0,1.000000
33,-1,252.0,258.0,14.0,14.0,1.000000
33,-1,276.0,291.0,13.0,14.0,1.000000
33,-1,294.0,370.0,14.0,13.0,1.000000
33,-1,315.0,294.0,13.0,12.0,1.000000
33,-1,320.0,199.0,14.0,14.0,1.000000
33,-1,360.0,324.0,13.0,12.0,1.000000
33,-1,377.0,272.0,13.0,14.0,1.000000
33,-1,404.0,123.0,17.0,17.0,1.000000
33,-1,423.0,309.0,12.0,13.0,1.000000
33,-1,452.0,212.0,15.0,13.0,1.000000
33,-1,503.0,254.0,12.0,12.0,1.000000
33,-1,561.0,169.0,14.0,12.0,1.000000
33,-1,587.0,212.0,14.0,13.0,1.000000
33,-1,703.0,157.0,18.0,16.0,1.000000
34,-1,30.0,153.0,15.0,14.0,1.000000
34,-1,65.0,119.0,21.0,16.0,1.000000
34,-1,127.0,237.0,14.0,13.0,1.000000
34,-1,174.0,204.0,14.0,13.0,1.000000
34,-1,194.0,239.0,13.0,13.0,1.000000
34,-1,202.0,302.0,16.0,14.0,1.000000
34,-1,226.0,125.0,21.0,18.0,1.000000
34,-1,253.0,260.0,14.0,14.0,1.000000
34,-1,279.0,293.0,13.0,14.0,1.000000
34,-1,298.0,371.0,14.0,13.0,1.000000
34,-1,317.0,296.0,13.0,12.0,1.000000
34,-1,320.0,201.0,14.0,14.0,1.000000
34,-1,362.0,326.0,13.0,12.0,1.000000
34,-1,378.0,273.0,13.0,14.0,1.000000
34,-1,403.0,124.0,17.0,17.0,1.000000
34,-1,424.0,310.0,12.0,13.0,1.000000
34,-1,452.0,213.0,15.0,13.0,1.000000
34,-1,504.0,254.0,12.0,12.0,1.000000
34,-1,560.0,169.0,14.0,12.0,1.000000
34,-1,588.0,212.0,14.0,13.0,1.000000
34,-1,703.0,156.0,18.0,16.0,1.000000
35,-1,30.0,153.0,15.0,14.0,1.000000
35,-1,65.0,119.0,21.0,16.0,1.000000
35,-1,127.0,237.0,14.0,13.0,1.000000
35,-1,174.0,204.0,14.0,13.0,1.000000
35,-1,194.0,239.0,13.0,13.0,1.000000
35,-1,202.0,302.0,16.0,14.0,1.000000
35,-1,226.0,125.0,21.0,18.0,1.000000
35,-1,253.0,260.0,14.0,14.0,1.000000
35,-1,279.0,293.0,13.0,14.0,1.000000
35,-1,298.0,371.0,14.0,13.0,1.000000
35,-1,317.0,296.0,13.0,12.0,1.000000
35,-1,320.0,201.0,14.0,14.0,1.000000
35,-1,362.0,326.0,13.0,12.0,1.000000
35,-1,378.0,273.0,13.0,14.0,1.000000
35,-1,403.0,124.0,17.0,17.0,1.000000
35,-1,424.0,310.0,12.0,13.0,1.000000
35,-1,452.0,213.0,15.0,13.0,1.000000
35,-1,504.0,254.0,12.0,12.0,1.000000
35,-1,560.0,169.0,14.0,12.0,1.000000
35,-1,588.0,212.0,14.0,13.0,1.000000
35,-1,703.0,156.0,18.0,16.0,1.000000
36,-1,29.0,153.0,15.0,14.0,1.000000
36,-1,63.0,120.0,21.0,16.0,1.000000
36,-1,125.0,237.0,15.0,14.0,1.000000
36,-1,172.0,205.0,14.0,13.0,1.000000
36,-1,192.0,239.0,12.0,12.0,1.000000
36,-1,201.0,303.0,16.0,14.0,1.000000
36,-1,223.0,125.0,20.0,18.0,1.000000
36,-1,252.0,260.0,14.0,14.0,1.000000
36,-1,278.0,293.0,14.0,15.0,1.000000
36,-1,298.0,372.0,14.0,13.0,1.000000
36,-1,316.0,296.0,13.0,12.0,1.000000
36,-1,318.0,201.0,14.0,14.0,1.000000
36,-1,362.0,326.0,13.0,12.0,1.000000
36,-1,377.0,273.0,13.0,14.0,1.000000
36,-1,401.0,124.0,17.0,17.0,1.000000
36,-1,423.0,310.0,12.0,13.0,1.000000
36,-1,451.0,213.0,15.0,13.0,1.000000
36,-1,503.0,254.0,12.0,12.0,1.000000
36,-1,558.0,168.0,14.0,12.0,1.000000
36,-1,587.0,212.0,14.0,13.0,1.000000
36,-1,701.0,155.0,18.0,16.0,1.000000
37,-1,27.0,154.0,16.0,15.0,1.000000
37,-1,60.0,121.0,22.0,17.0,1.000000
37,-1,124.0,238.0,15.0,14.0,1.000000
37,-1,171.0,205.0,14.0,13.0,1.000000
37,-1,191.0,239.0,13.0,13.0,1.000000
37,-1,201.0,303.0,16.0,14.0,1.000000
37,-1,221.0,126.0,20.0,18.0,1.000000
37,-1,250.0,261.0,14.0,14.0,1.000000
37,-1,278.0,293.0,14.0,15.0,1.000000
37,-1,298.0,372.0,14.0,13.0,1.000000
37,-1,316.0,296.0,13.0,12.0,1.000000
37,-1,317.0,201.0,14.0,14.0,1.000000
37,-1,362.0,326.0,13.0,12.0,1.000000
37,-1,376.0,273.0,13.0,14.0,1.000000
37,-1,398.0,124.0,17.0,17.0,1.000000
37,-1,423.0,310.0,12.0,13.0,1.000000
37,-1,449.0,213.0,15.0,13.0,1.000000
37,-1,503.0,254.0,12.0,12.0,1.000000
37,-1,557.0,168.0,14.0,12.0,1.000000
37,-1,586.0,211.0,14.0,13.0,1.000000
37,-1,700.0,154.0,18.0,16.0,1.000000
38,-1,28.0,155.0,16.0,15.0,1.000000
38,-1,60.0,122.0,21.0,16.0,1.000000
38,-1,126.0,239.0,15.0,14.0,1.000000
38,-1,171.0,206.0,14.0,13.0,1.000000
38,-1,193.0,240.0,12.0,12.0,1.000000
38,-1,202.0,304.0,16.0,14.0,1.000000
38,-1,220.0,126.0,20.0,18.0,1.000000
38,-1,252.0,262.0,14.0,14.0,1.000000
38,-1,280.0,294.0,14.0,15.0,1.000000
38,-1,301.0,373.0,14.0,13.0,1.000000
38,-1,317.0,202.0,14.0,14.0,1.000000
38,-1,318.0,297.0,13.0,12.0,1.000000
38,-1,364.0,326.0,13.0,12.0,1.000000
38,-1,377.0,274.0,13.0,14.0,1.000000
38,-1,398.0,124.0,17.0,17.0,1.000000
38,-1,425.0,311.0,12.0,13.0,1.000000
38,-1,450.0,213.0,15.0,13.0,1.000000
38,-1,504.0,255.0,12.0,12.0,1.000000
38,-1,556.0,168.0,14.0,12.0,1.000000
38,-1,587.0,211.0,14.0,13.0,1.000000
38,-1,700.0,153.0,18.0,16.0,1.000000
39,-1,30.0,158.0,15.0,14.0,1.000000
39,-1,61.0,125.0,22.0,17.0,1.000000
39,-1,128.0,241.0,15.0,14.0,1.000000
39,-1,172.0,208.0,14.0,13.0,1.000000
39,-1,195.0,242.0,12.0,12.0,1.000000
39,-1,205.0,306.0,16.0,14.0,1.000000
39,-1,220.0,128.0,20.0,18.0,1.000000
39,-1,254.0,263.0,14.0,14.0,1.000000
39,-1,283.0,295.0,14.0,15.0,1.000000
39,-1,305.0,374.0,14.0,13.0,1.000000
39,-1,318.0,203.0,14.0,14.0,1.000000
39,-1,320.0,298.0,13.0,12.0,1.000000
39,-1,368.0,327.0,12.0,11.0,1.000000
39,-1,379.0,275.0,13.0,14.0,1.000000
39,-1,397.0,125.0,17.0,17.0,1.000000
39,-1,427.0,311.0,12.0,13.0,1.000000
39,-1,450.0,213.0,15.0,13.0,1.000000
39,-1,506.0,255.0,12.0,12.0,1.000000
39,-1,556.0,167.0,14.0,12.0,1.000000
39,-1,588.0,211.0,14.0,13.0,1.000000
39,-1,702.0,152.0,18.0,16.0,1.000000
40,-1,30.0,158.0,15.0,14.0,1.000000
40,-1,61.0,125.0,22.0,17.0,1.000000
40,-1,128.0,241.0,15.0,14.0,1.000000
40,-1,172.0,208.0,14.0,13.0,1.000000
40,-1,195.0,242.0,12.0,12.0,1.000000
40,-1,205.0,306.0,16.0,14.0,1.000000
40,-1,220.0,128.0,20.0,18.0,1.000000
40,-1,254.0,263.0,14.0,14.0,1.000000
40,-1,283.0,295.0,14.0,15.0,1.000000
40,-1,305.0,374.0,14.0,13.0,1.000000
40,-1,318.0,203.0,14.0,14.0,1.000000
40,-1,320.0,298.0,13.0,12.0,1.000000
40,-1,368.0,327.0,12.0,11.0,1.000000
40,-1,379.0,275.0,13.0,14.0,1.000000
40,-1,397.0,125.0,17.0,17.0,1.000000
40,-1,427.0,311.0,12.0,13.0,1.000000
40,-1,450.0,213.0,15.0,13.0,1.000000
40,-1,506.0,255.0,12.0,12.0,1.000000
40,-1,556.0,167.0,14.0,12.0,1.000000
40,-1,588.0,211.0,14.0,13.0,1.000000
40,-1,702.0,152.0,18.0,16.0,1.000000
41,-1,29.0,159.0,16.0,15.0,1.000000
41,-1,59.0,126.0,21.0,17.0,1.000000
41,-1,128.0,241.0,14.0,13.0,1.000000
41,-1,172.0,208.0,14.0,13.0,1.000000
41,-1,195.0,242.0,12.0,12.0,1.000000
41,-1,206.0,306.0,16.0,14.0,1.000000
41,-1,219.0,129.0,20.0,18.0,1.000000
41,-1,253.0,263.0,14.0,14.0,1.000000
41,-1,284.0,295.0,14.0,15.0,1.000000
41,-1,305.0,374.0,14.0,13.0,1.000000
41,-1,317.0,203.0,14.0,14.0,1.000000
41,-1,320.0,298.0,13.0,12.0,1.000000
41,-1,368.0,327.0,13.0,12.0,1.000000
41,-1,379.0,274.0,13.0,14.0,1.000000
41,-1,396.0,125.0,17.0,17.0,1.000000
41,-1,427.0,311.0,12.0,13.0,1.000000
41,-1,450.0,213.0,15.0,13.0,1.000000
41,-1,506.0,255.0,12.0,12.0,1.000000
41,-1,555.0,167.0,14.0,12.0,1.000000
41,-1,587.0,210.0,14.0,13.0,1.000000
41,-1,700.0,152.0,18.0,16.0,1.000000
42,-1,29.0,160.0,15.0,14.0,1.000000
42,-1,58.0,126.0,21.0,16.0,1.000000
42,-1,128.0,242.0,15.0,14.0,1.000000
42,-1,171.0,209.0,14.0,13.0,1.000000
42,-1,195.0,242.0,12.0,12.0,1.000000
42,-1,206.0,306.0,16.0,14.0,1.000000
42,-1,217.0,128.0,20.0,18.0,1.000000
42,-1,253.0,263.0,14.0,14.0,1.000000
42,-1,285.0,295.0,14.0,15.0,1.000000
42,-1,307.0,374.0,14.0,13.0,1.000000
42,-1,316.0,203.0,14.0,14.0,1.000000
42,-1,320.0,298.0,13.0,12.0,1.000000
42,-1,369.0,327.0,13.0,12.0,1.000000
42,-1,379.0,274.0,13.0,14.0,1.000000
42,-1,394.0,124.0,17.0,17.0,1.000000
42,-1,428.0,311.0,12.0,13.0,1.000000
42,-1,449.0,213.0,15.0,13.0,1.000000
42,-1,506.0,255.0,12.0,12.0,1.000000
42,-1,554.0,166.0,14.0,12.0,1.000000
42,-1,587.0,210.0,14.0,13.0,1.000000
42,-1,700.0,150.0,18.0,16.0,1.000000
43,-1,30.0,161.0,16.0,15.0,1.000000
43,-1,58.0,128.0,21.0,16.0,1.000000
43,-1,128.0,243.0,15.0,14.0,1.000000
43,-1,171.0,210.0,14.0,13.0,1.000000
43,-1,195.0,243.0,12.0,12.0,1.000000
43,-1,207.0,307.0,16.0,14.0,1.000000
43,-1,217.0,130.0,20.0,18.0,1.000000
43,-1,253.0,264.0,14.0,14.0,1.000000
43,-1,286.0,296.0,14.0,15.0,1.000000
43,-1,308.0,375.0,14.0,13.0,1.000000
43,-1,316.0,204.0,14.0,14.0,1.000000
43,-1,321.0,299.0,13.0,12.0,1.000000
43,-1,370.0,328.0,13.0,12.0,1.000000
43,-1,379.0,276.0,13.0,14.0,1.000000
43,-1,394.0,125.0,17.0,17.0,1.000000
43,-1,429.0,312.0,12.0,13.0,1.000000
43,-1,449.0,214.0,15.0,13.0,1.000000
43,-1,506.0,255.0,12.0,12.0,1.000000
43,-1,553.0,166.0,14.0,12.0,1.000000
43,-1,587.0,210.0,14.0,13.0,1.000000
43,-1,700.0,150.0,18.0,16.0,1.000000
44,-1,29.0,165.0,15.0,15.0,1.000000
44,-1,55.0,131.0,21.0,16.0,1.000000
44,-1,128.0,246.0,15.0,14.0,1.000000
44,-1,169.0,213.0,14.0,13.0,1.000000
44,-1,194.0,246.0,12.0,12.0,1.000000
44,-1,207.0,309.0,16.0,14.0,1.000000
44,-1,213.0,132.0,20.0,18.0,1.000000
44,-1,253.0,267.0,14.0,14.0,1.000000
44,-1,287.0,298.0,14.0,15.0,1.000000
44,-1,311.0,378.0,13.0,12.0,1.000000
44,-1,314.0,206.0,14.0,14.0,1.000000
44,-1,321.0,301.0,13.0,12.0,1.000000
44,-1,371.0,330.0,13.0,12.0,1.000000
44,-1,378.0,277.0,13.0,14.0,1.000000
44,-1,390.0,126.0,17.0,17.0,1.000000
44,-1,429.0,314.0,12.0,13.0,1.000000
44,-1,447.0,215.0,15.0,13.0,1.000000
44,-1,506.0,256.0,12.0,12.0,1.000000
44,-1,550.0,166.0,14.0,12.0,1.000000
44,-1,586.0,210.0,14.0,13.0,1.000000
44,-1,698.0,149.0,18.0,16.0,1.000000
45,-1,29.0,165.0,15.0,15.0,1.000000
45,-1,55.0,131.0,21.0,16.0,1.000000
45,-1,128.0,246.0,15.0,14.0,1.000000
45,-1,169.0,213.0,14.0,13.0,1.000000
45,-1,194.0,246.0,12.0,12.0,1.000000
45,-1,207.0,309.0,16.0,14.0,1.000000
45,-1,213.0,132.0,20.0,18.0,1.000000
45,-1,253.0,267.0,14.0,14.0,1.000000
45,-1,287.0,298.0,14.0,15.0,1.000000
45,-1,311.0,378.0,13.0,12.0,1.000000
45,-1,314.0,206.0,14.0,14.0,1.000000
45,-1,321.0,301.0,13.0,12.0,1.000000
45,-1,371.0,330.0,13.0,12.0,1.000000
45,-1,378.0,277.0,13.0,14.0,1.000000
45,-1,390.0,126.0,17.0,17.0,1.000000
45,-1,429.0,314.0,12.0,13.0,1.000000
45,-1,447.0,215.0,15.0,13.0,1.000000
45,-1,506.0,256.0,12.0,12.0,1.000000
45,-1,550.0,166.0,14.0,12.0,1.000000
45,-1,586.0,210.0,14.0,13.0,1.000000
45,-1,698.0,149.0,18.0,16.0,1.000000
46,-1,29.0,167.0,15.0,14.0,1.000000
46,-1,54.0,132.0,21.0,16.0,1.000000
46,-1,129.0,247.0,14.0,13.0,1.000000
46,-1,169.0,214.0,14.0,13.0,1.000000
46,-1,195.0,246.0,12.0,12.0,1.000000
46,-1,209.0,310.0,16.0,14.0,1.000000
46,-1,213.0,133.0,20.0,18.0,1.000000
46,-1,254.0,268.0,14.0,14.0,1.000000
46,-1,288.0,299.0,14.0,15.0,1.000000
46,-1,313.0,378.0,13.0,12.0,1.000000
46,-1,315.0,206.0,14.0,14.0,1.000000
46,-1,323.0,302.0,13.0,12.0,1.000000
46,-1,373.0,330.0,13.0,12.0,1.000000
46,-1,379.0,278.0,13.0,14.0,1.000000
46,-1,390.0,127.0,17.0,17.0,1.000000
46,-1,430.0,314.0,12.0,13.0,1.000000
46,-1,448.0,215.0,15.0,13.0,1.000000
46,-1,507.0,257.0,12.0,12.0,1.000000
46,-1,549.0,166.0,14.0,12.0,1.000000
46,-1,586.0,210.0,14.0,13.0,1.000000
46,-1,698.0,149.0,18.0,16.0,1.000000
47,-1,32.0,169.0,15.0,14.0,1.000000
47,-1,56.0,134.0,21.0,16.0,1.000000
47,-1,132.0,248.0,14.0,13.0,1.000000
47,-1,172.0,215.0,14.0,13.0,1.000000
47,-1,198.0,248.0,12.0,12.0,1.000000
47,-1,212.0,311.0,16.0,14.0,1.000000
47,-1,214.0,134.0,20.0,18.0,1.000000
47,-1,256.0,269.0,14.0,14.0,1.000000
47,-1,292.0,300.0,14.0,15.0,1.000000
47,-1,316.0,207.0,14.0,14.0,1.000000
47,-1,317.0,379.0,13.0,12.0,1.000000
47,-1,325.0,302.0,13.0,12.0,1.000000
47,-1,376.0,331.0,13.0,12.0,1.000000
47,-1,381.0,278.0,13.0,14.0,1.000000
47,-1,391.0,127.0,17.0,17.0,1.000000
47,-1,433.0,315.0,12.0,13.0,1.000000
47,-1,449.0,216.0,15.0,13.0,1.000000
47,-1,509.0,257.0,12.0,12.0,1.000000
47,-1,550.0,166.0,14.0,12.0,1.000000
47,-1,588.0,210.0,14.0,13.0,1.000000
47,-1,700.0,148.0,18.0,16.0,1.000000
48,-1,33.0,170.0,15.0,14.0,1.000000
48,-1,56.0,135.0,21.0,16.0,1.000000
48,-1,133.0,248.0,15.0,14.0,1.000000
48,-1,172.0,216.0,14.0,13.0,1.000000
48,-1,198.0,248.0,12.0,12.0,1.000000
48,-1,213.0,135.0,21.0,19.0,1.000000
48,-1,213.0,311.0,16.0,14.0,1.000000
48,-1,256.0,269.0,14.0,14.0,1.000000
48,-1,293.0,300.0,14.0,14.0,1.000000
48,-1,316.0,207.0,14.0,14.0,1.000000
48,-1,318.0,379.0,13.0,12.0,1.000000
48,-1,326.0,302.0,13.0,12.0,1.000000
48,-1,377.0,330.0,13.0,12.0,1.000000
48,-1,382.0,278.0,13.0,14.0,1.000000
48,-1,390.0,127.0,17.0,17.0,1.000000
48,-1,434.0,315.0,12.0,13.0,1.000000
48,-1,449.0,216.0,15.0,13.0,1.000000
48,-1,510.0,257.0,12.0,12.0,1.000000
48,-1,550.0,166.0,14.0,12.0,1.000000
48,-1,589.0,210.0,14.0,13.0,1.000000
48,-1,700.0,147.0,18.0,16.0,1.000000
49,-1,33.0,168.0,15.0,14.0,1.000000
49,-1,54.0,134.0,21.0,16.0,1.000000
49,-1,133.0,247.0,15.0,14.0,1.000000
49,-1,171.0,214.0,14.0,13.0,1.000000
49,-1,199.0,246.0,12.0,12.0,1.000000
49,-1,211.0,132.0,20.0,18.0,1.000000
49,-1,214.0,309.0,16.0,14.0,1.000000
49,-1,257.0,266.0,14.0,14.0,1.000000
49,-1,295.0,298.0,14.0,15.0,1.000000
49,-1,315.0,205.0,14.0,14.0,1.000000
49,-1,321.0,377.0,13.0,12.0,1.000000
49,-1,327.0,300.0,13.0,12.0,1.000000
49,-1,379.0,328.0,12.0,11.0,1.000000
49,-1,382.0,276.0,13.0,14.0,1.000000
49,-1,388.0,124.0,17.0,17.0,1.000000
49,-1,435.0,312.0,12.0,13.0,1.000000
49,-1,448.0,213.0,15.0,13.0,1.000000
49,-1,510.0,254.0,12.0,12.0,1.000000
49,-1,548.0,162.0,14.0,12.0,1.000000
49,-1,589.0,207.0,14.0,13.0,1.000000
49,-1,700.0,143.0,18.0,16.0,1.000000
50,-1,33.0,168.0,15.0,14.0,1.000000
50,-1,54.0,134.0,21.0,17.0,1.000000
50,-1,133.0,247.0,15.0,14.0,1.000000
50,-1,171.0,214.0,14.0,13.0,1.000000
50,-1,199.0,246.0,12.0,12.0,1.000000
50,-1,211.0,132.0,20.0,18.0,1.000000
50,-1,214.0,309.0,16.0,14.0,1.000000
50,-1,257.0,266.0,14.0,14.0,1.000000
50,-1,295.0,298.0,14.0,15.0,1.000000
50,-1,315.0,205.0,14.0,14.0,1.000000
50,-1,321.0,377.0,13.0,12.0,1.000000
50,-1,327.0,300.0,13.0,12.0,1.000000
50,-1,379.0,328.0,12.0,11.0,1.000000
50,-1,382.0,276.0,13.0,14.0,1.000000
50,-1,388.0,124.0,17.0,17.0,1.000000
50,-1,435.0,312.0,12.0,13.0,1.000000
50,-1,448.0,213.0,15.0,13.0,1.000000
50,-1,510.0,254.0,12.0,12.0,1.000000
50,-1,548.0,162.0,14.0,12.0,1.000000
50,-1,589.0,207.0,14.0,13.0,1.000000
50,-1,700.0,143.0,18.0,16.0,1.000000
51,-1,34.0,169.0,15.0,14.0,1.000000
51,-1,55.0,135.0,21.0,16.0,1.000000
51,-1,134.0,247.0,15.0,14.0,1.000000
51,-1,172.0,214.0,14.0,13.0,1.000000
51,-1,200.0,246.0,12.0,12.0,1.000000
51,-1,211.0,133.0,20.0,18.0,1.000000
51,-1,215.0,310.0,16.0,14.0,1.000000
51,-1,258.0,267.0,14.0,14.0,1.000000
51,-1,296.0,298.0,14.0,14.0,1.000000
51,-1,315.0,205.0,14.0,14.0,1.000000
51,-1,324.0,378.0,13.0,12.0,1.000000
51,-1,329.0,300.0,13.0,12.0,1.000000
51,-1,380.0,329.0,13.0,12.0,1.000000
51,-1,383.0,276.0,13.0,14.0,1.000000
51,-1,388.0,125.0,17.0,17.0,1.000000
51,-1,436.0,313.0,12.0,13.0,1.000000
51,-1,449.0,213.0,15.0,13.0,1.000000
51,-1,511.0,254.0,12.0,12.0,1.000000
51,-1,548.0,162.0,14.0,12.0,1.000000
51,-1,589.0,206.0,14.0,13.0,1.000000
51,-1,700.0,142.0,18.0,16.0,1.000000
52,-1,35.0,171.0,15.0,14.0,1.000000
52,-1,55.0,137.0,21.0,16.0,1.000000
52,-1,135.0,249.0,15.0,14.0,1.000000
52,-1,172.0,216.0,14.0,13.0,1.000000
52,-1,200.0,248.0,12.0,12.0,1.000000
52,-1,210.0,134.0,21.0,18.0,1.000000
52,-1,217.0,311.0,16.0,14.0,1.000000
52,-1,258.0,268.0,14.0,14.0,1.000000
52,-1,298.0,300.0,13.0,14.0,1.000000
52,-1,315.0,206.0,14.0,14.0,1.000000
52,-1,325.0,379.0,13.0,12.0,1.000000
52,-1,330.0,302.0,13.0,12.0,1.000000
52,-1,382.0,330.0,13.0,12.0,1.000000
52,-1,383.0,277.0,13.0,14.0,1.000000
52,-1,387.0,126.0,17.0,17.0,1.000000
52,-1,437.0,314.0,12.0,13.0,1.000000
52,-1,448.0,214.0,15.0,13.0,1.000000
52,-1,512.0,255.0,12.0,12.0,1.000000
52,-1,547.0,162.0,14.0,12.0,1.000000
52,-1,589.0,207.0,14.0,13.0,1.000000
52,-1,700.0,142.0,18.0,16.0,1.000000
53,-1,35.0,173.0,15.0,14.0,1.000000
53,-1,54.0,139.0,21.0,16.0,1.000000
53,-1,135.0,250.0,15.0,14.0,1.000000
53,-1,172.0,217.0,13.0,13.0,1.000000
53,-1,200.0,249.0,12.0,12.0,1.000000
53,-1,209.0,136.0,21.0,19.0,1.000000
53,-1,217.0,312.0,16.0,14.0,1.000000
53,-1,258.0,269.0,14.0,14.0,1.000000
53,-1,299.0,300.0,14.0,15.0,1.000000
53,-1,315.0,207.0,14.0,14.0,1.000000
53,-1,327.0,380.0,13.0,12.0,1.000000
53,-1,330.0,302.0,13.0,12.0,1.000000
53,-1,382.0,331.0,13.0,12.0,1.000000
53,-1,383.0,278.0,13.0,14.0,1.000000
53,-1,385.0,126.0,17.0,17.0,1.000000
53,-1,438.0,314.0,12.0,13.0,1.000000
53,-1,448.0,215.0,15.0,13.0,1.000000
53,-1,512.0,256.0,12.0,12.0,1.000000
53,-1,546.0,163.0,14.0,12.0,1.000000
53,-1,589.0,207.0,14.0,13.0,1.000000
53,-1,699.0,142.0,18.0,16.0,1.000000
54,-1,36.0,176.0,15.0,14.0,1.000000
54,-1,53.0,142.0,21.0,16.0,1.000000
54,-1,137.0,254.0,15.0,14.0,1.000000
54,-1,172.0,220.0,14.0,13.0,1.000000
54,-1,203.0,252.0,12.0,12.0,1.000000
54,-1,208.0,138.0,20.0,18.0,1.000000
54,-1,219.0,315.0,16.0,14.0,1.000000
54,-1,259.0,272.0,14.0,14.0,1.000000
54,-1,301.0,303.0,14.0,15.0,1.000000
54,-1,315.0,209.0,14.0,14.0,1.000000
54,-1,331.0,383.0,13.0,12.0,1.000000
54,-1,332.0,305.0,13.0,12.0,1.000000
54,-1,384.0,128.0,17.0,17.0,1.000000
54,-1,385.0,280.0,13.0,14.0,1.000000
54,-1,385.0,333.0,12.0,11.0,1.000000
54,-1,440.0,317.0,12.0,13.0,1.000000
54,-1,448.0,216.0,15.0,13.0,1.000000
54,-1,513.0,258.0,12.0,12.0,1.000000
54,-1,545.0,164.0,13.0,12.0,1.000000
54,-1,590.0,208.0,14.0,13.0,1.000000
54,-1,699.0,142.0,18.0,16.0,1.000000
55,-1,36.0,176.0,15.0,14.0,1.000000
55,-1,53.0,142.0,21.0,16.0,1.000000
55,-1,137.0,254.0,15.0,14.0,1.000000
55,-1,172.0,220.0,14.0,13.0,1.000000
55,-1,203.0,252.0,12.0,12.0,1.000000
55,-1,208.0,138.0,20.0,18.0,1.000000
55,-1,219.0,315.0,16.0,14.0,1.000000
55,-1,259.0,272.0,14.0,14.0,1.000000
55,-1,301.0,303.0,14.0,15.0,1.000000
55,-1,315.0,209.0,14.0,14.0,1.000000
55,-1,331.0,383.0,13.0,12.0,1.000000
55,-1,332.0,305.0,13.0,12.0,1.000000
55,-1,384.0,128.0,17.0,17.0,1.000000
55,-1,385.0,280.0,13.0,14.0,1.000000
55,-1,385.0,333.0,12.0,11.0,1.000000
55,-1,440.0,317.0,12.0,13.0,1.000000
55,-1,448.0,216.0,15.0,13.0,1.000000
55,-1,513.0,258.0,12.0,12.0,1.000000
55,-1,545.0,164.0,13.0,12.0,1.000000
55,-1,590.0,208.0,14.0,13.0,1.000000
55,-1,699.0,142.0,18.0,16.0,1.000000
56,-1,37.0,178.0,15.0,14.0,1.000000
56,-1,54.0,145.0,21.0,16.0,1.000000
56,-1,138.0,255.0,14.0,14.0,1.000000
56,-1,172.0,222.0,14.0,13.0,1.000000
56,-1,203.0,253.0,12.0,12.0,1.000000
56,-1,208.0,140.0,21.0,19.0,1.000000
56,-1,220.0,317.0,16.0,14.0,1.000000
56,-1,260.0,274.0,14.0,14.0,1.000000
56,-1,303.0,305.0,14.0,15.0,1.000000
56,-1,315.0,211.0,14.0,14.0,1.000000
56,-1,333.0,307.0,13.0,12.0,1.000000
56,-1,333.0,385.0,13.0,12.0,1.000000
56,-1,384.0,130.0,17.0,17.0,1.000000
56,-1,385.0,282.0,13.0,14.0,1.000000
56,-1,386.0,335.0,12.0,11.0,1.000000
56,-1,441.0,318.0,12.0,13.0,1.000000
56,-1,448.0,218.0,15.0,13.0,1.000000
56,-1,514.0,259.0,12.0,12.0,1.000000
56,-1,544.0,165.0,14.0,12.0,1.000000
56,-1,590.0,209.0,15.0,13.0,1.000000
56,-1,699.0,142.0,18.0,16.0,1.000000
57,-1,37.0,180.0,15.0,14.0,1.000000
57,-1,53.0,147.0,21.0,16.0,1.000000
57,-1,138.0,257.0,14.0,13.0,1.000000
57,-1,172.0,223.0,14.0,13.0,1.000000
57,-1,203.0,255.0,11.0,11.0,1.000000
57,-1,206.0,142.0,21.0,19.0,1.000000
57,-1,221.0,318.0,16.0,14.0,1.000000
57,-1,260.0,275.0,14.0,14.0,1.000000
57,-1,303.0,306.0,14.0,15.0,1.000000
57,-1,314.0,212.0,14.0,14.0,1.000000
57,-1,333.0,308.0,13.0,12.0,1.000000
57,-1,334.0,385.0,13.0,12.0,1.000000
57,-1,382.0,130.0,17.0,17.0,1.000000
57,-1,385.0,283.0,13.0,14.0,1.000000
57,-1,387.0,336.0,12.0,11.0,1.000000
57,-1,441.0,319.0,12.0,13.0,1.000000
57,-1,448.0,218.0,15.0,13.0,1.000000
57,-1,514.0,260.0,12.0,12.0,1.000000
57,-1,543.0,165.0,13.0,11.0,1.000000
57,-1,589.0,209.0,14.0,13.0,1.000000
57,-1,698.0,142.0,18.0,16.0,1.000000
58,-1,38.0,181.0,15.0,14.0,1.000000
58,-1,53.0,148.0,20.0,16.0,1.000000
58,-1,140.0,257.0,14.0,13.0,1.000000
58,-1,172.0,224.0,14.0,13.0,1.000000
58,-1,205.0,255.0,11.0,11.0,1.000000
58,-1,206.0,142.0,21.0,19.0,1.000000
58,-1,223.0,318.0,16.0,14.0,1.000000
58,-1,261.0,275.0,14.0,14.0,1.000000
58,-1,305.0,306.0,14.0,15.0,1.000000
58,-1,315.0,212.0,14.0,14.0,1.000000
58,-1,335.0,308.0,13.0,12.0,1.000000
58,-1,337.0,385.0,12.0,12.0,1.000000
58,-1,382.0,130.0,17.0,17.0,1.000000
58,-1,386.0,282.0,13.0,14.0,1.000000
58,-1,389.0,335.0,12.0,11.0,1.000000
58,-1,443.0,319.0,12.0,13.0,1.000000
58,-1,448.0,218.0,15.0,13.0,1.000000
58,-1,516.0,259.0,12.0,12.0,1.000000
58,-1,542.0,164.0,14.0,12.0,1.000000
58,-1,590.0,209.0,14.0,13.0,1.000000
58,-1,698.0,140.0,19.0,16.0,1.000000
59,-1,38.0,183.0,15.0,14.0,1.000000
59,-1,51.0,149.0,21.0,16.0,1.000000
59,-1,139.0,258.0,14.0,14.0,1.000000
59,-1,171.0,224.0,14.0,13.0,1.000000
59,-1,203.0,142.0,21.0,19.0,1.000000
59,-1,204.0,255.0,11.0,11.0,1.000000
59,-1,223.0,318.0,16.0,14.0,1.000000
59,-1,260.0,275.0,14.0,14.0,1.000000
59,-1,306.0,306.0,14.0,15.0,1.000000
59,-1,313.0,212.0,14.0,14.0,1.000000
59,-1,335.0,307.0,13.0,12.0,1.000000
59,-1,338.0,385.0,12.0,12.0,1.000000
59,-1,379.0,130.0,17.0,17.0,1.000000
59,-1,385.0,282.0,13.0,14.0,1.000000
59,-1,389.0,335.0,12.0,11.0,1.000000
59,-1,443.0,318.0,12.0,13.0,1.000000
59,-1,447.0,217.0,15.0,13.0,1.000000
59,-1,515.0,258.0,12.0,12.0,1.000000
59,-1,540.0,162.0,13.0,11.0,1.000000
59,-1,589.0,207.0,14.0,13.0,1.000000
59,-1,697.0,137.0,18.0,16.0,1.000000
60,-1,38.0,183.0,15.0,14.0,1.000000
60,-1,51.0,149.0,21.0,16.0,1.000000
60,-1,139.0,258.0,14.0,14.0,1.000000
60,-1,171.0,224.0,14.0,13.0,1.000000
60,-1,203.0,142.0,21.0,19.0,1.000000
60,-1,204.0,255.0,11.0,11.0,1.000000
60,-1,223.0,318.0,16.0,14.0,1.000000
60,-1,260.0,275.0,14.0,14.0,1.000000
60,-1,306.0,306.0,14.0,15.0,1.000000
60,-1,313.0,212.0,14.0,14.0,1.000000
60,-1,335.0,307.0,13.0,12.0,1.000000
60,-1,338.0,385.0,12.0,12.0,1.000000
60,-1,379.0,130.0,17.0,17.0,1.000000
60,-1,385.0,282.0,13.0,14.0,1.000000
60,-1,389.0,335.0,12.0,11.0,1.000000
60,-1,443.0,318.0,12.0,13.0,1.000000
60,-1,447.0,217.0,15.0,13.0,1.000000
60,-1,515.0,258.0,12.0,12.0,1.000000
60,-1,540.0,162.0,13.0,11.0,1.000000
60,-1,589.0,207.0,14.0,13.0,1.000000
60,-1,697.0,137.0,18.0,16.0,1.000000
61,-1,34.0,184.0,15.0,14.0,1.000000
61,-1,47.0,150.0,20.0,16.0,1.000000
61,-1,136.0,259.0,15.0,14.0,1.000000
61,-1,167.0,226.0,14.0,13.0,1.000000
61,-1,199.0,143.0,21.0,19.0,1.000000
61,-1,200.0,256.0,11.0,11.0,1.000000
61,-1,220.0,320.0,16.0,14.0,1.000000
61,-1,258.0,276.0,14.0,14.0,1.000000
61,-1,304.0,307.0,14.0,15.0,1.000000
61,-1,310.0,213.0,14.0,14.0,1.000000
61,-1,333.0,309.0,13.0,12.0,1.000000
61,-1,337.0,386.0,12.0,12.0,1.000000
61,-1,375.0,130.0,17.0,17.0,1.000000
61,-1,382.0,283.0,13.0,14.0,1.000000
61,-1,388.0,336.0,12.0,11.0,1.000000
61,-1,440.0,319.0,12.0,14.0,1.000000
61,-1,443.0,217.0,15.0,13.0,1.000000
61,-1,512.0,259.0,12.0,12.0,1.000000
61,-1,536.0,162.0,13.0,11.0,1.000000
61,-1,585.0,207.0,14.0,13.0,1.000000
61,-1,693.0,137.0,18.0,16.0,1.000000
62,-1,31.0,187.0,15.0,14.0,1.000000
62,-1,43.0,152.0,20.0,15.0,1.000000
62,-1,133.0,261.0,15.0,14.0,1.000000
62,-1,164.0,227.0,14.0,13.0,1.000000
62,-1,195.0,145.0,20.0,18.0,1.000000
62,-1,198.0,258.0,11.0,11.0,1.000000
62,-1,219.0,321.0,16.0,14.0,1.000000
62,-1,255.0,277.0,14.0,14.0,1.000000
62,-1,302.0,308.0,14.0,15.0,1.000000
62,-1,306.0,213.0,14.0,14.0,1.000000
62,-1,330.0,309.0,13.0,12.0,1.000000
62,-1,336.0,386.0,12.0,12.0,1.000000
62,-1,371.0,131.0,17.0,17.0,1.000000
62,-1,380.0,283.0,13.0,14.0,1.000000
62,-1,386.0,336.0,12.0,12.0,1.000000
62,-1,438.0,319.0,12.0,13.0,1.000000
62,-1,440.0,218.0,15.0,13.0,1.000000
62,-1,510.0,259.0,12.0,12.0,1.000000
62,-1,531.0,162.0,13.0,11.0,1.000000
62,-1,582.0,207.0,14.0,13.0,1.000000
62,-1,688.0,136.0,18.0,16.0,1.000000
63,-1,29.0,187.0,15.0,14.0,1.000000
63,-1,40.0,152.0,20.0,15.0,1.000000
63,-1,132.0,261.0,15.0,14.0,1.000000
63,-1,162.0,227.0,14.0,13.0,1.000000
63,-1,192.0,145.0,20.0,18.0,1.000000
63,-1,196.0,256.0,11.0,11.0,1.000000
63,-1,218.0,321.0,16.0,14.0,1.000000
63,-1,254.0,276.0,14.0,14.0,1.000000
63,-1,302.0,308.0,14.0,15.0,1.000000
63,-1,305.0,213.0,14.0,14.0,1.000000
63,-1,330.0,309.0,13.0,12.0,1.000000
63,-1,337.0,386.0,12.0,12.0,1.000000
63,-1,368.0,130.0,17.0,17.0,1.000000
63,-1,379.0,283.0,13.0,14.0,1.000000
63,-1,386.0,336.0,12.0,11.0,1.000000
63,-1,438.0,218.0,15.0,13.0,1.000000
63,-1,438.0,318.0,12.0,13.0,1.000000
63,-1,508.0,258.0,12.0,12.0,1.000000
63,-1,529.0,161.0,13.0,11.0,1.000000
63,-1,580.0,206.0,14.0,13.0,1.000000
63,-1,686.0,134.0,18.0,16.0,1.000000
64,-1,32.0,187.0,15.0,14.0,1.000000
64,-1,41.0,152.0,20.0,15.0,1.000000
64,-1,135.0,260.0,15.0,14.0,1.000000
64,-1,164.0,226.0,14.0,13.0,1.000000
64,-1,192.0,144.0,20.0,18.0,1.000000
64,-1,199.0,256.0,11.0,11.0,1.000000
64,-1,222.0,320.0,16.0,14.0,1.000000
64,-1,257.0,275.0,14.0,14.0,1.000000
64,-1,306.0,211.0,14.0,14.0,1.000000
64,-1,306.0,307.0,14.0,15.0,1.000000
64,-1,333.0,308.0,13.0,12.0,1.000000
64,-1,343.0,385.0,12.0,12.0,1.000000
64,-1,368.0,128.0,17.0,17.0,1.000000
64,-1,381.0,281.0,13.0,14.0,1.000000
64,-1,390.0,335.0,12.0,11.0,1.000000
64,-1,439.0,216.0,14.0,13.0,1.000000
64,-1,442.0,316.0,12.0,13.0,1.000000
64,-1,511.0,256.0,12.0,12.0,1.000000
64,-1,529.0,158.0,13.0,11.0,1.000000
64,-1,582.0,203.0,14.0,13.0,1.000000
64,-1,687.0,130.0,18.0,16.0,1.000000
65,-1,32.0,187.0,15.0,14.0,1.000000
65,-1,41.0,152.0,20.0,15.0,1.000000
65,-1,135.0,260.0,15.0,14.0,1.000000
65,-1,164.0,226.0,14.0,13.0,1.000000
65,-1,192.0,144.0,20.0,18.0,1.000000
65,-1,199.0,256.0,11.0,11.0,1.000000
65,-1,222.0,320.0,16.0,14.0,1.000000
65,-1,257.0,275.0,14.0,14.0,1.000000
65,-1,306.0,211.0,14.0,14.0,1.000000
65,-1,306.0,307.0,14.0,15.0,1.000000
65,-1,333.0,308.0,13.0,12.0,1.000000
65,-1,343.0,385.0,12.0,12.0,1.000000
65,-1,368.0,128.0,17.0,17.0,1.000000
65,-1,381.0,281.0,13.0,14.0,1.000000
65,-1,390.0,335.0,12.0,11.0,1.000000
65,-1,439.0,216.0,14.0,13.0,1.000000
65,-1,442.0,316.0,12.0,13.0,1.000000
65,-1,511.0,256.0,12.0,12.0,1.000000
65,-1,529.0,158.0,13.0,11.0,1.000000
65,-1,582.0,203.0,14.0,13.0,1.000000
65,-1,687.0,130.0,18.0,16.0,1.000000
66,-1,34.0,188.0,15.0,14.0,1.000000
66,-1,42.0,153.0,20.0,15.0,1.000000
66,-1,137.0,261.0,15.0,14.0,1.000000
66,-1,165.0,227.0,14.0,13.0,1.000000
66,-1,192.0,145.0,20.0,18.0,1.000000
66,-1,200.0,256.0,11.0,11.0,1.000000
66,-1,224.0,320.0,16.0,14.0,1.000000
66,-1,258.0,276.0,14.0,14.0,1.000000
66,-1,307.0,212.0,14.0,14.0,1.000000
66,-1,308.0,307.0,14.0,15.0,1.000000
66,-1,335.0,308.0,13.0,12.0,1.000000
66,-1,345.0,385.0,12.0,12.0,1.000000
66,-1,368.0,128.0,17.0,17.0,1.000000
66,-1,383.0,281.0,13.0,14.0,1.000000
66,-1,392.0,335.0,12.0,11.0,1.000000
66,-1,440.0,216.0,14.0,13.0,1.000000
66,-1,443.0,316.0,12.0,13.0,1.000000
66,-1,512.0,256.0,12.0,12.0,1.000000
66,-1,528.0,157.0,13.0,11.0,1.000000
66,-1,583.0,202.0,14.0,13.0,1.000000
66,-1,688.0,129.0,18.0,16.0,1.000000
67,-1,33.0,190.0,15.0,14.0,1.000000
67,-1,41.0,155.0,20.0,15.0,1.000000
67,-1,137.0,262.0,15.0,14.0,1.000000
67,-1,164.0,228.0,14.0,13.0,1.000000
67,-1,191.0,146.0,20.0,18.0,1.000000
67,-1,200.0,256.0,11.0,11.0,1.000000
67,-1,224.0,321.0,16.0,14.0,1.000000
67,-1,258.0,276.0,14.0,14.0,1.000000
67,-1,306.0,212.0,14.0,14.0,1.000000
67,-1,309.0,308.0,14.0,15.0,1.000000
67,-1,335.0,308.0,13.0,12.0,1.000000
67,-1,346.0,385.0,12.0,12.0,1.000000
67,-1,366.0,129.0,17.0,17.0,1.000000
67,-1,382.0,282.0,13.0,14.0,1.000000
67,-1,392.0,335.0,12.0,11.0,1.000000
67,-1,439.0,216.0,14.0,13.0,1.000000
67,-1,443.0,317.0,12.0,13.0,1.000000
67,-1,512.0,256.0,12.0,12.0,1.000000
67,-1,527.0,157.0,13.0,11.0,1.000000
67,-1,582.0,202.0,14.0,13.0,1.000000
67,-1,687.0,128.0,18.0,16.0,1.000000
68,-1,34.0,191.0,15.0,14.0,1.000000
68,-1,40.0,155.0,21.0,16.0,1.000000
68,-1,137.0,262.0,15.0,14.0,1.000000
68,-1,164.0,228.0,14.0,13.0,1.000000
68,-1,190.0,146.0,20.0,18.0,1.000000
68,-1,200.0,256.0,11.0,11.0,1.000000
68,-1,225.0,321.0,16.0,14.0,1.000000
68,-1,258.0,276.0,14.0,14.0,1.000000
68,-1,306.0,212.0,14.0,14.0,1.000000
68,-1,310.0,308.0,14.0,15.0,1.000000
68,-1,336.0,308.0,13.0,12.0,1.000000
68,-1,348.0,385.0,12.0,12.0,1.000000
68,-1,365.0,129.0,17.0,17.0,1.000000
68,-1,383.0,282.0,13.0,14.0,1.000000
68,-1,394.0,335.0,12.0,11.0,1.000000
68,-1,439.0,216.0,15.0,13.0,1.000000
68,-1,444.0,316.0,12.0,13.0,1.000000
68,-1,512.0,256.0,12.0,12.0,1.000000
68,-1,526.0,156.0,13.0,11.0,1.000000
68,-1,582.0,201.0,14.0,13.0,1.000000
68,-1,686.0,127.0,18.0,16.0,1.000000
69,-1,37.0,192.0,15.0,14.0,1.000000
69,-1,42.0,156.0,20.0,15.0,1.000000
69,-1,141.0,262.0,15.0,14.0,1.000000
69,-1,166.0,228.0,14.0,13.0,1.000000
69,-1,189.0,146.0,20.0,18.0,1.000000
69,-1,203.0,256.0,11.0,11.0,1.000000
69,-1,229.0,320.0,16.0,14.0,1.000000
69,-1,261.0,275.0,13.0,13.0,1.000000
69,-1,307.0,211.0,14.0,14.0,1.000000
69,-1,314.0,307.0,14.0,15.0,1.000000
69,-1,340.0,307.0,13.0,12.0,1.000000
69,-1,353.0,383.0,12.0,12.0,1.000000
69,-1,365.0,127.0,17.0,17.0,1.000000
69,-1,385.0,280.0,13.0,14.0,1.000000
69,-1,398.0,333.0,12.0,11.0,1.000000
69,-1,440.0,214.0,15.0,13.0,1.000000
69,-1,448.0,315.0,12.0,13.0,1.000000
69,-1,515.0,253.0,12.0,12.0,1.000000
69,-1,526.0,154.0,13.0,11.0,1.000000
69,-1,584.0,198.0,14.0,13.0,1.000000
69,-1,687.0,122.0,18.0,16.0,1.000000
70,-1,37.0,192.0,15.0,14.0,1.000000
70,-1,42.0,156.0,20.0,15.0,1.000000
70,-1,141.0,262.0,15.0,14.0,1.000000
70,-1,166.0,228.0,14.0,13.0,1.000000
70,-1,189.0,146.0,20.0,18.0,1.000000
70,-1,203.0,256.0,11.0,11.0,1.000000
70,-1,229.0,320.0,16.0,14.0,1.000000
70,-1,261.0,275.0,13.0,13.0,1.000000
70,-1,307.0,211.0,14.0,14.0,1.000000
70,-1,314.0,307.0,14.0,15.0,1.000000
70,-1,340.0,307.0,13.0,12.0,1.000000
70,-1,353.0,383.0,12.0,12.0,1.000000
70,-1,365.0,127.0,17.0,17.0,1.000000
70,-1,385.0,280.0,13.0,14.0,1.000000
70,-1,398.0,333.0,12.0,11.0,1.000000
70,-1,440.0,214.0,15.0,13.0,1.000000
70,-1,448.0,315.0,12.0,13.0,1.000000
70,-1,515.0,253.0,12.0,12.0,1.000000
70,-1,526.0,154.0,13.0,11.0,1.000000
70,-1,584.0,198.0,14.0,13.0,1.000000
70,-1,687.0,122.0,18.0,16.0,1.000000
71,-1,38.0,193.0,15.0,14.0,1.000000
71,-1,42.0,157.0,20.0,15.0,1.000000
71,-1,142.0,264.0,15.0,14.0,1.000000
71,-1,167.0,229.0,14.0,13.0,1.000000
71,-1,189.0,147.0,20.0,18.0,1.000000
71,-1,205.0,257.0,10.0,10.0,1.000000
71,-1,230.0,321.0,16.0,14.0,1.000000
71,-1,262.0,276.0,14.0,14.0,1.000000
71,-1,307.0,212.0,14.0,14.0,1.000000
71,-1,316.0,308.0,14.0,15.0,1.000000
71,-1,340.0,308.0,13.0,12.0,1.000000
71,-1,356.0,385.0,12.0,12.0,1.000000
71,-1,364.0,128.0,17.0,17.0,1.000000
71,-1,386.0,281.0,13.0,14.0,1.000000
71,-1,399.0,334.0,12.0,11.0,1.000000
71,-1,440.0,215.0,15.0,13.0,1.000000
71,-1,449.0,315.0,12.0,13.0,1.000000
71,-1,515.0,254.0,12.0,12.0,1.000000
71,-1,525.0,154.0,13.0,11.0,1.000000
71,-1,584.0,198.0,14.0,13.0,1.000000
71,-1,687.0,121.0,18.0,16.0,1.000000
72,-1,40.0,194.0,15.0,14.0,1.000000
72,-1,43.0,159.0,20.0,15.0,1.000000
72,-1,144.0,264.0,15.0,14.0,1.000000
72,-1,168.0,230.0,14.0,13.0,1.000000
72,-1,189.0,148.0,20.0,18.0,1.000000
72,-1,206.0,257.0,10.0,10.0,1.000000
72,-1,232.0,321.0,16.0,14.0,1.000000
72,-1,263.0,276.0,14.0,14.0,1.000000
72,-1,308.0,212.0,14.0,14.0,1.000000
72,-1,318.0,309.0,14.0,15.0,1.000000
72,-1,342.0,308.0,13.0,12.0,1.000000
72,-1,359.0,385.0,12.0,12.0,1.000000
72,-1,364.0,129.0,17.0,17.0,1.000000
72,-1,387.0,281.0,13.0,14.0,1.000000
72,-1,402.0,334.0,12.0,11.0,1.000000
72,-1,441.0,215.0,15.0,13.0,1.000000
72,-1,450.0,315.0,12.0,13.0,1.000000
72,-1,517.0,254.0,12.0,12.0,1.000000
72,-1,525.0,154.0,13.0,11.0,1.000000
72,-1,585.0,198.0,14.0,13.0,1.000000
72,-1,687.0,120.0,18.0,16.0,1.000000
73,-1,41.0,195.0,15.0,14.0,1.000000
73,-1,43.0,160.0,20.0,15.0,1.000000
73,-1,145.0,265.0,15.0,14.0,1.000000
73,-1,168.0,231.0,14.0,13.0,1.000000
73,-1,189.0,148.0,20.0,18.0,1.000000
73,-1,208.0,258.0,10.0,10.0,1.000000
73,-1,234.0,322.0,16.0,14.0,1.000000
73,-1,265.0,276.0,14.0,14.0,1.000000
73,-1,308.0,212.0,14.0,14.0,1.000000
73,-1,320.0,309.0,14.0,15.0,1.000000
73,-1,344.0,308.0,13.0,12.0,1.000000
73,-1,361.0,385.0,12.0,12.0,1.000000
73,-1,364.0,128.0,17.0,17.0,1.000000
73,-1,388.0,281.0,13.0,14.0,1.000000
73,-1,404.0,334.0,12.0,11.0,1.000000
73,-1,441.0,214.0,15.0,13.0,1.000000
73,-1,452.0,315.0,12.0,13.0,1.000000
73,-1,518.0,253.0,12.0,12.0,1.000000
73,-1,525.0,152.0,13.0,11.0,1.000000
73,-1,586.0,197.0,14.0,13.0,1.000000
73,-1,688.0,119.0,18.0,16.0,1.000000
74,-1,43.0,198.0,15.0,14.0,1.000000
74,-1,44.0,162.0,20.0,15.0,1.000000
74,-1,148.0,267.0,15.0,14.0,1.000000
74,-1,170.0,232.0,14.0,13.0,1.000000
74,-1,188.0,149.0,20.0,18.0,1.000000
74,-1,209.0,259.0,11.0,11.0,1.000000
74,-1,237.0,323.0,16.0,14.0,1.000000
74,-1,266.0,278.0,14.0,14.0,1.000000
74,-1,309.0,213.0,14.0,14.0,1.000000
74,-1,324.0,310.0,14.0,15.0,1.000000
74,-1,347.0,309.0,13.0,12.0,1.000000
74,-1,363.0,129.0,17.0,17.0,1.000000
74,-1,366.0,385.0,12.0,12.0,1.000000
74,-1,390.0,281.0,13.0,14.0,1.000000
74,-1,407.0,335.0,12.0,11.0,1.000000
74,-1,441.0,215.0,15.0,13.0,1.000000
74,-1,455.0,316.0,12.0,13.0,1.000000
74,-1,520.0,253.0,12.0,12.0,1.000000
74,-1,523.0,151.0,13.0,11.0,1.000000
74,-1,586.0,196.0,14.0,13.0,1.000000
74,-1,688.0,116.0,18.0,16.0,1.000000
75,-1,43.0,198.0,15.0,14.0,1.000000
75,-1,44.0,162.0,20.0,15.0,1.000000
75,-1,148.0,267.0,15.0,14.0,1.000000
75,-1,170.0,232.0,14.0,13.0,1.000000
75,-1,188.0,149.0,20.0,18.0,1.000000
75,-1,209.0,259.0,11.0,11.0,1.000000
75,-1,237.0,323.0,16.0,14.0,1.000000
75,-1,266.0,278.0,14.0,14.0,1.000000
75,-1,309.0,213.0,14.0,14.0,1.000000
75,-1,324.0,310.0,14.0,15.0,1.000000
75,-1,347.0,309.0,13.0,12.0,1.000000
75,-1,363.0,129.0,17.0,17.0,1.000000
75,-1,366.0,385.0,12.0,12.0,1.000000
75,-1,390.0,281.0,13.0,14.0,1.000000
75,-1,407.0,335.0,12.0,11.0,1.000000
75,-1,441.0,215.0,15.0,13.0,1.000000
75,-1,455.0,316.0,12.0,13.0,1.000000
75,-1,520.0,253.0,12.0,12.0,1.000000
75,-1,523.0,151.0,13.0,11.0,1.000000
75,-1,586.0,196.0,14.0,13.0,1.000000
75,-1,688.0,116.0,18.0,16.0,1.000000
76,-1,45.0,199.0,15.0,14.0,1.000000
76,-1,46.0,164.0,20.0,15.0,1.000000
76,-1,150.0,268.0,15.0,14.0,1.000000
76,-1,172.0,233.0,14.0,13.0,1.000000
76,-1,190.0,151.0,19.0,17.0,1.000000
76,-1,211.0,259.0,11.0,11.0,1.000000
76,-1,240.0,324.0,16.0,14.0,1.000000
76,-1,269.0,278.0,13.0,13.0,1.000000
76,-1,311.0,214.0,14.0,14.0,1.000000
76,-1,327.0,311.0,14.0,15.0,1.000000
76,-1,349.0,310.0,13.0,12.0,1.000000
76,-1,364.0,129.0,17.0,17.0,1.000000
76,-1,369.0,385.0,12.0,12.0,1.000000
76,-1,392.0,282.0,13.0,14.0,1.000000
76,-1,410.0,336.0,12.0,11.0,1.000000
76,-1,443.0,215.0,15.0,13.0,1.000000
76,-1,458.0,316.0,12.0,13.0,1.000000
76,-1,522.0,254.0,12.0,12.0,1.000000
76,-1,524.0,152.0,13.0,11.0,1.000000
76,-1,588.0,196.0,14.0,13.0,1.000000
76,-1,689.0,116.0,18.0,16.0,1.000000
77,-1,47.0,165.0,20.0,15.0,1.000000
77,-1,48.0,201.0,15.0,14.0,1.000000
77,-1,152.0,269.0,15.0,14.0,1.000000
77,-1,173.0,235.0,14.0,13.0,1.000000
77,-1,190.0,152.0,20.0,18.0,1.000000
77,-1,212.0,260.0,11.0,11.0,1.000000
77,-1,241.0,325.0,16.0,14.0,1.000000
77,-1,270.0,279.0,14.0,14.0,1.000000
77,-1,311.0,215.0,14.0,14.0,1.000000
77,-1,329.0,312.0,14.0,15.0,1.000000
77,-1,350.0,311.0,13.0,12.0,1.000000
77,-1,364.0,130.0,17.0,17.0,1.000000
77,-1,372.0,386.0,12.0,12.0,1.000000
77,-1,393.0,283.0,13.0,14.0,1.000000
77,-1,412.0,336.0,12.0,11.0,1.000000
77,-1,443.0,216.0,15.0,13.0,1.000000
77,-1,459.0,317.0,12.0,13.0,1.000000
77,-1,523.0,254.0,12.0,12.0,1.000000
77,-1,524.0,152.0,13.0,11.0,1.000000
77,-1,589.0,196.0,14.0,13.0,1.000000
77,-1,690.0,115.0,18.0,16.0,1.000000
78,-1,46.0,168.0,20.0,15.0,1.000000
78,-1,47.0,203.0,15.0,14.0,1.000000
78,-1,151.0,271.0,15.0,14.0,1.000000
78,-1,172.0,236.0,14.0,13.0,1.000000
78,-1,188.0,153.0,20.0,18.0,1.000000
78,-1,212.0,261.0,11.0,11.0,1.000000
78,-1,241.0,326.0,16.0,14.0,1.000000
78,-1,269.0,280.0,14.0,14.0,1.000000
78,-1,311.0,216.0,14.0,14.0,1.000000
78,-1,329.0,313.0,14.0,15.0,1.000000
78,-1,350.0,312.0,13.0,12.0,1.000000
78,-1,362.0,131.0,17.0,17.0,1.000000
78,-1,372.0,387.0,12.0,12.0,1.000000
78,-1,392.0,284.0,13.0,14.0,1.000000
78,-1,412.0,337.0,12.0,11.0,1.000000
78,-1,442.0,216.0,15.0,13.0,1.000000
78,-1,459.0,318.0,12.0,13.0,1.000000
78,-1,522.0,152.0,13.0,11.0,1.000000
78,-1,523.0,255.0,12.0,12.0,1.000000
78,-1,588.0,196.0,14.0,13.0,1.000000
78,-1,688.0,115.0,18.0,16.0,1.000000
79,-1,45.0,171.0,20.0,15.0,1.000000
79,-1,47.0,206.0,15.0,14.0,1.000000
79,-1,153.0,273.0,15.0,14.0,1.000000
79,-1,172.0,238.0,14.0,13.0,1.000000
79,-1,186.0,155.0,20.0,18.0,1.000000
79,-1,213.0,263.0,11.0,11.0,1.000000
79,-1,244.0,328.0,16.0,14.0,1.000000
79,-1,270.0,282.0,14.0,14.0,1.000000
79,-1,310.0,216.0,14.0,14.0,1.000000
79,-1,332.0,315.0,14.0,15.0,1.000000
79,-1,352.0,313.0,13.0,12.0,1.000000
79,-1,360.0,132.0,17.0,17.0,1.000000
79,-1,376.0,388.0,12.0,12.0,1.000000
79,-1,393.0,284.0,13.0,14.0,1.000000
79,-1,415.0,339.0,12.0,11.0,1.000000
79,-1,442.0,217.0,15.0,13.0,1.000000
79,-1,461.0,319.0,12.0,13.0,1.000000
79,-1,519.0,152.0,13.0,11.0,1.000000
79,-1,523.0,255.0,12.0,12.0,1.000000
79,-1,588.0,196.0,13.0,13.0,1.000000
79,-1,686.0,113.0,18.0,16.0,1.000000
80,-1,45.0,171.0,20.0,15.0,1.000000
80,-1,47.0,206.0,15.0,14.0,1.000000
80,-1,153.0,273.0,15.0,14.0,1.000000
80,-1,172.0,238.0,14.0,13.0,1.000000
80,-1,186.0,155.0,20.0,18.0,1.000000
80,-1,213.0,263.0,11.0,11.0,1.000000
80,-1,244.0,328.0,16.0,14.0,1.000000
80,-1,270.0,282.0,14.0,14.0,1.000000
80,-1,310.0,216.0,14.0,14.0,1.000000
80,-1,332.0,315.0,14.0,15.0,1.000000
80,-1,352.0,313.0,13.0,12.0,1.000000
80,-1,360.0,132.0,17.0,17.0,1.000000
80,-1,376.0,388.0,12.0,12.0,1.000000
80,-1,393.0,284.0,13.0,14.0,1.000000
80,-1,415.0,339.0,12.0,11.0,1.000000
80,-1,442.0,217.0,15.0,13.0,1.000000
80,-1,461.0,319.0,12.0,13.0,1.000000
80,-1,519.0,152.0,13.0,11.0,1.000000
80,-1,523.0,255.0,12.0,12.0,1.000000
80,-1,588.0,196.0,13.0,13.0,1.000000
80,-1,686.0,113.0,18.0,16.0,1.000000
81,-1,47.0,172.0,20.0,15.0,1.000000
81,-1,50.0,207.0,15.0,14.0,1.000000
81,-1,155.0,274.0,15.0,14.0,1.000000
81,-1,174.0,239.0,14.0,13.0,1.000000
81,-1,187.0,156.0,20.0,18.0,1.000000
81,-1,215.0,265.0,10.0,10.0,1.000000
81,-1,246.0,328.0,16.0,14.0,1.000000
81,-1,272.0,282.0,14.0,14.0,1.000000
81,-1,311.0,217.0,14.0,14.0,1.000000
81,-1,334.0,315.0,14.0,15.0,1.000000
81,-1,354.0,313.0,13.0,12.0,1.000000
81,-1,360.0,133.0,17.0,17.0,1.000000
81,-1,379.0,388.0,12.0,12.0,1.000000
81,-1,395.0,285.0,13.0,14.0,1.000000
81,-1,417.0,339.0,12.0,11.0,1.000000
81,-1,443.0,217.0,15.0,13.0,1.000000
81,-1,463.0,319.0,12.0,13.0,1.000000
81,-1,520.0,152.0,13.0,11.0,1.000000
81,-1,525.0,255.0,12.0,12.0,1.000000
81,-1,589.0,196.0,13.0,13.0,1.000000
81,-1,687.0,113.0,18.0,16.0,1.000000
