1,1,208,173,26,21,1,1,1
2,1,207,173,26,21,1,1,1
3,1,207,173,26,21,1,1,1
4,1,206,173,26,21,1,1,1
5,1,206,173,26,21,1,1,1
6,1,205,174,26,21,1,1,1
7,1,205,174,26,21,1,1,1
8,1,204,174,26,21,1,1,1
9,1,204,174,26,21,1,1,1
10,1,203,174,26,21,1,1,1
11,1,203,174,26,21,1,1,1
12,1,202,174,26,21,1,1,1
13,1,202,174,26,21,1,1,1
14,1,201,174,26,21,1,1,1
15,1,200,174,26,21,1,1,1
16,1,200,174,26,21,1,1,1
17,1,199,174,26,21,1,1,1
18,1,199,174,26,21,1,1,1
19,1,198,175,26,21,1,1,1
20,1,198,175,26,21,1,1,1
21,1,196,175,26,21,1,1,1
22,1,196,175,26,21,1,1,1
23,1,195,175,26,21,1,1,1
24,1,195,175,26,21,1,1,1
25,1,194,175,26,21,1,1,1
26,1,194,175,26,21,1,1,1
27,1,192,175,26,21,1,1,1
28,1,192,175,26,21,1,1,1
29,1,191,175,26,21,1,1,1
30,1,191,175,25,21,1,1,1
31,1,190,175,26,21,1,1,1
32,1,190,175,26,21,1,1,1
33,1,188,175,26,21,1,1,1
34,1,188,175,26,21,1,1,1
35,1,187,175,26,21,1,1,1
36,1,187,175,26,21,1,1,1
37,1,186,175,25,21,1,1,1
38,1,186,175,26,21,1,1,1
39,1,186,175,26,21,1,1,1
40,1,186,175,26,21,1,1,1
41,1,185,175,26,21,1,1,1
42,1,185,175,25,21,1,1,1
43,1,185,175,26,21,1,1,1
44,1,185,175,26,21,1,1,1
45,1,185,176,26,21,1,1,1
46,1,185,176,25,21,1,1,1
47,1,185,176,26,21,1,1,1
48,1,185,176,26,21,1,1,1
49,1,185,176,26,21,1,1,1
50,1,185,176,26,21,1,1,1
51,1,185,176,26,21,1,1,1
52,1,186,177,26,21,1,1,1
53,1,186,177,25,21,1,1,1
54,1,187,177,26,21,1,1,1
55,1,187,177,26,21,1,1,1
56,1,188,178,26,21,1,1,1
57,1,188,178,26,21,1,1,1
58,1,189,178,25,20,1,1,1
59,1,189,178,25,20,1,1,1
60,1,190,179,25,20,1,1,1
61,1,189,179,25,20,1,1,1
62,1,190,179,25,20,1,1,1
63,1,190,179,25,21,1,1,1
64,1,191,180,25,21,1,1,1
65,1,191,180,25,21,1,1,1
66,1,192,179,26,23,1,1,1
67,1,192,179,26,23,1,1,1
68,1,193,180,26,23,1,1,1
69,1,193,180,26,23,1,1,1
70,1,193,180,26,23,1,1,1
71,1,193,180,26,23,1,1,1
72,1,193,181,26,23,1,1,1
73,1,194,182,26,23,1,1,1
74,1,194,182,26,23,1,1,1
75,1,194,183,26,23,1,1,1
76,1,193,183,26,23,1,1,1
77,1,194,183,26,23,1,1,1
78,1,194,183,26,23,1,1,1
79,1,193,184,26,23,1,1,1
80,1,193,184,26,23,1,1,1
81,1,193,185,26,23,1,1,1
82,1,193,185,26,23,1,1,1
83,1,193,185,26,23,1,1,1
84,1,193,186,26,23,1,1,1
85,1,193,186,26,23,1,1,1
86,1,193,186,26,23,1,1,1
87,1,193,187,26,23,1,1,1
88,1,193,187,26,23,1,1,1
89,1,193,187,26,23,1,1,1
90,1,193,187,26,23,1,1,1
91,1,193,188,26,23,1,1,1
92,1,193,188,26,23,1,1,1
93,1,193,189,26,23,1,1,1
94,1,193,189,26,23,1,1,1
95,1,194,189,26,23,1,1,1
96,1,194,189,26,23,1,1,1
97,1,195,190,26,23,1,1,1
98,1,195,190,26,23,1,1,1
99,1,196,191,26,23,1,1,1
100,1,196,191,26,23,1,1,1
101,1,197,192,26,23,1,1,1
102,1,197,192,26,23,1,1,1
103,1,197,192,26,23,1,1,1
104,1,198,193,26,23,1,1,1
105,1,198,193,26,23,1,1,1
106,1,199,194,26,23,1,1,1
107,1,199,194,26,23,1,1,1
108,1,201,194,25,23,1,1,1
109,1,201,194,25,23,1,1,1
110,1,202,195,25,22,1,1,1
111,1,202,195,25,22,1,1,1
112,1,203,196,25,23,1,1,1
113,1,203,196,25,23,1,1,1
114,1,204,196,25,22,1,1,1
115,1,204,196,25,22,1,1,1
116,1,205,197,25,22,1,1,1
117,1,205,197,25,22,1,1,1
118,1,206,197,26,23,1,1,1
119,1,206,197,26,23,1,1,1
120,1,208,197,25,22,1,1,1
121,1,208,197,25,22,1,1,1
122,1,208,197,26,23,1,1,1
123,1,208,197,26,23,1,1,1
124,1,210,198,25,22,1,1,1
125,1,210,198,25,22,1,1,1
126,1,211,198,25,22,1,1,1
127,1,211,198,25,22,1,1,1
128,1,213,198,25,22,1,1,1
129,1,213,198,25,22,1,1,1
130,1,215,198,25,22,1,1,1
131,1,216,199,25,22,1,1,1
132,1,216,198,25,22,1,1,1
133,1,218,199,25,22,1,1,1
134,1,218,199,25,22,1,1,1
135,1,220,199,25,22,1,1,1
136,1,220,199,25,22,1,1,1
137,1,221,198,25,23,1,1,1
138,1,222,199,25,22,1,1,1
139,1,224,199,25,22,1,1,1
140,1,224,199,25,22,1,1,1
141,1,226,199,25,22,1,1,1
142,1,226,199,25,22,1,1,1
143,1,229,199,25,22,1,1,1
144,1,229,199,25,22,1,1,1
145,1,231,199,25,22,1,1,1
146,1,231,199,25,22,1,1,1
147,1,234,199,24,21,1,1,1
148,1,234,199,24,21,1,1,1
149,1,236,199,25,22,1,1,1
150,1,236,199,25,22,1,1,1
151,1,238,199,25,22,1,1,1
152,1,238,199,25,22,1,1,1
153,1,241,199,24,22,1,1,1
154,1,241,199,24,22,1,1,1
155,1,243,199,25,22,1,1,1
156,1,243,199,25,22,1,1,1
157,1,245,199,24,22,1,1,1
158,1,245,199,24,22,1,1,1
159,1,247,199,24,22,1,1,1
160,1,248,199,24,22,1,1,1
161,1,248,199,24,22,1,1,1
162,1,250,199,24,22,1,1,1
163,1,250,199,24,22,1,1,1
164,1,249,198,27,23,1,1,1
165,1,249,198,27,23,1,1,1
166,1,252,197,27,23,1,1,1
167,1,252,197,27,23,1,1,1
168,1,254,197,27,23,1,1,1
169,1,254,197,27,23,1,1,1
170,1,256,197,27,23,1,1,1
171,1,256,197,27,23,1,1,1
172,1,259,199,25,21,1,1,1
173,1,259,199,25,21,1,1,1
174,1,260,199,25,21,1,1,1
175,1,260,199,25,21,1,1,1
176,1,262,199,25,21,1,1,1
177,1,262,199,25,21,1,1,1
178,1,263,199,25,21,1,1,1
179,1,263,199,25,21,1,1,1
180,1,264,199,25,21,1,1,1
181,1,264,199,25,21,1,1,1
182,1,265,199,25,21,1,1,1
183,1,265,199,25,21,1,1,1
184,1,266,198,25,21,1,1,1
185,1,266,198,25,21,1,1,1
186,1,266,198,25,21,1,1,1
187,1,266,198,25,21,1,1,1
188,1,267,198,25,21,1,1,1
189,1,267,198,25,21,1,1,1
190,1,267,198,25,21,1,1,1
191,1,267,198,25,21,1,1,1
192,1,267,198,25,21,1,1,1
193,1,267,198,25,21,1,1,1
194,1,267,198,25,21,1,1,1
195,1,267,198,25,21,1,1,1
196,1,267,198,25,21,1,1,1
197,1,266,198,25,21,1,1,1
198,1,266,198,25,21,1,1,1
199,1,266,198,25,21,1,1,1
200,1,266,198,25,21,1,1,1
201,1,265,198,25,21,1,1,1
202,1,265,198,25,21,1,1,1
203,1,264,198,25,21,1,1,1
204,1,264,198,25,21,1,1,1
205,1,264,197,24,21,1,1,1
206,1,264,197,25,21,1,1,1
207,1,263,197,24,20,1,1,1
208,1,263,197,24,20,1,1,1
209,1,262,197,24,20,1,1,1
210,1,262,197,24,20,1,1,1
211,1,262,197,24,20,1,1,1
212,1,262,197,24,20,1,1,1
213,1,261,197,25,21,1,1,1
214,1,261,197,25,21,1,1,1
215,1,260,197,24,20,1,1,1
216,1,260,197,24,20,1,1,1
217,1,260,196,24,20,1,1,1
218,1,260,196,24,20,1,1,1
219,1,260,196,24,20,1,1,1
220,1,260,196,24,20,1,1,1
221,1,260,196,24,20,1,1,1
222,1,260,196,24,20,1,1,1
223,1,260,196,24,20,1,1,1
224,1,260,196,24,20,1,1,1
225,1,260,196,24,20,1,1,1
226,1,260,196,24,20,1,1,1
227,1,260,196,24,20,1,1,1
228,1,260,196,24,20,1,1,1
229,1,260,196,24,20,1,1,1
230,1,260,196,24,20,1,1,1
231,1,260,196,24,20,1,1,1
232,1,260,196,24,20,1,1,1
233,1,260,196,24,20,1,1,1
234,1,260,196,24,20,1,1,1
235,1,260,196,24,20,1,1,1
236,1,260,197,24,20,1,1,1
237,1,260,197,24,20,1,1,1
238,1,260,197,24,20,1,1,1
239,1,261,197,24,20,1,1,1
240,1,261,197,24,20,1,1,1
241,1,261,197,24,20,1,1,1
242,1,261,197,24,20,1,1,1
243,1,261,197,24,20,1,1,1
244,1,261,197,24,20,1,1,1
245,1,262,198,24,20,1,1,1
246,1,262,198,24,20,1,1,1
247,1,262,198,24,20,1,1,1
248,1,262,198,24,20,1,1,1
249,1,262,198,24,20,1,1,1
250,1,262,199,24,20,1,1,1
251,1,262,199,24,20,1,1,1
252,1,262,199,24,20,1,1,1
253,1,262,199,24,20,1,1,1
254,1,263,199,23,20,1,1,1
255,1,263,199,23,20,1,1,1
256,1,263,200,24,20,1,1,1
257,1,263,200,24,20,1,1,1
258,1,263,200,24,20,1,1,1
259,1,263,200,24,20,1,1,1
260,1,263,200,23,20,1,1,1
261,1,263,200,23,20,1,1,1
262,1,263,201,23,19,1,1,1
263,1,263,201,23,19,1,1,1
264,1,263,201,23,19,1,1,1
265,1,263,201,23,19,1,1,1
266,1,263,201,23,19,1,1,1
267,1,263,202,23,19,1,1,1
268,1,263,202,23,19,1,1,1
269,1,263,202,23,19,1,1,1
270,1,263,202,23,19,1,1,1
271,1,263,202,23,19,1,1,1
272,1,262,203,23,19,1,1,1
273,1,262,203,23,19,1,1,1
274,1,262,203,23,19,1,1,1
275,1,262,203,23,19,1,1,1
276,1,262,204,23,19,1,1,1
277,1,261,204,23,19,1,1,1
278,1,261,204,23,19,1,1,1
279,1,261,204,23,19,1,1,1
280,1,261,204,23,19,1,1,1
281,1,261,205,23,19,1,1,1
282,1,261,205,23,19,1,1,1
283,1,261,205,23,19,1,1,1
284,1,261,205,23,19,1,1,1
285,1,261,206,23,19,1,1,1
286,1,261,206,23,19,1,1,1
287,1,261,206,23,19,1,1,1
288,1,261,206,23,19,1,1,1
289,1,261,206,23,19,1,1,1
290,1,261,206,23,19,1,1,1
291,1,261,207,23,19,1,1,1
292,1,261,207,23,19,1,1,1
293,1,260,207,23,19,1,1,1
294,1,260,207,23,19,1,1,1
295,1,260,207,23,19,1,1,1
296,1,260,207,23,19,1,1,1
297,1,260,208,23,19,1,1,1
298,1,260,208,23,19,1,1,1
299,1,260,208,23,19,1,1,1
300,1,260,208,23,19,1,1,1
301,1,260,208,23,19,1,1,1
302,1,260,208,23,19,1,1,1
303,1,260,209,23,19,1,1,1
304,1,260,209,23,19,1,1,1
305,1,260,209,23,19,1,1,1
306,1,260,209,23,19,1,1,1
307,1,260,209,23,19,1,1,1
308,1,260,209,23,19,1,1,1
309,1,260,209,23,19,1,1,1
310,1,259,209,24,20,1,1,1
311,1,259,209,24,20,1,1,1
312,1,259,209,24,20,1,1,1
313,1,259,209,24,20,1,1,1
314,1,258,209,25,21,1,1,1
315,1,258,209,25,21,1,1,1
316,1,261,209,25,20,1,1,1
317,1,261,209,25,20,1,1,1
318,1,261,209,25,20,1,1,1
319,1,261,209,25,20,1,1,1
320,1,262,209,25,20,1,1,1
321,1,262,209,25,20,1,1,1
322,1,262,209,25,20,1,1,1
323,1,262,209,25,20,1,1,1
324,1,262,209,25,20,1,1,1
325,1,262,209,25,20,1,1,1
326,1,262,209,25,20,1,1,1
327,1,262,209,25,20,1,1,1
328,1,263,209,25,20,1,1,1
329,1,263,209,25,20,1,1,1
330,1,263,209,25,20,1,1,1
331,1,263,209,25,20,1,1,1
332,1,265,210,24,19,1,1,1
333,1,265,210,24,19,1,1,1
334,1,265,210,24,19,1,1,1
335,1,265,210,24,19,1,1,1
336,1,265,210,24,19,1,1,1
337,1,265,210,24,19,1,1,1
338,1,265,210,24,19,1,1,1
339,1,266,210,24,19,1,1,1
340,1,266,210,22,20,1,1,1
341,1,266,210,22,20,1,1,1
342,1,266,210,22,20,1,1,1
343,1,266,210,22,20,1,1,1
344,1,266,210,22,20,1,1,1
345,1,261,210,22,20,1,1,1
346,1,261,210,22,20,1,1,1
347,1,266,209,22,20,1,1,1
348,1,266,209,22,20,1,1,1
349,1,266,209,22,20,1,1,1
350,1,266,209,22,20,1,1,1
351,1,266,209,22,20,1,1,1
352,1,266,209,22,20,1,1,1
353,1,267,209,22,20,1,1,1
354,1,267,209,22,20,1,1,1
355,1,268,212,22,17,1,1,1
356,1,268,212,22,17,1,1,1
357,1,269,212,22,17,1,1,1
358,1,268,212,22,17,1,1,1
359,1,269,212,22,17,1,1,1
360,1,269,212,22,17,1,1,1
361,1,269,212,22,17,1,1,1
362,1,269,212,22,17,1,1,1
363,1,271,211,22,17,1,1,1
364,1,271,211,22,17,1,1,1
365,1,271,211,22,17,1,1,1
366,1,273,211,22,17,1,1,1
367,1,273,211,22,17,1,1,1
368,1,274,212,21,16,1,1,1
369,1,274,212,21,16,1,1,1
370,1,275,212,21,16,1,1,1
371,1,275,212,20,16,1,1,1
372,1,277,212,20,15,1,1,1
373,1,277,212,20,16,1,1,1
1,2,379,45,45,31,1,1,1
2,2,379,45,45,31,1,1,1
3,2,379,45,45,31,1,1,1
4,2,380,45,45,31,1,1,1
5,2,380,45,45,31,1,1,1
6,2,381,45,45,31,1,1,1
7,2,381,45,45,31,1,1,1
8,2,381,45,45,31,1,1,1
9,2,381,45,45,31,1,1,1
10,2,382,45,45,31,1,1,1
11,2,382,45,45,31,1,1,1
12,2,382,45,45,31,1,1,1
13,2,382,45,45,31,1,1,1
14,2,383,45,45,31,1,1,1
15,2,383,45,45,31,1,1,1
16,2,383,45,45,31,1,1,1
17,2,383,45,45,31,1,1,1
18,2,383,45,45,31,1,1,1
19,2,386,42,42,34,1,1,1
20,2,386,42,42,34,1,1,1
21,2,386,42,42,34,1,1,1
22,2,386,42,42,34,1,1,1
23,2,386,42,42,34,1,1,1
24,2,386,42,42,34,1,1,1
25,2,386,42,42,34,1,1,1
26,2,386,42,42,34,1,1,1
27,2,386,42,42,34,1,1,1
28,2,386,42,42,34,1,1,1
29,2,386,41,42,34,1,1,1
30,2,386,41,42,34,1,1,1
31,2,387,41,42,34,1,1,1
32,2,387,41,42,34,1,1,1
33,2,387,41,42,34,1,1,1
34,2,387,41,42,34,1,1,1
35,2,387,41,42,34,1,1,1
36,2,387,41,42,34,1,1,1
37,2,387,40,42,34,1,1,1
38,2,387,40,42,34,1,1,1
39,2,388,40,42,34,1,1,1
40,2,388,40,42,34,1,1,1
41,2,388,40,42,34,1,1,1
42,2,388,40,42,34,1,1,1
43,2,388,39,42,34,1,1,1
44,2,389,41,42,32,1,1,1
45,2,389,41,42,32,1,1,1
46,2,389,41,42,32,1,1,1
47,2,389,41,42,32,1,1,1
48,2,390,41,42,32,1,1,1
49,2,390,41,42,32,1,1,1
50,2,391,41,42,32,1,1,1
51,2,391,41,42,32,1,1,1
52,2,391,41,42,32,1,1,1
53,2,391,41,42,32,1,1,1
54,2,392,41,42,32,1,1,1
55,2,392,41,42,32,1,1,1
56,2,392,41,42,32,1,1,1
57,2,392,41,42,32,1,1,1
58,2,393,41,42,32,1,1,1
59,2,393,41,42,32,1,1,1
60,2,393,41,42,32,1,1,1
61,2,393,41,42,32,1,1,1
62,2,394,41,42,32,1,1,1
63,2,394,41,42,32,1,1,1
64,2,394,42,42,32,1,1,1
65,2,394,42,42,32,1,1,1
66,2,395,42,41,31,1,1,1
67,2,395,42,41,31,1,1,1
68,2,395,42,41,31,1,1,1
69,2,395,42,41,32,1,1,1
70,2,395,42,42,32,1,1,1
71,2,395,42,42,32,1,1,1
72,2,395,42,42,32,1,1,1
73,2,396,42,41,32,1,1,1
74,2,396,42,42,32,1,1,1
75,2,395,42,42,32,1,1,1
76,2,395,42,42,32,1,1,1
77,2,396,43,41,32,1,1,1
78,2,396,43,41,32,1,1,1
79,2,396,43,41,31,1,1,1
80,2,396,43,41,31,1,1,1
81,2,396,43,41,31,1,1,1
82,2,396,43,41,32,1,1,1
83,2,396,43,41,32,1,1,1
84,2,396,43,41,32,1,1,1
85,2,396,43,42,32,1,1,1
86,2,396,43,42,32,1,1,1
87,2,396,43,41,31,1,1,1
88,2,396,43,41,31,1,1,1
89,2,395,44,41,32,1,1,1
90,2,395,44,41,32,1,1,1
91,2,394,44,42,33,1,1,1
92,2,395,44,42,32,1,1,1
93,2,395,45,41,32,1,1,1
94,2,394,44,42,33,1,1,1
95,2,395,46,41,32,1,1,1
96,2,395,45,41,32,1,1,1
97,2,396,46,41,32,1,1,1
98,2,396,46,41,32,1,1,1
99,2,396,47,41,32,1,1,1
100,2,396,47,41,32,1,1,1
101,2,397,47,41,32,1,1,1
102,2,397,48,41,32,1,1,1
103,2,397,48,41,32,1,1,1
104,2,398,49,40,32,1,1,1
105,2,398,49,40,32,1,1,1
106,2,399,50,40,31,1,1,1
107,2,399,50,40,31,1,1,1
108,2,400,51,40,32,1,1,1
109,2,400,51,40,32,1,1,1
110,2,401,51,40,32,1,1,1
111,2,401,51,40,32,1,1,1
112,2,402,52,40,32,1,1,1
113,2,402,52,40,32,1,1,1
114,2,403,53,40,32,1,1,1
115,2,403,53,40,32,1,1,1
116,2,405,54,40,32,1,1,1
117,2,405,54,40,32,1,1,1
118,2,406,54,40,32,1,1,1
119,2,406,54,40,32,1,1,1
120,2,408,55,39,32,1,1,1
121,2,408,55,39,32,1,1,1
122,2,410,56,39,31,1,1,1
123,2,410,56,39,31,1,1,1
124,2,411,56,40,32,1,1,1
125,2,411,56,40,32,1,1,1
126,2,413,57,40,32,1,1,1
127,2,413,57,40,32,1,1,1
128,2,415,58,40,32,1,1,1
129,2,415,58,40,32,1,1,1
130,2,417,58,40,32,1,1,1
131,2,418,59,38,31,1,1,1
132,2,418,59,38,31,1,1,1
133,2,420,60,38,31,1,1,1
134,2,420,60,38,31,1,1,1
135,2,422,60,38,31,1,1,1
136,2,422,60,38,31,1,1,1
137,2,424,61,38,31,1,1,1
138,2,424,61,38,31,1,1,1
139,2,427,61,38,31,1,1,1
140,2,427,61,38,31,1,1,1
141,2,429,61,38,31,1,1,1
142,2,429,61,38,31,1,1,1
143,2,431,62,38,31,1,1,1
144,2,431,62,37,30,1,1,1
145,2,432,61,39,30,1,1,1
146,2,432,61,39,30,1,1,1
147,2,434,61,39,30,1,1,1
148,2,434,61,39,30,1,1,1
149,2,436,61,40,31,1,1,1
150,2,436,61,40,31,1,1,1
151,2,438,61,39,30,1,1,1
152,2,438,61,39,30,1,1,1
153,2,440,61,39,30,1,1,1
154,2,440,61,39,30,1,1,1
155,2,442,61,39,30,1,1,1
156,2,442,61,39,30,1,1,1
157,2,444,61,40,30,1,1,1
158,2,444,61,40,30,1,1,1
159,2,446,61,40,30,1,1,1
160,2,447,61,40,30,1,1,1
161,2,447,61,40,30,1,1,1
162,2,449,61,39,29,1,1,1
163,2,449,61,39,29,1,1,1
164,2,450,62,40,30,1,1,1
165,2,450,62,40,30,1,1,1
166,2,450,62,41,30,1,1,1
167,2,450,62,41,30,1,1,1
168,2,451,62,41,30,1,1,1
169,2,451,62,41,30,1,1,1
170,2,453,63,41,30,1,1,1
171,2,451,61,43,31,1,1,1
172,2,456,63,39,30,1,1,1
173,2,456,63,39,30,1,1,1
174,2,457,63,40,31,1,1,1
175,2,456,63,40,31,1,1,1
176,2,458,64,39,30,1,1,1
177,2,458,64,39,30,1,1,1
178,2,459,64,39,30,1,1,1
179,2,459,64,39,30,1,1,1
180,2,460,64,39,30,1,1,1
181,2,460,64,39,30,1,1,1
182,2,460,65,39,30,1,1,1
183,2,460,65,39,30,1,1,1
184,2,461,65,39,30,1,1,1
185,2,461,65,38,30,1,1,1
186,2,462,66,38,29,1,1,1
187,2,462,66,38,29,1,1,1
188,2,462,66,38,29,1,1,1
189,2,461,66,38,29,1,1,1
190,2,461,66,38,29,1,1,1
191,2,461,67,38,29,1,1,1
192,2,461,67,38,29,1,1,1
193,2,461,67,38,29,1,1,1
194,2,461,67,38,29,1,1,1
195,2,462,68,38,29,1,1,1
196,2,462,68,38,29,1,1,1
197,2,461,68,38,29,1,1,1
198,2,461,68,38,29,1,1,1
199,2,461,69,38,29,1,1,1
200,2,461,69,38,29,1,1,1
201,2,461,69,38,29,1,1,1
202,2,461,69,38,29,1,1,1
203,2,460,70,38,29,1,1,1
204,2,460,70,38,29,1,1,1
205,2,460,70,37,29,1,1,1
206,2,460,70,37,29,1,1,1
207,2,460,71,37,29,1,1,1
208,2,460,71,37,29,1,1,1
209,2,460,71,38,29,1,1,1
210,2,460,71,38,29,1,1,1
211,2,460,72,38,29,1,1,1
212,2,460,72,38,29,1,1,1
213,2,460,73,37,29,1,1,1
214,2,460,73,37,29,1,1,1
215,2,459,74,37,28,1,1,1
216,2,460,74,37,28,1,1,1
217,2,459,74,37,29,1,1,1
218,2,459,74,38,29,1,1,1
219,2,459,75,37,29,1,1,1
220,2,460,75,37,29,1,1,1
221,2,460,75,37,29,1,1,1
222,2,459,76,37,29,1,1,1
223,2,459,76,37,29,1,1,1
224,2,459,76,37,28,1,1,1
225,2,459,76,37,28,1,1,1
226,2,460,77,36,29,1,1,1
227,2,460,77,36,29,1,1,1
228,2,459,77,36,29,1,1,1
229,2,459,77,37,29,1,1,1
230,2,459,77,37,30,1,1,1
231,2,459,77,37,30,1,1,1
232,2,459,78,37,30,1,1,1
233,2,459,78,37,30,1,1,1
234,2,458,78,38,30,1,1,1
235,2,458,78,37,30,1,1,1
236,2,458,78,37,30,1,1,1
237,2,458,78,37,30,1,1,1
238,2,459,79,35,28,1,1,1
239,2,459,79,35,28,1,1,1
240,2,458,79,36,29,1,1,1
241,2,458,79,36,29,1,1,1
242,2,459,79,35,28,1,1,1
243,2,459,79,35,28,1,1,1
244,2,459,79,35,28,1,1,1
245,2,459,79,35,28,1,1,1
246,2,459,79,35,28,1,1,1
247,2,459,80,35,28,1,1,1
248,2,459,80,35,28,1,1,1
249,2,459,80,35,28,1,1,1
250,2,459,80,35,28,1,1,1
251,2,459,80,35,28,1,1,1
252,2,459,80,34,28,1,1,1
253,2,459,80,34,28,1,1,1
254,2,459,80,35,28,1,1,1
255,2,459,80,35,28,1,1,1
256,2,459,80,35,28,1,1,1
257,2,459,80,35,28,1,1,1
258,2,459,81,34,27,1,1,1
259,2,459,81,34,27,1,1,1
260,2,458,80,35,28,1,1,1
261,2,458,80,35,28,1,1,1
262,2,458,81,34,28,1,1,1
263,2,458,81,34,28,1,1,1
264,2,457,81,35,28,1,1,1
265,2,457,81,35,28,1,1,1
266,2,457,81,35,28,1,1,1
267,2,456,81,35,28,1,1,1
268,2,458,80,33,30,1,1,1
269,2,458,80,33,30,1,1,1
270,2,458,80,33,30,1,1,1
271,2,457,80,33,30,1,1,1
272,2,457,81,33,30,1,1,1
273,2,457,81,33,30,1,1,1
274,2,457,82,33,30,1,1,1
275,2,457,81,33,30,1,1,1
276,2,457,82,33,30,1,1,1
277,2,457,82,33,30,1,1,1
278,2,457,82,33,30,1,1,1
279,2,457,83,33,30,1,1,1
280,2,457,83,33,30,1,1,1
281,2,457,84,33,30,1,1,1
282,2,457,84,33,30,1,1,1
283,2,456,85,32,29,1,1,1
284,2,456,85,32,29,1,1,1
285,2,456,87,34,26,1,1,1
286,2,456,87,34,26,1,1,1
287,2,456,88,33,25,1,1,1
288,2,456,88,33,26,1,1,1
289,2,456,89,33,25,1,1,1
290,2,456,89,33,25,1,1,1
291,2,456,90,33,25,1,1,1
292,2,456,90,33,25,1,1,1
293,2,456,90,33,25,1,1,1
294,2,456,90,33,25,1,1,1
295,2,456,91,32,25,1,1,1
296,2,456,91,32,25,1,1,1
297,2,456,92,32,25,1,1,1
298,2,456,92,32,25,1,1,1
299,2,456,93,32,24,1,1,1
300,2,456,93,32,24,1,1,1
301,2,456,94,32,24,1,1,1
302,2,456,94,32,24,1,1,1
303,2,456,94,31,24,1,1,1
304,2,456,94,31,24,1,1,1
305,2,456,95,31,24,1,1,1
306,2,456,95,31,24,1,1,1
307,2,456,95,31,24,1,1,1
308,2,456,96,31,25,1,1,1
309,2,456,96,31,25,1,1,1
310,2,456,96,31,25,1,1,1
311,2,456,96,31,25,1,1,1
312,2,455,96,32,25,1,1,1
313,2,455,96,32,25,1,1,1
314,2,456,97,31,25,1,1,1
315,2,456,97,31,25,1,1,1
316,2,456,97,31,25,1,1,1
317,2,456,97,31,25,1,1,1
318,2,456,98,31,25,1,1,1
319,2,456,98,31,25,1,1,1
320,2,456,98,31,25,1,1,1
321,2,456,98,31,25,1,1,1
322,2,455,98,31,25,1,1,1
323,2,455,98,31,25,1,1,1
324,2,457,98,31,25,1,1,1
325,2,457,98,31,25,1,1,1
326,2,457,98,31,25,1,1,1
327,2,457,98,31,25,1,1,1
328,2,456,99,31,25,1,1,1
329,2,456,99,31,25,1,1,1
330,2,456,99,31,25,1,1,1
331,2,456,99,31,25,1,1,1
332,2,456,99,31,25,1,1,1
333,2,456,99,31,25,1,1,1
334,2,455,99,31,25,1,1,1
335,2,455,100,31,25,1,1,1
336,2,455,100,31,25,1,1,1
337,2,454,100,31,25,1,1,1
338,2,454,100,31,25,1,1,1
339,2,454,100,31,25,1,1,1
340,2,454,100,31,25,1,1,1
341,2,453,101,31,25,1,1,1
342,2,453,101,31,25,1,1,1
343,2,453,101,31,25,1,1,1
344,2,453,101,31,25,1,1,1
345,2,452,101,30,25,1,1,1
346,2,452,101,31,25,1,1,1
347,2,451,101,31,25,1,1,1
348,2,451,101,31,25,1,1,1
349,2,451,101,31,25,1,1,1
350,2,451,101,31,25,1,1,1
351,2,451,102,31,25,1,1,1
352,2,451,102,31,25,1,1,1
353,2,451,102,31,25,1,1,1
354,2,451,102,31,25,1,1,1
355,2,453,104,28,23,1,1,1
356,2,453,104,28,23,1,1,1
357,2,453,104,28,23,1,1,1
358,2,453,104,28,23,1,1,1
359,2,454,105,28,23,1,1,1
360,2,454,105,28,23,1,1,1
361,2,454,105,28,23,1,1,1
362,2,454,105,28,23,1,1,1
363,2,455,105,27,23,1,1,1
364,2,456,105,28,23,1,1,1
365,2,456,105,28,23,1,1,1
366,2,454,105,32,25,1,1,1
367,2,454,105,32,25,1,1,1
368,2,455,105,32,25,1,1,1
369,2,455,105,32,25,1,1,1
370,2,456,105,32,25,1,1,1
371,2,457,105,32,25,1,1,1
372,2,458,106,32,25,1,1,1
373,2,458,106,32,25,1,1,1
374,2,459,106,32,25,1,1,1
375,2,459,106,32,25,1,1,1
376,2,461,106,32,25,1,1,1
377,2,461,106,32,25,1,1,1
378,2,462,106,31,25,1,1,1
379,2,462,106,31,24,1,1,1
380,2,464,107,31,24,1,1,1
381,2,464,107,31,25,1,1,1
382,2,465,107,31,24,1,1,1
383,2,465,107,31,24,1,1,1
384,2,466,107,31,24,1,1,1
385,2,466,107,31,24,1,1,1
386,2,467,107,31,24,1,1,1
387,2,467,107,31,24,1,1,1
388,2,468,108,31,24,1,1,1
389,2,468,108,31,24,1,1,1
390,2,469,108,31,25,1,1,1
391,2,469,108,31,25,1,1,1
392,2,470,108,31,24,1,1,1
393,2,471,108,31,24,1,1,1
394,2,471,108,31,24,1,1,1
395,2,472,108,31,24,1,1,1
396,2,472,108,31,24,1,1,1
397,2,473,109,31,24,1,1,1
398,2,473,109,31,24,1,1,1
399,2,473,109,31,24,1,1,1
400,2,473,109,31,24,1,1,1
401,2,474,109,31,24,1,1,1
402,2,474,109,31,24,1,1,1
403,2,474,109,31,24,1,1,1
404,2,474,109,31,24,1,1,1
405,2,475,110,31,24,1,1,1
406,2,475,110,31,24,1,1,1
407,2,475,110,31,24,1,1,1
408,2,475,110,31,24,1,1,1
409,2,475,110,31,24,1,1,1
410,2,475,110,31,24,1,1,1
411,2,475,110,31,24,1,1,1
412,2,475,110,31,24,1,1,1
413,2,476,110,31,24,1,1,1
414,2,476,110,31,24,1,1,1
415,2,476,110,31,24,1,1,1
416,2,476,110,31,24,1,1,1
417,2,476,110,31,24,1,1,1
418,2,476,110,31,24,1,1,1
419,2,477,111,30,24,1,1,1
420,2,477,111,30,24,1,1,1
421,2,477,110,31,24,1,1,1
422,2,477,110,31,24,1,1,1
423,2,477,110,31,24,1,1,1
424,2,478,110,30,24,1,1,1
425,2,478,110,30,24,1,1,1
426,2,478,110,30,24,1,1,1
427,2,478,110,30,24,1,1,1
428,2,478,109,30,24,1,1,1
429,2,478,109,30,24,1,1,1
430,2,479,109,30,24,1,1,1
431,2,479,109,30,24,1,1,1
432,2,479,108,30,24,1,1,1
433,2,479,108,30,24,1,1,1
434,2,480,108,30,24,1,1,1
435,2,480,108,30,24,1,1,1
436,2,481,107,30,23,1,1,1
437,2,481,107,30,23,1,1,1
438,2,482,107,29,23,1,1,1
439,2,482,107,29,23,1,1,1
440,2,482,106,30,23,1,1,1
441,2,482,106,30,23,1,1,1
442,2,483,106,29,23,1,1,1
443,2,483,106,29,23,1,1,1
444,2,483,105,30,23,1,1,1
445,2,483,105,30,23,1,1,1
446,2,484,105,29,23,1,1,1
447,2,484,105,29,23,1,1,1
448,2,484,105,30,23,1,1,1
449,2,484,105,30,23,1,1,1
450,2,485,105,29,23,1,1,1
451,2,485,104,29,23,1,1,1
452,2,485,104,29,23,1,1,1
453,2,486,104,29,23,1,1,1
454,2,486,104,29,23,1,1,1
455,2,486,104,29,23,1,1,1
456,2,486,104,29,23,1,1,1
457,2,486,104,29,23,1,1,1
458,2,486,104,29,23,1,1,1
459,2,486,103,29,22,1,1,1
460,2,486,103,29,22,1,1,1
461,2,486,103,29,22,1,1,1
462,2,486,103,29,22,1,1,1
463,2,487,103,29,23,1,1,1
464,2,487,103,29,23,1,1,1
465,2,487,103,29,23,1,1,1
466,2,487,103,29,23,1,1,1
467,2,487,103,29,23,1,1,1
468,2,487,103,29,22,1,1,1
469,2,487,103,29,23,1,1,1
470,2,487,103,29,23,1,1,1
471,2,487,103,29,23,1,1,1
472,2,487,103,29,23,1,1,1
473,2,485,101,32,25,1,1,1
474,2,488,104,29,22,1,1,1
475,2,488,104,29,22,1,1,1
476,2,488,104,29,22,1,1,1
477,2,489,104,29,22,1,1,1
478,2,489,104,29,22,1,1,1
479,2,489,104,29,22,1,1,1
480,2,489,104,28,22,1,1,1
481,2,489,104,28,22,1,1,1
482,2,489,104,28,22,1,1,1
483,2,489,104,28,22,1,1,1
484,2,489,104,28,21,1,1,1
485,2,489,104,28,21,1,1,1
486,2,489,105,28,21,1,1,1
487,2,489,105,28,21,1,1,1
488,2,489,104,28,21,1,1,1
489,2,489,105,28,21,1,1,1
490,2,489,105,28,21,1,1,1
491,2,489,105,28,21,1,1,1
492,2,489,105,28,22,1,1,1
493,2,489,105,28,21,1,1,1
494,2,489,105,28,21,1,1,1
495,2,489,105,28,21,1,1,1
496,2,489,106,28,21,1,1,1
497,2,489,106,28,21,1,1,1
498,2,488,106,28,21,1,1,1
499,2,488,106,28,21,1,1,1
500,2,488,106,28,21,1,1,1
501,2,488,106,28,21,1,1,1
502,2,487,106,28,21,1,1,1
503,2,487,106,28,21,1,1,1
504,2,487,107,27,21,1,1,1
505,2,486,107,27,21,1,1,1
506,2,486,107,27,20,1,1,1
507,2,486,107,27,20,1,1,1
508,2,485,108,27,21,1,1,1
509,2,484,108,27,21,1,1,1
510,2,484,108,27,21,1,1,1
511,2,483,108,27,21,1,1,1
512,2,483,108,27,21,1,1,1
513,2,482,108,27,21,1,1,1
514,2,482,108,27,21,1,1,1
515,2,480,108,27,21,1,1,1
516,2,480,109,27,21,1,1,1
517,2,479,109,27,20,1,1,1
518,2,479,109,27,20,1,1,1
519,2,478,109,27,20,1,1,1
520,2,478,109,27,20,1,1,1
521,2,477,110,27,20,1,1,1
522,2,477,110,27,20,1,1,1
523,2,475,110,27,21,1,1,1
524,2,475,110,27,21,1,1,1
525,2,474,110,27,21,1,1,1
526,2,474,110,27,21,1,1,1
527,2,473,111,27,21,1,1,1
528,2,473,111,27,21,1,1,1
529,2,472,111,28,21,1,1,1
530,2,472,111,28,21,1,1,1
531,2,471,111,28,21,1,1,1
532,2,471,111,28,21,1,1,1
533,2,470,112,28,21,1,1,1
534,2,470,112,28,21,1,1,1
535,2,470,112,28,21,1,1,1
536,2,470,112,28,21,1,1,1
537,2,469,112,27,21,1,1,1
538,2,469,112,27,21,1,1,1
539,2,469,112,27,21,1,1,1
540,2,468,113,27,21,1,1,1
541,2,472,114,23,20,1,1,1
542,2,471,114,23,20,1,1,1
543,2,471,114,23,20,1,1,1
544,2,471,115,23,20,1,1,1
545,2,471,115,23,20,1,1,1
546,2,471,115,23,20,1,1,1
547,2,471,115,23,20,1,1,1
548,2,471,115,23,20,1,1,1
549,2,470,115,23,20,1,1,1
550,2,470,115,23,20,1,1,1
551,2,470,115,23,20,1,1,1
552,2,470,116,23,20,1,1,1
553,2,470,116,23,20,1,1,1
554,2,469,116,23,20,1,1,1
555,2,469,116,23,20,1,1,1
556,2,469,116,23,20,1,1,1
557,2,469,116,23,20,1,1,1
558,2,468,117,23,20,1,1,1
559,2,468,117,23,20,1,1,1
560,2,468,117,23,20,1,1,1
561,2,468,117,23,20,1,1,1
562,2,467,117,23,20,1,1,1
563,2,467,117,23,20,1,1,1
564,2,467,117,23,20,1,1,1
565,2,467,117,23,20,1,1,1
566,2,466,118,23,20,1,1,1
567,2,466,118,23,20,1,1,1
568,2,466,118,23,20,1,1,1
569,2,466,118,23,20,1,1,1
570,2,466,118,23,20,1,1,1
571,2,465,118,24,21,1,1,1
572,2,465,118,24,21,1,1,1
573,2,464,118,24,21,1,1,1
574,2,464,118,23,20,1,1,1
575,2,464,119,24,21,1,1,1
576,2,464,119,24,20,1,1,1
577,2,463,119,24,21,1,1,1
578,2,463,119,24,21,1,1,1
579,2,462,120,23,20,1,1,1
580,2,462,120,23,20,1,1,1
581,2,462,120,23,20,1,1,1
582,2,462,120,23,20,1,1,1
583,2,461,120,22,19,1,1,1
584,2,461,120,22,19,1,1,1
585,2,461,120,22,19,1,1,1
586,2,461,120,22,19,1,1,1
587,2,460,121,22,19,1,1,1
588,2,460,121,22,19,1,1,1
589,2,460,121,22,19,1,1,1
590,2,460,121,21,19,1,1,1
591,2,459,123,25,18,1,1,1
592,2,459,123,25,18,1,1,1
593,2,459,123,25,18,1,1,1
594,2,459,123,25,18,1,1,1
595,2,458,123,24,17,1,1,1
596,2,458,123,25,18,1,1,1
597,2,458,123,25,18,1,1,1
598,2,459,125,22,16,1,1,1
158,3,73,196,19,18,1,1,1
159,3,73,196,19,18,1,1,1
160,3,73,195,23,18,1,1,1
161,3,73,195,23,18,1,1,1
162,3,73,195,23,18,1,1,1
163,3,73,195,23,18,1,1,1
164,3,75,195,20,16,1,1,1
165,3,75,195,20,16,1,1,1
166,3,76,194,20,16,1,1,1
167,3,76,194,20,16,1,1,1
168,3,77,194,18,15,1,1,1
169,3,76,194,19,16,1,1,1
170,3,79,192,20,16,1,1,1
171,3,79,192,20,16,1,1,1
172,3,80,191,20,16,1,1,1
173,3,80,191,20,16,1,1,1
174,3,80,191,20,16,1,1,1
175,3,82,189,20,16,1,1,1
176,3,84,189,20,16,1,1,1
177,3,84,189,20,16,1,1,1
178,3,83,189,20,16,1,1,1
179,3,85,189,20,16,1,1,1
180,3,87,189,20,16,1,1,1
181,3,87,189,20,16,1,1,1
182,3,85,188,21,16,1,1,1
183,3,85,188,21,17,1,1,1
184,3,88,187,20,16,1,1,1
185,3,88,187,20,16,1,1,1
186,3,89,186,20,16,1,1,1
187,3,89,186,20,16,1,1,1
188,3,91,185,20,16,1,1,1
189,3,91,184,20,16,1,1,1
190,3,91,184,20,16,1,1,1
191,3,92,184,20,16,1,1,1
192,3,92,184,20,16,1,1,1
193,3,92,182,20,16,1,1,1
194,3,92,182,20,16,1,1,1
195,3,92,181,20,16,1,1,1
196,3,92,181,20,16,1,1,1
197,3,93,180,20,16,1,1,1
198,3,93,180,20,16,1,1,1
199,3,93,179,20,16,1,1,1
200,3,93,179,20,16,1,1,1
201,3,94,178,20,16,1,1,1
202,3,93,178,20,16,1,1,1
203,3,94,177,20,16,1,1,1
204,3,94,177,20,16,1,1,1
205,3,94,176,20,16,1,1,1
206,3,94,176,20,16,1,1,1
207,3,94,175,20,16,1,1,1
208,3,94,175,20,16,1,1,1
209,3,95,173,20,16,1,1,1
210,3,95,173,20,16,1,1,1
211,3,95,172,20,16,1,1,1
212,3,95,172,20,16,1,1,1
213,3,96,171,20,16,1,1,1
214,3,96,171,20,16,1,1,1
215,3,96,170,20,16,1,1,1
216,3,96,170,20,16,1,1,1
217,3,96,169,20,16,1,1,1
218,3,96,169,20,16,1,1,1
219,3,96,169,20,16,1,1,1
220,3,96,168,20,16,1,1,1
221,3,96,168,20,16,1,1,1
222,3,96,167,20,16,1,1,1
223,3,96,167,20,16,1,1,1
224,3,96,166,19,16,1,1,1
225,3,96,166,19,16,1,1,1
226,3,96,166,20,16,1,1,1
227,3,96,166,20,16,1,1,1
228,3,96,165,20,16,1,1,1
229,3,96,165,20,16,1,1,1
230,3,96,165,20,16,1,1,1
231,3,96,165,20,16,1,1,1
232,3,96,164,20,16,1,1,1
233,3,96,164,20,16,1,1,1
234,3,96,164,20,16,1,1,1
235,3,96,164,20,16,1,1,1
236,3,96,164,20,16,1,1,1
237,3,96,163,20,16,1,1,1
238,3,97,161,19,18,1,1,1
239,3,97,161,19,18,1,1,1
240,3,97,160,19,18,1,1,1
241,3,97,160,19,18,1,1,1
242,3,98,160,19,18,1,1,1
243,3,98,160,19,18,1,1,1
244,3,98,160,19,18,1,1,1
245,3,98,160,19,18,1,1,1
246,3,98,160,19,18,1,1,1
247,3,99,159,19,18,1,1,1
248,3,99,159,19,18,1,1,1
249,3,99,159,19,18,1,1,1
250,3,100,158,19,18,1,1,1
251,3,100,158,19,18,1,1,1
252,3,100,158,19,18,1,1,1
253,3,100,158,19,18,1,1,1
254,3,101,157,19,18,1,1,1
255,3,101,157,19,18,1,1,1
256,3,101,157,19,18,1,1,1
257,3,101,157,19,18,1,1,1
258,3,102,157,19,18,1,1,1
259,3,102,157,19,18,1,1,1
260,3,103,156,19,18,1,1,1
261,3,103,156,19,18,1,1,1
262,3,104,156,19,18,1,1,1
263,3,104,156,19,18,1,1,1
264,3,105,156,19,18,1,1,1
265,3,105,156,19,18,1,1,1
266,3,106,156,19,18,1,1,1
267,3,106,156,19,18,1,1,1
268,3,107,155,19,18,1,1,1
269,3,107,155,19,18,1,1,1
270,3,108,155,19,18,1,1,1
271,3,108,155,19,18,1,1,1
272,3,109,155,19,18,1,1,1
273,3,109,155,19,18,1,1,1
274,3,110,155,19,18,1,1,1
275,3,110,155,19,18,1,1,1
276,3,111,155,18,17,1,1,1
277,3,112,155,18,17,1,1,1
278,3,112,155,18,17,1,1,1
279,3,113,155,18,17,1,1,1
280,3,113,155,18,17,1,1,1
281,3,114,155,18,17,1,1,1
282,3,114,155,18,17,1,1,1
283,3,115,155,18,17,1,1,1
284,3,115,155,18,17,1,1,1
285,3,116,155,18,17,1,1,1
286,3,116,155,18,17,1,1,1
287,3,116,155,18,17,1,1,1
288,3,116,155,18,17,1,1,1
289,3,117,155,18,17,1,1,1
290,3,117,155,18,17,1,1,1
291,3,118,155,18,17,1,1,1
292,3,118,155,18,17,1,1,1
293,3,119,155,18,17,1,1,1
294,3,119,155,18,17,1,1,1
295,3,119,155,18,17,1,1,1
296,3,119,155,18,18,1,1,1
297,3,119,155,19,18,1,1,1
298,3,120,155,18,17,1,1,1
299,3,120,155,18,17,1,1,1
300,3,120,155,18,17,1,1,1
301,3,120,155,18,17,1,1,1
302,3,120,155,18,17,1,1,1
303,3,121,155,18,17,1,1,1
304,3,121,155,18,17,1,1,1
305,3,121,155,18,17,1,1,1
306,3,121,155,18,17,1,1,1
307,3,121,155,18,17,1,1,1
308,3,121,155,18,17,1,1,1
309,3,121,154,18,17,1,1,1
310,3,121,154,18,17,1,1,1
311,3,121,154,18,17,1,1,1
312,3,121,154,18,17,1,1,1
313,3,121,154,18,17,1,1,1
314,3,121,154,18,17,1,1,1
315,3,121,154,18,17,1,1,1
316,3,122,154,18,17,1,1,1
317,3,122,154,18,17,1,1,1
318,3,122,154,18,17,1,1,1
319,3,122,154,18,17,1,1,1
320,3,121,153,18,17,1,1,1
321,3,121,153,18,17,1,1,1
322,3,121,153,18,17,1,1,1
323,3,121,153,18,17,1,1,1
324,3,121,152,19,18,1,1,1
325,3,121,152,19,18,1,1,1
326,3,121,152,18,17,1,1,1
327,3,121,152,18,17,1,1,1
328,3,120,152,19,18,1,1,1
329,3,120,152,19,18,1,1,1
330,3,120,151,18,17,1,1,1
331,3,120,151,18,17,1,1,1
332,3,119,151,18,17,1,1,1
333,3,119,151,18,17,1,1,1
334,3,119,150,18,17,1,1,1
335,3,118,150,18,17,1,1,1
336,3,118,150,18,17,1,1,1
337,3,117,149,18,17,1,1,1
338,3,118,149,18,17,1,1,1
339,3,117,148,18,17,1,1,1
340,3,117,148,18,17,1,1,1
341,3,116,148,18,17,1,1,1
342,3,116,148,18,17,1,1,1
343,3,115,147,18,17,1,1,1
344,3,115,147,18,17,1,1,1
345,3,114,147,18,17,1,1,1
346,3,114,147,18,17,1,1,1
347,3,112,145,20,19,1,1,1
348,3,112,145,20,19,1,1,1
349,3,111,144,20,19,1,1,1
350,3,111,144,20,19,1,1,1
351,3,110,144,20,19,1,1,1
352,3,110,144,20,19,1,1,1
353,3,110,144,20,19,1,1,1
354,3,110,144,20,19,1,1,1
355,3,109,143,20,19,1,1,1
356,3,109,143,20,19,1,1,1
357,3,108,143,20,19,1,1,1
358,3,108,143,20,19,1,1,1
359,3,108,143,20,19,1,1,1
360,3,108,143,20,19,1,1,1
361,3,108,143,20,19,1,1,1
362,3,108,143,20,19,1,1,1
363,3,107,143,20,19,1,1,1
364,3,107,143,20,19,1,1,1
365,3,107,143,20,19,1,1,1
366,3,107,143,20,19,1,1,1
367,3,108,143,20,19,1,1,1
368,3,108,143,20,19,1,1,1
369,3,108,143,20,19,1,1,1
370,3,108,143,20,19,1,1,1
371,3,108,143,20,19,1,1,1
372,3,108,143,20,19,1,1,1
373,3,108,143,20,19,1,1,1
374,3,107,144,22,21,1,1,1
375,3,107,144,22,21,1,1,1
376,3,108,144,22,21,1,1,1
377,3,108,144,22,21,1,1,1
378,3,108,144,22,21,1,1,1
379,3,108,144,22,21,1,1,1
380,3,108,144,22,21,1,1,1
381,3,108,144,22,21,1,1,1
382,3,108,144,22,21,1,1,1
383,3,108,144,22,21,1,1,1
384,3,108,145,22,21,1,1,1
385,3,108,145,22,21,1,1,1
386,3,109,145,22,21,1,1,1
387,3,109,145,22,21,1,1,1
388,3,109,145,22,21,1,1,1
389,3,109,145,22,21,1,1,1
390,3,109,145,22,21,1,1,1
391,3,109,145,22,21,1,1,1
392,3,109,146,22,21,1,1,1
393,3,109,146,22,21,1,1,1
394,3,109,146,22,21,1,1,1
395,3,109,146,22,21,1,1,1
396,3,109,146,21,20,1,1,1
397,3,108,146,22,21,1,1,1
398,3,109,146,22,21,1,1,1
399,3,108,146,22,21,1,1,1
400,3,108,146,22,21,1,1,1
401,3,108,147,22,21,1,1,1
402,3,108,147,22,21,1,1,1
403,3,107,147,22,21,1,1,1
404,3,107,147,22,21,1,1,1
405,3,107,147,22,21,1,1,1
406,3,107,147,22,21,1,1,1
407,3,107,148,22,21,1,1,1
408,3,107,148,22,21,1,1,1
409,3,106,148,22,21,1,1,1
410,3,106,148,22,21,1,1,1
411,3,106,149,22,21,1,1,1
412,3,106,149,22,21,1,1,1
413,3,105,150,22,21,1,1,1
414,3,106,150,22,21,1,1,1
415,3,105,151,22,21,1,1,1
416,3,105,151,22,21,1,1,1
417,3,105,151,22,21,1,1,1
418,3,105,151,22,21,1,1,1
419,3,105,152,22,21,1,1,1
420,3,105,152,22,21,1,1,1
421,3,105,153,22,21,1,1,1
422,3,105,153,22,21,1,1,1
423,3,105,153,22,21,1,1,1
424,3,105,154,22,21,1,1,1
425,3,105,154,22,21,1,1,1
426,3,104,154,22,21,1,1,1
427,3,104,154,22,21,1,1,1
428,3,104,154,23,22,1,1,1
429,3,104,154,23,20,1,1,1
430,3,104,154,23,20,1,1,1
431,3,104,154,23,20,1,1,1
432,3,104,155,23,20,1,1,1
433,3,104,155,23,20,1,1,1
434,3,103,155,23,20,1,1,1
435,3,103,155,23,20,1,1,1
436,3,103,155,23,20,1,1,1
437,3,103,155,23,20,1,1,1
438,3,103,155,23,20,1,1,1
439,3,103,155,23,20,1,1,1
440,3,102,155,23,20,1,1,1
441,3,102,155,23,20,1,1,1
442,3,102,156,23,20,1,1,1
443,3,102,156,23,20,1,1,1
444,3,101,156,23,20,1,1,1
445,3,101,156,23,20,1,1,1
446,3,101,156,23,20,1,1,1
447,3,101,156,23,20,1,1,1
448,3,100,157,23,20,1,1,1
449,3,100,157,23,20,1,1,1
450,3,99,157,23,20,1,1,1
451,3,99,158,22,19,1,1,1
452,3,99,158,22,19,1,1,1
453,3,98,158,23,20,1,1,1
454,3,98,158,23,20,1,1,1
455,3,97,158,22,19,1,1,1
456,3,97,158,23,20,1,1,1
457,3,96,159,22,20,1,1,1
458,3,96,159,22,19,1,1,1
459,3,95,159,22,19,1,1,1
460,3,95,159,22,19,1,1,1
461,3,94,159,22,20,1,1,1
462,3,94,159,22,20,1,1,1
463,3,93,160,22,19,1,1,1
464,3,93,160,22,19,1,1,1
465,3,92,160,22,19,1,1,1
466,3,92,160,22,19,1,1,1
467,3,92,160,22,19,1,1,1
468,3,92,160,22,19,1,1,1
469,3,91,160,22,19,1,1,1
470,3,91,160,22,19,1,1,1
471,3,90,160,22,19,1,1,1
472,3,90,160,22,19,1,1,1
473,3,89,159,22,19,1,1,1
474,3,89,159,22,19,1,1,1
475,3,88,159,22,19,1,1,1
476,3,88,159,22,19,1,1,1
477,3,87,159,22,19,1,1,1
478,3,87,159,22,19,1,1,1
479,3,87,158,22,19,1,1,1
480,3,86,158,22,19,1,1,1
481,3,86,158,22,19,1,1,1
482,3,85,158,22,19,1,1,1
483,3,85,158,22,19,1,1,1
484,3,84,158,21,19,1,1,1
485,3,84,158,21,19,1,1,1
486,3,83,157,22,19,1,1,1
487,3,83,157,22,19,1,1,1
488,3,83,157,22,19,1,1,1
489,3,83,157,21,19,1,1,1
490,3,82,157,21,18,1,1,1
491,3,82,157,21,18,1,1,1
492,3,81,157,21,18,1,1,1
493,3,81,157,21,18,1,1,1
494,3,80,157,21,19,1,1,1
495,3,80,157,21,19,1,1,1
496,3,80,157,21,19,1,1,1
497,3,80,157,21,19,1,1,1
498,3,79,156,21,19,1,1,1
499,3,79,156,22,19,1,1,1
500,3,78,156,21,19,1,1,1
501,3,78,156,21,19,1,1,1
502,3,77,156,22,19,1,1,1
503,3,77,156,22,19,1,1,1
504,3,76,156,21,19,1,1,1
505,3,76,156,21,19,1,1,1
506,3,75,156,22,19,1,1,1
507,3,75,156,22,19,1,1,1
508,3,74,156,22,19,1,1,1
509,3,73,156,22,19,1,1,1
510,3,73,156,22,19,1,1,1
511,3,72,156,22,19,1,1,1
512,3,72,156,22,19,1,1,1
513,3,71,156,22,19,1,1,1
514,3,71,156,22,19,1,1,1
515,3,70,156,22,19,1,1,1
516,3,70,156,22,19,1,1,1
517,3,69,156,22,19,1,1,1
518,3,69,156,21,19,1,1,1
519,3,68,156,21,18,1,1,1
520,3,68,156,21,18,1,1,1
521,3,67,156,21,18,1,1,1
522,3,67,156,21,18,1,1,1
523,3,66,156,20,18,1,1,1
524,3,66,156,20,18,1,1,1
525,3,66,156,20,17,1,1,1
526,3,66,156,20,17,1,1,1
527,3,65,156,19,17,1,1,1
528,3,65,156,19,17,1,1,1
529,3,65,156,19,16,1,1,1
530,3,65,156,19,16,1,1,1
531,3,64,156,19,16,1,1,1
532,3,64,156,23,18,1,1,1
533,3,64,156,23,18,1,1,1
534,3,64,156,23,18,1,1,1
535,3,64,156,23,18,1,1,1
536,3,63,156,23,18,1,1,1
537,3,64,156,23,18,1,1,1
538,3,64,155,23,18,1,1,1
539,3,64,155,23,18,1,1,1
540,3,64,155,23,18,1,1,1
541,3,66,154,20,21,1,1,1
542,3,66,153,20,21,1,1,1
543,3,66,154,20,21,1,1,1
544,3,67,153,20,21,1,1,1
545,3,67,153,20,21,1,1,1
546,3,67,153,20,21,1,1,1
547,3,67,153,20,21,1,1,1
548,3,68,153,20,21,1,1,1
549,3,68,153,20,21,1,1,1
550,3,68,152,20,21,1,1,1
551,3,68,152,20,21,1,1,1
552,3,68,152,20,21,1,1,1
553,3,68,152,20,21,1,1,1
554,3,69,151,20,21,1,1,1
555,3,69,151,19,20,1,1,1
556,3,69,151,19,20,1,1,1
557,3,69,151,19,20,1,1,1
558,3,68,150,20,21,1,1,1
559,3,68,150,20,21,1,1,1
560,3,69,149,20,21,1,1,1
561,3,69,149,20,21,1,1,1
562,3,68,148,20,21,1,1,1
563,3,68,148,20,21,1,1,1
564,3,68,147,21,22,1,1,1
565,3,68,147,21,22,1,1,1
566,3,68,147,20,21,1,1,1
567,3,68,147,20,21,1,1,1
568,3,68,147,20,21,1,1,1
569,3,71,146,20,21,1,1,1
570,3,71,146,20,21,1,1,1
571,3,71,145,20,21,1,1,1
572,3,71,145,20,21,1,1,1
573,3,72,145,20,21,1,1,1
574,3,72,145,20,21,1,1,1
575,3,72,145,20,21,1,1,1
576,3,72,145,20,21,1,1,1
577,3,72,144,20,21,1,1,1
578,3,72,144,20,21,1,1,1
579,3,73,144,20,21,1,1,1
580,3,73,147,20,18,1,1,1
581,3,73,147,20,18,1,1,1
582,3,73,147,20,18,1,1,1
583,3,73,146,20,18,1,1,1
584,3,73,147,20,18,1,1,1
585,3,74,146,20,18,1,1,1
586,3,74,146,20,18,1,1,1
587,3,74,146,20,18,1,1,1
588,3,74,146,20,18,1,1,1
589,3,74,146,20,18,1,1,1
590,3,74,146,20,18,1,1,1
591,3,74,146,20,18,1,1,1
592,3,74,146,20,18,1,1,1
593,3,75,146,20,18,1,1,1
594,3,75,146,20,18,1,1,1
595,3,75,147,20,18,1,1,1
596,3,75,146,20,18,1,1,1
597,3,75,147,20,18,1,1,1
598,3,75,147,20,18,1,1,1
599,3,75,147,20,17,1,1,1
600,3,75,147,20,17,1,1,1
601,3,75,147,20,17,1,1,1
602,3,75,147,20,17,1,1,1
603,3,75,147,20,17,1,1,1
604,3,76,147,20,17,1,1,1
605,3,76,147,20,17,1,1,1
606,3,77,147,20,17,1,1,1
607,3,77,147,20,17,1,1,1
608,3,78,147,20,17,1,1,1
609,3,78,147,20,17,1,1,1
610,3,79,147,20,17,1,1,1
611,3,79,147,20,17,1,1,1
612,3,80,147,20,17,1,1,1
613,3,80,147,19,16,1,1,1
614,3,82,147,19,16,1,1,1
615,3,82,147,19,16,1,1,1
616,3,84,147,19,16,1,1,1
617,3,84,147,19,16,1,1,1
618,3,85,147,20,17,1,1,1
619,3,85,147,20,17,1,1,1
620,3,86,147,20,17,1,1,1
621,3,86,147,20,17,1,1,1
622,3,87,146,20,17,1,1,1
623,3,89,146,20,17,1,1,1
624,3,90,146,20,17,1,1,1
625,3,91,146,20,17,1,1,1
626,3,90,145,21,17,1,1,1
627,3,91,145,21,18,1,1,1
628,3,94,146,21,18,1,1,1
629,3,95,146,21,18,1,1,1
630,3,95,146,20,18,1,1,1
631,3,97,146,21,18,1,1,1
632,3,97,146,21,18,1,1,1
633,3,98,146,21,18,1,1,1
634,3,98,146,21,18,1,1,1
635,3,98,146,21,18,1,1,1
636,3,98,146,21,18,1,1,1
637,3,97,146,21,18,1,1,1
638,3,97,147,20,18,1,1,1
639,3,101,148,20,18,1,1,1
640,3,101,148,20,18,1,1,1
641,3,100,148,20,18,1,1,1
642,3,100,148,20,18,1,1,1
643,3,100,149,20,18,1,1,1
644,3,102,151,18,16,1,1,1
645,3,102,152,18,16,1,1,1
646,3,102,152,18,16,1,1,1
647,3,101,152,18,16,1,1,1
648,3,104,152,18,16,1,1,1
649,3,104,153,18,16,1,1,1
650,3,104,153,17,16,1,1,1
651,3,102,153,18,16,1,1,1
652,3,103,153,17,16,1,1,1
653,3,101,153,18,16,1,1,1
