1,1,118,36,21,19,1,1,1
2,1,119,36,21,19,1,1,1
3,1,119,36,21,19,1,1,1
4,1,120,36,21,19,1,1,1
5,1,121,37,21,19,1,1,1
6,1,121,37,21,19,1,1,1
7,1,122,37,21,19,1,1,1
8,1,122,37,21,19,1,1,1
9,1,123,37,21,19,1,1,1
10,1,123,37,21,19,1,1,1
11,1,124,37,21,19,1,1,1
12,1,124,38,21,19,1,1,1
13,1,124,38,21,19,1,1,1
14,1,125,39,21,19,1,1,1
15,1,126,39,21,19,1,1,1
16,1,126,39,21,19,1,1,1
17,1,127,39,21,19,1,1,1
18,1,127,39,21,19,1,1,1
19,1,129,40,22,19,1,1,1
20,1,130,40,21,19,1,1,1
21,1,130,40,22,19,1,1,1
22,1,132,41,21,19,1,1,1
23,1,132,41,21,19,1,1,1
24,1,134,41,22,20,1,1,1
25,1,135,41,21,19,1,1,1
26,1,137,42,21,19,1,1,1
27,1,138,42,21,19,1,1,1
28,1,138,42,21,19,1,1,1
29,1,140,42,21,19,1,1,1
30,1,141,42,21,19,1,1,1
31,1,143,42,21,19,1,1,1
32,1,144,42,21,19,1,1,1
33,1,144,42,21,19,1,1,1
34,1,146,42,21,19,1,1,1
35,1,147,42,21,19,1,1,1
36,1,148,41,21,19,1,1,1
37,1,149,41,21,19,1,1,1
38,1,149,41,21,19,1,1,1
39,1,151,41,21,19,1,1,1
40,1,152,41,21,19,1,1,1
41,1,153,41,21,19,1,1,1
42,1,153,40,22,19,1,1,1
43,1,153,40,21,19,1,1,1
44,1,155,40,22,20,1,1,1
45,1,155,39,22,19,1,1,1
46,1,156,39,22,20,1,1,1
47,1,157,39,22,20,1,1,1
48,1,157,39,22,20,1,1,1
49,1,158,38,21,19,1,1,1
50,1,159,38,22,20,1,1,1
51,1,159,38,22,20,1,1,1
52,1,160,38,21,19,1,1,1
53,1,160,38,21,19,1,1,1
54,1,160,38,22,19,1,1,1
55,1,161,37,21,19,1,1,1
56,1,161,37,21,19,1,1,1
57,1,161,37,22,19,1,1,1
58,1,161,37,21,19,1,1,1
59,1,161,37,21,19,1,1,1
60,1,161,37,21,19,1,1,1
61,1,161,37,21,19,1,1,1
62,1,161,37,21,19,1,1,1
63,1,161,37,21,19,1,1,1
64,1,161,37,21,19,1,1,1
65,1,161,37,21,19,1,1,1
66,1,161,36,21,19,1,1,1
67,1,160,36,21,19,1,1,1
68,1,160,36,21,19,1,1,1
69,1,160,36,21,19,1,1,1
70,1,159,36,21,19,1,1,1
71,1,159,37,21,19,1,1,1
72,1,159,37,21,19,1,1,1
73,1,159,37,21,19,1,1,1
74,1,158,37,21,19,1,1,1
75,1,158,37,21,19,1,1,1
76,1,157,37,21,19,1,1,1
77,1,157,37,21,19,1,1,1
78,1,157,37,21,19,1,1,1
79,1,156,38,21,19,1,1,1
80,1,156,38,21,19,1,1,1
81,1,156,38,20,18,1,1,1
82,1,155,38,21,19,1,1,1
83,1,155,38,21,19,1,1,1
84,1,155,39,21,19,1,1,1
85,1,154,39,21,19,1,1,1
86,1,154,39,21,19,1,1,1
87,1,154,40,20,19,1,1,1
88,1,153,40,21,19,1,1,1
89,1,153,41,20,18,1,1,1
90,1,153,41,20,18,1,1,1
91,1,152,41,21,19,1,1,1
92,1,152,41,21,19,1,1,1
93,1,152,41,20,18,1,1,1
94,1,152,43,20,18,1,1,1
95,1,152,43,20,18,1,1,1
96,1,152,43,20,18,1,1,1
97,1,152,44,20,18,1,1,1
98,1,152,44,20,18,1,1,1
99,1,151,44,20,18,1,1,1
100,1,151,45,21,19,1,1,1
101,1,151,45,20,18,1,1,1
102,1,151,46,20,18,1,1,1
103,1,151,46,20,18,1,1,1
104,1,151,46,21,19,1,1,1
105,1,151,47,21,19,1,1,1
106,1,150,47,21,19,1,1,1
107,1,151,47,21,19,1,1,1
108,1,151,47,21,19,1,1,1
109,1,151,48,21,19,1,1,1
110,1,151,49,21,19,1,1,1
111,1,150,49,21,19,1,1,1
112,1,150,49,21,19,1,1,1
113,1,150,49,21,19,1,1,1
114,1,150,50,21,19,1,1,1
115,1,151,51,21,19,1,1,1
116,1,151,51,21,19,1,1,1
117,1,151,52,21,19,1,1,1
118,1,151,52,21,19,1,1,1
119,1,151,53,21,19,1,1,1
1,2,138,146,19,17,1,1,1
2,2,139,146,19,17,1,1,1
3,2,139,146,19,17,1,1,1
4,2,140,146,19,17,1,1,1
5,2,141,146,19,17,1,1,1
6,2,142,146,19,17,1,1,1
7,2,142,146,19,17,1,1,1
8,2,142,146,19,17,1,1,1
9,2,143,146,19,17,1,1,1
10,2,144,146,19,17,1,1,1
11,2,144,147,19,17,1,1,1
12,2,145,147,19,17,1,1,1
13,2,145,147,19,17,1,1,1
14,2,146,148,19,17,1,1,1
15,2,147,148,19,17,1,1,1
16,2,148,148,19,17,1,1,1
17,2,148,149,19,17,1,1,1
18,2,148,149,19,17,1,1,1
19,2,149,149,20,17,1,1,1
20,2,150,149,19,17,1,1,1
21,2,151,149,19,17,1,1,1
22,2,152,150,20,17,1,1,1
23,2,152,150,19,17,1,1,1
24,2,154,150,20,18,1,1,1
25,2,155,150,19,17,1,1,1
26,2,155,150,19,17,1,1,1
27,2,156,150,19,17,1,1,1
28,2,156,150,19,17,1,1,1
29,2,157,150,20,17,1,1,1
30,2,158,150,20,17,1,1,1
31,2,159,150,20,18,1,1,1
32,2,160,150,20,17,1,1,1
33,2,160,150,20,17,1,1,1
34,2,161,150,20,18,1,1,1
35,2,162,150,20,18,1,1,1
36,2,162,150,20,18,1,1,1
37,2,163,150,20,18,1,1,1
38,2,163,150,20,18,1,1,1
39,2,164,150,20,18,1,1,1
40,2,164,150,20,18,1,1,1
41,2,164,150,20,18,1,1,1
42,2,165,150,20,18,1,1,1
43,2,165,150,20,18,1,1,1
44,2,166,149,19,17,1,1,1
45,2,166,149,20,18,1,1,1
46,2,166,149,20,18,1,1,1
47,2,166,149,20,18,1,1,1
48,2,166,149,20,18,1,1,1
49,2,167,149,20,18,1,1,1
50,2,167,149,20,18,1,1,1
51,2,167,149,20,18,1,1,1
52,2,167,149,20,18,1,1,1
53,2,167,149,20,18,1,1,1
54,2,167,149,20,18,1,1,1
55,2,167,149,20,18,1,1,1
56,2,167,149,20,18,1,1,1
57,2,167,149,20,18,1,1,1
58,2,167,149,20,18,1,1,1
59,2,167,149,20,18,1,1,1
60,2,167,149,20,18,1,1,1
61,2,166,149,20,18,1,1,1
62,2,166,149,20,18,1,1,1
63,2,166,149,20,18,1,1,1
64,2,165,149,20,18,1,1,1
65,2,165,150,20,18,1,1,1
66,2,165,150,20,18,1,1,1
67,2,164,150,20,18,1,1,1
68,2,164,150,20,18,1,1,1
69,2,163,150,20,18,1,1,1
70,2,163,150,20,18,1,1,1
71,2,162,150,20,18,1,1,1
72,2,162,150,20,18,1,1,1
73,2,162,150,20,18,1,1,1
74,2,162,151,19,17,1,1,1
75,2,161,151,19,17,1,1,1
76,2,160,151,20,18,1,1,1
77,2,160,151,19,18,1,1,1
78,2,160,151,19,18,1,1,1
79,2,159,152,19,18,1,1,1
80,2,159,152,20,18,1,1,1
81,2,158,152,20,18,1,1,1
82,2,158,153,19,17,1,1,1
83,2,158,153,19,17,1,1,1
84,2,157,153,19,17,1,1,1
85,2,157,153,19,17,1,1,1
86,2,157,154,20,18,1,1,1
87,2,156,154,19,17,1,1,1
88,2,156,154,19,17,1,1,1
89,2,155,154,20,18,1,1,1
90,2,155,154,20,18,1,1,1
91,2,155,155,20,18,1,1,1
92,2,155,155,20,18,1,1,1
93,2,155,155,20,18,1,1,1
94,2,154,156,20,18,1,1,1
95,2,154,156,20,18,1,1,1
96,2,154,156,20,18,1,1,1
97,2,154,157,20,18,1,1,1
98,2,154,157,20,18,1,1,1
99,2,153,157,20,18,1,1,1
100,2,153,158,20,18,1,1,1
101,2,153,158,20,18,1,1,1
102,2,153,158,19,18,1,1,1
103,2,153,158,20,18,1,1,1
104,2,153,159,20,18,1,1,1
105,2,153,159,20,18,1,1,1
106,2,153,159,20,18,1,1,1
107,2,153,160,20,18,1,1,1
108,2,153,160,20,18,1,1,1
109,2,153,160,20,18,1,1,1
110,2,153,160,20,18,1,1,1
111,2,153,161,20,18,1,1,1
112,2,153,161,20,18,1,1,1
113,2,153,161,20,18,1,1,1
114,2,153,161,20,18,1,1,1
115,2,153,161,20,18,1,1,1
116,2,153,162,20,18,1,1,1
117,2,153,162,20,18,1,1,1
118,2,153,162,20,18,1,1,1
119,2,153,163,20,18,1,1,1
1,3,151,226,17,16,1,1,1
2,3,151,226,17,16,1,1,1
3,3,151,226,17,16,1,1,1
4,3,152,226,17,16,1,1,1
5,3,153,226,17,16,1,1,1
6,3,154,226,17,16,1,1,1
7,3,154,226,17,16,1,1,1
8,3,154,226,17,16,1,1,1
9,3,154,226,17,16,1,1,1
10,3,154,226,17,16,1,1,1
11,3,154,226,17,16,1,1,1
12,3,154,226,17,16,1,1,1
13,3,154,226,17,16,1,1,1
14,3,154,226,17,16,1,1,1
15,3,155,227,17,16,1,1,1
16,3,155,227,17,16,1,1,1
17,3,156,227,17,16,1,1,1
18,3,156,227,17,16,1,1,1
19,3,156,228,18,17,1,1,1
20,3,157,229,17,16,1,1,1
21,3,157,229,17,16,1,1,1
22,3,158,229,18,17,1,1,1
23,3,158,229,18,17,1,1,1
24,3,159,229,18,17,1,1,1
25,3,160,230,18,17,1,1,1
26,3,161,230,18,17,1,1,1
27,3,162,230,17,16,1,1,1
28,3,162,230,17,16,1,1,1
29,3,163,230,18,17,1,1,1
30,3,163,231,17,16,1,1,1
31,3,164,231,17,16,1,1,1
32,3,165,231,17,16,1,1,1
33,3,165,231,17,16,1,1,1
34,3,166,232,17,16,1,1,1
35,3,166,232,17,16,1,1,1
36,3,167,232,17,16,1,1,1
37,3,167,232,18,17,1,1,1
38,3,167,232,17,16,1,1,1
39,3,168,232,17,16,1,1,1
40,3,168,232,17,16,1,1,1
41,3,169,232,17,16,1,1,1
42,3,169,232,17,16,1,1,1
43,3,169,232,17,16,1,1,1
44,3,170,232,17,16,1,1,1
45,3,170,232,17,16,1,1,1
46,3,171,232,17,16,1,1,1
47,3,171,232,17,16,1,1,1
48,3,171,232,17,16,1,1,1
49,3,171,232,17,16,1,1,1
50,3,171,232,17,16,1,1,1
51,3,172,232,17,16,1,1,1
52,3,172,232,17,16,1,1,1
53,3,172,232,17,16,1,1,1
54,3,172,233,17,16,1,1,1
55,3,172,233,17,16,1,1,1
56,3,172,233,17,16,1,1,1
57,3,172,233,17,16,1,1,1
58,3,172,233,17,16,1,1,1
59,3,172,233,17,16,1,1,1
60,3,171,233,17,16,1,1,1
61,3,171,233,17,16,1,1,1
62,3,171,234,17,16,1,1,1
63,3,171,234,17,16,1,1,1
64,3,170,234,17,16,1,1,1
65,3,170,234,17,16,1,1,1
66,3,170,235,17,16,1,1,1
67,3,170,235,17,16,1,1,1
68,3,170,235,17,16,1,1,1
69,3,169,235,17,16,1,1,1
70,3,169,236,17,16,1,1,1
71,3,168,236,17,16,1,1,1
72,3,168,236,17,16,1,1,1
73,3,168,236,17,16,1,1,1
74,3,168,236,17,16,1,1,1
75,3,167,237,17,16,1,1,1
76,3,167,237,17,16,1,1,1
77,3,166,237,17,16,1,1,1
78,3,166,237,17,16,1,1,1
79,3,166,238,17,16,1,1,1
80,3,165,238,17,16,1,1,1
81,3,165,239,17,16,1,1,1
82,3,164,239,17,16,1,1,1
83,3,164,239,17,16,1,1,1
84,3,164,240,17,16,1,1,1
85,3,164,240,17,16,1,1,1
86,3,163,240,17,16,1,1,1
87,3,163,240,17,16,1,1,1
88,3,163,240,17,16,1,1,1
89,3,163,241,17,16,1,1,1
90,3,162,241,17,16,1,1,1
91,3,162,242,17,16,1,1,1
92,3,162,242,17,16,1,1,1
93,3,162,242,17,16,1,1,1
94,3,162,243,17,16,1,1,1
95,3,161,243,17,16,1,1,1
96,3,161,244,17,16,1,1,1
97,3,161,244,17,16,1,1,1
98,3,161,244,17,16,1,1,1
99,3,161,244,17,16,1,1,1
100,3,160,245,17,16,1,1,1
101,3,160,245,17,16,1,1,1
102,3,160,245,17,16,1,1,1
103,3,160,245,17,16,1,1,1
104,3,160,246,17,16,1,1,1
105,3,160,246,17,16,1,1,1
106,3,160,246,17,16,1,1,1
107,3,160,246,17,16,1,1,1
108,3,160,246,17,16,1,1,1
109,3,160,247,17,16,1,1,1
110,3,160,247,17,16,1,1,1
111,3,160,247,17,16,1,1,1
112,3,160,248,17,16,1,1,1
113,3,160,248,17,16,1,1,1
114,3,160,248,17,16,1,1,1
115,3,160,248,17,16,1,1,1
116,3,159,248,17,16,1,1,1
117,3,159,249,17,16,1,1,1
118,3,159,249,17,16,1,1,1
119,3,159,249,17,16,1,1,1
1,4,160,275,18,17,1,1,1
2,4,160,275,16,14,1,1,1
3,4,160,275,16,14,1,1,1
4,4,160,276,16,14,1,1,1
5,4,160,276,16,14,1,1,1
6,4,160,276,16,14,1,1,1
7,4,160,276,16,14,1,1,1
8,4,160,276,16,14,1,1,1
9,4,159,277,16,14,1,1,1
10,4,159,277,16,14,1,1,1
11,4,159,277,16,14,1,1,1
12,4,158,278,16,14,1,1,1
13,4,158,278,16,14,1,1,1
14,4,157,279,16,14,1,1,1
15,4,157,280,16,14,1,1,1
16,4,156,280,16,14,1,1,1
17,4,156,280,16,14,1,1,1
18,4,156,280,16,14,1,1,1
19,4,155,282,16,14,1,1,1
20,4,155,283,16,14,1,1,1
21,4,155,283,16,14,1,1,1
22,4,155,283,16,14,1,1,1
23,4,155,283,16,14,1,1,1
24,4,154,285,16,14,1,1,1
25,4,155,286,16,14,1,1,1
26,4,155,286,16,14,1,1,1
27,4,155,287,16,14,1,1,1
28,4,155,287,16,14,1,1,1
29,4,155,288,16,14,1,1,1
30,4,155,288,16,14,1,1,1
31,4,155,289,16,14,1,1,1
32,4,155,290,16,14,1,1,1
33,4,155,290,16,14,1,1,1
34,4,155,291,16,14,1,1,1
35,4,156,291,16,14,1,1,1
36,4,156,291,17,15,1,1,1
37,4,156,292,17,14,1,1,1
38,4,156,292,17,14,1,1,1
39,4,157,293,16,14,1,1,1
40,4,157,293,16,14,1,1,1
41,4,157,294,16,14,1,1,1
42,4,158,294,16,14,1,1,1
43,4,158,294,16,14,1,1,1
44,4,159,295,16,14,1,1,1
45,4,159,296,16,14,1,1,1
46,4,160,296,16,14,1,1,1
47,4,160,296,16,14,1,1,1
48,4,160,296,16,14,1,1,1
49,4,161,297,16,14,1,1,1
50,4,161,297,16,14,1,1,1
51,4,162,298,15,13,1,1,1
52,4,163,299,15,13,1,1,1
53,4,163,299,15,13,1,1,1
54,4,163,299,15,13,1,1,1
55,4,164,300,15,13,1,1,1
56,4,164,300,15,13,1,1,1
57,4,165,300,15,13,1,1,1
58,4,165,300,15,13,1,1,1
59,4,165,301,15,13,1,1,1
60,4,166,302,15,13,1,1,1
61,4,166,302,15,13,1,1,1
62,4,167,303,15,13,1,1,1
63,4,167,303,15,13,1,1,1
64,4,167,304,15,13,1,1,1
65,4,167,304,15,13,1,1,1
66,4,168,305,15,13,1,1,1
67,4,168,305,15,13,1,1,1
68,4,168,305,15,13,1,1,1
69,4,169,307,15,13,1,1,1
70,4,169,308,15,13,1,1,1
71,4,169,308,15,13,1,1,1
72,4,169,308,15,13,1,1,1
73,4,169,308,15,13,1,1,1
74,4,169,310,15,13,1,1,1
75,4,170,311,15,13,1,1,1
76,4,170,311,14,12,1,1,1
77,4,170,312,14,13,1,1,1
78,4,170,312,14,13,1,1,1
79,4,170,313,14,12,1,1,1
80,4,171,314,14,12,1,1,1
81,4,171,314,14,12,1,1,1
82,4,171,315,14,12,1,1,1
83,4,171,315,14,12,1,1,1
84,4,172,317,13,11,1,1,1
85,4,172,317,13,12,1,1,1
86,4,172,318,14,12,1,1,1
87,4,172,318,14,12,1,1,1
88,4,172,318,14,12,1,1,1
89,4,171,318,14,12,1,1,1
90,4,171,318,14,12,1,1,1
91,4,171,319,14,12,1,1,1
92,4,172,319,14,12,1,1,1
93,4,172,319,14,12,1,1,1
94,4,171,319,13,12,1,1,1
95,4,172,320,13,11,1,1,1
96,4,172,320,13,11,1,1,1
97,4,172,320,13,11,1,1,1
98,4,172,320,13,11,1,1,1
99,4,172,320,13,11,1,1,1
100,4,171,320,13,11,1,1,1
101,4,171,321,13,11,1,1,1
102,4,171,321,13,11,1,1,1
103,4,171,321,13,11,1,1,1
104,4,171,321,13,11,1,1,1
105,4,171,321,13,11,1,1,1
106,4,170,321,13,11,1,1,1
107,4,170,321,13,11,1,1,1
108,4,170,321,13,11,1,1,1
109,4,170,322,13,11,1,1,1
110,4,170,322,13,11,1,1,1
111,4,170,322,13,11,1,1,1
112,4,169,322,13,11,1,1,1
113,4,169,322,13,11,1,1,1
114,4,169,322,13,11,1,1,1
115,4,169,322,13,11,1,1,1
116,4,168,322,13,12,1,1,1
117,4,168,322,13,12,1,1,1
118,4,168,322,13,12,1,1,1
119,4,168,323,13,11,1,1,1
1,5,285,94,19,20,1,1,1
2,5,285,95,19,20,1,1,1
3,5,285,95,19,20,1,1,1
4,5,286,96,19,20,1,1,1
5,5,287,97,19,20,1,1,1
6,5,287,97,19,20,1,1,1
7,5,287,98,19,20,1,1,1
8,5,287,98,19,20,1,1,1
9,5,287,99,19,20,1,1,1
10,5,288,101,19,20,1,1,1
11,5,288,102,19,20,1,1,1
12,5,288,103,19,20,1,1,1
13,5,288,103,19,20,1,1,1
14,5,288,105,19,20,1,1,1
15,5,289,106,19,20,1,1,1
16,5,289,107,19,20,1,1,1
17,5,290,109,18,19,1,1,1
18,5,290,108,18,19,1,1,1
19,5,290,111,18,19,1,1,1
20,5,291,112,18,19,1,1,1
21,5,291,113,18,19,1,1,1
22,5,292,114,18,19,1,1,1
23,5,292,114,18,19,1,1,1
24,5,293,116,18,19,1,1,1
25,5,294,117,18,19,1,1,1
26,5,294,118,18,19,1,1,1
27,5,295,119,18,19,1,1,1
28,5,295,119,18,19,1,1,1
29,5,296,120,18,19,1,1,1
30,5,297,121,17,18,1,1,1
31,5,298,122,17,18,1,1,1
32,5,299,123,17,18,1,1,1
33,5,299,123,17,18,1,1,1
34,5,300,124,17,18,1,1,1
35,5,300,124,17,18,1,1,1
36,5,301,124,17,18,1,1,1
37,5,301,125,17,18,1,1,1
38,5,301,125,17,18,1,1,1
39,5,302,125,17,18,1,1,1
40,5,303,125,17,18,1,1,1
41,5,303,125,17,18,1,1,1
42,5,304,126,17,17,1,1,1
43,5,304,126,17,18,1,1,1
44,5,304,126,17,18,1,1,1
45,5,305,126,17,18,1,1,1
46,5,305,126,17,18,1,1,1
47,5,305,126,17,18,1,1,1
48,5,305,126,17,18,1,1,1
49,5,306,126,17,18,1,1,1
50,5,306,126,17,18,1,1,1
51,5,306,126,17,18,1,1,1
52,5,306,126,17,18,1,1,1
53,5,306,126,17,18,1,1,1
54,5,306,126,17,18,1,1,1
55,5,306,126,17,18,1,1,1
56,5,306,126,17,18,1,1,1
57,5,306,126,18,18,1,1,1
58,5,306,126,18,18,1,1,1
59,5,306,126,18,18,1,1,1
60,5,306,126,18,18,1,1,1
61,5,306,126,18,18,1,1,1
62,5,306,127,18,18,1,1,1
63,5,306,127,18,18,1,1,1
64,5,305,127,18,18,1,1,1
65,5,305,127,18,18,1,1,1
66,5,305,128,18,18,1,1,1
67,5,305,128,18,18,1,1,1
68,5,305,128,18,18,1,1,1
69,5,304,128,18,18,1,1,1
70,5,304,128,18,18,1,1,1
71,5,304,129,18,18,1,1,1
72,5,304,129,18,18,1,1,1
73,5,304,129,18,18,1,1,1
74,5,303,130,18,18,1,1,1
75,5,303,130,17,17,1,1,1
76,5,302,130,18,18,1,1,1
77,5,302,130,18,18,1,1,1
78,5,302,130,18,18,1,1,1
79,5,302,131,18,18,1,1,1
80,5,301,132,18,18,1,1,1
81,5,301,132,18,18,1,1,1
82,5,301,132,18,18,1,1,1
83,5,301,132,18,18,1,1,1
84,5,300,133,19,19,1,1,1
85,5,300,134,18,18,1,1,1
86,5,300,134,18,18,1,1,1
87,5,300,135,18,18,1,1,1
88,5,300,135,18,18,1,1,1
89,5,299,136,18,18,1,1,1
90,5,299,136,18,18,1,1,1
91,5,299,137,18,18,1,1,1
92,5,299,137,18,18,1,1,1
93,5,299,137,18,18,1,1,1
94,5,298,138,18,18,1,1,1
95,5,298,139,18,18,1,1,1
96,5,298,139,18,18,1,1,1
97,5,297,139,19,19,1,1,1
98,5,298,140,18,18,1,1,1
99,5,297,141,18,18,1,1,1
100,5,297,141,18,18,1,1,1
101,5,297,141,18,18,1,1,1
102,5,297,142,18,18,1,1,1
103,5,297,142,18,18,1,1,1
104,5,297,143,18,18,1,1,1
105,5,297,143,18,18,1,1,1
106,5,297,143,18,18,1,1,1
107,5,297,144,18,18,1,1,1
108,5,297,144,18,18,1,1,1
109,5,297,145,18,18,1,1,1
110,5,297,145,18,18,1,1,1
111,5,297,145,18,18,1,1,1
112,5,297,146,18,18,1,1,1
113,5,297,146,18,18,1,1,1
114,5,297,146,18,18,1,1,1
115,5,297,147,18,18,1,1,1
116,5,297,147,18,18,1,1,1
117,5,297,147,18,18,1,1,1
118,5,297,147,18,18,1,1,1
119,5,297,148,18,18,1,1,1
1,6,281,173,16,15,1,1,1
2,6,281,173,16,15,1,1,1
3,6,281,173,16,15,1,1,1
4,6,282,174,16,15,1,1,1
5,6,282,174,16,15,1,1,1
6,6,282,175,16,15,1,1,1
7,6,282,175,16,15,1,1,1
8,6,282,175,16,15,1,1,1
9,6,282,177,17,15,1,1,1
10,6,283,177,16,15,1,1,1
11,6,282,178,17,16,1,1,1
12,6,282,179,17,16,1,1,1
13,6,282,179,17,16,1,1,1
14,6,282,181,17,16,1,1,1
15,6,282,182,17,16,1,1,1
16,6,282,183,17,16,1,1,1
17,6,282,184,17,16,1,1,1
18,6,282,184,17,16,1,1,1
19,6,283,186,17,16,1,1,1
20,6,283,186,17,16,1,1,1
21,6,283,187,17,16,1,1,1
22,6,284,189,16,15,1,1,1
23,6,284,189,16,15,1,1,1
24,6,285,190,16,15,1,1,1
25,6,285,191,16,15,1,1,1
26,6,286,192,16,15,1,1,1
27,6,286,192,16,15,1,1,1
28,6,286,192,16,15,1,1,1
29,6,287,193,16,15,1,1,1
30,6,287,193,16,15,1,1,1
31,6,288,194,15,14,1,1,1
32,6,288,195,15,14,1,1,1
33,6,288,195,15,14,1,1,1
34,6,289,195,15,14,1,1,1
35,6,289,195,15,14,1,1,1
36,6,289,195,15,14,1,1,1
37,6,289,195,15,14,1,1,1
38,6,289,195,15,14,1,1,1
39,6,289,196,15,14,1,1,1
40,6,289,196,15,14,1,1,1
41,6,290,196,15,14,1,1,1
42,6,290,196,15,14,1,1,1
43,6,290,196,15,14,1,1,1
44,6,290,196,16,15,1,1,1
45,6,290,195,16,15,1,1,1
46,6,290,195,16,15,1,1,1
47,6,291,195,16,15,1,1,1
48,6,291,195,16,15,1,1,1
49,6,291,195,16,15,1,1,1
50,6,291,195,16,15,1,1,1
51,6,291,195,16,15,1,1,1
52,6,291,195,16,15,1,1,1
53,6,291,195,16,15,1,1,1
54,6,291,196,16,15,1,1,1
55,6,291,196,16,15,1,1,1
56,6,291,196,16,15,1,1,1
57,6,291,196,16,15,1,1,1
58,6,291,196,16,15,1,1,1
59,6,291,196,16,15,1,1,1
60,6,291,197,16,15,1,1,1
61,6,290,197,16,15,1,1,1
62,6,291,197,16,15,1,1,1
63,6,291,197,16,15,1,1,1
64,6,290,198,16,15,1,1,1
65,6,290,198,16,15,1,1,1
66,6,290,198,16,15,1,1,1
67,6,290,198,16,15,1,1,1
68,6,290,198,16,15,1,1,1
69,6,289,199,16,15,1,1,1
70,6,289,199,16,15,1,1,1
71,6,288,199,16,15,1,1,1
72,6,288,200,16,15,1,1,1
73,6,288,200,16,15,1,1,1
74,6,288,200,16,15,1,1,1
75,6,287,200,16,15,1,1,1
76,6,287,201,16,15,1,1,1
77,6,287,201,16,15,1,1,1
78,6,287,201,16,15,1,1,1
79,6,286,202,16,15,1,1,1
80,6,286,202,16,15,1,1,1
81,6,286,203,16,15,1,1,1
82,6,285,203,16,15,1,1,1
83,6,285,203,16,15,1,1,1
84,6,285,204,16,15,1,1,1
85,6,285,204,16,15,1,1,1
86,6,284,205,17,16,1,1,1
87,6,284,206,16,15,1,1,1
88,6,284,206,17,16,1,1,1
89,6,283,206,17,16,1,1,1
90,6,283,207,17,16,1,1,1
91,6,283,207,17,16,1,1,1
92,6,283,208,17,16,1,1,1
93,6,283,208,17,16,1,1,1
94,6,283,209,16,15,1,1,1
95,6,282,209,16,15,1,1,1
96,6,282,210,16,15,1,1,1
97,6,282,210,16,15,1,1,1
98,6,282,210,16,15,1,1,1
99,6,282,211,16,15,1,1,1
100,6,282,212,16,15,1,1,1
101,6,282,212,16,15,1,1,1
102,6,282,212,16,15,1,1,1
103,6,282,212,16,15,1,1,1
104,6,281,212,17,16,1,1,1
105,6,282,213,16,15,1,1,1
106,6,281,213,16,15,1,1,1
107,6,281,213,16,15,1,1,1
108,6,281,213,16,15,1,1,1
109,6,281,214,16,15,1,1,1
110,6,281,215,16,15,1,1,1
111,6,281,215,16,15,1,1,1
112,6,281,215,16,15,1,1,1
113,6,281,215,16,15,1,1,1
114,6,281,216,16,15,1,1,1
115,6,281,216,16,15,1,1,1
116,6,281,217,16,15,1,1,1
117,6,281,217,16,15,1,1,1
118,6,281,217,16,15,1,1,1
119,6,281,218,16,15,1,1,1
1,7,434,104,16,14,1,1,1
2,7,433,104,16,14,1,1,1
3,7,433,104,16,14,1,1,1
4,7,431,103,16,14,1,1,1
5,7,430,103,16,14,1,1,1
6,7,429,102,16,14,1,1,1
7,7,427,102,16,14,1,1,1
8,7,427,102,16,14,1,1,1
9,7,425,102,16,14,1,1,1
10,7,423,101,16,14,1,1,1
11,7,422,101,16,14,1,1,1
12,7,420,101,16,14,1,1,1
13,7,420,101,16,14,1,1,1
14,7,417,101,16,14,1,1,1
15,7,415,101,16,14,1,1,1
16,7,413,101,16,14,1,1,1
17,7,412,101,16,14,1,1,1
18,7,412,101,16,14,1,1,1
19,7,409,100,16,14,1,1,1
20,7,407,100,16,14,1,1,1
21,7,406,99,16,14,1,1,1
22,7,405,99,16,14,1,1,1
23,7,405,99,16,14,1,1,1
24,7,401,99,16,14,1,1,1
25,7,400,98,16,14,1,1,1
26,7,399,98,16,14,1,1,1
27,7,397,97,16,14,1,1,1
28,7,397,97,16,14,1,1,1
29,7,394,96,16,14,1,1,1
30,7,392,95,17,15,1,1,1
31,7,391,95,17,15,1,1,1
32,7,389,94,17,15,1,1,1
33,7,389,94,17,15,1,1,1
34,7,386,92,17,15,1,1,1
35,7,385,91,17,15,1,1,1
36,7,383,91,17,15,1,1,1
37,7,382,90,17,15,1,1,1
38,7,382,90,17,15,1,1,1
39,7,379,89,17,15,1,1,1
40,7,378,87,17,15,1,1,1
41,7,376,86,17,15,1,1,1
42,7,375,85,17,15,1,1,1
43,7,375,85,17,15,1,1,1
44,7,372,83,18,15,1,1,1
45,7,370,82,18,16,1,1,1
46,7,369,80,18,16,1,1,1
47,7,367,79,18,16,1,1,1
48,7,367,79,18,16,1,1,1
49,7,364,77,18,16,1,1,1
50,7,363,75,19,16,1,1,1
51,7,362,74,19,16,1,1,1
52,7,360,73,18,16,1,1,1
53,7,360,73,18,16,1,1,1
54,7,358,71,19,16,1,1,1
55,7,357,70,19,16,1,1,1
56,7,355,69,19,16,1,1,1
57,7,354,69,19,16,1,1,1
58,7,354,69,19,16,1,1,1
59,7,351,67,19,16,1,1,1
60,7,350,67,19,16,1,1,1
61,7,349,66,19,16,1,1,1
62,7,348,65,19,16,1,1,1
63,7,348,65,19,16,1,1,1
64,7,346,64,19,16,1,1,1
65,7,345,63,19,16,1,1,1
66,7,342,58,21,21,1,1,1
67,7,341,57,21,21,1,1,1
68,7,341,57,21,21,1,1,1
69,7,339,56,21,21,1,1,1
70,7,338,55,21,21,1,1,1
71,7,337,55,21,21,1,1,1
72,7,336,55,21,21,1,1,1
73,7,336,55,21,21,1,1,1
74,7,334,54,21,21,1,1,1
75,7,334,54,21,21,1,1,1
76,7,333,53,21,21,1,1,1
77,7,332,53,21,21,1,1,1
78,7,332,53,21,21,1,1,1
79,7,330,52,21,21,1,1,1
80,7,329,52,21,21,1,1,1
81,7,329,52,21,21,1,1,1
82,7,328,52,21,21,1,1,1
83,7,328,52,21,21,1,1,1
84,7,326,51,21,21,1,1,1
85,7,326,51,21,21,1,1,1
86,7,325,51,21,21,1,1,1
87,7,325,51,21,21,1,1,1
88,7,325,51,21,21,1,1,1
89,7,323,51,21,21,1,1,1
90,7,323,51,21,21,1,1,1
91,7,322,51,21,21,1,1,1
92,7,322,51,21,21,1,1,1
93,7,322,51,21,21,1,1,1
94,7,321,51,21,21,1,1,1
95,7,320,51,21,21,1,1,1
96,7,320,51,21,21,1,1,1
97,7,319,51,21,21,1,1,1
98,7,319,51,21,21,1,1,1
99,7,319,51,21,21,1,1,1
100,7,319,52,21,21,1,1,1
101,7,318,52,21,21,1,1,1
102,7,318,52,21,21,1,1,1
103,7,318,52,21,21,1,1,1
104,7,317,52,21,21,1,1,1
105,7,317,53,22,22,1,1,1
106,7,317,53,21,21,1,1,1
107,7,317,54,21,21,1,1,1
108,7,317,54,21,21,1,1,1
109,7,317,54,21,21,1,1,1
110,7,317,55,21,21,1,1,1
111,7,316,55,21,21,1,1,1
112,7,316,55,21,21,1,1,1
113,7,316,55,21,21,1,1,1
114,7,316,56,21,21,1,1,1
115,7,316,57,21,21,1,1,1
116,7,316,57,21,21,1,1,1
117,7,316,58,21,21,1,1,1
118,7,316,57,21,21,1,1,1
119,7,315,58,21,21,1,1,1
1,8,419,177,19,15,1,1,1
2,8,419,177,19,15,1,1,1
3,8,419,177,19,15,1,1,1
4,8,420,177,19,15,1,1,1
5,8,420,177,19,15,1,1,1
6,8,420,177,19,15,1,1,1
7,8,420,177,19,15,1,1,1
8,8,420,177,19,15,1,1,1
9,8,420,177,19,15,1,1,1
10,8,419,177,19,15,1,1,1
11,8,419,177,19,15,1,1,1
12,8,419,178,19,15,1,1,1
13,8,419,178,19,15,1,1,1
14,8,419,179,19,15,1,1,1
15,8,419,179,19,15,1,1,1
16,8,419,179,19,15,1,1,1
17,8,419,180,19,15,1,1,1
18,8,419,180,19,15,1,1,1
19,8,419,180,19,15,1,1,1
20,8,419,180,19,15,1,1,1
21,8,419,181,19,15,1,1,1
22,8,419,180,19,15,1,1,1
23,8,419,180,19,15,1,1,1
24,8,420,181,20,15,1,1,1
25,8,420,181,19,15,1,1,1
26,8,420,181,20,16,1,1,1
27,8,421,181,19,15,1,1,1
28,8,421,181,19,15,1,1,1
29,8,422,181,20,15,1,1,1
30,8,422,181,20,16,1,1,1
31,8,422,181,19,15,1,1,1
32,8,423,181,20,15,1,1,1
33,8,423,181,20,15,1,1,1
34,8,423,181,20,16,1,1,1
35,8,423,181,20,15,1,1,1
36,8,424,181,19,15,1,1,1
37,8,424,182,19,15,1,1,1
38,8,424,182,19,15,1,1,1
39,8,425,182,20,15,1,1,1
40,8,425,181,20,16,1,1,1
41,8,425,182,19,15,1,1,1
42,8,426,181,19,15,1,1,1
43,8,426,181,19,15,1,1,1
44,8,426,181,19,15,1,1,1
45,8,427,181,19,15,1,1,1
46,8,427,181,19,15,1,1,1
47,8,427,181,19,15,1,1,1
48,8,427,181,19,15,1,1,1
49,8,428,181,20,15,1,1,1
50,8,428,181,20,15,1,1,1
51,8,428,181,20,15,1,1,1
52,8,427,181,20,16,1,1,1
53,8,428,181,19,15,1,1,1
54,8,428,181,19,15,1,1,1
55,8,428,181,20,15,1,1,1
56,8,427,181,20,16,1,1,1
57,8,428,181,20,15,1,1,1
58,8,427,181,20,16,1,1,1
59,8,427,181,20,16,1,1,1
60,8,427,182,20,16,1,1,1
61,8,427,182,20,16,1,1,1
62,8,427,182,20,16,1,1,1
63,8,427,182,20,16,1,1,1
64,8,426,182,20,16,1,1,1
65,8,426,182,20,16,1,1,1
66,8,426,182,20,16,1,1,1
67,8,426,182,20,16,1,1,1
68,8,426,183,20,16,1,1,1
69,8,425,183,19,16,1,1,1
70,8,425,183,19,16,1,1,1
71,8,425,183,20,16,1,1,1
72,8,424,183,20,16,1,1,1
73,8,424,183,20,16,1,1,1
74,8,424,184,20,16,1,1,1
75,8,424,184,20,16,1,1,1
76,8,423,184,19,16,1,1,1
77,8,423,184,20,16,1,1,1
78,8,423,184,20,16,1,1,1
79,8,422,185,19,16,1,1,1
80,8,422,185,20,16,1,1,1
81,8,422,185,19,15,1,1,1
82,8,422,185,19,15,1,1,1
83,8,422,185,19,15,1,1,1
84,8,421,185,20,16,1,1,1
85,8,421,186,20,16,1,1,1
86,8,421,186,20,16,1,1,1
87,8,420,186,19,15,1,1,1
88,8,420,186,19,15,1,1,1
89,8,420,186,20,16,1,1,1
90,8,419,187,20,16,1,1,1
91,8,419,187,20,16,1,1,1
92,8,419,188,20,16,1,1,1
93,8,419,188,19,16,1,1,1
94,8,418,188,20,16,1,1,1
95,8,418,188,20,16,1,1,1
96,8,418,189,20,16,1,1,1
97,8,418,189,20,16,1,1,1
98,8,418,189,20,16,1,1,1
99,8,418,189,20,16,1,1,1
100,8,417,189,20,16,1,1,1
101,8,417,190,20,16,1,1,1
102,8,417,190,20,16,1,1,1
103,8,418,190,19,15,1,1,1
104,8,417,191,19,15,1,1,1
105,8,417,191,19,15,1,1,1
106,8,417,191,20,16,1,1,1
107,8,417,191,20,16,1,1,1
108,8,417,191,20,16,1,1,1
109,8,417,192,19,15,1,1,1
110,8,417,192,19,15,1,1,1
111,8,417,192,19,16,1,1,1
112,8,417,193,20,16,1,1,1
113,8,417,193,20,16,1,1,1
114,8,417,194,19,15,1,1,1
115,8,417,194,19,15,1,1,1
116,8,417,194,19,16,1,1,1
117,8,417,194,19,16,1,1,1
118,8,417,194,19,15,1,1,1
119,8,417,195,19,15,1,1,1
1,9,583,124,18,15,1,1,1
2,9,582,124,18,15,1,1,1
3,9,582,124,18,15,1,1,1
4,9,579,124,18,15,1,1,1
5,9,578,124,18,15,1,1,1
6,9,576,124,18,15,1,1,1
7,9,574,124,18,15,1,1,1
8,9,574,124,18,15,1,1,1
9,9,570,124,18,15,1,1,1
10,9,568,124,18,15,1,1,1
11,9,567,124,18,15,1,1,1
12,9,565,125,18,15,1,1,1
13,9,565,125,18,15,1,1,1
14,9,561,125,18,15,1,1,1
15,9,558,126,18,15,1,1,1
16,9,556,126,18,15,1,1,1
17,9,555,127,18,15,1,1,1
18,9,555,127,18,15,1,1,1
19,9,551,127,18,15,1,1,1
20,9,549,127,17,15,1,1,1
21,9,547,127,17,15,1,1,1
22,9,545,127,18,15,1,1,1
23,9,545,127,18,15,1,1,1
24,9,541,128,17,14,1,1,1
25,9,539,128,17,14,1,1,1
26,9,537,128,17,14,1,1,1
27,9,535,128,17,14,1,1,1
28,9,535,128,17,14,1,1,1
29,9,531,128,17,15,1,1,1
30,9,529,128,18,15,1,1,1
31,9,527,127,18,15,1,1,1
32,9,525,127,18,15,1,1,1
33,9,525,127,18,15,1,1,1
34,9,521,127,18,15,1,1,1
35,9,519,126,19,16,1,1,1
36,9,517,126,18,15,1,1,1
37,9,515,126,19,15,1,1,1
38,9,515,126,19,15,1,1,1
39,9,511,125,19,15,1,1,1
40,9,506,123,22,19,1,1,1
41,9,504,123,22,19,1,1,1
42,9,502,122,22,19,1,1,1
43,9,502,122,22,19,1,1,1
44,9,499,121,22,19,1,1,1
45,9,498,121,22,19,1,1,1
46,9,496,120,22,19,1,1,1
47,9,494,120,22,19,1,1,1
48,9,494,120,22,19,1,1,1
49,9,492,119,22,19,1,1,1
50,9,490,119,22,19,1,1,1
51,9,489,119,22,19,1,1,1
52,9,487,118,22,19,1,1,1
53,9,487,118,22,19,1,1,1
54,9,485,118,22,19,1,1,1
55,9,484,117,22,19,1,1,1
56,9,482,117,22,19,1,1,1
57,9,481,117,23,20,1,1,1
58,9,481,117,23,20,1,1,1
59,9,479,117,23,20,1,1,1
60,9,478,116,23,20,1,1,1
61,9,477,116,23,20,1,1,1
62,9,475,116,23,20,1,1,1
63,9,475,116,23,20,1,1,1
64,9,473,116,23,20,1,1,1
65,9,472,116,23,20,1,1,1
66,9,471,116,22,19,1,1,1
67,9,470,116,23,20,1,1,1
68,9,470,116,23,20,1,1,1
69,9,468,116,22,20,1,1,1
70,9,468,116,23,20,1,1,1
71,9,466,116,23,20,1,1,1
72,9,466,116,23,20,1,1,1
73,9,466,116,23,20,1,1,1
74,9,465,117,23,20,1,1,1
75,9,464,116,23,20,1,1,1
76,9,463,116,23,20,1,1,1
77,9,462,117,23,20,1,1,1
78,9,462,117,23,20,1,1,1
79,9,461,117,23,20,1,1,1
80,9,461,117,23,20,1,1,1
81,9,460,117,23,20,1,1,1
82,9,460,118,23,20,1,1,1
83,9,460,118,23,20,1,1,1
84,9,459,118,23,20,1,1,1
85,9,459,118,23,20,1,1,1
86,9,458,119,23,20,1,1,1
87,9,458,119,23,20,1,1,1
88,9,458,119,23,20,1,1,1
89,9,457,120,23,20,1,1,1
90,9,457,120,23,20,1,1,1
91,9,457,120,23,20,1,1,1
92,9,457,120,22,20,1,1,1
93,9,456,121,23,20,1,1,1
94,9,456,121,23,20,1,1,1
95,9,456,122,23,20,1,1,1
96,9,456,122,23,20,1,1,1
97,9,456,122,23,20,1,1,1
98,9,456,122,23,20,1,1,1
99,9,456,123,23,20,1,1,1
100,9,455,123,23,20,1,1,1
101,9,455,123,23,20,1,1,1
102,9,455,123,23,20,1,1,1
103,9,455,123,23,20,1,1,1
104,9,455,124,23,20,1,1,1
105,9,455,125,23,20,1,1,1
106,9,455,125,23,20,1,1,1
107,9,455,125,23,20,1,1,1
108,9,455,125,23,20,1,1,1
109,9,455,126,22,20,1,1,1
110,9,455,126,22,19,1,1,1
111,9,455,126,22,19,1,1,1
112,9,455,126,22,19,1,1,1
113,9,455,126,22,19,1,1,1
114,9,454,127,22,20,1,1,1
115,9,454,127,22,19,1,1,1
116,9,454,127,22,19,1,1,1
117,9,454,127,22,19,1,1,1
118,9,454,127,22,19,1,1,1
119,9,453,127,22,19,1,1,1
1,10,731,125,19,17,1,1,1
2,10,730,125,19,17,1,1,1
3,10,730,125,19,17,1,1,1
4,10,726,126,19,17,1,1,1
5,10,724,126,19,17,1,1,1
6,10,723,127,19,17,1,1,1
7,10,721,127,19,17,1,1,1
8,10,721,127,19,17,1,1,1
9,10,717,128,19,17,1,1,1
10,10,715,129,19,17,1,1,1
11,10,713,130,19,17,1,1,1
12,10,711,131,19,17,1,1,1
13,10,711,131,19,17,1,1,1
14,10,706,133,19,17,1,1,1
15,10,704,134,19,17,1,1,1
16,10,701,134,20,18,1,1,1
17,10,699,135,20,18,1,1,1
18,10,699,135,20,17,1,1,1
19,10,695,137,20,18,1,1,1
20,10,692,137,20,18,1,1,1
21,10,690,138,20,18,1,1,1
22,10,688,139,19,17,1,1,1
23,10,688,139,19,17,1,1,1
24,10,683,141,20,18,1,1,1
25,10,681,142,20,18,1,1,1
26,10,679,142,20,18,1,1,1
27,10,676,143,20,18,1,1,1
28,10,676,143,20,18,1,1,1
29,10,672,144,20,18,1,1,1
30,10,670,145,20,17,1,1,1
31,10,668,145,19,17,1,1,1
32,10,666,146,19,17,1,1,1
33,10,666,146,19,17,1,1,1
34,10,661,147,19,17,1,1,1
35,10,659,148,19,17,1,1,1
36,10,657,148,19,17,1,1,1
37,10,655,149,19,17,1,1,1
38,10,655,149,19,17,1,1,1
39,10,651,150,18,16,1,1,1
40,10,648,150,18,16,1,1,1
41,10,646,150,18,16,1,1,1
42,10,644,151,18,16,1,1,1
43,10,644,151,18,16,1,1,1
44,10,640,151,18,16,1,1,1
45,10,638,152,17,15,1,1,1
46,10,635,152,17,15,1,1,1
47,10,634,152,17,15,1,1,1
48,10,634,152,17,15,1,1,1
49,10,630,153,16,15,1,1,1
50,10,628,153,16,15,1,1,1
51,10,626,154,16,14,1,1,1
52,10,623,154,16,14,1,1,1
53,10,623,154,16,14,1,1,1
54,10,619,154,16,14,1,1,1
55,10,618,155,16,14,1,1,1
56,10,616,155,16,14,1,1,1
57,10,614,156,16,14,1,1,1
58,10,614,156,16,14,1,1,1
59,10,610,156,16,14,1,1,1
60,10,608,157,16,14,1,1,1
61,10,607,157,16,14,1,1,1
62,10,605,157,16,14,1,1,1
63,10,605,157,16,14,1,1,1
64,10,602,158,16,14,1,1,1
65,10,601,158,16,14,1,1,1
66,10,599,158,16,14,1,1,1
67,10,598,159,16,14,1,1,1
68,10,598,159,16,14,1,1,1
69,10,595,160,15,14,1,1,1
70,10,594,160,15,14,1,1,1
71,10,592,160,16,14,1,1,1
72,10,591,160,16,14,1,1,1
73,10,591,160,16,14,1,1,1
74,10,588,161,16,14,1,1,1
75,10,587,161,15,14,1,1,1
76,10,586,162,16,14,1,1,1
77,10,585,162,16,14,1,1,1
78,10,585,162,16,14,1,1,1
79,10,583,163,16,14,1,1,1
80,10,582,163,16,14,1,1,1
81,10,581,163,16,14,1,1,1
82,10,580,164,16,14,1,1,1
83,10,580,164,16,14,1,1,1
84,10,579,164,16,14,1,1,1
85,10,578,165,16,14,1,1,1
86,10,577,165,16,14,1,1,1
87,10,577,166,16,14,1,1,1
88,10,577,166,16,14,1,1,1
89,10,575,166,16,14,1,1,1
90,10,574,166,16,14,1,1,1
91,10,574,167,16,14,1,1,1
92,10,574,167,16,14,1,1,1
93,10,574,167,16,14,1,1,1
94,10,573,168,16,14,1,1,1
95,10,572,168,16,14,1,1,1
96,10,572,168,16,14,1,1,1
97,10,572,168,16,14,1,1,1
98,10,572,168,16,14,1,1,1
99,10,571,169,17,14,1,1,1
100,10,571,169,17,14,1,1,1
101,10,571,169,17,15,1,1,1
102,10,571,170,17,15,1,1,1
103,10,571,170,17,15,1,1,1
104,10,571,170,17,14,1,1,1
105,10,571,170,16,14,1,1,1
106,10,571,171,16,14,1,1,1
107,10,571,171,16,14,1,1,1
108,10,571,171,16,14,1,1,1
109,10,571,172,16,14,1,1,1
110,10,571,172,16,14,1,1,1
111,10,571,172,16,14,1,1,1
112,10,571,172,16,14,1,1,1
113,10,571,172,16,14,1,1,1
114,10,571,173,16,14,1,1,1
115,10,571,174,16,14,1,1,1
116,10,571,174,16,14,1,1,1
117,10,571,174,16,14,1,1,1
118,10,571,174,16,14,1,1,1
119,10,572,175,16,14,1,1,1
1,11,674,208,15,16,1,1,1
2,11,674,208,15,16,1,1,1
3,11,674,208,15,16,1,1,1
4,11,673,208,15,16,1,1,1
5,11,673,208,15,16,1,1,1
6,11,673,208,15,16,1,1,1
7,11,672,208,15,16,1,1,1
8,11,672,208,15,16,1,1,1
9,11,672,208,15,16,1,1,1
10,11,671,209,15,16,1,1,1
11,11,671,209,15,16,1,1,1
12,11,670,210,14,15,1,1,1
13,11,670,210,14,15,1,1,1
14,11,669,211,14,15,1,1,1
15,11,668,212,14,15,1,1,1
16,11,668,213,14,15,1,1,1
17,11,667,213,14,15,1,1,1
18,11,667,213,14,15,1,1,1
19,11,667,214,14,15,1,1,1
20,11,667,215,14,15,1,1,1
21,11,667,215,14,15,1,1,1
22,11,666,216,14,15,1,1,1
23,11,666,216,14,15,1,1,1
24,11,666,216,14,15,1,1,1
25,11,666,217,14,15,1,1,1
26,11,665,217,14,15,1,1,1
27,11,665,218,14,15,1,1,1
28,11,665,218,14,15,1,1,1
29,11,666,219,14,15,1,1,1
30,11,666,219,14,15,1,1,1
31,11,665,220,14,15,1,1,1
32,11,666,220,14,15,1,1,1
33,11,666,220,14,15,1,1,1
34,11,665,221,14,15,1,1,1
35,11,665,221,14,15,1,1,1
36,11,666,222,14,15,1,1,1
37,11,666,222,14,15,1,1,1
38,11,666,222,14,15,1,1,1
39,11,666,222,14,15,1,1,1
40,11,666,223,14,15,1,1,1
41,11,666,223,14,15,1,1,1
42,11,666,223,14,15,1,1,1
43,11,666,223,14,15,1,1,1
44,11,666,223,14,15,1,1,1
45,11,666,223,14,15,1,1,1
46,11,666,223,14,15,1,1,1
47,11,667,223,14,15,1,1,1
48,11,667,223,14,15,1,1,1
49,11,667,224,14,15,1,1,1
50,11,667,224,14,15,1,1,1
51,11,667,224,14,15,1,1,1
52,11,667,224,14,15,1,1,1
53,11,667,224,14,15,1,1,1
54,11,667,225,14,15,1,1,1
55,11,667,225,14,15,1,1,1
56,11,667,225,14,15,1,1,1
57,11,667,225,17,18,1,1,1
58,11,667,225,17,18,1,1,1
59,11,667,226,17,18,1,1,1
60,11,667,226,17,18,1,1,1
61,11,667,226,17,18,1,1,1
62,11,667,226,17,18,1,1,1
63,11,667,226,17,18,1,1,1
64,11,666,226,17,18,1,1,1
65,11,666,227,17,18,1,1,1
66,11,666,227,17,18,1,1,1
67,11,666,227,17,18,1,1,1
68,11,666,227,17,18,1,1,1
69,11,666,228,17,18,1,1,1
70,11,665,228,17,18,1,1,1
71,11,665,229,17,18,1,1,1
72,11,665,229,16,17,1,1,1
73,11,665,229,16,17,1,1,1
74,11,664,229,17,18,1,1,1
75,11,664,229,17,18,1,1,1
76,11,663,230,17,18,1,1,1
77,11,663,230,16,17,1,1,1
78,11,663,230,17,17,1,1,1
79,11,663,231,17,18,1,1,1
80,11,662,231,17,18,1,1,1
81,11,662,232,17,18,1,1,1
82,11,662,232,17,18,1,1,1
83,11,662,232,17,18,1,1,1
84,11,661,232,17,18,1,1,1
85,11,661,232,17,18,1,1,1
86,11,660,233,17,18,1,1,1
87,11,660,233,16,17,1,1,1
88,11,660,233,16,17,1,1,1
89,11,659,233,17,18,1,1,1
90,11,659,234,16,17,1,1,1
91,11,659,234,17,18,1,1,1
92,11,658,234,17,18,1,1,1
93,11,658,234,17,18,1,1,1
94,11,658,235,17,18,1,1,1
95,11,658,235,17,18,1,1,1
96,11,657,235,17,18,1,1,1
97,11,657,236,17,18,1,1,1
98,11,657,236,17,18,1,1,1
99,11,656,236,17,18,1,1,1
100,11,656,236,17,18,1,1,1
101,11,656,236,17,18,1,1,1
102,11,656,237,17,18,1,1,1
103,11,656,237,17,18,1,1,1
104,11,655,237,17,18,1,1,1
105,11,655,237,17,18,1,1,1
106,11,655,238,17,18,1,1,1
107,11,655,238,17,18,1,1,1
108,11,655,238,17,18,1,1,1
109,11,654,239,17,18,1,1,1
110,11,654,239,17,18,1,1,1
111,11,654,239,17,18,1,1,1
112,11,654,239,17,18,1,1,1
113,11,654,239,17,18,1,1,1
114,11,653,240,17,18,1,1,1
115,11,653,240,17,18,1,1,1
116,11,653,240,17,18,1,1,1
117,11,653,240,17,18,1,1,1
118,11,653,240,17,18,1,1,1
119,11,653,241,17,18,1,1,1
1,12,538,187,17,15,1,1,1
2,12,537,187,17,15,1,1,1
3,12,537,187,17,15,1,1,1
4,12,536,187,17,15,1,1,1
5,12,535,187,17,15,1,1,1
6,12,534,187,17,15,1,1,1
7,12,533,188,18,16,1,1,1
8,12,533,188,18,16,1,1,1
9,12,532,189,17,15,1,1,1
10,12,531,189,17,15,1,1,1
11,12,530,190,17,15,1,1,1
12,12,529,191,17,15,1,1,1
13,12,529,191,17,15,1,1,1
14,12,527,192,17,15,1,1,1
15,12,526,193,17,15,1,1,1
16,12,525,194,17,15,1,1,1
17,12,524,195,16,14,1,1,1
18,12,524,195,16,15,1,1,1
19,12,523,196,17,15,1,1,1
20,12,522,197,17,15,1,1,1
21,12,521,197,17,15,1,1,1
22,12,520,198,17,15,1,1,1
23,12,520,198,17,15,1,1,1
24,12,519,199,17,15,1,1,1
25,12,518,200,17,15,1,1,1
26,12,518,201,17,15,1,1,1
27,12,517,202,17,15,1,1,1
28,12,517,202,17,15,1,1,1
29,12,517,203,17,15,1,1,1
30,12,516,203,17,15,1,1,1
31,12,516,204,17,15,1,1,1
32,12,516,205,17,15,1,1,1
33,12,516,205,17,15,1,1,1
34,12,515,206,17,15,1,1,1
35,12,515,207,17,15,1,1,1
36,12,514,207,17,15,1,1,1
37,12,514,208,17,15,1,1,1
38,12,514,208,17,15,1,1,1
39,12,514,209,17,15,1,1,1
40,12,514,209,17,15,1,1,1
41,12,514,210,17,15,1,1,1
42,12,514,211,17,15,1,1,1
43,12,514,211,17,15,1,1,1
44,12,514,211,17,15,1,1,1
45,12,514,212,17,15,1,1,1
46,12,514,212,17,15,1,1,1
47,12,514,212,17,15,1,1,1
48,12,514,212,17,15,1,1,1
49,12,515,213,16,14,1,1,1
50,12,515,213,16,14,1,1,1
51,12,515,214,16,14,1,1,1
52,12,515,214,16,14,1,1,1
53,12,515,214,16,14,1,1,1
54,12,515,215,16,14,1,1,1
55,12,516,216,16,14,1,1,1
56,12,516,216,16,14,1,1,1
57,12,516,216,16,14,1,1,1
58,12,516,216,16,14,1,1,1
59,12,516,217,16,14,1,1,1
60,12,517,217,16,14,1,1,1
61,12,517,218,16,14,1,1,1
62,12,517,218,16,14,1,1,1
63,12,517,218,16,14,1,1,1
64,12,517,220,16,14,1,1,1
65,12,517,220,16,14,1,1,1
66,12,517,220,16,14,1,1,1
67,12,517,221,15,13,1,1,1
68,12,517,221,15,13,1,1,1
69,12,517,222,15,13,1,1,1
70,12,517,222,15,13,1,1,1
71,12,517,222,16,14,1,1,1
72,12,517,223,16,14,1,1,1
73,12,517,223,16,14,1,1,1
74,12,517,223,15,13,1,1,1
75,12,517,224,15,13,1,1,1
76,12,517,224,15,13,1,1,1
77,12,517,224,15,13,1,1,1
78,12,517,224,15,13,1,1,1
79,12,517,225,15,13,1,1,1
80,12,516,225,15,13,1,1,1
81,12,516,225,15,13,1,1,1
82,12,516,226,15,13,1,1,1
83,12,516,226,15,13,1,1,1
84,12,515,226,16,14,1,1,1
85,12,515,226,16,14,1,1,1
86,12,515,227,16,14,1,1,1
87,12,515,227,16,14,1,1,1
88,12,515,227,16,14,1,1,1
89,12,514,227,16,14,1,1,1
90,12,514,228,16,14,1,1,1
91,12,514,228,16,14,1,1,1
92,12,514,229,15,13,1,1,1
93,12,514,229,16,14,1,1,1
94,12,513,229,16,14,1,1,1
95,12,513,229,16,14,1,1,1
96,12,513,229,16,14,1,1,1
97,12,513,230,16,14,1,1,1
98,12,513,230,16,14,1,1,1
99,12,512,230,15,14,1,1,1
100,12,512,231,16,14,1,1,1
101,12,512,231,16,14,1,1,1
102,12,512,231,16,14,1,1,1
103,12,512,231,16,14,1,1,1
104,12,512,232,16,14,1,1,1
105,12,512,232,15,13,1,1,1
106,12,511,233,15,13,1,1,1
107,12,511,233,15,14,1,1,1
108,12,511,233,15,13,1,1,1
109,12,511,234,15,13,1,1,1
110,12,511,234,15,13,1,1,1
111,12,511,234,15,13,1,1,1
112,12,511,235,15,13,1,1,1
113,12,511,235,15,13,1,1,1
114,12,511,236,15,13,1,1,1
115,12,511,236,15,13,1,1,1
116,12,510,236,15,13,1,1,1
117,12,510,236,15,13,1,1,1
118,12,510,236,15,13,1,1,1
119,12,510,237,15,13,1,1,1
1,13,628,245,15,14,1,1,1
2,13,628,245,15,14,1,1,1
3,13,628,245,15,14,1,1,1
4,13,628,244,15,14,1,1,1
5,13,627,244,15,14,1,1,1
6,13,627,244,15,14,1,1,1
7,13,627,244,15,14,1,1,1
8,13,627,244,15,14,1,1,1
9,13,627,245,15,14,1,1,1
10,13,626,245,16,15,1,1,1
11,13,626,246,15,14,1,1,1
12,13,626,246,15,14,1,1,1
13,13,626,246,15,14,1,1,1
14,13,625,247,15,14,1,1,1
15,13,625,248,15,14,1,1,1
16,13,625,249,15,14,1,1,1
17,13,625,249,15,14,1,1,1
18,13,625,249,15,14,1,1,1
19,13,625,250,15,14,1,1,1
20,13,625,250,15,14,1,1,1
21,13,626,250,15,14,1,1,1
22,13,626,250,15,14,1,1,1
23,13,626,250,15,14,1,1,1
24,13,626,252,15,14,1,1,1
25,13,627,252,15,14,1,1,1
26,13,627,252,15,14,1,1,1
27,13,627,252,15,14,1,1,1
28,13,627,252,15,14,1,1,1
29,13,629,253,15,14,1,1,1
30,13,630,253,15,14,1,1,1
31,13,630,253,14,14,1,1,1
32,13,631,253,15,14,1,1,1
33,13,631,253,15,14,1,1,1
34,13,632,254,14,13,1,1,1
35,13,633,254,14,13,1,1,1
36,13,634,254,14,13,1,1,1
37,13,635,254,14,13,1,1,1
38,13,635,254,14,13,1,1,1
39,13,637,254,14,13,1,1,1
40,13,638,253,15,14,1,1,1
41,13,639,254,14,13,1,1,1
42,13,640,253,14,13,1,1,1
43,13,640,253,14,13,1,1,1
44,13,642,253,14,13,1,1,1
45,13,644,253,14,13,1,1,1
46,13,645,253,14,13,1,1,1
47,13,646,253,14,13,1,1,1
48,13,646,253,14,13,1,1,1
49,13,649,253,14,13,1,1,1
50,13,650,253,14,13,1,1,1
51,13,651,252,14,13,1,1,1
52,13,652,252,14,13,1,1,1
53,13,652,252,14,13,1,1,1
54,13,655,252,14,13,1,1,1
55,13,657,252,13,13,1,1,1
56,13,658,252,13,12,1,1,1
57,13,660,252,13,12,1,1,1
58,13,659,252,13,12,1,1,1
59,13,662,252,13,12,1,1,1
60,13,664,252,13,12,1,1,1
61,13,665,252,13,12,1,1,1
62,13,666,252,13,12,1,1,1
63,13,666,252,13,12,1,1,1
64,13,669,251,13,12,1,1,1
65,13,671,251,13,12,1,1,1
66,13,672,251,13,12,1,1,1
67,13,673,251,13,12,1,1,1
68,13,673,251,13,12,1,1,1
69,13,677,251,13,12,1,1,1
70,13,678,251,13,12,1,1,1
71,13,679,251,13,12,1,1,1
72,13,681,251,13,12,1,1,1
73,13,681,251,13,12,1,1,1
74,13,684,252,13,12,1,1,1
75,13,685,252,13,12,1,1,1
76,13,687,252,13,12,1,1,1
77,13,688,252,13,12,1,1,1
78,13,688,252,13,12,1,1,1
79,13,691,252,13,12,1,1,1
80,13,692,252,13,12,1,1,1
81,13,694,253,13,12,1,1,1
82,13,695,253,13,12,1,1,1
83,13,695,253,13,12,1,1,1
84,13,697,253,13,12,1,1,1
85,13,698,254,13,12,1,1,1
86,13,699,253,13,12,1,1,1
87,13,701,254,13,12,1,1,1
88,13,701,254,13,12,1,1,1
89,13,702,254,13,12,1,1,1
90,13,703,254,13,12,1,1,1
91,13,704,254,13,12,1,1,1
92,13,705,254,13,12,1,1,1
93,13,705,254,13,12,1,1,1
94,13,706,255,13,12,1,1,1
95,13,707,255,13,12,1,1,1
96,13,708,255,13,12,1,1,1
97,13,708,255,13,12,1,1,1
98,13,708,255,13,12,1,1,1
99,13,709,255,13,12,1,1,1
100,13,710,256,13,12,1,1,1
101,13,710,256,13,12,1,1,1
102,13,711,256,13,12,1,1,1
103,13,711,256,13,12,1,1,1
104,13,712,256,13,12,1,1,1
105,13,712,256,13,12,1,1,1
106,13,712,257,13,12,1,1,1
107,13,713,257,13,12,1,1,1
108,13,713,257,13,12,1,1,1
109,13,713,257,13,12,1,1,1
110,13,713,257,13,12,1,1,1
111,13,714,258,13,12,1,1,1
112,13,714,258,13,12,1,1,1
113,13,714,258,13,12,1,1,1
114,13,714,258,13,12,1,1,1
115,13,714,259,13,12,1,1,1
116,13,714,259,13,12,1,1,1
117,13,714,259,12,11,1,1,1
118,13,714,259,12,11,1,1,1
119,13,714,259,12,11,1,1,1
1,14,578,286,16,14,1,1,1
2,14,578,286,16,14,1,1,1
3,14,578,286,16,14,1,1,1
4,14,577,286,16,14,1,1,1
5,14,576,286,16,14,1,1,1
6,14,576,286,16,14,1,1,1
7,14,576,286,16,14,1,1,1
8,14,576,286,16,14,1,1,1
9,14,574,286,16,14,1,1,1
10,14,573,286,16,14,1,1,1
11,14,573,286,16,14,1,1,1
12,14,572,286,16,14,1,1,1
13,14,572,286,16,14,1,1,1
14,14,571,287,16,14,1,1,1
15,14,570,287,16,14,1,1,1
16,14,569,287,16,14,1,1,1
17,14,569,287,16,14,1,1,1
18,14,569,287,16,14,1,1,1
19,14,568,288,16,14,1,1,1
20,14,568,288,16,14,1,1,1
21,14,568,288,16,14,1,1,1
22,14,567,288,16,14,1,1,1
23,14,567,288,16,14,1,1,1
24,14,567,289,15,14,1,1,1
25,14,567,289,15,14,1,1,1
26,14,567,289,15,13,1,1,1
27,14,567,289,15,13,1,1,1
28,14,567,289,15,13,1,1,1
29,14,567,289,15,13,1,1,1
30,14,568,289,15,13,1,1,1
31,14,568,289,15,13,1,1,1
32,14,568,289,15,13,1,1,1
33,14,568,289,15,13,1,1,1
34,14,568,288,14,13,1,1,1
35,14,569,288,14,12,1,1,1
36,14,569,288,14,12,1,1,1
37,14,570,288,14,12,1,1,1
38,14,570,288,14,12,1,1,1
39,14,571,287,14,12,1,1,1
40,14,571,287,13,12,1,1,1
41,14,572,287,13,12,1,1,1
42,14,573,287,13,12,1,1,1
43,14,572,284,14,15,1,1,1
44,14,573,283,14,15,1,1,1
45,14,574,282,14,15,1,1,1
46,14,575,281,14,15,1,1,1
47,14,576,281,14,15,1,1,1
48,14,576,281,14,15,1,1,1
49,14,577,280,14,15,1,1,1
50,14,578,280,14,15,1,1,1
51,14,579,279,14,15,1,1,1
52,14,580,279,15,16,1,1,1
53,14,580,279,15,16,1,1,1
54,14,581,278,14,15,1,1,1
55,14,582,277,14,15,1,1,1
56,14,583,277,14,15,1,1,1
57,14,584,277,14,15,1,1,1
58,14,584,277,14,15,1,1,1
59,14,586,276,14,15,1,1,1
60,14,587,275,14,15,1,1,1
61,14,587,275,14,15,1,1,1
62,14,588,274,14,15,1,1,1
63,14,588,274,14,15,1,1,1
64,14,589,269,17,19,1,1,1
65,14,590,269,17,19,1,1,1
66,14,590,268,17,19,1,1,1
67,14,591,267,17,19,1,1,1
68,14,591,267,17,19,1,1,1
69,14,592,267,17,19,1,1,1
70,14,593,266,17,19,1,1,1
71,14,593,266,17,19,1,1,1
72,14,593,266,17,19,1,1,1
73,14,593,266,17,20,1,1,1
74,14,592,266,18,20,1,1,1
75,14,593,266,18,20,1,1,1
76,14,593,266,19,21,1,1,1
77,14,593,266,19,21,1,1,1
78,14,593,266,19,21,1,1,1
79,14,592,266,19,21,1,1,1
80,14,597,263,19,21,1,1,1
81,14,597,263,19,21,1,1,1
82,14,597,263,20,22,1,1,1
83,14,597,263,20,22,1,1,1
84,14,598,262,19,21,1,1,1
85,14,598,262,20,22,1,1,1
86,14,599,262,19,21,1,1,1
87,14,599,262,19,21,1,1,1
88,14,599,262,19,21,1,1,1
89,14,599,262,19,21,1,1,1
90,14,600,262,19,21,1,1,1
91,14,600,262,19,21,1,1,1
92,14,600,262,19,21,1,1,1
93,14,600,262,19,21,1,1,1
94,14,600,262,19,21,1,1,1
95,14,601,261,19,21,1,1,1
96,14,601,261,19,21,1,1,1
97,14,601,261,19,21,1,1,1
98,14,601,261,19,21,1,1,1
99,14,601,261,19,21,1,1,1
100,14,601,261,19,21,1,1,1
101,14,601,261,19,21,1,1,1
102,14,601,261,19,21,1,1,1
103,14,601,261,19,21,1,1,1
104,14,601,261,19,21,1,1,1
105,14,601,262,19,21,1,1,1
106,14,601,262,19,21,1,1,1
107,14,601,262,19,21,1,1,1
108,14,601,262,19,21,1,1,1
109,14,601,261,19,21,1,1,1
110,14,601,261,19,21,1,1,1
111,14,601,261,19,21,1,1,1
112,14,602,261,19,21,1,1,1
113,14,602,261,19,21,1,1,1
114,14,602,261,19,21,1,1,1
115,14,602,261,19,21,1,1,1
116,14,602,261,19,21,1,1,1
117,14,602,261,19,21,1,1,1
118,14,602,261,19,21,1,1,1
119,14,602,262,19,21,1,1,1
1,15,508,229,17,14,1,1,1
2,15,507,229,17,14,1,1,1
3,15,507,229,17,14,1,1,1
4,15,506,229,17,14,1,1,1
5,15,505,229,17,14,1,1,1
6,15,505,230,17,14,1,1,1
7,15,504,230,17,14,1,1,1
8,15,504,230,17,14,1,1,1
9,15,502,231,17,14,1,1,1
10,15,502,232,17,14,1,1,1
11,15,501,232,17,14,1,1,1
12,15,499,233,17,14,1,1,1
13,15,499,233,17,14,1,1,1
14,15,497,234,17,14,1,1,1
15,15,496,235,17,14,1,1,1
16,15,495,236,17,14,1,1,1
17,15,494,237,17,14,1,1,1
18,15,494,237,17,14,1,1,1
19,15,493,238,17,14,1,1,1
20,15,492,239,17,14,1,1,1
21,15,491,240,17,14,1,1,1
22,15,490,240,17,14,1,1,1
23,15,490,240,17,14,1,1,1
24,15,489,241,17,14,1,1,1
25,15,488,242,17,14,1,1,1
26,15,488,243,17,14,1,1,1
27,15,487,244,17,14,1,1,1
28,15,487,244,17,14,1,1,1
29,15,486,245,17,14,1,1,1
30,15,486,245,17,14,1,1,1
31,15,486,246,17,14,1,1,1
32,15,485,246,17,14,1,1,1
33,15,485,246,17,14,1,1,1
34,15,484,248,17,14,1,1,1
35,15,484,248,17,14,1,1,1
36,15,484,248,17,14,1,1,1
37,15,483,249,17,14,1,1,1
38,15,483,249,17,14,1,1,1
39,15,483,250,17,14,1,1,1
40,15,483,250,17,14,1,1,1
41,15,483,251,17,14,1,1,1
42,15,483,251,17,14,1,1,1
43,15,483,251,17,14,1,1,1
44,15,483,251,17,14,1,1,1
45,15,482,252,17,14,1,1,1
46,15,482,252,17,14,1,1,1
47,15,482,252,17,14,1,1,1
48,15,482,252,17,14,1,1,1
49,15,482,252,17,14,1,1,1
50,15,482,253,17,14,1,1,1
51,15,482,253,17,14,1,1,1
52,15,482,253,17,14,1,1,1
53,15,482,253,17,14,1,1,1
54,15,482,254,17,14,1,1,1
55,15,482,254,17,14,1,1,1
56,15,482,255,17,14,1,1,1
57,15,482,255,17,14,1,1,1
58,15,482,255,17,14,1,1,1
59,15,482,256,17,14,1,1,1
60,15,482,256,17,14,1,1,1
61,15,482,257,17,14,1,1,1
62,15,482,257,17,14,1,1,1
63,15,482,257,17,14,1,1,1
64,15,482,258,17,14,1,1,1
65,15,482,258,17,14,1,1,1
66,15,482,258,17,14,1,1,1
67,15,481,259,17,14,1,1,1
68,15,481,259,17,14,1,1,1
69,15,482,259,16,14,1,1,1
70,15,481,260,17,14,1,1,1
71,15,481,261,17,14,1,1,1
72,15,481,261,17,14,1,1,1
73,15,481,261,17,14,1,1,1
74,15,481,262,17,14,1,1,1
75,15,481,262,17,14,1,1,1
76,15,481,262,17,14,1,1,1
77,15,481,263,17,14,1,1,1
78,15,481,263,17,14,1,1,1
79,15,481,263,17,14,1,1,1
80,15,480,263,17,14,1,1,1
81,15,480,264,17,14,1,1,1
82,15,480,264,17,14,1,1,1
83,15,480,264,17,14,1,1,1
84,15,479,264,17,14,1,1,1
85,15,479,264,17,14,1,1,1
86,15,479,265,17,14,1,1,1
87,15,479,265,17,14,1,1,1
88,15,479,265,17,14,1,1,1
89,15,478,266,18,15,1,1,1
90,15,478,266,18,15,1,1,1
91,15,478,266,18,15,1,1,1
92,15,478,266,18,15,1,1,1
93,15,478,267,18,15,1,1,1
94,15,477,267,18,15,1,1,1
95,15,477,267,18,15,1,1,1
96,15,477,267,18,15,1,1,1
97,15,477,267,18,15,1,1,1
98,15,477,267,18,15,1,1,1
99,15,476,268,19,15,1,1,1
100,15,475,268,19,16,1,1,1
101,15,475,268,19,16,1,1,1
102,15,475,268,19,15,1,1,1
103,15,475,268,19,15,1,1,1
104,15,475,269,19,16,1,1,1
105,15,475,269,19,16,1,1,1
106,15,474,269,20,16,1,1,1
107,15,474,269,20,16,1,1,1
108,15,474,269,20,16,1,1,1
109,15,474,269,19,16,1,1,1
110,15,474,269,19,16,1,1,1
111,15,474,270,19,16,1,1,1
112,15,474,270,19,16,1,1,1
113,15,474,270,19,16,1,1,1
114,15,474,270,19,16,1,1,1
115,15,473,270,20,16,1,1,1
116,15,473,270,20,16,1,1,1
117,15,473,270,20,16,1,1,1
118,15,473,270,20,16,1,1,1
119,15,473,271,19,16,1,1,1
1,16,468,288,15,15,1,1,1
2,16,467,288,15,15,1,1,1
3,16,467,288,15,15,1,1,1
4,16,465,288,15,15,1,1,1
5,16,463,288,15,15,1,1,1
6,16,462,288,15,15,1,1,1
7,16,460,288,15,15,1,1,1
8,16,460,288,15,15,1,1,1
9,16,458,288,15,15,1,1,1
10,16,455,288,15,15,1,1,1
11,16,454,289,15,15,1,1,1
12,16,452,289,15,15,1,1,1
13,16,452,289,15,15,1,1,1
14,16,448,290,15,15,1,1,1
15,16,447,290,15,15,1,1,1
16,16,445,291,15,15,1,1,1
17,16,443,291,15,15,1,1,1
18,16,443,291,15,15,1,1,1
19,16,439,292,15,15,1,1,1
20,16,437,292,15,15,1,1,1
21,16,436,292,15,15,1,1,1
22,16,434,292,15,15,1,1,1
23,16,434,292,15,15,1,1,1
24,16,430,293,15,15,1,1,1
25,16,429,294,15,15,1,1,1
26,16,427,294,16,16,1,1,1
27,16,425,294,16,16,1,1,1
28,16,425,294,16,16,1,1,1
29,16,423,295,17,17,1,1,1
30,16,422,295,14,15,1,1,1
31,16,420,295,14,15,1,1,1
32,16,419,295,14,15,1,1,1
33,16,419,295,14,15,1,1,1
34,16,414,296,16,15,1,1,1
35,16,412,296,16,15,1,1,1
36,16,411,296,16,15,1,1,1
37,16,409,297,16,15,1,1,1
38,16,409,297,16,15,1,1,1
39,16,406,297,16,15,1,1,1
40,16,405,297,16,15,1,1,1
41,16,403,297,16,15,1,1,1
42,16,402,297,16,15,1,1,1
43,16,402,297,16,15,1,1,1
44,16,400,297,16,15,1,1,1
45,16,399,297,16,15,1,1,1
46,16,397,297,16,15,1,1,1
47,16,396,297,16,15,1,1,1
48,16,396,297,16,15,1,1,1
49,16,394,297,16,15,1,1,1
50,16,393,297,17,16,1,1,1
51,16,392,297,17,16,1,1,1
52,16,392,297,18,17,1,1,1
53,16,392,297,18,17,1,1,1
54,16,390,297,18,17,1,1,1
55,16,389,297,18,17,1,1,1
56,16,388,297,18,17,1,1,1
57,16,387,297,18,17,1,1,1
58,16,387,297,18,17,1,1,1
59,16,385,297,18,17,1,1,1
60,16,385,297,18,17,1,1,1
61,16,384,297,18,17,1,1,1
62,16,383,298,18,17,1,1,1
63,16,383,298,18,17,1,1,1
64,16,382,298,18,17,1,1,1
65,16,381,298,18,17,1,1,1
66,16,380,298,17,16,1,1,1
67,16,380,298,18,17,1,1,1
68,16,380,298,18,17,1,1,1
69,16,378,298,18,17,1,1,1
70,16,378,299,18,17,1,1,1
71,16,377,299,17,16,1,1,1
72,16,377,299,17,16,1,1,1
73,16,377,299,17,16,1,1,1
74,16,376,299,18,17,1,1,1
75,16,375,299,19,17,1,1,1
76,16,375,300,18,17,1,1,1
77,16,375,299,18,17,1,1,1
78,16,375,299,18,17,1,1,1
79,16,371,299,18,17,1,1,1
80,16,371,299,18,17,1,1,1
81,16,371,299,18,17,1,1,1
82,16,370,299,18,17,1,1,1
83,16,370,299,18,17,1,1,1
84,16,369,300,18,17,1,1,1
85,16,369,300,18,17,1,1,1
86,16,369,300,18,17,1,1,1
87,16,369,300,18,17,1,1,1
88,16,369,300,18,17,1,1,1
89,16,368,301,18,17,1,1,1
90,16,368,301,18,17,1,1,1
91,16,368,302,18,17,1,1,1
92,16,368,302,18,17,1,1,1
93,16,368,302,18,17,1,1,1
94,16,368,303,18,17,1,1,1
95,16,368,303,18,17,1,1,1
96,16,367,303,18,17,1,1,1
97,16,367,303,18,17,1,1,1
98,16,367,303,18,17,1,1,1
99,16,368,304,18,17,1,1,1
100,16,367,304,18,17,1,1,1
101,16,367,304,18,17,1,1,1
102,16,367,304,18,17,1,1,1
103,16,367,304,18,17,1,1,1
104,16,367,305,18,17,1,1,1
105,16,367,305,18,17,1,1,1
106,16,367,305,18,17,1,1,1
107,16,368,305,18,17,1,1,1
108,16,368,305,18,17,1,1,1
109,16,368,306,18,17,1,1,1
110,16,368,306,18,17,1,1,1
111,16,368,306,18,17,1,1,1
112,16,367,307,18,17,1,1,1
113,16,367,307,18,17,1,1,1
114,16,367,307,18,17,1,1,1
115,16,367,307,18,17,1,1,1
116,16,367,308,17,16,1,1,1
117,16,367,307,18,17,1,1,1
118,16,367,307,18,17,1,1,1
119,16,367,308,18,17,1,1,1
1,17,401,236,15,14,1,1,1
2,17,401,236,15,14,1,1,1
3,17,401,236,15,14,1,1,1
4,17,401,236,15,14,1,1,1
5,17,401,236,15,14,1,1,1
6,17,401,236,15,14,1,1,1
7,17,401,236,15,14,1,1,1
8,17,401,236,15,14,1,1,1
9,17,401,236,15,14,1,1,1
10,17,401,237,15,14,1,1,1
11,17,401,237,15,14,1,1,1
12,17,400,237,15,14,1,1,1
13,17,400,237,15,14,1,1,1
14,17,399,238,15,14,1,1,1
15,17,399,239,15,14,1,1,1
16,17,399,239,15,14,1,1,1
17,17,399,240,15,14,1,1,1
18,17,399,240,15,14,1,1,1
19,17,398,241,15,14,1,1,1
20,17,398,241,15,14,1,1,1
21,17,398,241,15,14,1,1,1
22,17,398,242,15,14,1,1,1
23,17,398,242,15,14,1,1,1
24,17,398,243,15,14,1,1,1
25,17,398,244,15,14,1,1,1
26,17,398,244,15,14,1,1,1
27,17,398,244,15,14,1,1,1
28,17,398,244,15,14,1,1,1
29,17,399,245,15,14,1,1,1
30,17,399,246,15,14,1,1,1
31,17,399,246,15,14,1,1,1
32,17,399,246,15,14,1,1,1
33,17,399,246,15,14,1,1,1
34,17,399,247,15,14,1,1,1
35,17,399,247,15,14,1,1,1
36,17,399,248,15,14,1,1,1
37,17,399,248,15,14,1,1,1
38,17,399,248,15,14,1,1,1
39,17,399,248,15,14,1,1,1
40,17,400,248,15,14,1,1,1
41,17,400,248,15,14,1,1,1
42,17,400,248,15,14,1,1,1
43,17,400,248,15,14,1,1,1
44,17,400,248,15,14,1,1,1
45,17,400,248,15,14,1,1,1
46,17,400,248,15,14,1,1,1
47,17,400,248,15,14,1,1,1
48,17,400,248,15,14,1,1,1
49,17,400,248,15,14,1,1,1
50,17,400,248,15,14,1,1,1
51,17,400,248,15,14,1,1,1
52,17,400,248,15,14,1,1,1
53,17,400,248,15,14,1,1,1
54,17,401,249,15,14,1,1,1
55,17,401,249,15,14,1,1,1
56,17,400,249,15,14,1,1,1
57,17,400,249,15,14,1,1,1
58,17,400,249,15,14,1,1,1
59,17,400,249,15,14,1,1,1
60,17,399,249,15,14,1,1,1
61,17,399,249,15,14,1,1,1
62,17,399,250,15,14,1,1,1
63,17,399,250,15,14,1,1,1
64,17,399,250,15,14,1,1,1
65,17,399,250,15,14,1,1,1
66,17,398,251,15,14,1,1,1
67,17,398,251,15,14,1,1,1
68,17,398,251,15,14,1,1,1
69,17,398,251,15,14,1,1,1
70,17,397,251,15,14,1,1,1
71,17,397,251,15,14,1,1,1
72,17,396,251,15,14,1,1,1
73,17,396,251,15,14,1,1,1
74,17,396,252,15,14,1,1,1
75,17,396,252,15,14,1,1,1
76,17,396,252,15,14,1,1,1
77,17,395,253,15,14,1,1,1
78,17,395,253,15,14,1,1,1
79,17,395,254,15,14,1,1,1
80,17,394,254,15,14,1,1,1
81,17,394,254,15,14,1,1,1
82,17,394,254,15,14,1,1,1
83,17,394,254,15,14,1,1,1
84,17,394,255,15,14,1,1,1
85,17,393,255,15,14,1,1,1
86,17,393,255,15,14,1,1,1
87,17,393,255,15,14,1,1,1
88,17,393,255,15,14,1,1,1
89,17,392,256,14,13,1,1,1
90,17,392,257,14,13,1,1,1
91,17,391,257,14,13,1,1,1
92,17,391,257,15,14,1,1,1
93,17,391,257,15,14,1,1,1
94,17,391,257,14,14,1,1,1
95,17,391,258,14,13,1,1,1
96,17,391,258,14,13,1,1,1
97,17,390,258,14,13,1,1,1
98,17,390,258,14,13,1,1,1
99,17,390,259,15,14,1,1,1
100,17,390,259,15,14,1,1,1
101,17,390,259,14,14,1,1,1
102,17,389,260,14,13,1,1,1
103,17,389,260,14,13,1,1,1
104,17,389,260,15,14,1,1,1
105,17,389,260,15,14,1,1,1
106,17,389,261,14,13,1,1,1
107,17,389,261,14,13,1,1,1
108,17,389,261,14,13,1,1,1
109,17,389,261,14,13,1,1,1
110,17,389,261,14,13,1,1,1
111,17,389,262,14,13,1,1,1
112,17,388,262,14,13,1,1,1
113,17,388,262,14,13,1,1,1
114,17,388,263,14,13,1,1,1
115,17,388,263,14,13,1,1,1
116,17,388,263,14,13,1,1,1
117,17,388,263,14,13,1,1,1
118,17,388,263,14,13,1,1,1
119,17,387,263,15,14,1,1,1
1,18,366,261,15,14,1,1,1
2,18,365,261,15,14,1,1,1
3,18,365,261,15,14,1,1,1
4,18,363,261,15,14,1,1,1
5,18,362,261,15,14,1,1,1
6,18,361,261,15,14,1,1,1
7,18,360,262,15,14,1,1,1
8,18,360,262,15,14,1,1,1
9,18,357,262,15,14,1,1,1
10,18,356,263,15,14,1,1,1
11,18,354,263,15,14,1,1,1
12,18,352,264,15,14,1,1,1
13,18,352,264,15,14,1,1,1
14,18,348,265,15,14,1,1,1
15,18,347,266,15,14,1,1,1
16,18,346,266,15,14,1,1,1
17,18,344,267,15,14,1,1,1
18,18,344,267,15,14,1,1,1
19,18,341,268,15,14,1,1,1
20,18,340,268,15,14,1,1,1
21,18,338,269,15,14,1,1,1
22,18,337,270,15,14,1,1,1
23,18,337,270,15,14,1,1,1
24,18,334,271,15,14,1,1,1
25,18,333,271,15,14,1,1,1
26,18,331,272,15,14,1,1,1
27,18,330,272,15,14,1,1,1
28,18,330,272,15,14,1,1,1
29,18,327,273,15,14,1,1,1
30,18,326,274,15,14,1,1,1
31,18,325,274,15,14,1,1,1
32,18,324,274,15,14,1,1,1
33,18,324,274,15,14,1,1,1
34,18,321,275,15,14,1,1,1
35,18,320,275,15,14,1,1,1
36,18,319,275,15,14,1,1,1
37,18,317,275,15,14,1,1,1
38,18,317,275,15,14,1,1,1
39,18,315,276,16,15,1,1,1
40,18,314,276,16,15,1,1,1
41,18,313,277,15,14,1,1,1
42,18,312,277,15,14,1,1,1
43,18,312,277,15,14,1,1,1
44,18,310,277,15,14,1,1,1
45,18,309,278,15,14,1,1,1
46,18,308,278,15,14,1,1,1
47,18,307,278,15,14,1,1,1
48,18,307,278,15,14,1,1,1
49,18,304,278,15,14,1,1,1
50,18,303,278,15,14,1,1,1
51,18,302,278,15,14,1,1,1
52,18,301,279,15,14,1,1,1
53,18,301,279,15,14,1,1,1
54,18,299,279,14,13,1,1,1
55,18,298,279,14,13,1,1,1
56,18,297,280,14,13,1,1,1
57,18,296,280,14,13,1,1,1
58,18,296,280,14,13,1,1,1
59,18,294,280,14,13,1,1,1
60,18,293,281,14,13,1,1,1
61,18,292,281,14,13,1,1,1
62,18,291,281,14,13,1,1,1
63,18,291,281,14,13,1,1,1
64,18,288,282,14,13,1,1,1
65,18,287,282,14,13,1,1,1
66,18,287,283,14,13,1,1,1
67,18,285,283,14,13,1,1,1
68,18,285,283,14,13,1,1,1
69,18,284,284,14,13,1,1,1
70,18,282,284,14,13,1,1,1
71,18,282,284,14,13,1,1,1
72,18,281,285,14,13,1,1,1
73,18,281,285,14,13,1,1,1
74,18,279,285,14,13,1,1,1
75,18,278,286,14,13,1,1,1
76,18,277,286,14,13,1,1,1
77,18,277,287,14,13,1,1,1
78,18,277,287,14,13,1,1,1
79,18,275,288,14,13,1,1,1
80,18,275,288,14,13,1,1,1
81,18,274,288,14,13,1,1,1
82,18,273,289,13,13,1,1,1
83,18,273,289,13,13,1,1,1
84,18,272,289,14,13,1,1,1
85,18,272,289,14,13,1,1,1
86,18,271,290,13,13,1,1,1
87,18,271,290,13,12,1,1,1
88,18,271,290,13,12,1,1,1
89,18,270,291,14,13,1,1,1
90,18,269,291,14,13,1,1,1
91,18,269,291,14,13,1,1,1
92,18,268,292,14,13,1,1,1
93,18,268,292,14,13,1,1,1
94,18,268,292,13,12,1,1,1
95,18,267,293,13,13,1,1,1
96,18,267,293,14,13,1,1,1
97,18,266,293,14,13,1,1,1
98,18,266,293,14,13,1,1,1
99,18,266,294,13,12,1,1,1
100,18,266,294,13,12,1,1,1
101,18,266,294,13,12,1,1,1
102,18,266,295,14,13,1,1,1
103,18,266,295,14,13,1,1,1
104,18,265,295,13,12,1,1,1
105,18,265,295,13,12,1,1,1
106,18,265,296,13,12,1,1,1
107,18,265,296,14,13,1,1,1
108,18,265,296,14,13,1,1,1
109,18,265,296,14,13,1,1,1
110,18,265,297,14,13,1,1,1
111,18,265,297,14,13,1,1,1
112,18,265,297,14,13,1,1,1
113,18,265,297,14,13,1,1,1
114,18,265,298,14,13,1,1,1
115,18,265,298,14,13,1,1,1
116,18,265,298,13,12,1,1,1
117,18,265,298,13,12,1,1,1
118,18,265,298,13,12,1,1,1
119,18,265,299,13,12,1,1,1
1,19,200,149,12,13,1,1,1
2,19,200,150,12,13,1,1,1
3,19,200,150,12,13,1,1,1
4,19,199,151,12,13,1,1,1
5,19,199,151,12,13,1,1,1
6,19,199,154,12,13,1,1,1
7,19,199,154,12,13,1,1,1
8,19,199,154,12,13,1,1,1
9,19,199,154,12,13,1,1,1
10,19,195,156,15,12,1,1,1
11,19,195,157,15,12,1,1,1
12,19,194,158,15,12,1,1,1
13,19,194,158,15,12,1,1,1
14,19,192,160,15,12,1,1,1
15,19,192,162,15,12,1,1,1
16,19,191,162,15,12,1,1,1
17,19,191,163,16,12,1,1,1
18,19,191,163,16,12,1,1,1
19,19,190,166,15,12,1,1,1
20,19,189,166,15,12,1,1,1
21,19,189,168,15,12,1,1,1
22,19,189,168,15,12,1,1,1
23,19,189,168,15,12,1,1,1
24,19,188,170,15,12,1,1,1
25,19,189,170,15,12,1,1,1
26,19,188,172,15,12,1,1,1
27,19,188,172,15,12,1,1,1
28,19,188,172,15,12,1,1,1
29,19,188,174,15,12,1,1,1
30,19,188,174,15,12,1,1,1
31,19,188,174,15,12,1,1,1
32,19,188,174,15,12,1,1,1
33,19,188,174,15,12,1,1,1
34,19,188,175,15,12,1,1,1
35,19,187,175,15,12,1,1,1
36,19,187,175,15,12,1,1,1
37,19,187,175,15,12,1,1,1
38,19,187,175,15,12,1,1,1
39,19,187,175,15,12,1,1,1
40,19,188,175,15,12,1,1,1
41,19,188,174,15,12,1,1,1
42,19,188,174,14,11,1,1,1
43,19,188,174,14,11,1,1,1
44,19,189,174,14,11,1,1,1
45,19,189,174,14,11,1,1,1
46,19,189,173,14,11,1,1,1
47,19,190,173,14,11,1,1,1
48,19,190,173,14,11,1,1,1
49,19,190,172,14,11,1,1,1
50,19,190,172,14,11,1,1,1
51,19,190,171,14,11,1,1,1
52,19,191,171,13,11,1,1,1
53,19,191,171,13,11,1,1,1
54,19,191,171,14,11,1,1,1
55,19,191,169,14,11,1,1,1
56,19,191,169,14,11,1,1,1
57,19,191,169,14,11,1,1,1
58,19,191,169,14,11,1,1,1
59,19,191,168,14,11,1,1,1
60,19,191,168,14,11,1,1,1
61,19,192,167,14,11,1,1,1
62,19,191,167,14,11,1,1,1
63,19,191,167,14,11,1,1,1
64,19,192,166,14,11,1,1,1
65,19,191,165,13,11,1,1,1
66,19,191,165,13,11,1,1,1
67,19,192,165,13,11,1,1,1
68,19,192,165,13,11,1,1,1
69,19,192,164,13,11,1,1,1
70,19,192,164,13,11,1,1,1
71,19,192,163,13,11,1,1,1
72,19,191,162,13,10,1,1,1
73,19,191,162,13,10,1,1,1
74,19,191,162,13,10,1,1,1
75,19,191,161,13,10,1,1,1
76,19,191,161,13,10,1,1,1
77,19,191,161,13,10,1,1,1
78,19,191,161,13,10,1,1,1
79,19,191,161,13,11,1,1,1
80,19,191,161,13,10,1,1,1
81,19,191,160,13,10,1,1,1
82,19,191,160,13,10,1,1,1
83,19,191,160,13,10,1,1,1
84,19,191,160,13,10,1,1,1
85,19,191,160,13,10,1,1,1
86,19,190,160,13,11,1,1,1
87,19,190,160,13,10,1,1,1
88,19,190,160,13,10,1,1,1
89,19,190,160,13,10,1,1,1
90,19,190,160,13,10,1,1,1
91,19,189,161,13,11,1,1,1
92,19,189,161,13,10,1,1,1
93,19,189,161,13,10,1,1,1
94,19,189,161,13,10,1,1,1
95,19,188,161,13,10,1,1,1
96,19,188,162,13,10,1,1,1
97,19,188,162,13,10,1,1,1
98,19,188,162,13,10,1,1,1
99,19,187,162,13,10,1,1,1
100,19,187,162,13,10,1,1,1
101,19,187,163,13,10,1,1,1
102,19,187,164,13,10,1,1,1
103,19,187,164,13,10,1,1,1
104,19,187,164,13,10,1,1,1
105,19,187,164,13,10,1,1,1
106,19,187,165,13,10,1,1,1
107,19,187,165,13,10,1,1,1
108,19,187,165,13,10,1,1,1
109,19,186,165,13,10,1,1,1
110,19,186,166,13,10,1,1,1
111,19,186,166,13,10,1,1,1
112,19,186,166,13,10,1,1,1
113,19,186,166,13,10,1,1,1
114,19,186,166,13,10,1,1,1
115,19,186,167,13,10,1,1,1
116,19,185,167,13,10,1,1,1
117,19,185,168,13,10,1,1,1
118,19,185,168,13,10,1,1,1
119,19,184,168,13,10,1,1,1
1,20,281,231,11,10,1,1,1
2,20,280,231,12,11,1,1,1
3,20,280,231,12,11,1,1,1
4,20,278,231,11,10,1,1,1
5,20,277,231,11,10,1,1,1
6,20,272,228,16,15,1,1,1
7,20,270,228,16,15,1,1,1
8,20,270,228,16,15,1,1,1
9,20,267,229,16,15,1,1,1
10,20,266,229,16,15,1,1,1
11,20,264,230,16,15,1,1,1
12,20,262,230,16,15,1,1,1
13,20,262,230,16,15,1,1,1
14,20,258,231,16,15,1,1,1
15,20,256,232,16,15,1,1,1
16,20,254,232,16,15,1,1,1
17,20,252,233,16,15,1,1,1
18,20,252,233,16,15,1,1,1
19,20,248,234,16,15,1,1,1
20,20,246,234,16,15,1,1,1
21,20,244,235,16,15,1,1,1
22,20,242,235,16,15,1,1,1
23,20,242,235,16,15,1,1,1
24,20,238,236,16,15,1,1,1
25,20,236,236,16,15,1,1,1
26,20,233,237,16,15,1,1,1
27,20,232,237,16,15,1,1,1
28,20,232,237,16,15,1,1,1
29,20,228,238,16,15,1,1,1
30,20,226,238,16,15,1,1,1
31,20,225,239,16,15,1,1,1
32,20,223,239,16,15,1,1,1
33,20,223,239,16,15,1,1,1
34,20,220,239,16,15,1,1,1
35,20,219,240,16,15,1,1,1
36,20,217,240,16,15,1,1,1
37,20,215,240,16,15,1,1,1
38,20,215,240,16,15,1,1,1
39,20,213,240,16,15,1,1,1
40,20,212,240,16,15,1,1,1
41,20,211,241,16,15,1,1,1
42,20,210,241,16,15,1,1,1
43,20,210,241,16,15,1,1,1
44,20,208,240,16,15,1,1,1
45,20,207,240,16,15,1,1,1
46,20,207,240,16,15,1,1,1
47,20,206,240,16,15,1,1,1
48,20,206,240,16,15,1,1,1
49,20,205,240,16,15,1,1,1
50,20,204,240,16,15,1,1,1
51,20,203,240,16,15,1,1,1
52,20,203,240,16,15,1,1,1
53,20,203,240,16,15,1,1,1
54,20,202,240,16,15,1,1,1
55,20,201,240,16,15,1,1,1
56,20,201,240,16,15,1,1,1
57,20,201,240,16,15,1,1,1
58,20,201,240,16,15,1,1,1
59,20,200,240,16,15,1,1,1
60,20,199,240,16,15,1,1,1
61,20,199,239,16,15,1,1,1
62,20,199,239,16,15,1,1,1
63,20,199,239,16,15,1,1,1
64,20,198,239,16,15,1,1,1
65,20,197,239,16,15,1,1,1
66,20,197,239,16,15,1,1,1
67,20,197,239,16,15,1,1,1
68,20,197,239,16,15,1,1,1
69,20,196,238,16,15,1,1,1
70,20,195,238,16,15,1,1,1
71,20,195,238,16,15,1,1,1
72,20,195,238,16,15,1,1,1
73,20,195,238,16,15,1,1,1
74,20,194,238,16,15,1,1,1
75,20,193,238,16,15,1,1,1
76,20,193,238,16,15,1,1,1
77,20,192,238,16,15,1,1,1
78,20,192,238,16,15,1,1,1
79,20,191,238,16,15,1,1,1
80,20,191,238,16,15,1,1,1
81,20,191,238,16,15,1,1,1
82,20,190,238,16,15,1,1,1
83,20,190,238,16,15,1,1,1
84,20,190,238,16,15,1,1,1
85,20,189,238,16,15,1,1,1
86,20,189,238,16,15,1,1,1
87,20,188,238,16,15,1,1,1
88,20,188,238,16,15,1,1,1
89,20,187,238,16,15,1,1,1
90,20,187,238,16,15,1,1,1
91,20,186,238,16,15,1,1,1
92,20,186,238,16,15,1,1,1
93,20,186,238,16,15,1,1,1
94,20,185,238,16,15,1,1,1
95,20,185,238,16,15,1,1,1
96,20,184,239,16,15,1,1,1
97,20,184,239,16,15,1,1,1
98,20,184,239,16,15,1,1,1
99,20,183,239,16,15,1,1,1
100,20,183,239,16,15,1,1,1
101,20,183,240,16,15,1,1,1
102,20,183,239,17,16,1,1,1
103,20,182,239,17,16,1,1,1
104,20,182,240,16,15,1,1,1
105,20,182,240,16,15,1,1,1
106,20,182,241,16,15,1,1,1
107,20,182,241,16,15,1,1,1
108,20,182,241,16,15,1,1,1
109,20,181,241,16,15,1,1,1
110,20,181,241,16,15,1,1,1
111,20,181,242,16,15,1,1,1
112,20,181,242,16,15,1,1,1
113,20,181,242,16,15,1,1,1
114,20,181,243,16,15,1,1,1
115,20,181,243,16,15,1,1,1
116,20,180,243,16,15,1,1,1
117,20,180,243,16,15,1,1,1
118,20,180,243,16,15,1,1,1
119,20,180,244,16,15,1,1,1
1,21,286,225,15,12,1,1,1
2,21,286,225,15,12,1,1,1
3,21,286,225,15,12,1,1,1
4,21,286,225,15,12,1,1,1
5,21,286,225,15,12,1,1,1
6,21,287,226,15,12,1,1,1
7,21,287,226,16,13,1,1,1
8,21,287,226,16,13,1,1,1
9,21,287,226,16,13,1,1,1
10,21,287,227,16,12,1,1,1
11,21,286,228,15,12,1,1,1
12,21,286,228,15,12,1,1,1
13,21,286,228,15,12,1,1,1
14,21,286,229,15,12,1,1,1
15,21,286,230,15,12,1,1,1
16,21,286,231,15,12,1,1,1
17,21,286,232,15,12,1,1,1
18,21,286,232,15,12,1,1,1
19,21,285,233,15,12,1,1,1
20,21,285,233,15,12,1,1,1
21,21,285,234,15,12,1,1,1
22,21,286,235,15,12,1,1,1
23,21,286,235,15,12,1,1,1
24,21,286,236,15,12,1,1,1
25,21,286,236,15,12,1,1,1
26,21,286,237,15,12,1,1,1
27,21,286,238,15,12,1,1,1
28,21,286,238,15,12,1,1,1
29,21,286,239,15,12,1,1,1
30,21,287,240,15,12,1,1,1
31,21,287,240,15,12,1,1,1
32,21,287,241,15,12,1,1,1
33,21,287,241,15,12,1,1,1
34,21,288,242,15,12,1,1,1
35,21,288,243,15,12,1,1,1
36,21,288,243,15,12,1,1,1
37,21,288,244,15,12,1,1,1
38,21,288,244,15,12,1,1,1
39,21,289,245,15,12,1,1,1
40,21,289,245,15,12,1,1,1
41,21,289,246,15,12,1,1,1
42,21,289,246,14,12,1,1,1
43,21,289,246,14,12,1,1,1
44,21,290,246,14,12,1,1,1
45,21,290,247,14,12,1,1,1
46,21,290,247,14,11,1,1,1
47,21,290,247,14,11,1,1,1
48,21,290,247,14,11,1,1,1
49,21,290,247,14,11,1,1,1
50,21,290,247,14,11,1,1,1
51,21,290,247,14,11,1,1,1
52,21,290,247,14,11,1,1,1
53,21,290,247,14,11,1,1,1
54,21,290,247,14,11,1,1,1
55,21,290,247,14,11,1,1,1
56,21,290,247,14,11,1,1,1
57,21,289,247,15,15,1,1,1
58,21,289,247,15,15,1,1,1
59,21,289,247,15,15,1,1,1
60,21,288,248,15,15,1,1,1
61,21,288,248,15,15,1,1,1
62,21,288,248,15,15,1,1,1
63,21,288,248,15,15,1,1,1
64,21,287,248,15,15,1,1,1
65,21,287,249,15,15,1,1,1
66,21,287,249,15,15,1,1,1
67,21,286,249,15,15,1,1,1
68,21,286,249,15,15,1,1,1
69,21,286,250,15,15,1,1,1
70,21,285,250,15,15,1,1,1
71,21,285,251,15,15,1,1,1
72,21,285,251,15,15,1,1,1
73,21,285,251,15,15,1,1,1
74,21,284,252,15,15,1,1,1
75,21,284,252,15,15,1,1,1
76,21,283,253,15,15,1,1,1
77,21,283,253,15,15,1,1,1
78,21,283,253,15,15,1,1,1
79,21,282,254,15,15,1,1,1
80,21,282,254,15,15,1,1,1
81,21,282,255,15,15,1,1,1
82,21,281,255,15,15,1,1,1
83,21,281,255,15,15,1,1,1
84,21,281,256,15,15,1,1,1
85,21,281,256,15,15,1,1,1
86,21,281,256,15,15,1,1,1
87,21,280,257,15,15,1,1,1
88,21,280,257,15,15,1,1,1
89,21,280,258,15,15,1,1,1
90,21,280,258,15,15,1,1,1
91,21,279,259,15,15,1,1,1
92,21,279,259,15,15,1,1,1
93,21,279,259,15,15,1,1,1
94,21,278,260,15,15,1,1,1
95,21,278,260,15,15,1,1,1
96,21,278,260,15,15,1,1,1
97,21,278,261,15,15,1,1,1
98,21,278,261,15,15,1,1,1
99,21,277,262,15,15,1,1,1
100,21,277,262,15,15,1,1,1
101,21,277,263,15,15,1,1,1
102,21,277,263,15,15,1,1,1
103,21,277,263,15,15,1,1,1
104,21,277,264,15,15,1,1,1
105,21,277,265,15,15,1,1,1
106,21,277,265,15,15,1,1,1
107,21,277,266,15,15,1,1,1
108,21,277,266,15,15,1,1,1
109,21,277,266,15,15,1,1,1
110,21,276,266,15,15,1,1,1
111,21,276,267,15,15,1,1,1
112,21,276,267,15,15,1,1,1
113,21,276,267,15,15,1,1,1
114,21,276,268,15,15,1,1,1
115,21,276,268,15,15,1,1,1
116,21,276,269,15,15,1,1,1
117,21,276,269,15,15,1,1,1
118,21,276,269,15,15,1,1,1
119,21,276,270,15,15,1,1,1
