1,-1,481.0,419.0,16.0,14.0,1.000000
1,-1,756.0,472.0,14.0,12.0,1.000000
1,-1,819.0,508.0,18.0,15.0,1.000000
1,-1,888.0,315.0,17.0,16.0,1.000000
1,-1,940.0,291.0,23.0,21.0,1.000000
1,-1,962.0,355.0,15.0,15.0,1.000000
1,-1,1016.0,460.0,12.0,13.0,1.000000
1,-1,1115.0,152.0,14.0,14.0,1.000000
1,-1,1151.0,334.0,15.0,14.0,1.000000
1,-1,1151.0,364.0,21.0,18.0,1.000000
1,-1,1261.0,564.0,18.0,21.0,1.000000
2,-1,479.0,419.0,16.0,14.0,1.000000
2,-1,754.0,473.0,14.0,12.0,1.000000
2,-1,819.0,508.0,18.0,15.0,1.000000
2,-1,888.0,315.0,17.0,16.0,1.000000
2,-1,940.0,292.0,23.0,21.0,1.000000
2,-1,961.0,356.0,15.0,15.0,1.000000
2,-1,1015.0,461.0,12.0,13.0,1.000000
2,-1,1115.0,153.0,14.0,14.0,1.000000
2,-1,1150.0,335.0,15.0,14.0,1.000000
2,-1,1150.0,365.0,21.0,18.0,1.000000
2,-1,1259.0,565.0,18.0,21.0,1.000000
3,-1,478.0,420.0,16.0,14.0,1.000000
3,-1,753.0,474.0,14.0,12.0,1.000000
3,-1,818.0,508.0,18.0,15.0,1.000000
3,-1,887.0,317.0,17.0,16.0,1.000000
3,-1,940.0,293.0,23.0,21.0,1.000000
3,-1,961.0,357.0,15.0,15.0,1.000000
3,-1,1015.0,462.0,12.0,13.0,1.000000
3,-1,1114.0,154.0,14.0,14.0,1.000000
3,-1,1150.0,336.0,15.0,14.0,1.000000
3,-1,1150.0,366.0,21.0,18.0,1.000000
3,-1,1258.0,566.0,17.0,20.0,1.000000
4,-1,476.0,420.0,16.0,14.0,1.000000
4,-1,751.0,476.0,13.0,11.0,1.000000
4,-1,818.0,509.0,18.0,15.0,1.000000
4,-1,887.0,318.0,17.0,16.0,1.000000
4,-1,940.0,293.0,23.0,21.0,1.000000
4,-1,960.0,358.0,15.0,15.0,1.000000
4,-1,1014.0,463.0,12.0,13.0,1.000000
4,-1,1114.0,155.0,14.0,14.0,1.000000
4,-1,1149.0,338.0,15.0,14.0,1.000000
4,-1,1149.0,368.0,21.0,18.0,1.000000
4,-1,1255.0,568.0,20.0,19.0,1.000000
5,-1,474.0,420.0,16.0,14.0,1.000000
5,-1,748.0,476.0,14.0,12.0,1.000000
5,-1,817.0,509.0,18.0,15.0,1.000000
5,-1,886.0,319.0,17.0,16.0,1.000000
5,-1,940.0,294.0,23.0,21.0,1.000000
5,-1,959.0,359.0,15.0,15.0,1.000000
5,-1,1013.0,465.0,12.0,13.0,1.000000
5,-1,1113.0,157.0,14.0,14.0,1.000000
5,-1,1148.0,339.0,15.0,14.0,1.000000
5,-1,1149.0,369.0,21.0,18.0,1.000000
5,-1,1252.0,569.0,20.0,19.0,1.000000
6,-1,472.0,420.0,16.0,14.0,1.000000
6,-1,585.0,0.0,22.0,13.0,1.000000
6,-1,746.0,478.0,14.0,12.0,1.000000
6,-1,817.0,509.0,18.0,15.0,1.000000
6,-1,886.0,320.0,17.0,16.0,1.000000
6,-1,940.0,295.0,23.0,21.0,1.000000
6,-1,959.0,360.0,15.0,15.0,1.000000
6,-1,1012.0,466.0,12.0,13.0,1.000000
6,-1,1112.0,159.0,14.0,14.0,1.000000
6,-1,1147.0,370.0,21.0,18.0,1.000000
6,-1,1148.0,340.0,15.0,14.0,1.000000
6,-1,1250.0,570.0,21.0,19.0,1.000000
7,-1,470.0,421.0,16.0,14.0,1.000000
7,-1,586.0,2.0,19.0,11.0,1.000000
7,-1,744.0,479.0,14.0,12.0,1.000000
7,-1,816.0,510.0,18.0,15.0,1.000000
7,-1,885.0,321.0,17.0,16.0,1.000000
7,-1,939.0,296.0,23.0,21.0,1.000000
7,-1,958.0,361.0,15.0,15.0,1.000000
7,-1,1011.0,468.0,12.0,13.0,1.000000
7,-1,1111.0,160.0,14.0,14.0,1.000000
7,-1,1146.0,342.0,15.0,14.0,1.000000
7,-1,1147.0,372.0,21.0,18.0,1.000000
7,-1,1247.0,571.0,20.0,19.0,1.000000
8,-1,468.0,421.0,16.0,14.0,1.000000
8,-1,584.0,1.0,23.0,15.0,1.000000
8,-1,742.0,480.0,14.0,12.0,1.000000
8,-1,816.0,510.0,18.0,15.0,1.000000
8,-1,884.0,322.0,17.0,16.0,1.000000
8,-1,939.0,298.0,22.0,20.0,1.000000
8,-1,957.0,362.0,15.0,15.0,1.000000
8,-1,1010.0,470.0,12.0,13.0,1.000000
8,-1,1111.0,161.0,14.0,14.0,1.000000
8,-1,1146.0,343.0,15.0,14.0,1.000000
8,-1,1146.0,373.0,21.0,18.0,1.000000
8,-1,1245.0,573.0,20.0,19.0,1.000000
9,-1,466.0,421.0,16.0,14.0,1.000000
9,-1,584.0,2.0,23.0,15.0,1.000000
9,-1,740.0,481.0,14.0,12.0,1.000000
9,-1,815.0,510.0,18.0,15.0,1.000000
9,-1,884.0,323.0,17.0,16.0,1.000000
9,-1,938.0,298.0,22.0,20.0,1.000000
9,-1,956.0,363.0,15.0,15.0,1.000000
9,-1,1010.0,471.0,12.0,13.0,1.000000
9,-1,1110.0,162.0,14.0,14.0,1.000000
9,-1,1145.0,344.0,14.0,13.0,1.000000
9,-1,1145.0,374.0,21.0,18.0,1.000000
9,-1,1242.0,574.0,20.0,19.0,1.000000
10,-1,464.0,421.0,16.0,14.0,1.000000
10,-1,584.0,1.0,22.0,18.0,1.000000
10,-1,737.0,481.0,14.0,12.0,1.000000
10,-1,814.0,511.0,18.0,15.0,1.000000
10,-1,882.0,324.0,17.0,16.0,1.000000
10,-1,938.0,300.0,22.0,20.0,1.000000
10,-1,955.0,364.0,15.0,15.0,1.000000
10,-1,1009.0,471.0,12.0,13.0,1.000000
10,-1,1109.0,164.0,14.0,14.0,1.000000
10,-1,1144.0,346.0,15.0,14.0,1.000000
10,-1,1144.0,375.0,21.0,18.0,1.000000
10,-1,1240.0,575.0,20.0,19.0,1.000000
11,-1,461.0,421.0,16.0,14.0,1.000000
11,-1,583.0,1.0,23.0,19.0,1.000000
11,-1,735.0,483.0,14.0,12.0,1.000000
11,-1,813.0,511.0,18.0,15.0,1.000000
11,-1,882.0,325.0,17.0,16.0,1.000000
11,-1,938.0,300.0,22.0,20.0,1.000000
11,-1,954.0,365.0,15.0,15.0,1.000000
11,-1,1008.0,473.0,12.0,13.0,1.000000
11,-1,1109.0,164.0,14.0,14.0,1.000000
11,-1,1143.0,346.0,15.0,14.0,1.000000
11,-1,1143.0,376.0,21.0,18.0,1.000000
11,-1,1237.0,576.0,20.0,19.0,1.000000
12,-1,460.0,421.0,16.0,14.0,1.000000
12,-1,581.0,2.0,26.0,20.0,1.000000
12,-1,733.0,483.0,14.0,12.0,1.000000
12,-1,813.0,511.0,18.0,15.0,1.000000
12,-1,882.0,325.0,17.0,16.0,1.000000
12,-1,937.0,301.0,22.0,20.0,1.000000
12,-1,954.0,365.0,15.0,15.0,1.000000
12,-1,1007.0,474.0,12.0,13.0,1.000000
12,-1,1108.0,165.0,14.0,14.0,1.000000
12,-1,1142.0,347.0,15.0,14.0,1.000000
12,-1,1142.0,377.0,21.0,18.0,1.000000
12,-1,1235.0,576.0,21.0,20.0,1.000000
13,-1,458.0,421.0,16.0,14.0,1.000000
13,-1,581.0,3.0,26.0,20.0,1.000000
13,-1,731.0,484.0,14.0,12.0,1.000000
13,-1,812.0,511.0,18.0,15.0,1.000000
13,-1,881.0,326.0,17.0,16.0,1.000000
13,-1,937.0,302.0,22.0,20.0,1.000000
13,-1,953.0,366.0,15.0,15.0,1.000000
13,-1,1007.0,475.0,12.0,13.0,1.000000
13,-1,1107.0,166.0,14.0,14.0,1.000000
13,-1,1141.0,349.0,15.0,14.0,1.000000
13,-1,1141.0,378.0,21.0,18.0,1.000000
13,-1,1232.0,577.0,21.0,20.0,1.000000
14,-1,456.0,421.0,15.0,13.0,1.000000
14,-1,579.0,3.0,28.0,21.0,1.000000
14,-1,729.0,485.0,14.0,12.0,1.000000
14,-1,811.0,511.0,18.0,15.0,1.000000
14,-1,880.0,327.0,17.0,16.0,1.000000
14,-1,937.0,303.0,22.0,20.0,1.000000
14,-1,952.0,366.0,15.0,15.0,1.000000
14,-1,1005.0,476.0,12.0,13.0,1.000000
14,-1,1107.0,167.0,14.0,14.0,1.000000
14,-1,1140.0,349.0,15.0,14.0,1.000000
14,-1,1140.0,379.0,21.0,18.0,1.000000
14,-1,1230.0,579.0,19.0,18.0,1.000000
15,-1,453.0,420.0,15.0,13.0,1.000000
15,-1,579.0,3.0,28.0,21.0,1.000000
15,-1,727.0,485.0,14.0,12.0,1.000000
15,-1,810.0,511.0,18.0,15.0,1.000000
15,-1,880.0,328.0,17.0,16.0,1.000000
15,-1,936.0,304.0,22.0,20.0,1.000000
15,-1,951.0,367.0,15.0,15.0,1.000000
15,-1,1005.0,477.0,12.0,13.0,1.000000
15,-1,1106.0,168.0,14.0,14.0,1.000000
15,-1,1139.0,379.0,21.0,18.0,1.000000
15,-1,1140.0,350.0,15.0,14.0,1.000000
15,-1,1226.0,579.0,21.0,20.0,1.000000
16,-1,451.0,419.0,16.0,14.0,1.000000
16,-1,578.0,4.0,29.0,21.0,1.000000
16,-1,724.0,485.0,14.0,12.0,1.000000
16,-1,809.0,510.0,18.0,15.0,1.000000
16,-1,879.0,328.0,16.0,15.0,1.000000
16,-1,935.0,304.0,22.0,20.0,1.000000
16,-1,950.0,367.0,15.0,15.0,1.000000
16,-1,1004.0,478.0,12.0,13.0,1.000000
16,-1,1105.0,168.0,14.0,14.0,1.000000
16,-1,1139.0,351.0,15.0,14.0,1.000000
16,-1,1139.0,380.0,20.0,18.0,1.000000
16,-1,1224.0,580.0,20.0,19.0,1.000000
17,-1,449.0,418.0,15.0,14.0,1.000000
17,-1,579.0,4.0,28.0,21.0,1.000000
17,-1,722.0,486.0,14.0,12.0,1.000000
17,-1,809.0,510.0,18.0,15.0,1.000000
17,-1,879.0,328.0,17.0,16.0,1.000000
17,-1,935.0,305.0,22.0,20.0,1.000000
17,-1,950.0,368.0,15.0,15.0,1.000000
17,-1,1003.0,478.0,12.0,13.0,1.000000
17,-1,1105.0,169.0,14.0,14.0,1.000000
17,-1,1138.0,351.0,14.0,13.0,1.000000
17,-1,1138.0,381.0,20.0,17.0,1.000000
17,-1,1220.0,581.0,20.0,19.0,1.000000
18,-1,446.0,418.0,15.0,13.0,1.000000
18,-1,579.0,5.0,28.0,21.0,1.000000
18,-1,720.0,485.0,14.0,12.0,1.000000
18,-1,807.0,510.0,18.0,15.0,1.000000
18,-1,878.0,329.0,17.0,16.0,1.000000
18,-1,934.0,305.0,22.0,20.0,1.000000
18,-1,949.0,368.0,15.0,15.0,1.000000
18,-1,1002.0,480.0,12.0,13.0,1.000000
18,-1,1104.0,170.0,14.0,14.0,1.000000
18,-1,1137.0,352.0,15.0,14.0,1.000000
18,-1,1137.0,381.0,20.0,17.0,1.000000
18,-1,1217.0,582.0,20.0,19.0,1.000000
19,-1,444.0,417.0,16.0,14.0,1.000000
19,-1,578.0,6.0,28.0,21.0,1.000000
19,-1,717.0,486.0,14.0,12.0,1.000000
19,-1,806.0,509.0,18.0,15.0,1.000000
19,-1,876.0,329.0,17.0,16.0,1.000000
19,-1,933.0,306.0,22.0,20.0,1.000000
19,-1,948.0,368.0,15.0,15.0,1.000000
19,-1,1001.0,480.0,12.0,13.0,1.000000
19,-1,1104.0,170.0,14.0,14.0,1.000000
19,-1,1136.0,352.0,15.0,14.0,1.000000
19,-1,1136.0,382.0,20.0,17.0,1.000000
19,-1,1214.0,582.0,21.0,20.0,1.000000
20,-1,442.0,416.0,15.0,13.0,1.000000
20,-1,578.0,7.0,27.0,20.0,1.000000
20,-1,715.0,486.0,14.0,12.0,1.000000
20,-1,805.0,509.0,18.0,15.0,1.000000
20,-1,876.0,329.0,17.0,16.0,1.000000
20,-1,932.0,307.0,22.0,20.0,1.000000
20,-1,947.0,368.0,15.0,15.0,1.000000
20,-1,1000.0,481.0,12.0,13.0,1.000000
20,-1,1103.0,171.0,14.0,14.0,1.000000
20,-1,1134.0,383.0,20.0,17.0,1.000000
20,-1,1135.0,353.0,15.0,14.0,1.000000
20,-1,1212.0,583.0,20.0,19.0,1.000000
21,-1,439.0,415.0,15.0,13.0,1.000000
21,-1,577.0,7.0,28.0,21.0,1.000000
21,-1,713.0,486.0,14.0,12.0,1.000000
21,-1,804.0,509.0,18.0,15.0,1.000000
21,-1,875.0,330.0,16.0,15.0,1.000000
21,-1,931.0,308.0,22.0,20.0,1.000000
21,-1,945.0,369.0,15.0,15.0,1.000000
21,-1,999.0,482.0,12.0,13.0,1.000000
21,-1,1102.0,172.0,14.0,14.0,1.000000
21,-1,1133.0,383.0,20.0,17.0,1.000000
21,-1,1134.0,353.0,15.0,14.0,1.000000
21,-1,1208.0,584.0,20.0,19.0,1.000000
22,-1,436.0,414.0,16.0,14.0,1.000000
22,-1,577.0,8.0,27.0,20.0,1.000000
22,-1,711.0,486.0,14.0,12.0,1.000000
22,-1,802.0,509.0,18.0,15.0,1.000000
22,-1,874.0,330.0,17.0,16.0,1.000000
22,-1,930.0,308.0,22.0,20.0,1.000000
22,-1,944.0,369.0,15.0,15.0,1.000000
22,-1,997.0,483.0,12.0,13.0,1.000000
22,-1,1101.0,173.0,14.0,14.0,1.000000
22,-1,1132.0,354.0,15.0,14.0,1.000000
22,-1,1132.0,384.0,20.0,17.0,1.000000
22,-1,1205.0,585.0,19.0,18.0,1.000000
23,-1,433.0,414.0,16.0,14.0,1.000000
23,-1,577.0,9.0,28.0,21.0,1.000000
23,-1,708.0,486.0,14.0,12.0,1.000000
23,-1,801.0,509.0,18.0,15.0,1.000000
23,-1,873.0,331.0,17.0,16.0,1.000000
23,-1,930.0,310.0,22.0,20.0,1.000000
23,-1,943.0,370.0,15.0,15.0,1.000000
23,-1,996.0,484.0,12.0,13.0,1.000000
23,-1,1100.0,173.0,14.0,14.0,1.000000
23,-1,1130.0,385.0,21.0,18.0,1.000000
23,-1,1131.0,356.0,15.0,14.0,1.000000
23,-1,1202.0,586.0,19.0,18.0,1.000000
24,-1,430.0,413.0,16.0,14.0,1.000000
24,-1,576.0,10.0,28.0,21.0,1.000000
24,-1,706.0,487.0,13.0,11.0,1.000000
24,-1,800.0,509.0,18.0,15.0,1.000000
24,-1,872.0,332.0,17.0,16.0,1.000000
24,-1,929.0,311.0,22.0,20.0,1.000000
24,-1,943.0,371.0,15.0,15.0,1.000000
24,-1,995.0,486.0,12.0,13.0,1.000000
24,-1,1099.0,175.0,14.0,14.0,1.000000
24,-1,1129.0,386.0,20.0,17.0,1.000000
24,-1,1130.0,357.0,15.0,14.0,1.000000
24,-1,1199.0,587.0,19.0,18.0,1.000000
25,-1,428.0,413.0,16.0,14.0,1.000000
25,-1,576.0,11.0,28.0,21.0,1.000000
25,-1,703.0,488.0,13.0,11.0,1.000000
25,-1,799.0,509.0,18.0,15.0,1.000000
25,-1,871.0,333.0,17.0,16.0,1.000000
25,-1,927.0,312.0,22.0,20.0,1.000000
25,-1,941.0,372.0,15.0,15.0,1.000000
25,-1,994.0,487.0,12.0,13.0,1.000000
25,-1,1098.0,176.0,14.0,14.0,1.000000
25,-1,1128.0,387.0,21.0,18.0,1.000000
25,-1,1129.0,358.0,15.0,14.0,1.000000
25,-1,1196.0,589.0,19.0,18.0,1.000000
26,-1,425.0,412.0,16.0,14.0,1.000000
26,-1,575.0,12.0,28.0,21.0,1.000000
26,-1,701.0,488.0,14.0,12.0,1.000000
26,-1,798.0,510.0,18.0,15.0,1.000000
26,-1,870.0,334.0,16.0,15.0,1.000000
26,-1,926.0,314.0,22.0,20.0,1.000000
26,-1,940.0,372.0,15.0,15.0,1.000000
26,-1,993.0,489.0,12.0,13.0,1.000000
26,-1,1097.0,177.0,14.0,14.0,1.000000
26,-1,1127.0,359.0,15.0,14.0,1.000000
26,-1,1127.0,389.0,20.0,17.0,1.000000
26,-1,1192.0,591.0,19.0,18.0,1.000000
27,-1,423.0,412.0,16.0,14.0,1.000000
27,-1,573.0,9.0,32.0,27.0,1.000000
27,-1,698.0,489.0,14.0,12.0,1.000000
27,-1,796.0,510.0,18.0,15.0,1.000000
27,-1,869.0,334.0,17.0,16.0,1.000000
27,-1,925.0,315.0,22.0,20.0,1.000000
27,-1,939.0,373.0,15.0,15.0,1.000000
27,-1,992.0,490.0,12.0,13.0,1.000000
27,-1,1097.0,178.0,14.0,14.0,1.000000
27,-1,1125.0,390.0,20.0,18.0,1.000000
27,-1,1127.0,360.0,15.0,14.0,1.000000
27,-1,1190.0,592.0,19.0,18.0,1.000000
28,-1,420.0,412.0,16.0,14.0,1.000000
28,-1,572.0,10.0,33.0,28.0,1.000000
28,-1,696.0,489.0,14.0,12.0,1.000000
28,-1,795.0,510.0,18.0,15.0,1.000000
28,-1,868.0,336.0,16.0,15.0,1.000000
28,-1,925.0,316.0,21.0,20.0,1.000000
28,-1,939.0,374.0,15.0,15.0,1.000000
28,-1,992.0,492.0,12.0,13.0,1.000000
28,-1,1097.0,179.0,14.0,14.0,1.000000
28,-1,1124.0,390.0,20.0,17.0,1.000000
28,-1,1126.0,361.0,15.0,14.0,1.000000
28,-1,1186.0,592.0,20.0,19.0,1.000000
29,-1,418.0,411.0,16.0,14.0,1.000000
29,-1,572.0,10.0,33.0,28.0,1.000000
29,-1,695.0,490.0,14.0,12.0,1.000000
29,-1,794.0,510.0,18.0,15.0,1.000000
29,-1,868.0,336.0,16.0,15.0,1.000000
29,-1,924.0,317.0,22.0,20.0,1.000000
29,-1,938.0,374.0,15.0,15.0,1.000000
29,-1,991.0,493.0,12.0,13.0,1.000000
29,-1,1096.0,180.0,14.0,14.0,1.000000
29,-1,1124.0,391.0,21.0,18.0,1.000000
29,-1,1125.0,362.0,15.0,14.0,1.000000
29,-1,1185.0,595.0,18.0,17.0,1.000000
30,-1,415.0,410.0,16.0,14.0,1.000000
30,-1,572.0,12.0,33.0,28.0,1.000000
30,-1,692.0,490.0,14.0,12.0,1.000000
30,-1,794.0,510.0,18.0,15.0,1.000000
30,-1,867.0,337.0,17.0,16.0,1.000000
30,-1,923.0,319.0,22.0,20.0,1.000000
30,-1,937.0,375.0,15.0,15.0,1.000000
30,-1,991.0,495.0,12.0,13.0,1.000000
30,-1,1096.0,182.0,14.0,14.0,1.000000
30,-1,1122.0,393.0,20.0,17.0,1.000000
30,-1,1124.0,363.0,15.0,14.0,1.000000
30,-1,1181.0,596.0,19.0,18.0,1.000000
31,-1,413.0,410.0,15.0,13.0,1.000000
31,-1,572.0,12.0,33.0,27.0,1.000000
31,-1,691.0,490.0,13.0,11.0,1.000000
31,-1,793.0,510.0,18.0,15.0,1.000000
31,-1,866.0,337.0,17.0,16.0,1.000000
31,-1,922.0,319.0,22.0,20.0,1.000000
31,-1,937.0,375.0,15.0,15.0,1.000000
31,-1,990.0,496.0,12.0,13.0,1.000000
31,-1,1095.0,182.0,14.0,14.0,1.000000
31,-1,1121.0,393.0,21.0,18.0,1.000000
31,-1,1124.0,363.0,15.0,14.0,1.000000
31,-1,1178.0,597.0,19.0,18.0,1.000000
32,-1,411.0,409.0,15.0,13.0,1.000000
32,-1,572.0,13.0,33.0,28.0,1.000000
32,-1,689.0,491.0,14.0,12.0,1.000000
32,-1,791.0,510.0,18.0,15.0,1.000000
32,-1,866.0,338.0,16.0,15.0,1.000000
32,-1,921.0,320.0,22.0,20.0,1.000000
32,-1,936.0,375.0,15.0,15.0,1.000000
32,-1,990.0,497.0,12.0,13.0,1.000000
32,-1,1095.0,182.0,14.0,14.0,1.000000
32,-1,1121.0,393.0,21.0,18.0,1.000000
32,-1,1123.0,364.0,15.0,14.0,1.000000
32,-1,1176.0,597.0,20.0,19.0,1.000000
33,-1,408.0,408.0,22.0,19.0,1.000000
33,-1,572.0,14.0,33.0,28.0,1.000000
33,-1,687.0,491.0,17.0,14.0,1.000000
33,-1,790.0,509.0,18.0,15.0,1.000000
33,-1,865.0,338.0,17.0,16.0,1.000000
33,-1,920.0,321.0,22.0,20.0,1.000000
33,-1,935.0,376.0,15.0,15.0,1.000000
33,-1,989.0,498.0,12.0,13.0,1.000000
33,-1,1094.0,183.0,14.0,14.0,1.000000
33,-1,1120.0,394.0,21.0,18.0,1.000000
33,-1,1122.0,364.0,15.0,14.0,1.000000
33,-1,1173.0,599.0,20.0,19.0,1.000000
34,-1,406.0,407.0,22.0,19.0,1.000000
34,-1,572.0,15.0,32.0,27.0,1.000000
34,-1,685.0,491.0,17.0,14.0,1.000000
34,-1,789.0,509.0,18.0,15.0,1.000000
34,-1,865.0,338.0,17.0,16.0,1.000000
34,-1,919.0,322.0,21.0,20.0,1.000000
34,-1,935.0,376.0,15.0,15.0,1.000000
34,-1,988.0,499.0,12.0,13.0,1.000000
34,-1,1094.0,183.0,14.0,14.0,1.000000
34,-1,1119.0,394.0,21.0,18.0,1.000000
34,-1,1122.0,365.0,15.0,14.0,1.000000
34,-1,1170.0,600.0,20.0,19.0,1.000000
35,-1,404.0,406.0,22.0,19.0,1.000000
35,-1,571.0,15.0,32.0,27.0,1.000000
35,-1,684.0,492.0,16.0,14.0,1.000000
35,-1,789.0,509.0,18.0,15.0,1.000000
35,-1,864.0,338.0,17.0,16.0,1.000000
35,-1,919.0,322.0,21.0,20.0,1.000000
35,-1,935.0,376.0,15.0,15.0,1.000000
35,-1,988.0,499.0,12.0,12.0,1.000000
35,-1,1094.0,183.0,14.0,14.0,1.000000
35,-1,1118.0,394.0,21.0,18.0,1.000000
35,-1,1121.0,364.0,15.0,14.0,1.000000
35,-1,1169.0,600.0,20.0,19.0,1.000000
36,-1,402.0,405.0,20.0,15.0,1.000000
36,-1,571.0,15.0,32.0,27.0,1.000000
36,-1,683.0,492.0,16.0,13.0,1.000000
36,-1,788.0,508.0,18.0,15.0,1.000000
36,-1,864.0,338.0,16.0,15.0,1.000000
36,-1,918.0,323.0,22.0,20.0,1.000000
36,-1,935.0,375.0,15.0,15.0,1.000000
36,-1,988.0,500.0,12.0,13.0,1.000000
36,-1,1094.0,183.0,14.0,14.0,1.000000
36,-1,1118.0,394.0,21.0,18.0,1.000000
36,-1,1121.0,364.0,15.0,14.0,1.000000
36,-1,1167.0,600.0,19.0,18.0,1.000000
37,-1,401.0,404.0,20.0,15.0,1.000000
37,-1,571.0,16.0,32.0,27.0,1.000000
37,-1,682.0,491.0,17.0,14.0,1.000000
37,-1,788.0,507.0,18.0,15.0,1.000000
37,-1,864.0,338.0,17.0,16.0,1.000000
37,-1,918.0,323.0,22.0,20.0,1.000000
37,-1,935.0,375.0,15.0,15.0,1.000000
37,-1,988.0,500.0,12.0,13.0,1.000000
37,-1,1094.0,182.0,14.0,14.0,1.000000
37,-1,1118.0,394.0,21.0,18.0,1.000000
37,-1,1121.0,364.0,15.0,14.0,1.000000
37,-1,1165.0,600.0,20.0,19.0,1.000000
38,-1,399.0,403.0,20.0,15.0,1.000000
38,-1,571.0,16.0,32.0,27.0,1.000000
38,-1,681.0,491.0,17.0,14.0,1.000000
38,-1,787.0,506.0,18.0,15.0,1.000000
38,-1,864.0,337.0,17.0,16.0,1.000000
38,-1,917.0,323.0,22.0,20.0,1.000000
38,-1,935.0,374.0,15.0,15.0,1.000000
38,-1,988.0,500.0,12.0,13.0,1.000000
38,-1,1094.0,182.0,14.0,14.0,1.000000
38,-1,1117.0,393.0,21.0,18.0,1.000000
38,-1,1121.0,363.0,15.0,14.0,1.000000
38,-1,1164.0,600.0,20.0,19.0,1.000000
39,-1,397.0,401.0,20.0,15.0,1.000000
39,-1,572.0,17.0,32.0,27.0,1.000000
39,-1,681.0,490.0,16.0,14.0,1.000000
39,-1,787.0,505.0,18.0,15.0,1.000000
39,-1,864.0,337.0,17.0,16.0,1.000000
39,-1,917.0,323.0,21.0,20.0,1.000000
39,-1,935.0,374.0,15.0,15.0,1.000000
39,-1,989.0,501.0,12.0,13.0,1.000000
39,-1,1094.0,181.0,14.0,14.0,1.000000
39,-1,1118.0,392.0,21.0,18.0,1.000000
39,-1,1122.0,363.0,15.0,14.0,1.000000
39,-1,1161.0,599.0,20.0,19.0,1.000000
40,-1,396.0,400.0,20.0,15.0,1.000000
40,-1,572.0,17.0,32.0,27.0,1.000000
40,-1,680.0,490.0,17.0,14.0,1.000000
40,-1,787.0,504.0,19.0,16.0,1.000000
40,-1,865.0,336.0,16.0,15.0,1.000000
40,-1,917.0,323.0,21.0,20.0,1.000000
40,-1,935.0,373.0,15.0,15.0,1.000000
40,-1,990.0,501.0,12.0,13.0,1.000000
40,-1,1095.0,180.0,14.0,14.0,1.000000
40,-1,1118.0,392.0,21.0,18.0,1.000000
40,-1,1122.0,362.0,15.0,14.0,1.000000
40,-1,1160.0,598.0,21.0,20.0,1.000000
41,-1,394.0,399.0,20.0,15.0,1.000000
41,-1,572.0,17.0,33.0,28.0,1.000000
41,-1,679.0,489.0,17.0,14.0,1.000000
41,-1,787.0,503.0,19.0,16.0,1.000000
41,-1,865.0,335.0,17.0,16.0,1.000000
41,-1,916.0,323.0,21.0,20.0,1.000000
41,-1,935.0,372.0,15.0,15.0,1.000000
41,-1,990.0,501.0,12.0,13.0,1.000000
41,-1,1095.0,179.0,14.0,14.0,1.000000
41,-1,1118.0,391.0,21.0,18.0,1.000000
41,-1,1122.0,361.0,15.0,14.0,1.000000
41,-1,1159.0,598.0,21.0,20.0,1.000000
42,-1,393.0,397.0,21.0,15.0,1.000000
42,-1,572.0,17.0,33.0,28.0,1.000000
42,-1,678.0,489.0,17.0,14.0,1.000000
42,-1,786.0,502.0,19.0,16.0,1.000000
42,-1,865.0,334.0,17.0,16.0,1.000000
42,-1,916.0,322.0,21.0,19.0,1.000000
42,-1,936.0,371.0,15.0,15.0,1.000000
42,-1,991.0,500.0,12.0,13.0,1.000000
42,-1,1096.0,179.0,14.0,14.0,1.000000
42,-1,1118.0,390.0,21.0,18.0,1.000000
42,-1,1123.0,360.0,15.0,14.0,1.000000
42,-1,1158.0,597.0,21.0,20.0,1.000000
43,-1,392.0,396.0,20.0,15.0,1.000000
43,-1,572.0,16.0,33.0,28.0,1.000000
43,-1,678.0,488.0,16.0,13.0,1.000000
43,-1,786.0,500.0,19.0,16.0,1.000000
43,-1,865.0,333.0,17.0,16.0,1.000000
43,-1,915.0,322.0,22.0,20.0,1.000000
43,-1,936.0,370.0,15.0,15.0,1.000000
43,-1,991.0,500.0,12.0,13.0,1.000000
43,-1,1096.0,177.0,14.0,14.0,1.000000
43,-1,1118.0,389.0,21.0,18.0,1.000000
43,-1,1123.0,358.0,15.0,14.0,1.000000
43,-1,1157.0,597.0,21.0,20.0,1.000000
44,-1,390.0,394.0,20.0,15.0,1.000000
44,-1,573.0,16.0,33.0,28.0,1.000000
44,-1,678.0,488.0,16.0,13.0,1.000000
44,-1,786.0,499.0,19.0,16.0,1.000000
44,-1,866.0,333.0,17.0,16.0,1.000000
44,-1,915.0,321.0,21.0,20.0,1.000000
44,-1,936.0,369.0,15.0,15.0,1.000000
44,-1,992.0,500.0,11.0,12.0,1.000000
44,-1,1097.0,176.0,14.0,14.0,1.000000
44,-1,1118.0,388.0,21.0,18.0,1.000000
44,-1,1124.0,357.0,15.0,14.0,1.000000
44,-1,1156.0,596.0,21.0,20.0,1.000000
45,-1,389.0,393.0,20.0,15.0,1.000000
45,-1,573.0,16.0,33.0,28.0,1.000000
45,-1,678.0,487.0,17.0,14.0,1.000000
45,-1,786.0,497.0,20.0,16.0,1.000000
45,-1,866.0,332.0,17.0,16.0,1.000000
45,-1,915.0,321.0,21.0,20.0,1.000000
45,-1,937.0,368.0,15.0,15.0,1.000000
45,-1,993.0,499.0,11.0,12.0,1.000000
45,-1,1097.0,175.0,14.0,14.0,1.000000
45,-1,1119.0,387.0,21.0,18.0,1.000000
45,-1,1125.0,356.0,15.0,14.0,1.000000
45,-1,1155.0,595.0,21.0,20.0,1.000000
46,-1,388.0,391.0,20.0,15.0,1.000000
46,-1,573.0,16.0,33.0,28.0,1.000000
46,-1,677.0,486.0,17.0,14.0,1.000000
46,-1,786.0,496.0,20.0,16.0,1.000000
46,-1,867.0,331.0,17.0,16.0,1.000000
46,-1,915.0,320.0,22.0,20.0,1.000000
46,-1,938.0,367.0,15.0,15.0,1.000000
46,-1,993.0,499.0,11.0,12.0,1.000000
46,-1,1098.0,173.0,14.0,14.0,1.000000
46,-1,1119.0,385.0,21.0,18.0,1.000000
46,-1,1125.0,355.0,15.0,14.0,1.000000
46,-1,1154.0,594.0,21.0,20.0,1.000000
47,-1,386.0,390.0,20.0,15.0,1.000000
47,-1,573.0,16.0,33.0,28.0,1.000000
47,-1,677.0,486.0,17.0,14.0,1.000000
47,-1,785.0,495.0,20.0,16.0,1.000000
47,-1,867.0,330.0,17.0,16.0,1.000000
47,-1,914.0,320.0,21.0,20.0,1.000000
47,-1,938.0,365.0,15.0,15.0,1.000000
47,-1,994.0,499.0,11.0,12.0,1.000000
47,-1,1098.0,173.0,14.0,14.0,1.000000
47,-1,1119.0,385.0,21.0,18.0,1.000000
47,-1,1125.0,354.0,15.0,14.0,1.000000
47,-1,1153.0,594.0,21.0,20.0,1.000000
48,-1,384.0,389.0,21.0,15.0,1.000000
48,-1,573.0,16.0,33.0,28.0,1.000000
48,-1,675.0,485.0,17.0,14.0,1.000000
48,-1,785.0,494.0,20.0,16.0,1.000000
48,-1,867.0,329.0,16.0,15.0,1.000000
48,-1,913.0,320.0,22.0,20.0,1.000000
48,-1,938.0,364.0,15.0,15.0,1.000000
48,-1,994.0,499.0,11.0,12.0,1.000000
48,-1,1098.0,171.0,14.0,14.0,1.000000
48,-1,1118.0,383.0,21.0,18.0,1.000000
48,-1,1125.0,353.0,15.0,14.0,1.000000
48,-1,1152.0,594.0,20.0,19.0,1.000000
49,-1,382.0,388.0,21.0,15.0,1.000000
49,-1,573.0,16.0,34.0,29.0,1.000000
49,-1,675.0,484.0,18.0,15.0,1.000000
49,-1,784.0,492.0,20.0,17.0,1.000000
49,-1,867.0,328.0,17.0,16.0,1.000000
49,-1,912.0,320.0,22.0,20.0,1.000000
49,-1,938.0,363.0,15.0,15.0,1.000000
49,-1,994.0,499.0,11.0,12.0,1.000000
49,-1,1098.0,170.0,14.0,14.0,1.000000
49,-1,1119.0,383.0,21.0,18.0,1.000000
49,-1,1125.0,351.0,15.0,14.0,1.000000
49,-1,1151.0,594.0,21.0,20.0,1.000000
50,-1,381.0,386.0,20.0,15.0,1.000000
50,-1,573.0,16.0,34.0,28.0,1.000000
50,-1,674.0,484.0,18.0,15.0,1.000000
50,-1,784.0,491.0,20.0,17.0,1.000000
50,-1,866.0,327.0,17.0,16.0,1.000000
50,-1,911.0,320.0,22.0,20.0,1.000000
50,-1,938.0,362.0,15.0,15.0,1.000000
50,-1,995.0,499.0,11.0,12.0,1.000000
50,-1,1098.0,170.0,14.0,14.0,1.000000
50,-1,1119.0,382.0,21.0,18.0,1.000000
50,-1,1126.0,350.0,15.0,14.0,1.000000
50,-1,1149.0,593.0,21.0,20.0,1.000000
51,-1,379.0,386.0,20.0,15.0,1.000000
51,-1,573.0,16.0,33.0,28.0,1.000000
51,-1,674.0,484.0,18.0,15.0,1.000000
51,-1,783.0,491.0,20.0,17.0,1.000000
51,-1,866.0,327.0,17.0,16.0,1.000000
51,-1,910.0,320.0,22.0,20.0,1.000000
51,-1,938.0,362.0,15.0,15.0,1.000000
51,-1,995.0,499.0,11.0,12.0,1.000000
51,-1,1098.0,169.0,15.0,15.0,1.000000
51,-1,1118.0,381.0,21.0,18.0,1.000000
51,-1,1126.0,350.0,15.0,14.0,1.000000
51,-1,1148.0,593.0,21.0,20.0,1.000000
52,-1,377.0,385.0,20.0,15.0,1.000000
52,-1,573.0,17.0,33.0,28.0,1.000000
52,-1,672.0,484.0,18.0,15.0,1.000000
52,-1,782.0,490.0,20.0,17.0,1.000000
52,-1,866.0,327.0,17.0,16.0,1.000000
52,-1,910.0,320.0,21.0,19.0,1.000000
52,-1,938.0,361.0,15.0,15.0,1.000000
52,-1,995.0,500.0,11.0,12.0,1.000000
52,-1,1098.0,168.0,14.0,14.0,1.000000
52,-1,1118.0,381.0,21.0,18.0,1.000000
52,-1,1125.0,349.0,15.0,14.0,1.000000
52,-1,1147.0,593.0,21.0,20.0,1.000000
53,-1,375.0,384.0,20.0,15.0,1.000000
53,-1,572.0,18.0,33.0,28.0,1.000000
53,-1,672.0,484.0,18.0,15.0,1.000000
53,-1,781.0,490.0,20.0,17.0,1.000000
53,-1,866.0,326.0,17.0,16.0,1.000000
53,-1,908.0,320.0,22.0,20.0,1.000000
53,-1,938.0,361.0,15.0,15.0,1.000000
53,-1,996.0,500.0,11.0,12.0,1.000000
53,-1,1097.0,168.0,14.0,14.0,1.000000
53,-1,1118.0,380.0,21.0,18.0,1.000000
53,-1,1125.0,348.0,15.0,14.0,1.000000
53,-1,1146.0,593.0,21.0,20.0,1.000000
54,-1,373.0,383.0,20.0,15.0,1.000000
54,-1,573.0,19.0,33.0,28.0,1.000000
54,-1,671.0,484.0,18.0,15.0,1.000000
54,-1,780.0,489.0,20.0,16.0,1.000000
54,-1,866.0,326.0,17.0,16.0,1.000000
54,-1,907.0,320.0,22.0,20.0,1.000000
54,-1,938.0,360.0,15.0,15.0,1.000000
54,-1,996.0,500.0,11.0,12.0,1.000000
54,-1,1098.0,167.0,14.0,14.0,1.000000
54,-1,1118.0,379.0,21.0,18.0,1.000000
54,-1,1125.0,348.0,15.0,14.0,1.000000
54,-1,1145.0,593.0,21.0,20.0,1.000000
55,-1,371.0,382.0,20.0,15.0,1.000000
55,-1,572.0,19.0,34.0,28.0,1.000000
55,-1,670.0,484.0,18.0,15.0,1.000000
55,-1,778.0,489.0,20.0,17.0,1.000000
55,-1,865.0,326.0,17.0,16.0,1.000000
55,-1,905.0,321.0,22.0,20.0,1.000000
55,-1,937.0,360.0,15.0,15.0,1.000000
55,-1,996.0,501.0,11.0,12.0,1.000000
55,-1,1098.0,167.0,14.0,14.0,1.000000
55,-1,1117.0,379.0,22.0,18.0,1.000000
55,-1,1125.0,348.0,15.0,14.0,1.000000
55,-1,1143.0,594.0,21.0,20.0,1.000000
56,-1,368.0,381.0,20.0,15.0,1.000000
56,-1,571.0,19.0,34.0,29.0,1.000000
56,-1,668.0,485.0,17.0,14.0,1.000000
56,-1,776.0,488.0,20.0,17.0,1.000000
56,-1,864.0,326.0,18.0,17.0,1.000000
56,-1,903.0,322.0,22.0,20.0,1.000000
56,-1,937.0,360.0,15.0,15.0,1.000000
56,-1,995.0,502.0,11.0,12.0,1.000000
56,-1,1097.0,168.0,14.0,14.0,1.000000
56,-1,1115.0,380.0,21.0,18.0,1.000000
56,-1,1124.0,348.0,15.0,14.0,1.000000
56,-1,1140.0,595.0,21.0,20.0,1.000000
57,-1,365.0,380.0,20.0,15.0,1.000000
57,-1,571.0,20.0,34.0,29.0,1.000000
57,-1,667.0,485.0,17.0,14.0,1.000000
57,-1,774.0,488.0,20.0,17.0,1.000000
57,-1,863.0,326.0,17.0,16.0,1.000000
57,-1,902.0,323.0,22.0,20.0,1.000000
57,-1,936.0,360.0,15.0,15.0,1.000000
57,-1,994.0,503.0,11.0,12.0,1.000000
57,-1,1096.0,168.0,15.0,15.0,1.000000
57,-1,1114.0,380.0,21.0,18.0,1.000000
57,-1,1123.0,349.0,15.0,14.0,1.000000
57,-1,1138.0,596.0,20.0,19.0,1.000000
58,-1,362.0,378.0,20.0,15.0,1.000000
58,-1,570.0,21.0,34.0,29.0,1.000000
58,-1,665.0,485.0,17.0,14.0,1.000000
58,-1,772.0,488.0,20.0,17.0,1.000000
58,-1,863.0,326.0,17.0,16.0,1.000000
58,-1,900.0,324.0,21.0,19.0,1.000000
58,-1,935.0,360.0,15.0,15.0,1.000000
58,-1,993.0,505.0,11.0,12.0,1.000000
58,-1,1095.0,168.0,15.0,15.0,1.000000
58,-1,1113.0,381.0,21.0,18.0,1.000000
58,-1,1122.0,349.0,15.0,14.0,1.000000
58,-1,1136.0,598.0,19.0,18.0,1.000000
59,-1,360.0,378.0,20.0,15.0,1.000000
59,-1,570.0,23.0,34.0,29.0,1.000000
59,-1,663.0,486.0,17.0,14.0,1.000000
59,-1,770.0,488.0,20.0,17.0,1.000000
59,-1,862.0,327.0,17.0,16.0,1.000000
59,-1,898.0,325.0,21.0,19.0,1.000000
59,-1,934.0,361.0,15.0,15.0,1.000000
59,-1,993.0,506.0,11.0,12.0,1.000000
59,-1,1095.0,168.0,14.0,14.0,1.000000
59,-1,1112.0,381.0,21.0,18.0,1.000000
59,-1,1121.0,350.0,15.0,14.0,1.000000
59,-1,1135.0,599.0,19.0,18.0,1.000000
60,-1,357.0,378.0,20.0,15.0,1.000000
60,-1,569.0,24.0,34.0,29.0,1.000000
60,-1,662.0,487.0,16.0,13.0,1.000000
60,-1,768.0,489.0,21.0,17.0,1.000000
60,-1,861.0,328.0,17.0,16.0,1.000000
60,-1,896.0,327.0,21.0,19.0,1.000000
60,-1,933.0,361.0,15.0,15.0,1.000000
60,-1,992.0,508.0,11.0,12.0,1.000000
60,-1,1094.0,169.0,15.0,15.0,1.000000
60,-1,1111.0,382.0,21.0,18.0,1.000000
60,-1,1121.0,350.0,16.0,14.0,1.000000
60,-1,1133.0,601.0,19.0,18.0,1.000000
61,-1,355.0,379.0,20.0,15.0,1.000000
61,-1,568.0,26.0,34.0,29.0,1.000000
61,-1,661.0,489.0,16.0,13.0,1.000000
61,-1,766.0,490.0,20.0,17.0,1.000000
61,-1,860.0,329.0,17.0,16.0,1.000000
61,-1,894.0,328.0,21.0,19.0,1.000000
61,-1,933.0,362.0,15.0,15.0,1.000000
61,-1,992.0,510.0,11.0,12.0,1.000000
61,-1,1093.0,169.0,15.0,15.0,1.000000
61,-1,1111.0,383.0,21.0,18.0,1.000000
61,-1,1120.0,350.0,16.0,15.0,1.000000
61,-1,1131.0,602.0,19.0,18.0,1.000000
62,-1,352.0,379.0,20.0,15.0,1.000000
62,-1,567.0,27.0,34.0,29.0,1.000000
62,-1,659.0,490.0,17.0,14.0,1.000000
62,-1,765.0,490.0,20.0,17.0,1.000000
62,-1,859.0,329.0,17.0,16.0,1.000000
62,-1,892.0,330.0,21.0,19.0,1.000000
62,-1,932.0,362.0,15.0,15.0,1.000000
62,-1,991.0,511.0,11.0,12.0,1.000000
62,-1,1092.0,170.0,14.0,14.0,1.000000
62,-1,1109.0,384.0,21.0,18.0,1.000000
62,-1,1119.0,351.0,15.0,14.0,1.000000
62,-1,1130.0,604.0,19.0,18.0,1.000000
63,-1,349.0,379.0,20.0,15.0,1.000000
63,-1,567.0,30.0,34.0,29.0,1.000000
63,-1,657.0,491.0,17.0,14.0,1.000000
63,-1,763.0,492.0,19.0,16.0,1.000000
63,-1,858.0,330.0,17.0,16.0,1.000000
63,-1,890.0,332.0,20.0,19.0,1.000000
63,-1,931.0,363.0,15.0,15.0,1.000000
63,-1,991.0,513.0,11.0,12.0,1.000000
63,-1,1091.0,171.0,15.0,15.0,1.000000
63,-1,1108.0,385.0,21.0,18.0,1.000000
63,-1,1118.0,353.0,15.0,14.0,1.000000
63,-1,1128.0,606.0,20.0,19.0,1.000000
64,-1,345.0,380.0,21.0,15.0,1.000000
64,-1,566.0,32.0,34.0,28.0,1.000000
64,-1,656.0,493.0,17.0,14.0,1.000000
64,-1,761.0,493.0,19.0,16.0,1.000000
64,-1,857.0,332.0,17.0,16.0,1.000000
64,-1,888.0,334.0,20.0,19.0,1.000000
64,-1,930.0,365.0,15.0,15.0,1.000000
64,-1,990.0,515.0,11.0,12.0,1.000000
64,-1,1090.0,172.0,14.0,14.0,1.000000
64,-1,1107.0,386.0,21.0,18.0,1.000000
64,-1,1117.0,353.0,15.0,14.0,1.000000
64,-1,1126.0,607.0,19.0,18.0,1.000000
65,-1,342.0,381.0,20.0,15.0,1.000000
65,-1,565.0,33.0,35.0,29.0,1.000000
65,-1,654.0,495.0,17.0,14.0,1.000000
65,-1,758.0,495.0,19.0,16.0,1.000000
65,-1,855.0,333.0,17.0,16.0,1.000000
65,-1,885.0,335.0,21.0,19.0,1.000000
65,-1,929.0,366.0,15.0,15.0,1.000000
65,-1,989.0,517.0,11.0,12.0,1.000000
65,-1,1089.0,173.0,15.0,15.0,1.000000
65,-1,1106.0,387.0,21.0,18.0,1.000000
65,-1,1115.0,355.0,15.0,14.0,1.000000
65,-1,1124.0,609.0,19.0,18.0,1.000000
66,-1,339.0,382.0,20.0,15.0,1.000000
66,-1,563.0,36.0,34.0,29.0,1.000000
66,-1,652.0,497.0,16.0,14.0,1.000000
66,-1,756.0,496.0,19.0,16.0,1.000000
66,-1,854.0,334.0,17.0,16.0,1.000000
66,-1,882.0,337.0,21.0,19.0,1.000000
66,-1,928.0,367.0,15.0,15.0,1.000000
66,-1,988.0,520.0,11.0,12.0,1.000000
66,-1,1088.0,174.0,15.0,15.0,1.000000
66,-1,1104.0,389.0,21.0,18.0,1.000000
66,-1,1114.0,356.0,15.0,14.0,1.000000
66,-1,1122.0,612.0,19.0,18.0,1.000000
67,-1,336.0,382.0,20.0,15.0,1.000000
67,-1,562.0,38.0,35.0,30.0,1.000000
67,-1,651.0,498.0,16.0,14.0,1.000000
67,-1,754.0,497.0,20.0,16.0,1.000000
67,-1,853.0,335.0,17.0,16.0,1.000000
67,-1,880.0,339.0,20.0,18.0,1.000000
67,-1,927.0,368.0,15.0,15.0,1.000000
67,-1,988.0,521.0,11.0,12.0,1.000000
67,-1,1086.0,176.0,14.0,14.0,1.000000
67,-1,1103.0,389.0,21.0,18.0,1.000000
67,-1,1113.0,356.0,16.0,15.0,1.000000
67,-1,1121.0,613.0,19.0,18.0,1.000000
68,-1,333.0,384.0,19.0,14.0,1.000000
68,-1,560.0,41.0,35.0,29.0,1.000000
68,-1,649.0,500.0,16.0,13.0,1.000000
68,-1,753.0,499.0,19.0,16.0,1.000000
68,-1,851.0,336.0,17.0,16.0,1.000000
68,-1,877.0,341.0,20.0,18.0,1.000000
68,-1,926.0,369.0,15.0,15.0,1.000000
68,-1,987.0,524.0,10.0,11.0,1.000000
68,-1,1085.0,176.0,14.0,14.0,1.000000
68,-1,1102.0,390.0,21.0,18.0,1.000000
68,-1,1112.0,357.0,16.0,14.0,1.000000
68,-1,1120.0,615.0,19.0,18.0,1.000000
69,-1,330.0,385.0,19.0,15.0,1.000000
69,-1,559.0,43.0,35.0,30.0,1.000000
69,-1,648.0,502.0,16.0,13.0,1.000000
69,-1,751.0,501.0,18.0,15.0,1.000000
69,-1,851.0,337.0,17.0,16.0,1.000000
69,-1,875.0,343.0,20.0,18.0,1.000000
69,-1,925.0,370.0,15.0,15.0,1.000000
69,-1,987.0,526.0,10.0,11.0,1.000000
69,-1,1084.0,177.0,14.0,14.0,1.000000
69,-1,1101.0,391.0,21.0,18.0,1.000000
69,-1,1111.0,358.0,15.0,14.0,1.000000
69,-1,1119.0,616.0,19.0,18.0,1.000000
70,-1,328.0,387.0,20.0,15.0,1.000000
70,-1,558.0,46.0,35.0,29.0,1.000000
70,-1,647.0,504.0,16.0,13.0,1.000000
70,-1,749.0,502.0,18.0,15.0,1.000000
70,-1,850.0,338.0,17.0,16.0,1.000000
70,-1,872.0,345.0,20.0,18.0,1.000000
70,-1,924.0,371.0,15.0,15.0,1.000000
70,-1,987.0,527.0,11.0,12.0,1.000000
70,-1,1083.0,178.0,14.0,14.0,1.000000
70,-1,1100.0,391.0,21.0,18.0,1.000000
70,-1,1110.0,358.0,16.0,15.0,1.000000
70,-1,1118.0,618.0,19.0,18.0,1.000000
71,-1,324.0,387.0,20.0,15.0,1.000000
71,-1,557.0,47.0,35.0,29.0,1.000000
71,-1,645.0,505.0,16.0,13.0,1.000000
71,-1,747.0,503.0,18.0,15.0,1.000000
71,-1,848.0,339.0,17.0,16.0,1.000000
71,-1,870.0,345.0,20.0,18.0,1.000000
71,-1,923.0,371.0,15.0,15.0,1.000000
71,-1,986.0,528.0,11.0,12.0,1.000000
71,-1,1082.0,178.0,14.0,14.0,1.000000
71,-1,1099.0,391.0,21.0,18.0,1.000000
71,-1,1109.0,358.0,16.0,15.0,1.000000
71,-1,1117.0,619.0,18.0,17.0,1.000000
72,-1,322.0,386.0,20.0,15.0,1.000000
72,-1,555.0,48.0,35.0,30.0,1.000000
72,-1,644.0,505.0,16.0,13.0,1.000000
72,-1,744.0,503.0,18.0,15.0,1.000000
72,-1,847.0,339.0,17.0,16.0,1.000000
72,-1,867.0,346.0,20.0,18.0,1.000000
72,-1,922.0,371.0,15.0,15.0,1.000000
72,-1,986.0,529.0,11.0,12.0,1.000000
72,-1,1080.0,178.0,14.0,14.0,1.000000
72,-1,1097.0,391.0,21.0,18.0,1.000000
72,-1,1108.0,359.0,15.0,14.0,1.000000
72,-1,1115.0,620.0,18.0,17.0,1.000000
73,-1,319.0,385.0,20.0,15.0,1.000000
73,-1,554.0,49.0,35.0,30.0,1.000000
73,-1,642.0,505.0,16.0,13.0,1.000000
73,-1,742.0,503.0,18.0,15.0,1.000000
73,-1,846.0,339.0,17.0,16.0,1.000000
73,-1,864.0,347.0,20.0,18.0,1.000000
73,-1,921.0,371.0,15.0,15.0,1.000000
73,-1,985.0,530.0,11.0,12.0,1.000000
73,-1,1079.0,178.0,14.0,14.0,1.000000
73,-1,1096.0,391.0,21.0,18.0,1.000000
73,-1,1107.0,359.0,15.0,14.0,1.000000
73,-1,1114.0,620.0,18.0,17.0,1.000000
74,-1,316.0,385.0,20.0,15.0,1.000000
74,-1,553.0,50.0,36.0,30.0,1.000000
74,-1,641.0,506.0,16.0,13.0,1.000000
74,-1,739.0,504.0,18.0,15.0,1.000000
74,-1,844.0,339.0,17.0,16.0,1.000000
74,-1,861.0,348.0,20.0,18.0,1.000000
74,-1,920.0,371.0,15.0,15.0,1.000000
74,-1,985.0,531.0,11.0,12.0,1.000000
74,-1,1078.0,178.0,14.0,14.0,1.000000
74,-1,1094.0,391.0,21.0,18.0,1.000000
74,-1,1106.0,359.0,15.0,14.0,1.000000
74,-1,1113.0,622.0,17.0,16.0,1.000000
75,-1,314.0,385.0,20.0,15.0,1.000000
75,-1,552.0,50.0,35.0,30.0,1.000000
75,-1,640.0,507.0,15.0,12.0,1.000000
75,-1,738.0,504.0,18.0,15.0,1.000000
75,-1,844.0,339.0,17.0,16.0,1.000000
75,-1,859.0,348.0,20.0,18.0,1.000000
75,-1,920.0,370.0,15.0,15.0,1.000000
75,-1,985.0,532.0,11.0,12.0,1.000000
75,-1,1077.0,177.0,14.0,14.0,1.000000
75,-1,1094.0,390.0,21.0,18.0,1.000000
75,-1,1106.0,358.0,15.0,14.0,1.000000
75,-1,1113.0,622.0,17.0,16.0,1.000000
76,-1,312.0,385.0,20.0,15.0,1.000000
76,-1,551.0,52.0,35.0,30.0,1.000000
76,-1,639.0,507.0,16.0,13.0,1.000000
76,-1,736.0,504.0,18.0,15.0,1.000000
76,-1,844.0,338.0,17.0,16.0,1.000000
76,-1,857.0,348.0,20.0,18.0,1.000000
76,-1,920.0,369.0,15.0,15.0,1.000000
76,-1,985.0,532.0,11.0,12.0,1.000000
76,-1,1077.0,176.0,14.0,14.0,1.000000
76,-1,1094.0,389.0,21.0,18.0,1.000000
76,-1,1106.0,358.0,15.0,14.0,1.000000
76,-1,1113.0,622.0,17.0,16.0,1.000000
77,-1,310.0,385.0,20.0,15.0,1.000000
77,-1,552.0,53.0,34.0,30.0,1.000000
77,-1,637.0,505.0,18.0,15.0,1.000000
77,-1,735.0,504.0,20.0,17.0,1.000000
77,-1,846.0,340.0,14.0,14.0,1.000000
77,-1,858.0,350.0,17.0,16.0,1.000000
77,-1,920.0,369.0,15.0,15.0,1.000000
77,-1,986.0,532.0,11.0,12.0,1.000000
77,-1,1076.0,175.0,14.0,14.0,1.000000
77,-1,1094.0,388.0,21.0,18.0,1.000000
77,-1,1105.0,356.0,15.0,14.0,1.000000
77,-1,1113.0,622.0,17.0,16.0,1.000000
78,-1,308.0,385.0,20.0,15.0,1.000000
78,-1,550.0,53.0,36.0,31.0,1.000000
78,-1,637.0,505.0,18.0,15.0,1.000000
78,-1,734.0,504.0,20.0,17.0,1.000000
78,-1,846.0,340.0,14.0,14.0,1.000000
78,-1,856.0,350.0,17.0,16.0,1.000000
78,-1,920.0,368.0,15.0,15.0,1.000000
78,-1,983.0,531.0,18.0,14.0,1.000000
78,-1,1076.0,174.0,14.0,14.0,1.000000
78,-1,1093.0,387.0,21.0,18.0,1.000000
78,-1,1105.0,355.0,15.0,14.0,1.000000
78,-1,1113.0,622.0,17.0,16.0,1.000000
79,-1,307.0,385.0,20.0,15.0,1.000000
79,-1,551.0,55.0,35.0,30.0,1.000000
79,-1,637.0,505.0,18.0,15.0,1.000000
79,-1,734.0,504.0,20.0,17.0,1.000000
79,-1,847.0,339.0,14.0,14.0,1.000000
79,-1,855.0,350.0,17.0,16.0,1.000000
79,-1,921.0,367.0,15.0,15.0,1.000000
79,-1,984.0,531.0,18.0,14.0,1.000000
79,-1,1076.0,173.0,14.0,14.0,1.000000
79,-1,1094.0,385.0,21.0,18.0,1.000000
79,-1,1106.0,354.0,15.0,14.0,1.000000
79,-1,1115.0,621.0,17.0,16.0,1.000000
80,-1,307.0,385.0,20.0,15.0,1.000000
80,-1,552.0,55.0,35.0,30.0,1.000000
80,-1,638.0,506.0,17.0,14.0,1.000000
80,-1,733.0,504.0,20.0,17.0,1.000000
80,-1,848.0,338.0,14.0,14.0,1.000000
80,-1,854.0,350.0,17.0,16.0,1.000000
80,-1,922.0,366.0,15.0,15.0,1.000000
80,-1,986.0,531.0,18.0,14.0,1.000000
80,-1,1077.0,172.0,14.0,14.0,1.000000
80,-1,1096.0,384.0,21.0,18.0,1.000000
80,-1,1107.0,353.0,15.0,14.0,1.000000
80,-1,1117.0,621.0,17.0,16.0,1.000000
81,-1,307.0,384.0,21.0,15.0,1.000000
81,-1,552.0,56.0,35.0,30.0,1.000000
81,-1,638.0,506.0,18.0,15.0,1.000000
81,-1,733.0,504.0,20.0,17.0,1.000000
81,-1,849.0,338.0,14.0,14.0,1.000000
81,-1,853.0,350.0,17.0,16.0,1.000000
81,-1,923.0,365.0,15.0,15.0,1.000000
81,-1,988.0,531.0,18.0,14.0,1.000000
81,-1,1079.0,170.0,14.0,14.0,1.000000
81,-1,1097.0,383.0,21.0,18.0,1.000000
81,-1,1109.0,351.0,15.0,14.0,1.000000
81,-1,1119.0,621.0,16.0,16.0,1.000000
82,-1,306.0,384.0,20.0,15.0,1.000000
82,-1,553.0,57.0,35.0,30.0,1.000000
82,-1,640.0,506.0,18.0,15.0,1.000000
82,-1,733.0,504.0,20.0,17.0,1.000000
82,-1,850.0,337.0,14.0,14.0,1.000000
82,-1,852.0,350.0,17.0,16.0,1.000000
82,-1,924.0,364.0,15.0,15.0,1.000000
82,-1,990.0,531.0,18.0,14.0,1.000000
82,-1,1079.0,169.0,14.0,14.0,1.000000
82,-1,1098.0,382.0,21.0,18.0,1.000000
82,-1,1110.0,350.0,15.0,14.0,1.000000
82,-1,1121.0,621.0,16.0,15.0,1.000000
83,-1,306.0,384.0,20.0,15.0,1.000000
83,-1,555.0,58.0,35.0,30.0,1.000000
83,-1,640.0,507.0,17.0,14.0,1.000000
83,-1,733.0,504.0,20.0,17.0,1.000000
83,-1,851.0,337.0,14.0,14.0,1.000000
83,-1,852.0,350.0,17.0,16.0,1.000000
83,-1,926.0,364.0,15.0,15.0,1.000000
83,-1,992.0,531.0,18.0,14.0,1.000000
83,-1,1081.0,169.0,14.0,14.0,1.000000
83,-1,1100.0,381.0,21.0,18.0,1.000000
83,-1,1112.0,350.0,15.0,14.0,1.000000
83,-1,1123.0,621.0,16.0,15.0,1.000000
84,-1,307.0,384.0,20.0,15.0,1.000000
84,-1,556.0,59.0,36.0,30.0,1.000000
84,-1,641.0,507.0,18.0,15.0,1.000000
84,-1,734.0,505.0,20.0,17.0,1.000000
84,-1,852.0,351.0,17.0,16.0,1.000000
84,-1,853.0,337.0,14.0,14.0,1.000000
84,-1,928.0,364.0,15.0,15.0,1.000000
84,-1,995.0,533.0,18.0,14.0,1.000000
84,-1,1083.0,168.0,14.0,14.0,1.000000
84,-1,1101.0,381.0,21.0,18.0,1.000000
84,-1,1114.0,350.0,15.0,14.0,1.000000
84,-1,1126.0,623.0,16.0,15.0,1.000000
85,-1,307.0,384.0,20.0,15.0,1.000000
85,-1,558.0,61.0,36.0,31.0,1.000000
85,-1,643.0,508.0,18.0,15.0,1.000000
85,-1,734.0,506.0,19.0,17.0,1.000000
85,-1,851.0,351.0,17.0,16.0,1.000000
85,-1,854.0,337.0,13.0,13.0,1.000000
85,-1,930.0,363.0,15.0,15.0,1.000000
85,-1,997.0,534.0,18.0,14.0,1.000000
85,-1,1085.0,168.0,14.0,14.0,1.000000
85,-1,1103.0,381.0,21.0,18.0,1.000000
85,-1,1116.0,349.0,15.0,14.0,1.000000
85,-1,1128.0,623.0,16.0,15.0,1.000000
86,-1,308.0,384.0,21.0,15.0,1.000000
86,-1,560.0,62.0,35.0,30.0,1.000000
86,-1,644.0,508.0,17.0,15.0,1.000000
86,-1,734.0,506.0,20.0,17.0,1.000000
86,-1,851.0,352.0,17.0,16.0,1.000000
86,-1,856.0,337.0,14.0,14.0,1.000000
86,-1,932.0,363.0,15.0,15.0,1.000000
86,-1,999.0,534.0,18.0,14.0,1.000000
86,-1,1087.0,168.0,14.0,14.0,1.000000
86,-1,1105.0,380.0,22.0,18.0,1.000000
86,-1,1118.0,349.0,15.0,14.0,1.000000
86,-1,1132.0,624.0,16.0,15.0,1.000000
87,-1,308.0,383.0,20.0,15.0,1.000000
87,-1,561.0,62.0,36.0,31.0,1.000000
87,-1,645.0,508.0,18.0,15.0,1.000000
87,-1,734.0,506.0,20.0,17.0,1.000000
87,-1,850.0,352.0,17.0,16.0,1.000000
87,-1,858.0,336.0,14.0,14.0,1.000000
87,-1,934.0,362.0,15.0,15.0,1.000000
87,-1,1002.0,534.0,18.0,14.0,1.000000
87,-1,1089.0,166.0,14.0,14.0,1.000000
87,-1,1107.0,379.0,21.0,18.0,1.000000
87,-1,1120.0,348.0,15.0,14.0,1.000000
87,-1,1134.0,624.0,16.0,15.0,1.000000
88,-1,309.0,382.0,21.0,16.0,1.000000
88,-1,563.0,62.0,36.0,31.0,1.000000
88,-1,647.0,507.0,18.0,15.0,1.000000
88,-1,735.0,506.0,20.0,17.0,1.000000
88,-1,850.0,351.0,17.0,16.0,1.000000
88,-1,860.0,335.0,14.0,14.0,1.000000
88,-1,936.0,361.0,15.0,15.0,1.000000
88,-1,1005.0,534.0,18.0,14.0,1.000000
88,-1,1091.0,164.0,14.0,14.0,1.000000
88,-1,1110.0,378.0,21.0,18.0,1.000000
88,-1,1122.0,347.0,15.0,14.0,1.000000
88,-1,1137.0,623.0,16.0,15.0,1.000000
89,-1,310.0,381.0,21.0,15.0,1.000000
89,-1,565.0,62.0,37.0,32.0,1.000000
89,-1,648.0,507.0,18.0,15.0,1.000000
89,-1,736.0,505.0,20.0,17.0,1.000000
89,-1,850.0,351.0,17.0,16.0,1.000000
89,-1,862.0,333.0,14.0,14.0,1.000000
89,-1,938.0,360.0,15.0,15.0,1.000000
89,-1,1007.0,534.0,18.0,14.0,1.000000
89,-1,1093.0,163.0,14.0,14.0,1.000000
89,-1,1112.0,377.0,22.0,19.0,1.000000
89,-1,1124.0,346.0,15.0,14.0,1.000000
89,-1,1140.0,623.0,16.0,15.0,1.000000
90,-1,311.0,380.0,21.0,15.0,1.000000
90,-1,566.0,62.0,37.0,32.0,1.000000
90,-1,650.0,507.0,17.0,15.0,1.000000
90,-1,736.0,505.0,20.0,17.0,1.000000
90,-1,850.0,350.0,17.0,16.0,1.000000
90,-1,864.0,332.0,14.0,14.0,1.000000
90,-1,941.0,358.0,15.0,15.0,1.000000
90,-1,1010.0,534.0,18.0,14.0,1.000000
90,-1,1095.0,162.0,14.0,14.0,1.000000
90,-1,1114.0,375.0,22.0,18.0,1.000000
90,-1,1127.0,344.0,15.0,14.0,1.000000
90,-1,1143.0,622.0,16.0,15.0,1.000000
91,-1,312.0,378.0,21.0,16.0,1.000000
91,-1,569.0,62.0,35.0,30.0,1.000000
91,-1,651.0,506.0,18.0,15.0,1.000000
91,-1,737.0,504.0,20.0,17.0,1.000000
91,-1,850.0,349.0,17.0,16.0,1.000000
91,-1,866.0,331.0,14.0,14.0,1.000000
91,-1,942.0,357.0,15.0,15.0,1.000000
91,-1,1013.0,533.0,18.0,14.0,1.000000
91,-1,1097.0,160.0,14.0,14.0,1.000000
91,-1,1116.0,373.0,22.0,18.0,1.000000
91,-1,1129.0,342.0,15.0,14.0,1.000000
91,-1,1146.0,621.0,16.0,15.0,1.000000
92,-1,312.0,377.0,21.0,16.0,1.000000
92,-1,571.0,62.0,35.0,30.0,1.000000
92,-1,653.0,505.0,18.0,15.0,1.000000
92,-1,737.0,503.0,20.0,17.0,1.000000
92,-1,849.0,348.0,17.0,16.0,1.000000
92,-1,867.0,329.0,14.0,14.0,1.000000
92,-1,944.0,354.0,15.0,15.0,1.000000
92,-1,1016.0,532.0,18.0,14.0,1.000000
92,-1,1099.0,157.0,14.0,14.0,1.000000
92,-1,1118.0,371.0,21.0,18.0,1.000000
92,-1,1131.0,340.0,14.0,13.0,1.000000
92,-1,1149.0,619.0,16.0,15.0,1.000000
93,-1,313.0,376.0,21.0,16.0,1.000000
93,-1,572.0,61.0,36.0,31.0,1.000000
93,-1,654.0,504.0,17.0,14.0,1.000000
93,-1,738.0,502.0,20.0,17.0,1.000000
93,-1,849.0,347.0,17.0,16.0,1.000000
93,-1,869.0,327.0,14.0,14.0,1.000000
93,-1,946.0,353.0,15.0,15.0,1.000000
93,-1,1018.0,531.0,18.0,14.0,1.000000
93,-1,1101.0,155.0,14.0,14.0,1.000000
93,-1,1120.0,369.0,21.0,18.0,1.000000
93,-1,1133.0,338.0,15.0,14.0,1.000000
93,-1,1152.0,618.0,16.0,15.0,1.000000
94,-1,314.0,374.0,21.0,15.0,1.000000
94,-1,574.0,61.0,37.0,31.0,1.000000
94,-1,656.0,503.0,18.0,15.0,1.000000
94,-1,738.0,501.0,20.0,17.0,1.000000
94,-1,848.0,346.0,17.0,16.0,1.000000
94,-1,870.0,325.0,14.0,14.0,1.000000
94,-1,948.0,351.0,15.0,15.0,1.000000
94,-1,1021.0,530.0,18.0,14.0,1.000000
94,-1,1103.0,153.0,14.0,14.0,1.000000
94,-1,1123.0,367.0,21.0,18.0,1.000000
94,-1,1135.0,336.0,15.0,14.0,1.000000
94,-1,1155.0,616.0,16.0,15.0,1.000000
95,-1,315.0,373.0,20.0,15.0,1.000000
95,-1,575.0,61.0,36.0,31.0,1.000000
95,-1,657.0,501.0,18.0,15.0,1.000000
95,-1,738.0,500.0,20.0,17.0,1.000000
95,-1,847.0,344.0,17.0,16.0,1.000000
95,-1,872.0,324.0,14.0,14.0,1.000000
95,-1,950.0,349.0,15.0,15.0,1.000000
95,-1,1023.0,529.0,18.0,14.0,1.000000
95,-1,1105.0,150.0,14.0,14.0,1.000000
95,-1,1124.0,365.0,21.0,18.0,1.000000
95,-1,1137.0,334.0,15.0,14.0,1.000000
95,-1,1159.0,614.0,17.0,16.0,1.000000
96,-1,316.0,372.0,20.0,15.0,1.000000
96,-1,577.0,61.0,36.0,31.0,1.000000
96,-1,658.0,500.0,18.0,15.0,1.000000
96,-1,739.0,499.0,20.0,17.0,1.000000
96,-1,846.0,343.0,17.0,16.0,1.000000
96,-1,874.0,321.0,14.0,14.0,1.000000
96,-1,952.0,346.0,15.0,15.0,1.000000
96,-1,1026.0,528.0,18.0,14.0,1.000000
96,-1,1106.0,148.0,14.0,14.0,1.000000
96,-1,1126.0,362.0,21.0,18.0,1.000000
96,-1,1139.0,331.0,15.0,14.0,1.000000
96,-1,1163.0,611.0,18.0,17.0,1.000000
97,-1,316.0,370.0,20.0,15.0,1.000000
97,-1,578.0,60.0,36.0,31.0,1.000000
97,-1,659.0,499.0,18.0,15.0,1.000000
97,-1,739.0,498.0,20.0,17.0,1.000000
97,-1,846.0,342.0,17.0,16.0,1.000000
97,-1,876.0,319.0,14.0,14.0,1.000000
97,-1,953.0,344.0,15.0,15.0,1.000000
97,-1,1028.0,527.0,18.0,14.0,1.000000
97,-1,1108.0,146.0,14.0,14.0,1.000000
97,-1,1128.0,360.0,22.0,19.0,1.000000
97,-1,1140.0,329.0,15.0,14.0,1.000000
97,-1,1166.0,609.0,17.0,16.0,1.000000
98,-1,318.0,369.0,20.0,15.0,1.000000
98,-1,579.0,60.0,36.0,31.0,1.000000
98,-1,660.0,498.0,18.0,15.0,1.000000
98,-1,739.0,497.0,20.0,17.0,1.000000
98,-1,845.0,340.0,16.0,15.0,1.000000
98,-1,877.0,318.0,13.0,13.0,1.000000
98,-1,955.0,342.0,15.0,15.0,1.000000
98,-1,1031.0,525.0,17.0,14.0,1.000000
98,-1,1110.0,143.0,14.0,14.0,1.000000
98,-1,1130.0,357.0,22.0,19.0,1.000000
98,-1,1143.0,327.0,15.0,14.0,1.000000
98,-1,1170.0,607.0,16.0,16.0,1.000000
99,-1,318.0,368.0,20.0,15.0,1.000000
99,-1,580.0,60.0,36.0,31.0,1.000000
99,-1,661.0,497.0,18.0,15.0,1.000000
99,-1,739.0,496.0,20.0,17.0,1.000000
99,-1,843.0,339.0,17.0,16.0,1.000000
99,-1,878.0,316.0,14.0,14.0,1.000000
99,-1,956.0,340.0,15.0,15.0,1.000000
99,-1,1032.0,525.0,17.0,13.0,1.000000
99,-1,1112.0,142.0,14.0,14.0,1.000000
99,-1,1131.0,356.0,22.0,19.0,1.000000
99,-1,1144.0,325.0,15.0,14.0,1.000000
99,-1,1169.0,606.0,19.0,17.0,1.000000
100,-1,318.0,366.0,20.0,15.0,1.000000
100,-1,582.0,60.0,36.0,31.0,1.000000
100,-1,661.0,495.0,19.0,15.0,1.000000
100,-1,739.0,496.0,20.0,17.0,1.000000
100,-1,842.0,338.0,17.0,16.0,1.000000
100,-1,879.0,314.0,14.0,14.0,1.000000
100,-1,957.0,339.0,15.0,15.0,1.000000
100,-1,1034.0,524.0,17.0,13.0,1.000000
100,-1,1113.0,140.0,14.0,14.0,1.000000
100,-1,1132.0,354.0,22.0,18.0,1.000000
100,-1,1145.0,323.0,15.0,14.0,1.000000
100,-1,1171.0,605.0,19.0,17.0,1.000000
101,-1,318.0,364.0,20.0,15.0,1.000000
101,-1,583.0,60.0,36.0,30.0,1.000000
101,-1,662.0,495.0,18.0,15.0,1.000000
101,-1,738.0,495.0,20.0,17.0,1.000000
101,-1,839.0,336.0,17.0,16.0,1.000000
101,-1,881.0,312.0,14.0,14.0,1.000000
101,-1,958.0,337.0,15.0,15.0,1.000000
101,-1,1036.0,523.0,17.0,14.0,1.000000
101,-1,1114.0,138.0,14.0,14.0,1.000000
101,-1,1133.0,352.0,22.0,18.0,1.000000
101,-1,1146.0,321.0,15.0,14.0,1.000000
101,-1,1173.0,605.0,18.0,16.0,1.000000
102,-1,319.0,363.0,20.0,15.0,1.000000
102,-1,584.0,59.0,36.0,31.0,1.000000
102,-1,662.0,493.0,18.0,15.0,1.000000
102,-1,738.0,494.0,20.0,17.0,1.000000
102,-1,837.0,331.0,22.0,21.0,1.000000
102,-1,881.0,311.0,14.0,14.0,1.000000
102,-1,959.0,336.0,15.0,15.0,1.000000
102,-1,1037.0,523.0,17.0,13.0,1.000000
102,-1,1115.0,136.0,15.0,15.0,1.000000
102,-1,1135.0,351.0,21.0,18.0,1.000000
102,-1,1147.0,320.0,15.0,14.0,1.000000
103,-1,319.0,362.0,20.0,15.0,1.000000
103,-1,585.0,59.0,36.0,31.0,1.000000
103,-1,663.0,493.0,18.0,15.0,1.000000
103,-1,737.0,493.0,20.0,17.0,1.000000
103,-1,835.0,330.0,22.0,21.0,1.000000
103,-1,882.0,309.0,14.0,14.0,1.000000
103,-1,960.0,334.0,16.0,16.0,1.000000
103,-1,1038.0,522.0,18.0,14.0,1.000000
103,-1,1116.0,134.0,14.0,14.0,1.000000
103,-1,1136.0,349.0,21.0,18.0,1.000000
103,-1,1148.0,319.0,15.0,14.0,1.000000
104,-1,319.0,360.0,20.0,15.0,1.000000
104,-1,586.0,59.0,36.0,31.0,1.000000
104,-1,663.0,492.0,18.0,15.0,1.000000
104,-1,737.0,492.0,21.0,18.0,1.000000
104,-1,833.0,329.0,22.0,21.0,1.000000
104,-1,883.0,308.0,14.0,14.0,1.000000
104,-1,961.0,332.0,16.0,16.0,1.000000
104,-1,1040.0,521.0,17.0,14.0,1.000000
104,-1,1118.0,133.0,14.0,14.0,1.000000
104,-1,1136.0,347.0,22.0,19.0,1.000000
104,-1,1150.0,317.0,15.0,14.0,1.000000
105,-1,319.0,359.0,20.0,15.0,1.000000
105,-1,586.0,59.0,37.0,31.0,1.000000
105,-1,663.0,491.0,18.0,15.0,1.000000
105,-1,736.0,492.0,21.0,18.0,1.000000
105,-1,832.0,328.0,22.0,21.0,1.000000
105,-1,884.0,306.0,14.0,14.0,1.000000
105,-1,962.0,331.0,15.0,15.0,1.000000
105,-1,1041.0,520.0,18.0,14.0,1.000000
105,-1,1119.0,131.0,15.0,15.0,1.000000
105,-1,1138.0,346.0,22.0,19.0,1.000000
105,-1,1150.0,316.0,15.0,14.0,1.000000
106,-1,320.0,357.0,20.0,15.0,1.000000
106,-1,587.0,59.0,37.0,31.0,1.000000
106,-1,663.0,490.0,18.0,15.0,1.000000
106,-1,736.0,491.0,21.0,18.0,1.000000
106,-1,830.0,327.0,22.0,21.0,1.000000
106,-1,884.0,305.0,14.0,14.0,1.000000
106,-1,963.0,330.0,15.0,15.0,1.000000
106,-1,1042.0,519.0,18.0,14.0,1.000000
106,-1,1120.0,129.0,15.0,15.0,1.000000
106,-1,1139.0,344.0,22.0,19.0,1.000000
106,-1,1151.0,314.0,15.0,14.0,1.000000
107,-1,319.0,356.0,20.0,15.0,1.000000
107,-1,588.0,59.0,37.0,31.0,1.000000
107,-1,663.0,489.0,18.0,15.0,1.000000
107,-1,735.0,491.0,21.0,18.0,1.000000
107,-1,828.0,327.0,21.0,21.0,1.000000
107,-1,885.0,303.0,14.0,14.0,1.000000
107,-1,963.0,328.0,15.0,15.0,1.000000
107,-1,1043.0,519.0,18.0,14.0,1.000000
107,-1,1121.0,128.0,15.0,15.0,1.000000
107,-1,1139.0,343.0,22.0,19.0,1.000000
107,-1,1152.0,313.0,15.0,14.0,1.000000
108,-1,319.0,354.0,20.0,15.0,1.000000
108,-1,588.0,59.0,36.0,31.0,1.000000
108,-1,663.0,489.0,18.0,15.0,1.000000
108,-1,734.0,490.0,21.0,18.0,1.000000
108,-1,826.0,325.0,21.0,20.0,1.000000
108,-1,885.0,302.0,14.0,14.0,1.000000
108,-1,964.0,327.0,15.0,15.0,1.000000
108,-1,1044.0,518.0,18.0,14.0,1.000000
108,-1,1122.0,127.0,15.0,15.0,1.000000
108,-1,1140.0,341.0,22.0,19.0,1.000000
108,-1,1153.0,312.0,15.0,14.0,1.000000
109,-1,319.0,353.0,20.0,15.0,1.000000
109,-1,589.0,59.0,37.0,31.0,1.000000
109,-1,663.0,488.0,18.0,15.0,1.000000
109,-1,733.0,490.0,21.0,18.0,1.000000
109,-1,824.0,325.0,22.0,21.0,1.000000
109,-1,886.0,300.0,14.0,14.0,1.000000
109,-1,964.0,325.0,15.0,15.0,1.000000
109,-1,1046.0,518.0,18.0,14.0,1.000000
109,-1,1122.0,125.0,15.0,15.0,1.000000
109,-1,1141.0,340.0,22.0,19.0,1.000000
109,-1,1153.0,310.0,15.0,14.0,1.000000
110,-1,320.0,351.0,20.0,15.0,1.000000
110,-1,589.0,59.0,37.0,31.0,1.000000
110,-1,663.0,487.0,17.0,14.0,1.000000
110,-1,732.0,489.0,20.0,17.0,1.000000
110,-1,822.0,323.0,22.0,21.0,1.000000
110,-1,886.0,299.0,14.0,14.0,1.000000
110,-1,965.0,324.0,15.0,15.0,1.000000
110,-1,1047.0,518.0,18.0,14.0,1.000000
110,-1,1123.0,123.0,15.0,15.0,1.000000
110,-1,1141.0,338.0,22.0,19.0,1.000000
110,-1,1154.0,309.0,15.0,14.0,1.000000
111,-1,319.0,350.0,20.0,15.0,1.000000
111,-1,589.0,60.0,37.0,31.0,1.000000
111,-1,662.0,487.0,17.0,15.0,1.000000
111,-1,731.0,489.0,20.0,18.0,1.000000
111,-1,819.0,323.0,21.0,20.0,1.000000
111,-1,887.0,298.0,14.0,14.0,1.000000
111,-1,965.0,323.0,15.0,15.0,1.000000
111,-1,1047.0,518.0,18.0,14.0,1.000000
111,-1,1123.0,123.0,15.0,15.0,1.000000
111,-1,1142.0,338.0,22.0,19.0,1.000000
111,-1,1154.0,308.0,15.0,14.0,1.000000
112,-1,319.0,349.0,20.0,15.0,1.000000
112,-1,590.0,60.0,37.0,31.0,1.000000
112,-1,661.0,486.0,18.0,15.0,1.000000
112,-1,729.0,489.0,21.0,18.0,1.000000
112,-1,817.0,323.0,21.0,20.0,1.000000
112,-1,887.0,297.0,14.0,14.0,1.000000
112,-1,965.0,322.0,15.0,15.0,1.000000
112,-1,1048.0,518.0,18.0,14.0,1.000000
112,-1,1123.0,121.0,15.0,15.0,1.000000
112,-1,1142.0,337.0,22.0,19.0,1.000000
112,-1,1155.0,307.0,15.0,14.0,1.000000
113,-1,318.0,348.0,20.0,15.0,1.000000
113,-1,590.0,61.0,37.0,31.0,1.000000
113,-1,661.0,486.0,18.0,15.0,1.000000
113,-1,728.0,489.0,21.0,18.0,1.000000
113,-1,814.0,322.0,22.0,21.0,1.000000
113,-1,887.0,296.0,14.0,14.0,1.000000
113,-1,965.0,321.0,15.0,15.0,1.000000
113,-1,1048.0,518.0,18.0,14.0,1.000000
113,-1,1124.0,120.0,15.0,15.0,1.000000
113,-1,1142.0,336.0,22.0,19.0,1.000000
113,-1,1154.0,306.0,15.0,14.0,1.000000
114,-1,318.0,347.0,20.0,15.0,1.000000
114,-1,590.0,61.0,37.0,31.0,1.000000
114,-1,660.0,485.0,18.0,15.0,1.000000
114,-1,727.0,488.0,21.0,18.0,1.000000
114,-1,812.0,322.0,21.0,20.0,1.000000
114,-1,887.0,295.0,14.0,14.0,1.000000
114,-1,965.0,320.0,15.0,15.0,1.000000
114,-1,1048.0,518.0,18.0,14.0,1.000000
114,-1,1124.0,120.0,15.0,15.0,1.000000
114,-1,1142.0,335.0,22.0,19.0,1.000000
114,-1,1155.0,306.0,15.0,14.0,1.000000
115,-1,318.0,346.0,20.0,15.0,1.000000
115,-1,590.0,62.0,37.0,31.0,1.000000
115,-1,659.0,485.0,18.0,15.0,1.000000
115,-1,724.0,488.0,21.0,18.0,1.000000
115,-1,808.0,321.0,23.0,22.0,1.000000
115,-1,886.0,294.0,14.0,14.0,1.000000
115,-1,965.0,319.0,15.0,15.0,1.000000
115,-1,1048.0,518.0,18.0,14.0,1.000000
115,-1,1124.0,119.0,15.0,15.0,1.000000
115,-1,1141.0,333.0,22.0,19.0,1.000000
115,-1,1155.0,305.0,15.0,14.0,1.000000
116,-1,317.0,345.0,20.0,15.0,1.000000
116,-1,589.0,63.0,37.0,31.0,1.000000
116,-1,658.0,484.0,18.0,15.0,1.000000
116,-1,723.0,488.0,21.0,18.0,1.000000
116,-1,805.0,321.0,22.0,21.0,1.000000
116,-1,886.0,292.0,15.0,15.0,1.000000
116,-1,964.0,318.0,15.0,15.0,1.000000
116,-1,1049.0,518.0,18.0,14.0,1.000000
116,-1,1124.0,118.0,15.0,15.0,1.000000
116,-1,1141.0,332.0,22.0,19.0,1.000000
116,-1,1154.0,304.0,15.0,14.0,1.000000
117,-1,317.0,344.0,20.0,15.0,1.000000
117,-1,589.0,63.0,38.0,31.0,1.000000
117,-1,657.0,484.0,18.0,15.0,1.000000
117,-1,721.0,488.0,21.0,18.0,1.000000
117,-1,802.0,320.0,22.0,21.0,1.000000
117,-1,885.0,292.0,15.0,15.0,1.000000
117,-1,964.0,317.0,15.0,15.0,1.000000
117,-1,1049.0,518.0,18.0,14.0,1.000000
117,-1,1124.0,117.0,15.0,15.0,1.000000
117,-1,1141.0,331.0,22.0,19.0,1.000000
117,-1,1154.0,303.0,15.0,14.0,1.000000
118,-1,317.0,343.0,20.0,15.0,1.000000
118,-1,589.0,64.0,37.0,31.0,1.000000
118,-1,656.0,484.0,18.0,15.0,1.000000
118,-1,720.0,488.0,21.0,18.0,1.000000
118,-1,799.0,320.0,22.0,21.0,1.000000
118,-1,886.0,291.0,14.0,14.0,1.000000
118,-1,964.0,317.0,15.0,15.0,1.000000
118,-1,1049.0,518.0,18.0,14.0,1.000000
118,-1,1124.0,116.0,15.0,15.0,1.000000
118,-1,1141.0,330.0,23.0,20.0,1.000000
118,-1,1154.0,302.0,15.0,14.0,1.000000
119,-1,316.0,342.0,20.0,15.0,1.000000
119,-1,588.0,65.0,37.0,31.0,1.000000
119,-1,655.0,484.0,18.0,15.0,1.000000
119,-1,718.0,488.0,21.0,18.0,1.000000
119,-1,796.0,320.0,22.0,21.0,1.000000
119,-1,885.0,290.0,15.0,15.0,1.000000
119,-1,964.0,316.0,15.0,15.0,1.000000
119,-1,1049.0,518.0,18.0,14.0,1.000000
119,-1,1124.0,116.0,15.0,15.0,1.000000
119,-1,1140.0,329.0,22.0,19.0,1.000000
119,-1,1154.0,301.0,15.0,14.0,1.000000
120,-1,315.0,341.0,19.0,14.0,1.000000
120,-1,588.0,66.0,38.0,32.0,1.000000
120,-1,653.0,484.0,18.0,15.0,1.000000
120,-1,716.0,488.0,21.0,18.0,1.000000
120,-1,793.0,320.0,22.0,21.0,1.000000
120,-1,884.0,290.0,15.0,15.0,1.000000
120,-1,963.0,315.0,15.0,15.0,1.000000
120,-1,1049.0,519.0,18.0,14.0,1.000000
120,-1,1123.0,115.0,15.0,15.0,1.000000
120,-1,1140.0,329.0,22.0,19.0,1.000000
120,-1,1153.0,301.0,15.0,14.0,1.000000
121,-1,315.0,340.0,19.0,14.0,1.000000
121,-1,588.0,67.0,37.0,31.0,1.000000
121,-1,652.0,484.0,18.0,15.0,1.000000
121,-1,714.0,488.0,21.0,18.0,1.000000
121,-1,790.0,320.0,22.0,21.0,1.000000
121,-1,884.0,289.0,15.0,15.0,1.000000
121,-1,963.0,315.0,15.0,15.0,1.000000
121,-1,1049.0,519.0,18.0,14.0,1.000000
121,-1,1123.0,115.0,15.0,15.0,1.000000
121,-1,1139.0,328.0,22.0,19.0,1.000000
121,-1,1153.0,301.0,15.0,14.0,1.000000
122,-1,314.0,339.0,20.0,15.0,1.000000
122,-1,587.0,68.0,37.0,31.0,1.000000
122,-1,651.0,483.0,18.0,15.0,1.000000
122,-1,712.0,488.0,21.0,18.0,1.000000
122,-1,786.0,319.0,22.0,21.0,1.000000
122,-1,883.0,288.0,15.0,15.0,1.000000
122,-1,962.0,314.0,15.0,15.0,1.000000
122,-1,1049.0,519.0,18.0,14.0,1.000000
122,-1,1122.0,114.0,15.0,15.0,1.000000
122,-1,1139.0,327.0,22.0,19.0,1.000000
122,-1,1152.0,300.0,15.0,14.0,1.000000
123,-1,313.0,338.0,19.0,15.0,1.000000
123,-1,587.0,69.0,38.0,31.0,1.000000
123,-1,650.0,483.0,17.0,15.0,1.000000
123,-1,710.0,487.0,21.0,18.0,1.000000
123,-1,784.0,320.0,21.0,20.0,1.000000
123,-1,882.0,287.0,15.0,15.0,1.000000
123,-1,962.0,313.0,15.0,15.0,1.000000
123,-1,1049.0,520.0,18.0,14.0,1.000000
123,-1,1122.0,114.0,15.0,15.0,1.000000
123,-1,1138.0,327.0,22.0,19.0,1.000000
123,-1,1152.0,300.0,15.0,14.0,1.000000
124,-1,312.0,338.0,20.0,15.0,1.000000
124,-1,586.0,70.0,38.0,31.0,1.000000
124,-1,648.0,483.0,18.0,15.0,1.000000
124,-1,709.0,487.0,21.0,18.0,1.000000
124,-1,780.0,319.0,22.0,21.0,1.000000
124,-1,882.0,287.0,15.0,15.0,1.000000
124,-1,961.0,313.0,15.0,15.0,1.000000
124,-1,1049.0,520.0,18.0,14.0,1.000000
124,-1,1121.0,113.0,15.0,15.0,1.000000
124,-1,1138.0,325.0,22.0,19.0,1.000000
124,-1,1151.0,299.0,15.0,14.0,1.000000
125,-1,312.0,337.0,20.0,15.0,1.000000
125,-1,586.0,71.0,37.0,31.0,1.000000
125,-1,647.0,482.0,18.0,15.0,1.000000
125,-1,707.0,487.0,20.0,18.0,1.000000
125,-1,777.0,319.0,22.0,21.0,1.000000
125,-1,882.0,286.0,15.0,15.0,1.000000
125,-1,961.0,312.0,15.0,15.0,1.000000
125,-1,1049.0,520.0,17.0,14.0,1.000000
125,-1,1121.0,112.0,15.0,15.0,1.000000
125,-1,1137.0,325.0,22.0,19.0,1.000000
125,-1,1150.0,298.0,15.0,14.0,1.000000
126,-1,311.0,336.0,19.0,15.0,1.000000
126,-1,585.0,72.0,37.0,31.0,1.000000
126,-1,646.0,483.0,18.0,15.0,1.000000
126,-1,705.0,487.0,20.0,18.0,1.000000
126,-1,773.0,318.0,23.0,22.0,1.000000
126,-1,881.0,285.0,15.0,15.0,1.000000
126,-1,960.0,311.0,15.0,15.0,1.000000
126,-1,1049.0,520.0,17.0,14.0,1.000000
126,-1,1120.0,112.0,15.0,15.0,1.000000
126,-1,1137.0,324.0,22.0,19.0,1.000000
126,-1,1150.0,297.0,15.0,14.0,1.000000
127,-1,311.0,335.0,19.0,15.0,1.000000
127,-1,585.0,73.0,38.0,32.0,1.000000
127,-1,644.0,482.0,18.0,15.0,1.000000
127,-1,703.0,487.0,20.0,17.0,1.000000
127,-1,770.0,318.0,23.0,22.0,1.000000
127,-1,880.0,284.0,15.0,15.0,1.000000
127,-1,959.0,310.0,15.0,15.0,1.000000
127,-1,1048.0,520.0,17.0,13.0,1.000000
127,-1,1120.0,111.0,15.0,15.0,1.000000
127,-1,1136.0,323.0,22.0,19.0,1.000000
127,-1,1149.0,297.0,15.0,14.0,1.000000
128,-1,310.0,334.0,19.0,14.0,1.000000
128,-1,583.0,74.0,38.0,32.0,1.000000
128,-1,642.0,482.0,18.0,15.0,1.000000
128,-1,701.0,488.0,20.0,17.0,1.000000
128,-1,766.0,318.0,23.0,22.0,1.000000
128,-1,879.0,284.0,15.0,15.0,1.000000
128,-1,959.0,310.0,15.0,15.0,1.000000
128,-1,1048.0,521.0,17.0,14.0,1.000000
128,-1,1119.0,111.0,15.0,15.0,1.000000
128,-1,1135.0,323.0,22.0,19.0,1.000000
128,-1,1149.0,296.0,15.0,14.0,1.000000
129,-1,309.0,334.0,20.0,15.0,1.000000
129,-1,583.0,76.0,38.0,32.0,1.000000
129,-1,641.0,482.0,18.0,15.0,1.000000
129,-1,700.0,488.0,20.0,17.0,1.000000
129,-1,763.0,318.0,23.0,22.0,1.000000
129,-1,879.0,283.0,15.0,15.0,1.000000
129,-1,958.0,310.0,15.0,15.0,1.000000
129,-1,1048.0,521.0,17.0,13.0,1.000000
129,-1,1118.0,110.0,15.0,15.0,1.000000
129,-1,1135.0,322.0,22.0,19.0,1.000000
129,-1,1148.0,296.0,15.0,14.0,1.000000
130,-1,309.0,333.0,19.0,15.0,1.000000
130,-1,582.0,77.0,38.0,32.0,1.000000
130,-1,639.0,482.0,18.0,15.0,1.000000
130,-1,697.0,488.0,20.0,17.0,1.000000
130,-1,759.0,317.0,23.0,22.0,1.000000
130,-1,879.0,283.0,14.0,14.0,1.000000
130,-1,958.0,309.0,15.0,15.0,1.000000
130,-1,1048.0,522.0,17.0,13.0,1.000000
130,-1,1118.0,110.0,15.0,15.0,1.000000
130,-1,1134.0,321.0,22.0,19.0,1.000000
130,-1,1147.0,295.0,15.0,14.0,1.000000
131,-1,308.0,333.0,20.0,15.0,1.000000
131,-1,582.0,78.0,39.0,32.0,1.000000
131,-1,638.0,482.0,18.0,15.0,1.000000
131,-1,697.0,488.0,20.0,17.0,1.000000
131,-1,756.0,317.0,23.0,22.0,1.000000
131,-1,878.0,282.0,14.0,14.0,1.000000
131,-1,957.0,308.0,15.0,15.0,1.000000
131,-1,1048.0,522.0,16.0,13.0,1.000000
131,-1,1117.0,110.0,15.0,15.0,1.000000
131,-1,1134.0,320.0,22.0,19.0,1.000000
131,-1,1147.0,295.0,15.0,14.0,1.000000
132,-1,308.0,332.0,19.0,15.0,1.000000
132,-1,581.0,80.0,38.0,32.0,1.000000
132,-1,636.0,483.0,18.0,15.0,1.000000
132,-1,694.0,488.0,20.0,17.0,1.000000
132,-1,753.0,317.0,23.0,22.0,1.000000
132,-1,877.0,281.0,14.0,14.0,1.000000
132,-1,957.0,308.0,15.0,15.0,1.000000
132,-1,1048.0,522.0,16.0,13.0,1.000000
132,-1,1117.0,109.0,15.0,15.0,1.000000
132,-1,1133.0,319.0,22.0,19.0,1.000000
132,-1,1146.0,294.0,15.0,14.0,1.000000
133,-1,307.0,331.0,19.0,15.0,1.000000
133,-1,581.0,81.0,38.0,32.0,1.000000
133,-1,635.0,482.0,18.0,15.0,1.000000
133,-1,693.0,488.0,20.0,17.0,1.000000
133,-1,749.0,317.0,23.0,22.0,1.000000
133,-1,877.0,281.0,15.0,15.0,1.000000
133,-1,956.0,307.0,15.0,15.0,1.000000
133,-1,1048.0,523.0,16.0,13.0,1.000000
133,-1,1116.0,108.0,15.0,15.0,1.000000
133,-1,1133.0,318.0,22.0,19.0,1.000000
133,-1,1146.0,294.0,15.0,14.0,1.000000
134,-1,307.0,331.0,20.0,15.0,1.000000
134,-1,580.0,82.0,39.0,33.0,1.000000
134,-1,634.0,482.0,18.0,15.0,1.000000
134,-1,691.0,487.0,19.0,17.0,1.000000
134,-1,746.0,317.0,23.0,22.0,1.000000
134,-1,877.0,280.0,14.0,14.0,1.000000
134,-1,956.0,306.0,15.0,15.0,1.000000
134,-1,1048.0,523.0,16.0,13.0,1.000000
134,-1,1116.0,108.0,15.0,15.0,1.000000
134,-1,1132.0,318.0,22.0,19.0,1.000000
134,-1,1145.0,293.0,15.0,14.0,1.000000
135,-1,306.0,330.0,20.0,15.0,1.000000
135,-1,580.0,83.0,38.0,32.0,1.000000
135,-1,632.0,482.0,18.0,15.0,1.000000
135,-1,690.0,487.0,20.0,17.0,1.000000
135,-1,743.0,317.0,23.0,22.0,1.000000
135,-1,876.0,280.0,14.0,14.0,1.000000
135,-1,955.0,306.0,15.0,15.0,1.000000
135,-1,1048.0,523.0,17.0,13.0,1.000000
135,-1,1116.0,107.0,15.0,15.0,1.000000
135,-1,1132.0,317.0,22.0,19.0,1.000000
135,-1,1145.0,293.0,15.0,14.0,1.000000
136,-1,306.0,329.0,19.0,15.0,1.000000
136,-1,580.0,84.0,39.0,33.0,1.000000
136,-1,631.0,482.0,18.0,15.0,1.000000
136,-1,688.0,487.0,20.0,17.0,1.000000
136,-1,739.0,316.0,23.0,22.0,1.000000
136,-1,876.0,279.0,14.0,14.0,1.000000
136,-1,955.0,305.0,15.0,15.0,1.000000
136,-1,1048.0,523.0,16.0,13.0,1.000000
136,-1,1115.0,107.0,15.0,15.0,1.000000
136,-1,1131.0,316.0,22.0,19.0,1.000000
136,-1,1144.0,293.0,15.0,14.0,1.000000
137,-1,306.0,328.0,20.0,15.0,1.000000
137,-1,580.0,85.0,39.0,33.0,1.000000
137,-1,629.0,482.0,18.0,15.0,1.000000
137,-1,687.0,486.0,20.0,17.0,1.000000
137,-1,736.0,316.0,24.0,23.0,1.000000
137,-1,876.0,278.0,15.0,15.0,1.000000
137,-1,954.0,304.0,15.0,15.0,1.000000
137,-1,1048.0,524.0,16.0,13.0,1.000000
137,-1,1115.0,106.0,15.0,15.0,1.000000
137,-1,1131.0,315.0,22.0,19.0,1.000000
137,-1,1144.0,292.0,15.0,14.0,1.000000
138,-1,306.0,328.0,20.0,15.0,1.000000
138,-1,579.0,87.0,38.0,32.0,1.000000
138,-1,628.0,482.0,17.0,14.0,1.000000
138,-1,685.0,486.0,19.0,17.0,1.000000
138,-1,733.0,316.0,24.0,23.0,1.000000
138,-1,875.0,277.0,14.0,14.0,1.000000
138,-1,954.0,304.0,15.0,15.0,1.000000
138,-1,1047.0,525.0,16.0,13.0,1.000000
138,-1,1115.0,106.0,15.0,15.0,1.000000
138,-1,1131.0,314.0,22.0,19.0,1.000000
138,-1,1143.0,291.0,15.0,14.0,1.000000
139,-1,305.0,326.0,20.0,15.0,1.000000
139,-1,579.0,88.0,39.0,32.0,1.000000
139,-1,626.0,482.0,18.0,15.0,1.000000
139,-1,684.0,486.0,19.0,17.0,1.000000
139,-1,730.0,315.0,23.0,22.0,1.000000
139,-1,874.0,277.0,14.0,14.0,1.000000
139,-1,954.0,303.0,15.0,15.0,1.000000
139,-1,1048.0,525.0,16.0,13.0,1.000000
139,-1,1114.0,105.0,15.0,15.0,1.000000
139,-1,1130.0,314.0,22.0,19.0,1.000000
139,-1,1143.0,290.0,15.0,14.0,1.000000
140,-1,305.0,325.0,20.0,15.0,1.000000
140,-1,579.0,89.0,39.0,32.0,1.000000
140,-1,625.0,482.0,18.0,15.0,1.000000
140,-1,683.0,485.0,19.0,16.0,1.000000
140,-1,727.0,315.0,24.0,23.0,1.000000
140,-1,874.0,276.0,14.0,14.0,1.000000
140,-1,953.0,302.0,15.0,15.0,1.000000
140,-1,1048.0,525.0,16.0,13.0,1.000000
140,-1,1114.0,105.0,15.0,15.0,1.000000
140,-1,1130.0,313.0,22.0,19.0,1.000000
140,-1,1143.0,290.0,15.0,14.0,1.000000
141,-1,305.0,325.0,20.0,15.0,1.000000
141,-1,578.0,90.0,39.0,33.0,1.000000
141,-1,623.0,481.0,18.0,15.0,1.000000
141,-1,682.0,485.0,19.0,16.0,1.000000
141,-1,724.0,314.0,24.0,22.0,1.000000
141,-1,874.0,275.0,14.0,14.0,1.000000
141,-1,953.0,301.0,15.0,15.0,1.000000
141,-1,1048.0,525.0,16.0,13.0,1.000000
141,-1,1114.0,104.0,15.0,15.0,1.000000
141,-1,1129.0,312.0,23.0,19.0,1.000000
141,-1,1142.0,289.0,15.0,14.0,1.000000
142,-1,305.0,323.0,20.0,15.0,1.000000
142,-1,578.0,91.0,39.0,32.0,1.000000
142,-1,622.0,481.0,18.0,15.0,1.000000
142,-1,681.0,484.0,20.0,17.0,1.000000
142,-1,721.0,314.0,23.0,22.0,1.000000
142,-1,873.0,274.0,14.0,14.0,1.000000
142,-1,952.0,300.0,16.0,16.0,1.000000
142,-1,1048.0,525.0,16.0,13.0,1.000000
142,-1,1113.0,103.0,15.0,15.0,1.000000
142,-1,1129.0,311.0,22.0,19.0,1.000000
142,-1,1142.0,288.0,15.0,14.0,1.000000
143,-1,304.0,323.0,20.0,15.0,1.000000
143,-1,578.0,93.0,39.0,33.0,1.000000
143,-1,621.0,481.0,18.0,15.0,1.000000
143,-1,680.0,483.0,20.0,17.0,1.000000
143,-1,718.0,314.0,23.0,22.0,1.000000
143,-1,872.0,273.0,15.0,15.0,1.000000
143,-1,951.0,300.0,16.0,16.0,1.000000
143,-1,1048.0,526.0,16.0,13.0,1.000000
143,-1,1113.0,103.0,15.0,15.0,1.000000
143,-1,1129.0,310.0,22.0,19.0,1.000000
143,-1,1141.0,288.0,15.0,14.0,1.000000
144,-1,304.0,322.0,20.0,15.0,1.000000
144,-1,578.0,95.0,39.0,32.0,1.000000
144,-1,619.0,481.0,18.0,15.0,1.000000
144,-1,678.0,483.0,20.0,17.0,1.000000
144,-1,715.0,314.0,23.0,22.0,1.000000
144,-1,872.0,273.0,15.0,15.0,1.000000
144,-1,951.0,299.0,16.0,16.0,1.000000
144,-1,1047.0,527.0,16.0,12.0,1.000000
144,-1,1113.0,102.0,15.0,15.0,1.000000
144,-1,1128.0,310.0,22.0,19.0,1.000000
144,-1,1141.0,288.0,15.0,14.0,1.000000
145,-1,304.0,321.0,19.0,15.0,1.000000
145,-1,577.0,96.0,39.0,32.0,1.000000
145,-1,617.0,482.0,18.0,15.0,1.000000
145,-1,676.0,482.0,20.0,18.0,1.000000
145,-1,711.0,314.0,23.0,22.0,1.000000
145,-1,871.0,272.0,15.0,15.0,1.000000
145,-1,951.0,299.0,16.0,16.0,1.000000
145,-1,1047.0,528.0,16.0,12.0,1.000000
145,-1,1112.0,102.0,15.0,15.0,1.000000
145,-1,1128.0,309.0,22.0,19.0,1.000000
145,-1,1140.0,288.0,15.0,14.0,1.000000
146,-1,304.0,321.0,19.0,15.0,1.000000
146,-1,576.0,98.0,40.0,33.0,1.000000
146,-1,615.0,481.0,18.0,15.0,1.000000
146,-1,675.0,482.0,20.0,17.0,1.000000
146,-1,708.0,314.0,24.0,23.0,1.000000
146,-1,870.0,272.0,15.0,15.0,1.000000
146,-1,950.0,298.0,16.0,16.0,1.000000
146,-1,1047.0,528.0,16.0,12.0,1.000000
146,-1,1112.0,102.0,15.0,15.0,1.000000
146,-1,1128.0,308.0,22.0,19.0,1.000000
146,-1,1140.0,287.0,15.0,14.0,1.000000
147,-1,303.0,320.0,20.0,15.0,1.000000
147,-1,576.0,99.0,39.0,33.0,1.000000
147,-1,614.0,481.0,18.0,15.0,1.000000
147,-1,673.0,482.0,20.0,17.0,1.000000
147,-1,704.0,313.0,24.0,23.0,1.000000
147,-1,870.0,271.0,15.0,15.0,1.000000
147,-1,950.0,298.0,16.0,16.0,1.000000
147,-1,1047.0,529.0,16.0,12.0,1.000000
147,-1,1111.0,102.0,15.0,15.0,1.000000
147,-1,1127.0,308.0,22.0,19.0,1.000000
147,-1,1139.0,287.0,15.0,14.0,1.000000
148,-1,303.0,319.0,20.0,15.0,1.000000
148,-1,575.0,101.0,39.0,33.0,1.000000
148,-1,611.0,481.0,18.0,15.0,1.000000
148,-1,672.0,481.0,20.0,17.0,1.000000
148,-1,701.0,313.0,24.0,23.0,1.000000
148,-1,869.0,270.0,15.0,15.0,1.000000
148,-1,949.0,297.0,16.0,16.0,1.000000
148,-1,1046.0,530.0,16.0,12.0,1.000000
148,-1,1110.0,102.0,15.0,15.0,1.000000
148,-1,1126.0,307.0,23.0,20.0,1.000000
148,-1,1139.0,286.0,15.0,14.0,1.000000
149,-1,302.0,318.0,20.0,15.0,1.000000
149,-1,574.0,102.0,39.0,33.0,1.000000
149,-1,609.0,481.0,18.0,15.0,1.000000
149,-1,670.0,481.0,20.0,17.0,1.000000
149,-1,698.0,313.0,24.0,23.0,1.000000
149,-1,868.0,270.0,15.0,15.0,1.000000
149,-1,949.0,297.0,16.0,16.0,1.000000
149,-1,1045.0,531.0,16.0,12.0,1.000000
149,-1,1109.0,102.0,15.0,15.0,1.000000
149,-1,1126.0,307.0,20.0,19.0,1.000000
149,-1,1138.0,286.0,15.0,14.0,1.000000
150,-1,302.0,317.0,20.0,15.0,1.000000
150,-1,573.0,104.0,39.0,33.0,1.000000
150,-1,607.0,481.0,18.0,15.0,1.000000
150,-1,669.0,480.0,20.0,17.0,1.000000
150,-1,694.0,312.0,24.0,23.0,1.000000
150,-1,868.0,269.0,15.0,15.0,1.000000
150,-1,948.0,296.0,16.0,16.0,1.000000
150,-1,1045.0,531.0,16.0,12.0,1.000000
150,-1,1109.0,101.0,15.0,15.0,1.000000
150,-1,1125.0,307.0,20.0,19.0,1.000000
150,-1,1137.0,285.0,15.0,14.0,1.000000
151,-1,301.0,316.0,20.0,15.0,1.000000
151,-1,572.0,106.0,40.0,34.0,1.000000
151,-1,605.0,481.0,18.0,15.0,1.000000
151,-1,667.0,479.0,20.0,17.0,1.000000
151,-1,690.0,312.0,24.0,23.0,1.000000
151,-1,867.0,269.0,15.0,15.0,1.000000
151,-1,947.0,295.0,16.0,16.0,1.000000
151,-1,1044.0,532.0,16.0,12.0,1.000000
151,-1,1108.0,101.0,15.0,15.0,1.000000
151,-1,1125.0,306.0,19.0,18.0,1.000000
151,-1,1136.0,285.0,15.0,14.0,1.000000
